index,2020-01-01,2020-01-02,2020-01-03,2020-01-04,2020-01-05,2020-01-06,2020-01-07,2020-01-08,2020-01-09,2020-01-10,2020-01-11,2020-01-12,2020-01-13,2020-01-14,2020-01-15,2020-01-16,2020-01-17,2020-01-18,2020-01-19,2020-01-20,2020-01-21,2020-01-22,2020-01-23,2020-01-24,2020-01-25,2020-01-26,2020-01-27,2020-01-28,2020-01-29,2020-01-30,2020-01-31,2020-02-01,2020-02-02,2020-02-03,2020-02-04,2020-02-05,2020-02-06,2020-02-07,2020-02-08,2020-02-09,2020-02-10,2020-02-11,2020-02-12,2020-02-13,2020-02-14,2020-02-15,2020-02-16,2020-02-17,2020-02-18,2020-02-19,2020-02-20,2020-02-21,2020-02-22,2020-02-23,2020-02-24,2020-02-25,2020-02-26,2020-02-27,2020-02-28,2020-02-29,2020-03-01,2020-03-02,2020-03-03,2020-03-04,2020-03-05,2020-03-06,2020-03-07,2020-03-08,2020-03-09,2020-03-10,2020-03-11,2020-03-12,2020-03-13,2020-03-14,2020-03-15,2020-03-16,2020-03-17,2020-03-18,2020-03-19,2020-03-20,2020-03-21,2020-03-22,2020-03-23,2020-03-24,2020-03-25,2020-03-26,2020-03-27,2020-03-28,2020-03-29,2020-03-30,2020-03-31,2020-04-01,2020-04-02,2020-04-03,2020-04-04,2020-04-05,2020-04-06,2020-04-07,2020-04-08,2020-04-09,2020-04-10,2020-04-11,2020-04-12,2020-04-13,2020-04-14,2020-04-15,2020-04-16,2020-04-17,2020-04-18,2020-04-19,2020-04-20,2020-04-21,2020-04-22,2020-04-23,2020-04-24,2020-04-25,2020-04-26,2020-04-27,2020-04-28,2020-04-29,2020-04-30,2020-05-01,2020-05-02,2020-05-03,2020-05-04,2020-05-05,2020-05-06,2020-05-07,2020-05-08,2020-05-09,2020-05-10,2020-05-11,2020-05-12,2020-05-13,2020-05-14,2020-05-15,2020-05-16,2020-05-17,2020-05-18,2020-05-19,2020-05-20,2020-05-21,2020-05-22,2020-05-23,2020-05-24,2020-05-25,2020-05-26,2020-05-27,2020-05-28,2020-05-29,2020-05-30,2020-05-31,2020-06-01,2020-06-02,2020-06-03,2020-06-04,2020-06-05,2020-06-06,2020-06-07,2020-06-08,2020-06-09,2020-06-10,2020-06-11,2020-06-12,2020-06-13,2020-06-14,2020-06-15,2020-06-16,2020-06-17,2020-06-18,2020-06-19,2020-06-20,2020-06-21,2020-06-22,2020-06-23,2020-06-24,2020-06-25,2020-06-26,2020-06-27,2020-06-28,2020-06-29,2020-06-30,2020-07-01,2020-07-02,2020-07-03,2020-07-04,2020-07-05,2020-07-06,2020-07-07,2020-07-08,2020-07-09,2020-07-10,2020-07-11,2020-07-12,2020-07-13,2020-07-14,2020-07-15,2020-07-16,2020-07-17,2020-07-18,2020-07-19,2020-07-20,2020-07-21,2020-07-22,2020-07-23,2020-07-24,2020-07-25,2020-07-26,2020-07-27,2020-07-28,2020-07-29,2020-07-30,2020-07-31,2020-08-01,2020-08-02,2020-08-03,2020-08-04,2020-08-05,2020-08-06,2020-08-07,2020-08-08,2020-08-09,2020-08-10,2020-08-11,2020-08-12,2020-08-13,2020-08-14,2020-08-15,2020-08-16,2020-08-17,2020-08-18,2020-08-19,2020-08-20,2020-08-21,2020-08-22,2020-08-23,2020-08-24,2020-08-25,2020-08-26,2020-08-27,2020-08-28,2020-08-29,2020-08-30,2020-08-31,2020-09-01,2020-09-02,2020-09-03,2020-09-04,2020-09-05,2020-09-06,2020-09-07,2020-09-08,2020-09-09,2020-09-10,2020-09-11,2020-09-12,2020-09-13,2020-09-14,2020-09-15,2020-09-16,2020-09-17,2020-09-18,2020-09-19,2020-09-20,2020-09-21,2020-09-22,2020-09-23,2020-09-24,2020-09-25,2020-09-26,2020-09-27,2020-09-28,2020-09-29,2020-09-30,2020-10-01,2020-10-02,2020-10-03,2020-10-04,2020-10-05,2020-10-06,2020-10-07,2020-10-08,2020-10-09,2020-10-10,2020-10-11,2020-10-12,2020-10-13,2020-10-14,2020-10-15,2020-10-16,2020-10-17,2020-10-18,2020-10-19,2020-10-20,2020-10-21,2020-10-22,2020-10-23,2020-10-24,2020-10-25,2020-10-26,2020-10-27,2020-10-28,2020-10-29,2020-10-30,2020-10-31,2020-11-01,2020-11-02,2020-11-03,2020-11-04,2020-11-05,2020-11-06,2020-11-07,2020-11-08,2020-11-09,2020-11-10,2020-11-11,2020-11-12,2020-11-13,2020-11-14,2020-11-15,2020-11-16,2020-11-17,2020-11-18,2020-11-19,2020-11-20,2020-11-21,2020-11-22,2020-11-23,2020-11-24,2020-11-25,2020-11-26,2020-11-27,2020-11-28,2020-11-29,2020-11-30,2020-12-01,2020-12-02,2020-12-03,2020-12-04,2020-12-05,2020-12-06,2020-12-07,2020-12-08,2020-12-09,2020-12-10,2020-12-11,2020-12-12,2020-12-13,2020-12-14,2020-12-15,2020-12-16,2020-12-17,2020-12-18,2020-12-19,2020-12-20,2020-12-21,2020-12-22,2020-12-23,2020-12-24,2020-12-25,2020-12-26,2020-12-27,2020-12-28,2020-12-29,2020-12-30,2020-12-31,2021-01-01,2021-01-02,2021-01-03,2021-01-04,2021-01-05,2021-01-06,2021-01-07,2021-01-08,2021-01-09,2021-01-10,2021-01-11,2021-01-12,2021-01-13,2021-01-14,2021-01-15,2021-01-16,2021-01-17,2021-01-18,2021-01-19,2021-01-20,2021-01-21,2021-01-22,2021-01-23,2021-01-24,2021-01-25,2021-01-26,2021-01-27,2021-01-28,2021-01-29,2021-01-30,2021-01-31,2021-02-01,2021-02-02,2021-02-03,2021-02-04,2021-02-05,2021-02-06,2021-02-07,2021-02-08,2021-02-09,2021-02-10,2021-02-11,2021-02-12,2021-02-13,2021-02-14,2021-02-15,2021-02-16,2021-02-17,2021-02-18,2021-02-19,2021-02-20,2021-02-21,2021-02-22,2021-02-23,2021-02-24,2021-02-25,2021-02-26,2021-02-27,2021-02-28,2021-03-01,2021-03-02,2021-03-03,2021-03-04,2021-03-05,2021-03-06,2021-03-07,2021-03-08,2021-03-09,2021-03-10,2021-03-11,2021-03-12,2021-03-13,2021-03-14,2021-03-15,2021-03-16,2021-03-17,2021-03-18,2021-03-19,2021-03-20,2021-03-21,2021-03-22,2021-03-23,2021-03-24,2021-03-25,2021-03-26,2021-03-27,2021-03-28,2021-03-29,2021-03-30,2021-03-31,2021-04-01,2021-04-02,2021-04-03,2021-04-04,2021-04-05,2021-04-06,2021-04-07,2021-04-08,2021-04-09,2021-04-10,2021-04-11,2021-04-12,2021-04-13,2021-04-14,2021-04-15,2021-04-16,2021-04-17,2021-04-18,2021-04-19,2021-04-20,2021-04-21,2021-04-22,2021-04-23,2021-04-24,2021-04-25,2021-04-26,2021-04-27,2021-04-28,2021-04-29,2021-04-30,2021-05-01,2021-05-02,2021-05-03,2021-05-04,2021-05-05,2021-05-06,2021-05-07,2021-05-08,2021-05-09,2021-05-10,2021-05-11,2021-05-12,2021-05-13,2021-05-14,2021-05-15,2021-05-16,2021-05-17,2021-05-18,2021-05-19,2021-05-20,2021-05-21,2021-05-22,2021-05-23,2021-05-24,2021-05-25,2021-05-26,2021-05-27,2021-05-28,2021-05-29,2021-05-30,2021-05-31,2021-06-01,2021-06-02,2021-06-03,2021-06-04,2021-06-05,2021-06-06,2021-06-07,2021-06-08,2021-06-09,2021-06-10,2021-06-11,2021-06-12,2021-06-13,2021-06-14,2021-06-15,2021-06-16,2021-06-17,2021-06-18,2021-06-19,2021-06-20,2021-06-21,2021-06-22,2021-06-23,2021-06-24,2021-06-25,2021-06-26,2021-06-27,2021-06-28,2021-06-29,2021-06-30,2021-07-01,2021-07-02,2021-07-03,2021-07-04,2021-07-05,2021-07-06,2021-07-07,2021-07-08,2021-07-09,2021-07-10,2021-07-11,2021-07-12,2021-07-13,2021-07-14,2021-07-15,2021-07-16,2021-07-17,2021-07-18,2021-07-19,2021-07-20,2021-07-21,2021-07-22,2021-07-23,2021-07-24,2021-07-25,2021-07-26,2021-07-27,2021-07-28,2021-07-29,2021-07-30,2021-07-31,2021-08-01,2021-08-02,2021-08-03,2021-08-04,2021-08-05,2021-08-06,2021-08-07,2021-08-08,2021-08-09,2021-08-10,2021-08-11,2021-08-12,2021-08-13,2021-08-14,2021-08-15,2021-08-16,2021-08-17,2021-08-18,2021-08-19,2021-08-20,2021-08-21,2021-08-22,2021-08-23,2021-08-24,2021-08-25,2021-08-26,2021-08-27,2021-08-28,2021-08-29,2021-08-30,2021-08-31,2021-09-01,2021-09-02,2021-09-03,2021-09-04,2021-09-05,2021-09-06,2021-09-07,2021-09-08,2021-09-09,2021-09-10,2021-09-11,2021-09-12,2021-09-13,2021-09-14,2021-09-15,2021-09-16,2021-09-17,2021-09-18,2021-09-19,2021-09-20,2021-09-21,2021-09-22,2021-09-23,2021-09-24,2021-09-25,2021-09-26,2021-09-27,2021-09-28,2021-09-29,2021-09-30,2021-10-01,2021-10-02,2021-10-03,2021-10-04,2021-10-05,2021-10-06,2021-10-07,2021-10-08,2021-10-09,2021-10-10,2021-10-11,2021-10-12,2021-10-13,2021-10-14,2021-10-15,2021-10-16,2021-10-17,2021-10-18,2021-10-19,2021-10-20,2021-10-21,2021-10-22,2021-10-23,2021-10-24,2021-10-25,2021-10-26,2021-10-27,2021-10-28,2021-10-29,2021-10-30,2021-10-31,2021-11-01,2021-11-02,2021-11-03,2021-11-04,2021-11-05,2021-11-06,2021-11-07,2021-11-08,2021-11-09,2021-11-10,2021-11-11,2021-11-12,2021-11-13,2021-11-14,2021-11-15,2021-11-16,2021-11-17,2021-11-18,2021-11-19,2021-11-20,2021-11-21,2021-11-22,2021-11-23,2021-11-24,2021-11-25,2021-11-26,2021-11-27,2021-11-28,2021-11-29,2021-11-30,2021-12-01,2021-12-02,2021-12-03,2021-12-04,2021-12-05,2021-12-06,2021-12-07,2021-12-08,2021-12-09,2021-12-10,2021-12-11,2021-12-12,2021-12-13,2021-12-14,2021-12-15,2021-12-16,2021-12-17,2021-12-18,2021-12-19,2021-12-20,2021-12-21,2021-12-22,2021-12-23,2021-12-24,2021-12-25,2021-12-26,2021-12-27,2021-12-28,2021-12-29,2021-12-30,2021-12-31,2022-01-01,2022-01-02,2022-01-03,2022-01-04,2022-01-05,2022-01-06,2022-01-07,2022-01-08,2022-01-09,2022-01-10,2022-01-11,2022-01-12,2022-01-13,2022-01-14,2022-01-15,2022-01-16,2022-01-17,2022-01-18,2022-01-19,2022-01-20,2022-01-21,2022-01-22,2022-01-23,2022-01-24,2022-01-25,2022-01-26,2022-01-27,2022-01-28,2022-01-29,2022-01-30,2022-01-31,2022-02-01,2022-02-02,2022-02-03,2022-02-04,2022-02-05,2022-02-06,2022-02-07,2022-02-08,2022-02-09,2022-02-10,2022-02-11,2022-02-12,2022-02-13,2022-02-14,2022-02-15,2022-02-16,2022-02-17,2022-02-18,2022-02-19,2022-02-20,2022-02-21,2022-02-22,2022-02-23,2022-02-24,2022-02-25,2022-02-26,2022-02-27,2022-02-28,2022-03-01,2022-03-02,2022-03-03,2022-03-04,2022-03-05,2022-03-06,2022-03-07,2022-03-08,2022-03-09,2022-03-10,2022-03-11,2022-03-12,2022-03-13,2022-03-14,2022-03-15,2022-03-16,2022-03-17,2022-03-18,2022-03-19,2022-03-20,2022-03-21,2022-03-22,2022-03-23,2022-03-24,2022-03-25,2022-03-26,2022-03-27,2022-03-28,2022-03-29,2022-03-30,2022-03-31,2022-04-01,2022-04-02,2022-04-03,2022-04-04,2022-04-05,2022-04-06,2022-04-07,2022-04-08,2022-04-09,2022-04-10,2022-04-11,2022-04-12,2022-04-13,2022-04-14,2022-04-15,2022-04-16,2022-04-17,2022-04-18,2022-04-19,2022-04-20,2022-04-21,2022-04-22,2022-04-23,2022-04-24,2022-04-25,2022-04-26,2022-04-27,2022-04-28,2022-04-29,2022-04-30,2022-05-01,2022-05-02,2022-05-03,2022-05-04,2022-05-05,2022-05-06,2022-05-07,2022-05-08,2022-05-09,2022-05-10,2022-05-11,2022-05-12,2022-05-13,2022-05-14,2022-05-15,2022-05-16,2022-05-17,2022-05-18,2022-05-19,2022-05-20,2022-05-21,2022-05-22,2022-05-23,2022-05-24,2022-05-25,2022-05-26,2022-05-27,2022-05-28,2022-05-29,2022-05-30,2022-05-31,2022-06-01,2022-06-02,2022-06-03,2022-06-04,2022-06-05,2022-06-06,2022-06-07,2022-06-08,2022-06-09,2022-06-10,2022-06-11,2022-06-12,2022-06-13,2022-06-14,2022-06-15,2022-06-16,2022-06-17,2022-06-18,2022-06-19,2022-06-20,2022-06-21,2022-06-22,2022-06-23,2022-06-24,2022-06-25,2022-06-26,2022-06-27,2022-06-28,2022-06-29,2022-06-30,2022-07-01,2022-07-02,2022-07-03,2022-07-04,2022-07-05,2022-07-06,2022-07-07,2022-07-08,2022-07-09,2022-07-10,2022-07-11,2022-07-12,2022-07-13,2022-07-14,2022-07-15,2022-07-16,2022-07-17,2022-07-18,2022-07-19,2022-07-20,2022-07-21,2022-07-22,2022-07-23,2022-07-24,2022-07-25,2022-07-26,2022-07-27,2022-07-28,2022-07-29,2022-07-30,2022-07-31,2022-08-01,2022-08-02,2022-08-03,2022-08-04,2022-08-05,2022-08-06,2022-08-07,2022-08-08,2022-08-09,2022-08-10,2022-08-11,2022-08-12,2022-08-13,2022-08-14,2022-08-15,2022-08-16,2022-08-17,2022-08-18,2022-08-19,2022-08-20,2022-08-21,2022-08-22,2022-08-23,2022-08-24,2022-08-25,2022-08-26,2022-08-27,2022-08-28,2022-08-29,2022-08-30,2022-08-31,2022-09-01,2022-09-02,2022-09-03,2022-09-04,2022-09-05,2022-09-06,2022-09-07,2022-09-08,2022-09-09,2022-09-10,2022-09-11,2022-09-12,2022-09-13,2022-09-14,2022-09-15,2022-09-16,2022-09-17,2022-09-18,2022-09-19,2022-09-20,2022-09-21,2022-09-22,2022-09-23,2022-09-24,2022-09-25,2022-09-26,2022-09-27,2022-09-28,2022-09-29,2022-09-30,2022-10-01,2022-10-02,2022-10-03,2022-10-04,2022-10-05,2022-10-06,2022-10-07,2022-10-08,2022-10-09,2022-10-10,2022-10-11,2022-10-12,2022-10-13,2022-10-14,2022-10-15,2022-10-16,2022-10-17,2022-10-18,2022-10-19,2022-10-20,2022-10-21,2022-10-22,2022-10-23,2022-10-24,2022-10-25,2022-10-26,2022-10-27,2022-10-28,2022-10-29,2022-10-30,2022-10-31,2022-11-01,2022-11-02,2022-11-03,2022-11-04,2022-11-05,2022-11-06,2022-11-07,2022-11-08,2022-11-09,2022-11-10,2022-11-11,2022-11-12,2022-11-13,2022-11-14,2022-11-15,2022-11-16,2022-11-17,2022-11-18,2022-11-19,2022-11-20,2022-11-21,2022-11-22,2022-11-23,2022-11-24,2022-11-25,2022-11-26,2022-11-27,2022-11-28,2022-11-29,2022-11-30,2022-12-01,2022-12-02,2022-12-03,2022-12-04,2022-12-05,2022-12-06,2022-12-07,2022-12-08,2022-12-09,2022-12-10,2022-12-11,2022-12-12,2022-12-13,2022-12-14,2022-12-15,2022-12-16,2022-12-17,2022-12-18,2022-12-19,2022-12-20,2022-12-21,2022-12-22,2022-12-23,2022-12-24,2022-12-25,2022-12-26,2022-12-27,2022-12-28,2022-12-29,2022-12-30,2022-12-31,2023-01-01,2023-01-02,2023-01-03,2023-01-04,2023-01-05,2023-01-06,2023-01-07,2023-01-08,2023-01-09,2023-01-10,2023-01-11,2023-01-12,2023-01-13,2023-01-14,2023-01-15,2023-01-16,2023-01-17,2023-01-18,2023-01-19,2023-01-20,2023-01-21,2023-01-22,2023-01-23,2023-01-24,2023-01-25,2023-01-26,2023-01-27,2023-01-28,2023-01-29,2023-01-30,2023-01-31,2023-02-01,2023-02-02,2023-02-03,2023-02-04,2023-02-05,2023-02-06,2023-02-07,2023-02-08,2023-02-09,2023-02-10,2023-02-11,2023-02-12,2023-02-13,2023-02-14,2023-02-15,2023-02-16,2023-02-17,2023-02-18,2023-02-19,2023-02-20,2023-02-21,2023-02-22,2023-02-23,2023-02-24,2023-02-25,2023-02-26,2023-02-27,2023-02-28,2023-03-01,2023-03-02,2023-03-03,2023-03-04,2023-03-05,2023-03-06,2023-03-07,2023-03-08,2023-03-09,2023-03-10,2023-03-11,2023-03-12,2023-03-13,2023-03-14,2023-03-15,2023-03-16,2023-03-17,2023-03-18,2023-03-19,2023-03-20,2023-03-21,2023-03-22,2023-03-23,2023-03-24,2023-03-25,2023-03-26,2023-03-27,2023-03-28,2023-03-29,2023-03-30,2023-03-31,2023-04-01,2023-04-02,2023-04-03,2023-04-04,2023-04-05,2023-04-06,2023-04-07,2023-04-08,2023-04-09,2023-04-10,2023-04-11,2023-04-12,2023-04-13,2023-04-14,2023-04-15,2023-04-16,2023-04-17,2023-04-18,2023-04-19,2023-04-20,2023-04-21,2023-04-22,2023-04-23,2023-04-24,2023-04-25,2023-04-26,2023-04-27,2023-04-28,2023-04-29,2023-04-30,2023-05-01,2023-05-02,2023-05-03,2023-05-04,2023-05-05,2023-05-06,2023-05-07,2023-05-08,2023-05-09,2023-05-10,2023-05-11,2023-05-12,2023-05-13,2023-05-14,2023-05-15,2023-05-16,2023-05-17,2023-05-18,2023-05-19,2023-05-20,2023-05-21,2023-05-22,2023-05-23,2023-05-24,2023-05-25,2023-05-26,2023-05-27,2023-05-28,2023-05-29,2023-05-30,2023-05-31,2023-06-01,2023-06-02,2023-06-03,2023-06-04,2023-06-05,2023-06-06,2023-06-07,2023-06-08,2023-06-09,2023-06-10,2023-06-11,2023-06-12,2023-06-13,2023-06-14,2023-06-15,2023-06-16,2023-06-17,2023-06-18,2023-06-19,2023-06-20,2023-06-21,2023-06-22,2023-06-23,2023-06-24,2023-06-25,2023-06-26,2023-06-27,2023-06-28,2023-06-29,2023-06-30,2023-07-01,2023-07-02,2023-07-03,2023-07-04,2023-07-05,2023-07-06,2023-07-07,2023-07-08,2023-07-09,2023-07-10,2023-07-11,2023-07-12,2023-07-13,2023-07-14,2023-07-15,2023-07-16,2023-07-17,2023-07-18,2023-07-19,2023-07-20,2023-07-21,2023-07-22,2023-07-23,2023-07-24,2023-07-25,2023-07-26,2023-07-27,2023-07-28,2023-07-29,2023-07-30,2023-07-31,2023-08-01,2023-08-02,2023-08-03,2023-08-04,2023-08-05,2023-08-06,2023-08-07,2023-08-08,2023-08-09,2023-08-10,2023-08-11,2023-08-12,2023-08-13,2023-08-14,2023-08-15,2023-08-16,2023-08-17,2023-08-18,2023-08-19,2023-08-20,2023-08-21,2023-08-22,2023-08-23,2023-08-24,2023-08-25,2023-08-26,2023-08-27,2023-08-28,2023-08-29,2023-08-30,2023-08-31,2023-09-01,2023-09-02,2023-09-03,2023-09-04,2023-09-05,2023-09-06,2023-09-07,2023-09-08,2023-09-09,2023-09-10,2023-09-11,2023-09-12,2023-09-13,2023-09-14,2023-09-15,2023-09-16,2023-09-17,2023-09-18,2023-09-19,2023-09-20,2023-09-21,2023-09-22,2023-09-23,2023-09-24,2023-09-25,2023-09-26,2023-09-27,2023-09-28,2023-09-29,2023-09-30,2023-10-01,2023-10-02,2023-10-03,2023-10-04,2023-10-05,2023-10-06,2023-10-07,2023-10-08,2023-10-09,2023-10-10,2023-10-11,2023-10-12,2023-10-13,2023-10-14,2023-10-15,2023-10-16,2023-10-17,2023-10-18,2023-10-19,2023-10-20,2023-10-21,2023-10-22,2023-10-23,2023-10-24,2023-10-25,2023-10-26,2023-10-27,2023-10-28,2023-10-29,2023-10-30,2023-10-31,2023-11-01,2023-11-02,2023-11-03,2023-11-04,2023-11-05,2023-11-06,2023-11-07,2023-11-08,2023-11-09,2023-11-10,2023-11-11,2023-11-12,2023-11-13,2023-11-14,2023-11-15,2023-11-16,2023-11-17,2023-11-18,2023-11-19,2023-11-20,2023-11-21,2023-11-22,2023-11-23,2023-11-24,2023-11-25,2023-11-26,2023-11-27,2023-11-28,2023-11-29,2023-11-30,2023-12-01,2023-12-02,2023-12-03,2023-12-04,2023-12-05,2023-12-06,2023-12-07,2023-12-08,2023-12-09,2023-12-10,2023-12-11,2023-12-12,2023-12-13,2023-12-14,2023-12-15,2023-12-16,2023-12-17,2023-12-18,2023-12-19,2023-12-20,2023-12-21,2023-12-22,2023-12-23,2023-12-24,2023-12-25,2023-12-26,2023-12-27,2023-12-28,2023-12-29,2023-12-30,2023-12-31,2024-01-01,2024-01-02,2024-01-03,2024-01-04,2024-01-05,2024-01-06,2024-01-07,2024-01-08,2024-01-09,2024-01-10,2024-01-11,2024-01-12,2024-01-13,2024-01-14,2024-01-15,2024-01-16,2024-01-17,2024-01-18,2024-01-19,2024-01-20,2024-01-21,2024-01-22,2024-01-23,2024-01-24,2024-01-25,2024-01-26,2024-01-27,2024-01-28,2024-01-29,2024-01-30,2024-01-31,2024-02-01,2024-02-02,2024-02-03,2024-02-04,2024-02-05,2024-02-06,2024-02-07,2024-02-08,2024-02-09,2024-02-10,2024-02-11,2024-02-12,2024-02-13,2024-02-14,2024-02-15,2024-02-16,2024-02-17,2024-02-18,2024-02-19,2024-02-20,2024-02-21,2024-02-22,2024-02-23,2024-02-24,2024-02-25,2024-02-26,2024-02-27,2024-02-28,2024-02-29,2024-03-01,2024-03-02,2024-03-03,2024-03-04,2024-03-05,2024-03-06,2024-03-07,2024-03-08,2024-03-09,2024-03-10,2024-03-11,2024-03-12,2024-03-13,2024-03-14,2024-03-15,2024-03-16,2024-03-17,2024-03-18,2024-03-19,2024-03-20,2024-03-21,2024-03-22,2024-03-23,2024-03-24,2024-03-25,2024-03-26,2024-03-27,2024-03-28,2024-03-29,2024-03-30,2024-03-31,2024-04-01,2024-04-02,2024-04-03,2024-04-04,2024-04-05,2024-04-06,2024-04-07,2024-04-08,2024-04-09,2024-04-10,2024-04-11,2024-04-12,2024-04-13,2024-04-14,2024-04-15,2024-04-16,2024-04-17,2024-04-18,2024-04-19,2024-04-20,2024-04-21,2024-04-22,2024-04-23,2024-04-24,2024-04-25,2024-04-26,2024-04-27,2024-04-28,2024-04-29,2024-04-30,2024-05-01,2024-05-02,2024-05-03,2024-05-04,2024-05-05,2024-05-06,2024-05-07,2024-05-08,2024-05-09,2024-05-10,2024-05-11,2024-05-12,2024-05-13,2024-05-14,2024-05-15,2024-05-16,2024-05-17,2024-05-18,2024-05-19,2024-05-20,2024-05-21,2024-05-22,2024-05-23,2024-05-24,2024-05-25,2024-05-26,2024-05-27,2024-05-28,2024-05-29,2024-05-30,2024-05-31,2024-06-01,2024-06-02,2024-06-03,2024-06-04,2024-06-05,2024-06-06,2024-06-07,2024-06-08,2024-06-09,2024-06-10,2024-06-11,2024-06-12,2024-06-13,2024-06-14,2024-06-15,2024-06-16,2024-06-17,2024-06-18,2024-06-19,2024-06-20,2024-06-21,2024-06-22,2024-06-23,2024-06-24,2024-06-25,2024-06-26,2024-06-27,2024-06-28,2024-06-29,2024-06-30,2024-07-01,2024-07-02,2024-07-03,2024-07-04,2024-07-05,2024-07-06,2024-07-07,2024-07-08,2024-07-09,2024-07-10,2024-07-11,2024-07-12,2024-07-13,2024-07-14,2024-07-15,2024-07-16,2024-07-17,2024-07-18,2024-07-19,2024-07-20,2024-07-21,2024-07-22,2024-07-23,2024-07-24,2024-07-25,2024-07-26,2024-07-27,2024-07-28,2024-07-29,2024-07-30,2024-07-31,2024-08-01,2024-08-02,2024-08-03,2024-08-04,2024-08-05,2024-08-06,2024-08-07,2024-08-08,2024-08-09,2024-08-10,2024-08-11,2024-08-12,2024-08-13,2024-08-14,2024-08-15,2024-08-16,2024-08-17,2024-08-18,2024-08-19,2024-08-20,2024-08-21,2024-08-22,2024-08-23,2024-08-24,2024-08-25,2024-08-26,2024-08-27,2024-08-28,2024-08-29,2024-08-30,2024-08-31,2024-09-01,2024-09-02,2024-09-03,2024-09-04,2024-09-05,2024-09-06,2024-09-07,2024-09-08,2024-09-09,2024-09-10,2024-09-11,2024-09-12,2024-09-13,2024-09-14,2024-09-15,2024-09-16,2024-09-17,2024-09-18,2024-09-19,2024-09-20,2024-09-21,2024-09-22,2024-09-23,2024-09-24,2024-09-25,2024-09-26,2024-09-27,2024-09-28,2024-09-29,2024-09-30,2024-10-01,2024-10-02,2024-10-03,2024-10-04,2024-10-05,2024-10-06,2024-10-07,2024-10-08,2024-10-09,2024-10-10,2024-10-11,2024-10-12,2024-10-13,2024-10-14,2024-10-15,2024-10-16,2024-10-17,2024-10-18,2024-10-19,2024-10-20,2024-10-21,2024-10-22,2024-10-23,2024-10-24,2024-10-25,2024-10-26,2024-10-27,2024-10-28,2024-10-29,2024-10-30,2024-10-31,2024-11-01,2024-11-02,2024-11-03,2024-11-04,2024-11-05,2024-11-06,2024-11-07,2024-11-08,2024-11-09,2024-11-10,2024-11-11,2024-11-12,2024-11-13,2024-11-14,2024-11-15,2024-11-16,2024-11-17,2024-11-18,2024-11-19,2024-11-20,2024-11-21,2024-11-22,2024-11-23,2024-11-24,2024-11-25,2024-11-26,2024-11-27,2024-11-28,2024-11-29,2024-11-30,2024-12-01,2024-12-02,2024-12-03,2024-12-04,2024-12-05,2024-12-06,2024-12-07,2024-12-08,2024-12-09,2024-12-10,2024-12-11,2024-12-12,2024-12-13,2024-12-14,2024-12-15,2024-12-16,2024-12-17,2024-12-18,2024-12-19,2024-12-20,2024-12-21,2024-12-22,2024-12-23,2024-12-24,2024-12-25,2024-12-26,2024-12-27,2024-12-28,2024-12-29,2024-12-30,2024-12-31
Guntur_0,9.798,9.865,10.052,10.076,9.702,9.758,9.97,9.983,9.784,9.674,9.851,9.855,9.975,9.798,9.512,9.461,9.902,9.859,9.46,9.862,9.934,9.712,9.821,10.059,10.168,9.703,10.016,10.162,10.239,10.308,10.224,12.091,11.511,11.879,12.187,12.189,12.178,12.314,11.891,11.629,11.829,11.883,12.006,12.431,12.411,12.533,12.008,12.303,12.554,12.503,12.231,11.806,11.907,11.593,11.983,12.195,12.328,12.18,12.109,11.971,10.66,10.963,11.085,10.91,10.738,10.804,10.951,10.63,10.55,9.784,10.165,10.784,10.849,10.779,10.365,10.726,11.067,11.021,12.216,12.037,11.611,11.424,11.222,11.678,12.092,12.226,12.177,12.113,11.737,11.429,11.404,10.113,10.337,10.408,10.342,9.941,10.441,10.492,10.438,10.506,10.585,10.388,10.14,10.718,10.521,10.447,10.142,10.067,9.969,9.635,10.237,10.291,10.038,10.197,10.303,10.204,10.005,10.374,10.385,10.404,10.225,11.169,11.195,11.032,11.355,11.312,11.451,11.755,11.741,11.668,11.205,11.026,11.12,11.078,10.988,11.051,10.922,10.957,10.257,10.74,11.062,10.721,10.575,10.852,11.022,10.537,10.788,10.972,11.286,11.255,10.998,10.743,11.823,11.972,11.94,12.266,12.173,12.248,12.018,12.775,13.004,13.172,13.01,13.046,12.666,12.233,12.85,12.838,13.04,13.219,12.947,12.864,12.366,13.075,13.412,13.245,13.242,12.791,12.518,12.139,12.711,13.347,0.0,0.0,0.0,0.0,0.0,0.0,0.0,0.0,0.0,0.0,0.0,0.0,0.0,0.0,0.0,0.0,0.0,0.0,0.0,0.0,0.0,0.0,0.0,0.0,0.0,0.0,0.0,0.0,0.0,0.0,0.0,0.0,0.0,0.0,0.0,0.0,0.0,0.0,0.0,0.0,0.0,0.0,0.0,0.0,0.0,0.0,0.0,0.0,0.0,0.0,0.0,0.0,0.0,0.0,0.0,0.0,0.0,0.0,0.0,0.0,0.0,0.0,13.869,13.916,13.922,14.191,14.301,13.551,13.698,14.079,14.71,14.502,14.312,13.854,13.433,13.581,13.811,14.006,13.74,13.64,14.007,13.391,13.631,13.446,13.208,13.627,13.694,13.084,12.652,13.626,13.916,13.802,9.552,9.492,9.772,9.467,9.644,9.933,10.264,10.406,10.409,10.102,9.544,9.643,9.793,9.373,9.536,9.642,9.858,9.603,9.829,9.839,9.801,9.614,9.372,9.359,8.882,9.061,9.529,9.715,9.934,10.12,10.039,11.951,12.368,12.501,12.459,12.333,12.611,12.428,11.928,12.173,12.13,12.044,12.256,12.032,10.953,10.641,10.719,11.423,11.752,11.952,12.042,11.947,11.746,12.319,12.269,11.932,11.243,11.268,11.488,11.692,12.101,7.73,7.843,7.762,7.837,7.79,7.453,7.602,7.733,7.594,7.716,7.783,7.634,7.429,7.64,7.846,7.853,7.927,8.037,7.902,7.79,8.0,8.197,8.301,8.177,8.165,8.292,7.978,8.216,8.304,8.259,8.26,7.828,7.6,7.336,7.537,7.597,7.626,7.523,7.614,7.466,7.438,7.74,7.783,7.755,7.664,7.679,7.833,7.738,7.82,8.081,8.241,8.383,8.34,8.211,7.923,7.995,7.72,7.924,8.023,8.175,8.159,7.919,11.246,11.385,11.476,11.265,11.307,11.223,10.909,11.029,11.285,11.498,11.551,11.557,11.504,11.231,11.412,11.412,11.372,11.27,11.144,11.147,10.96,11.387,11.574,11.746,11.785,11.862,11.806,11.619,10.914,10.97,10.933,10.893,11.137,11.073,10.642,10.891,11.1,11.218,11.103,10.721,10.526,10.521,10.914,10.995,11.162,11.325,11.291,11.171,10.818,10.932,10.66,10.915,11.089,10.936,10.991,10.578,9.973,10.138,10.61,13.473,13.818,13.927,13.629,13.992,13.987,14.0,14.326,14.188,14.154,13.646,14.087,14.177,13.652,13.711,13.824,13.488,13.395,13.66,13.915,13.472,13.205,13.069,13.275,13.009,13.499,13.701,13.643,13.701,13.62,10.334,10.141,10.202,10.251,10.054,10.168,10.385,10.31,10.088,10.285,10.035,9.707,9.427,9.745,9.674,8.952,8.999,8.793,8.814,8.75,8.872,9.178,9.367,9.58,9.427,9.251,9.286,9.64,9.869,9.308,9.771,8.954,9.64,9.828,9.857,9.623,9.177,9.456,9.304,9.277,9.077,8.776,8.754,8.329,9.081,9.125,9.358,9.419,9.486,9.084,8.623,9.342,9.696,10.228,9.825,9.783,9.513,9.743,10.47,10.824,10.592,16.891,16.308,16.356,16.556,17.499,17.826,17.699,17.362,17.105,17.416,16.25,16.074,15.9,15.688,15.958,16.721,16.871,15.305,14.144,14.16,13.868,14.281,15.038,14.717,14.485,14.957,14.824,13.959,14.23,14.156,13.942,11.551,12.614,12.964,13.176,13.632,13.824,14.275,14.188,14.464,14.486,14.512,14.716,14.841,14.471,14.103,13.26,15.109,14.858,14.466,14.36,14.083,13.481,14.056,14.153,14.219,14.34,14.535,14.405,13.884,14.12,14.029,0.0,0.0,0.0,0.0,0.0,0.0,0.0,0.0,0.0,0.0,0.0,0.0,0.0,0.0,0.0,0.0,0.0,0.0,0.0,0.0,0.0,0.0,0.0,0.0,0.0,0.0,0.0,0.0,0.0,0.0,10.042,9.679,9.443,9.878,10.092,10.292,10.297,10.399,10.249,9.925,10.396,10.505,10.523,10.374,10.05,10.179,9.645,9.417,9.829,9.922,9.86,9.8,9.928,9.327,9.706,9.788,9.764,9.693,9.818,9.719,9.563,6.355,6.354,6.284,5.805,5.623,6.013,5.895,6.214,6.382,6.606,6.425,6.563,6.515,6.408,6.494,6.483,6.557,6.615,6.447,6.451,6.175,6.531,6.63,6.669,6.609,6.56,6.468,6.118,6.232,6.261,7.391,7.183,7.326,7.341,7.185,7.423,7.571,7.55,7.632,7.515,7.449,7.141,7.492,7.74,7.718,7.644,7.605,7.593,7.213,7.731,7.962,8.099,8.18,8.24,8.158,7.914,8.081,7.915,7.723,7.643,7.775,8.223,7.909,8.354,8.584,8.714,8.549,8.513,8.217,7.847,8.109,8.155,8.195,8.358,8.2,7.994,7.99,8.372,8.631,8.637,8.595,8.673,8.21,8.078,8.526,8.578,8.306,8.447,8.568,8.603,8.594,8.752,10.222,10.263,9.869,10.039,10.16,10.014,10.191,10.473,10.285,10.068,10.124,10.099,9.977,10.041,10.11,10.257,10.168,10.221,10.132,9.963,10.219,10.189,10.202,10.489,10.267,10.101,9.723,10.153,8.501,8.327,8.278,8.509,8.647,8.435,8.402,8.463,8.547,8.698,8.812,8.791,8.576,8.768,8.825,8.945,8.912,8.416,8.477,8.643,8.887,8.96,9.011,9.093,9.054,8.993,8.714,8.876,8.96,9.126,9.181,9.467,9.457,9.163,9.489,9.587,9.41,9.56,9.505,9.54,9.239,9.425,9.562,9.582,9.488,9.39,9.526,9.091,9.338,9.503,9.431,9.468,9.489,9.478,9.178,9.498,9.611,9.709,9.645,9.559,9.311,7.217,7.395,7.369,7.545,7.537,7.737,7.689,7.345,7.458,7.342,7.376,7.366,7.297,7.226,7.027,7.312,7.487,7.697,7.623,7.304,6.661,6.19,6.115,6.658,7.153,7.199,7.091,7.029,6.969,7.36,7.466,6.491,6.557,6.549,6.475,6.317,6.491,6.534,6.395,6.335,6.489,6.424,6.237,6.543,6.636,6.458,6.314,6.222,6.073,5.637,5.653,5.701,6.155,6.394,6.319,6.194,6.014,6.364,6.454,6.196,5.769,5.708,5.805,5.658,6.082,6.108,6.101,6.121,6.006,5.755,5.391,5.596,5.609,5.696,5.611,5.625,5.637,5.393,5.801,5.891,5.786,5.432,5.596,5.452,5.067,5.452,5.809,5.876,5.83,5.933,5.74,5.398,6.539,6.705,6.982,6.976,6.733,6.534,6.216,6.369,6.362,6.359,5.993,6.318,6.558,6.114,5.798,6.209,6.567,6.793,6.711,6.627,6.341,6.686,6.854,6.792,6.906,7.131,6.898,6.605,7.083,7.268,7.221,5.904,5.96,5.929,5.581,5.866,5.959,5.983,5.902,5.749,5.603,5.233,5.316,5.338,5.341,5.26,4.998,5.168,5.206,5.499,5.49,5.422,5.196,5.113,5.046,5.063,5.511,5.554,5.535,5.614,5.629,8.369,7.995,8.484,8.739,8.284,8.404,8.363,8.411,8.131,8.389,8.313,8.455,8.464,8.393,8.272,7.986,8.623,8.706,8.721,8.693,8.581,8.354,7.857,7.41,7.254,7.773,8.202,8.37,8.413,8.182,8.267,8.056,8.159,8.089,8.22,8.191,8.021,8.138,8.202,8.204,8.2,8.209,7.963,7.768,7.827,8.034,8.155,8.216,8.288,8.315,7.991,8.284,8.401,8.381,8.378,8.38,8.388,8.203,8.414,8.31,8.32,7.255,7.362,7.375,7.116,7.267,7.434,7.523,7.34,7.286,7.005,6.818,7.178,7.19,7.233,7.368,7.516,7.571,7.402,7.693,7.718,7.658,7.69,7.816,7.766,7.5,7.651,7.796,7.92,7.948,7.857,7.774,8.802,9.041,9.004,8.853,8.964,9.03,9.083,9.0,9.146,9.159,9.241,9.265,9.318,8.988,8.63,8.874,9.053,9.225,9.144,9.257,9.148,8.883,8.949,9.108,9.039,8.448,8.721,8.979,8.752,8.867,8.877,10.224,10.362,10.694,10.663,10.418,10.486,10.668,10.931,10.782,10.799,10.849,10.347,10.839,11.02,10.879,10.855,11.001,10.929,10.643,10.94,11.041,11.005,11.188,11.28,11.058,10.823,11.29,11.17,8.768,8.801,8.981,8.895,8.548,8.721,8.235,8.035,8.339,8.821,8.925,8.698,9.154,9.198,9.174,8.975,8.48,8.021,7.447,8.018,8.329,8.549,8.722,8.771,8.976,8.633,8.962,9.067,9.113,9.069,8.723,9.783,9.656,10.075,10.496,10.533,10.598,10.756,10.516,10.249,10.676,10.888,10.968,11.102,10.992,10.886,10.49,10.766,11.058,10.947,10.808,10.587,10.298,9.462,10.069,10.542,10.553,10.647,10.633,10.233,9.332,7.541,7.832,8.156,8.174,8.433,8.556,8.239,8.576,8.858,8.957,9.093,9.028,8.896,8.426,8.585,8.908,9.139,8.916,9.316,9.215,8.887,9.123,9.186,8.612,8.199,7.854,8.073,8.405,8.81,8.964,8.762,9.41,9.584,9.962,9.236,9.701,9.799,10.005,10.139,10.059,9.678,9.263,9.644,9.594,9.418,9.546,9.804,9.625,9.166,9.464,9.523,9.68,9.739,9.723,9.413,8.625,8.668,8.931,8.839,8.617,8.423,10.186,10.091,10.782,10.844,10.569,10.202,10.369,10.013,9.902,10.735,10.742,10.922,10.76,10.688,10.477,10.187,10.544,10.476,10.234,10.514,10.631,10.141,9.646,10.203,10.291,9.845,9.622,9.359,9.084,9.152,9.757,19.34,19.053,19.31,20.01,20.563,19.437,19.669,20.387,20.972,21.437,22.229,21.375,20.732,21.572,21.19,22.105,22.318,22.139,21.583,21.436,22.127,22.302,21.289,21.141,21.799,21.856,21.346,21.849,22.897,23.29,23.509,11.712,11.505,11.15,10.96,11.178,11.003,10.393,10.223,10.068,9.595,10.147,10.595,10.941,11.362,11.014,10.349,9.571,9.868,10.096,10.475,10.615,10.433,10.012,9.293,9.919,10.417,10.568,10.552,10.676,10.528,7.735,7.675,8.004,8.207,8.306,8.394,8.527,8.498,8.628,8.747,8.909,8.962,8.976,8.901,8.613,8.671,8.433,8.741,8.838,8.86,8.742,8.413,8.364,8.173,8.455,8.722,8.749,8.811,8.471,8.59,8.733,9.446,9.385,9.439,9.27,8.975,9.154,9.238,9.272,9.215,8.888,8.34,7.569,7.421,7.936,8.168,8.377,8.495,8.679,8.388,8.573,8.767,8.837,8.96,8.771,8.523,7.944,7.968,8.084,8.11,7.912,9.321,9.151,8.86,8.952,8.895,9.29,9.555,9.711,9.588,9.264,9.737,9.909,9.929,9.832,9.961,9.943,9.436,9.512,9.892,10.106,10.173,10.424,10.162,9.692,10.044,10.242,10.217,10.118,10.315,10.464,10.111,8.147,8.294,8.508,8.501,8.529,8.308,7.947,8.217,8.209,8.352,8.402,8.525,8.643,8.256,8.329,8.615,8.702,8.708,8.75,8.814,8.624,8.653,8.775,8.721,8.134,7.602,7.847,8.08,7.875,7.978,7.988,10.595,10.739,11.083,11.05,10.797,10.868,11.056,11.329,11.174,11.192,11.244,10.723,11.233,11.42,11.275,11.249,11.401,11.327,11.03,11.338,11.443,11.405,11.595,11.69,11.46,11.217,11.7,11.577,10.225,10.259,10.298,10.509,10.408,10.002,10.204,9.636,9.402,9.758,10.322,10.443,10.178,10.71,10.763,10.735,10.502,9.923,9.386,8.714,9.382,9.745,10.003,10.206,10.263,10.502,10.101,10.486,10.609,10.662,10.611,10.207,8.301,8.193,8.548,8.906,8.937,8.992,9.126,8.922,8.695,9.058,9.238,9.306,9.42,9.326,9.237,8.9,9.135,9.383,9.288,9.17,8.983,8.737,8.028,8.543,8.945,8.954,9.033,9.022,8.682,7.918,10.478,10.882,11.332,11.357,11.716,11.887,11.447,11.916,12.307,12.444,12.634,12.543,12.36,11.707,11.928,12.377,12.698,12.388,12.943,12.803,12.348,12.675,12.762,11.965,11.391,10.912,11.217,11.678,12.24,12.454,12.174,9.41,9.584,9.962,9.236,9.701,9.799,10.005,10.139,10.059,9.678,9.263,9.644,9.594,9.418,9.546,9.804,9.625,9.166,9.464,9.523,9.68,9.739,9.723,9.413,8.625,8.668,8.931,8.839,8.617,8.423,11.119,11.015,11.769,11.836,11.537,11.136,11.318,10.93,10.808,11.718,11.725,11.922,11.745,11.666,11.436,11.119,11.509,11.435,11.171,11.477,11.604,11.069,10.53,11.137,11.233,10.747,10.503,10.216,9.915,9.989,10.651,9.205,9.069,9.191,9.524,9.787,9.251,9.362,9.703,9.982,10.203,10.58,10.174,9.868,10.268,10.086,10.521,10.623,10.537,10.273,10.203,10.532,10.615,10.133,10.063,10.375,10.403,10.16,10.399,10.898,11.085,11.19,7.583,7.448,7.219,7.095,7.237,7.123,6.729,6.618,6.518,6.212,6.569,6.859,7.083,7.356,7.13,6.7,6.196,6.389,6.536,6.782,6.873,6.755,6.482,6.016,6.421,6.744,6.842,6.831,6.912,6.816,7.735,7.675,8.004,8.207,8.306,8.394,8.527,8.498,8.628,8.747,8.909,8.962,8.976,8.901,8.613,8.671,8.433,8.741,8.838,8.86,8.742,8.413,8.364,8.173,8.455,8.722,8.749,8.811,8.471,8.59,8.733,9.446,9.385,9.439,9.27,8.975,9.154,9.238,9.272,9.215,8.888,8.34,7.569,7.421,7.936,8.168,8.377,8.495,8.679,8.388,8.573,8.767,8.837,8.96,8.771,8.523,7.944,7.968,8.084,8.11,7.912,9.321,9.151,8.86,8.952,8.895,9.29,9.555,9.711,9.588,9.264,9.737,9.909,9.929,9.832,9.961,9.943,9.436,9.512,9.892,10.106,10.173,10.424,10.162,9.692,10.044,10.242,10.217,10.118,10.315,10.464,10.111
Guntur_1,4.53,4.561,4.647,4.659,4.486,4.511,4.609,4.615,4.523,4.473,4.554,4.556,4.612,4.53,4.398,4.374,4.578,4.558,4.373,4.56,4.593,4.49,4.541,4.651,4.701,4.486,4.631,4.698,4.734,4.766,4.727,5.413,5.153,5.318,5.456,5.457,5.452,5.513,5.323,5.206,5.295,5.32,5.375,5.565,5.556,5.611,5.376,5.508,5.62,5.597,5.475,5.285,5.33,5.19,5.365,5.46,5.519,5.453,5.421,5.359,5.105,5.251,5.309,5.225,5.143,5.174,5.244,5.091,5.053,4.685,4.868,5.164,5.196,5.162,4.964,5.137,5.3,5.278,5.85,5.765,5.561,5.471,5.374,5.593,5.791,5.855,5.832,5.801,5.621,5.474,5.462,5.024,5.135,5.17,5.137,4.938,5.187,5.212,5.185,5.219,5.258,5.16,5.037,5.324,5.227,5.189,5.038,5.001,4.952,4.786,5.085,5.112,4.986,5.066,5.118,5.069,4.97,5.154,5.159,5.168,5.079,5.483,5.495,5.415,5.574,5.553,5.621,5.77,5.763,5.728,5.5,5.412,5.458,5.438,5.394,5.425,5.362,5.379,5.035,5.272,5.43,5.263,5.191,5.327,5.411,5.173,5.296,5.386,5.54,5.525,5.399,5.274,7.0,7.089,7.07,7.263,7.207,7.252,7.116,7.564,7.7,7.799,7.703,7.724,7.499,7.243,7.608,7.602,7.721,7.827,7.666,7.616,7.322,7.741,7.941,7.842,7.841,7.574,7.412,7.187,7.526,7.903,0.0,0.0,0.0,0.0,0.0,0.0,0.0,0.0,0.0,0.0,0.0,0.0,0.0,0.0,0.0,0.0,0.0,0.0,0.0,0.0,0.0,0.0,0.0,0.0,0.0,0.0,0.0,0.0,0.0,0.0,0.0,0.0,0.0,0.0,0.0,0.0,0.0,0.0,0.0,0.0,0.0,0.0,0.0,0.0,0.0,0.0,0.0,0.0,0.0,0.0,0.0,0.0,0.0,0.0,0.0,0.0,0.0,0.0,0.0,0.0,0.0,0.0,3.95,3.964,3.966,4.042,4.074,3.86,3.902,4.01,4.19,4.131,4.077,3.946,3.826,3.869,3.934,3.989,3.914,3.885,3.99,3.814,3.883,3.83,3.762,3.882,3.901,3.727,3.604,3.881,3.964,3.931,4.486,4.457,4.589,4.446,4.529,4.665,4.82,4.887,4.888,4.744,4.482,4.529,4.599,4.402,4.478,4.528,4.63,4.51,4.616,4.62,4.603,4.515,4.401,4.395,4.171,4.255,4.475,4.563,4.665,4.753,4.715,2.024,2.094,2.117,2.11,2.088,2.136,2.104,2.02,2.061,2.054,2.04,2.075,2.038,1.855,1.802,1.815,1.934,1.99,2.024,2.039,2.023,1.989,2.086,2.078,2.021,1.904,1.908,1.945,1.98,2.049,4.724,4.793,4.743,4.79,4.76,4.555,4.646,4.726,4.641,4.716,4.756,4.665,4.54,4.669,4.795,4.799,4.844,4.912,4.829,4.761,4.889,5.009,5.073,4.997,4.99,5.068,4.875,5.021,5.075,5.047,5.048,4.675,4.539,4.381,4.501,4.537,4.555,4.493,4.547,4.459,4.442,4.623,4.648,4.632,4.577,4.586,4.678,4.621,4.67,4.826,4.922,5.007,4.981,4.904,4.732,4.775,4.611,4.732,4.792,4.882,4.873,4.729,6.59,6.671,6.724,6.601,6.625,6.576,6.392,6.462,6.612,6.737,6.768,6.772,6.74,6.581,6.687,6.687,6.663,6.603,6.529,6.531,6.422,6.672,6.781,6.882,6.905,6.95,6.918,6.808,7.498,7.536,7.511,7.483,7.651,7.607,7.311,7.482,7.626,7.707,7.628,7.365,7.232,7.228,7.498,7.553,7.668,7.78,7.757,7.675,7.432,7.511,7.324,7.498,7.618,7.513,7.551,7.267,6.851,6.965,7.289,7.139,7.322,7.38,7.222,7.415,7.412,7.418,7.591,7.518,7.501,7.231,7.465,7.512,7.234,7.265,7.326,7.147,7.098,7.238,7.374,7.139,6.998,6.925,7.035,6.894,7.153,7.26,7.23,7.26,7.217,4.578,4.492,4.519,4.541,4.453,4.504,4.6,4.567,4.469,4.556,4.445,4.3,4.176,4.317,4.285,3.965,3.986,3.895,3.904,3.876,3.93,4.066,4.149,4.243,4.176,4.098,4.114,4.27,4.372,4.123,4.328,2.677,2.882,2.938,2.947,2.877,2.744,2.827,2.782,2.774,2.714,2.624,2.618,2.49,2.715,2.728,2.798,2.816,2.836,2.716,2.578,2.793,2.899,3.058,2.938,2.925,2.844,2.913,3.131,3.236,3.167,3.155,3.046,3.055,3.092,3.269,3.33,3.306,3.243,3.195,3.253,3.035,3.002,2.97,2.93,2.981,3.123,3.151,2.859,2.642,2.645,2.59,2.667,2.809,2.749,2.706,2.794,2.769,2.607,2.658,2.644,2.604,5.77,6.301,6.476,6.582,6.81,6.905,7.131,7.087,7.225,7.236,7.249,7.351,7.413,7.229,7.045,6.624,7.547,7.422,7.226,7.173,7.035,6.734,7.022,7.07,7.103,7.163,7.261,7.196,6.936,7.053,7.008,0.0,0.0,0.0,0.0,0.0,0.0,0.0,0.0,0.0,0.0,0.0,0.0,0.0,0.0,0.0,0.0,0.0,0.0,0.0,0.0,0.0,0.0,0.0,0.0,0.0,0.0,0.0,0.0,0.0,0.0,5.409,5.214,5.087,5.321,5.436,5.544,5.547,5.602,5.521,5.346,5.6,5.659,5.668,5.588,5.414,5.483,5.196,5.073,5.295,5.345,5.311,5.279,5.348,5.024,5.228,5.272,5.26,5.221,5.289,5.236,5.151,6.369,6.368,6.297,5.817,5.635,6.027,5.908,6.228,6.396,6.621,6.439,6.578,6.529,6.422,6.508,6.497,6.572,6.629,6.461,6.465,6.189,6.545,6.645,6.684,6.624,6.574,6.482,6.131,6.246,6.274,5.398,5.246,5.35,5.361,5.247,5.422,5.529,5.514,5.574,5.489,5.441,5.215,5.472,5.653,5.637,5.583,5.554,5.545,5.268,5.646,5.815,5.915,5.974,6.018,5.958,5.78,5.902,5.781,5.64,5.582,5.679,4.642,4.465,4.716,4.846,4.919,4.826,4.806,4.639,4.43,4.578,4.604,4.626,4.718,4.629,4.513,4.511,4.726,4.873,4.876,4.852,4.896,4.635,4.56,4.813,4.842,4.689,4.769,4.837,4.857,4.852,4.941,5.419,5.44,5.232,5.322,5.386,5.308,5.402,5.552,5.452,5.337,5.366,5.353,5.289,5.323,5.359,5.437,5.39,5.418,5.371,5.281,5.417,5.401,5.408,5.56,5.442,5.354,5.154,5.382,4.701,4.605,4.578,4.706,4.782,4.665,4.646,4.68,4.726,4.81,4.873,4.861,4.742,4.849,4.88,4.947,4.928,4.654,4.688,4.779,4.915,4.955,4.983,5.028,5.007,4.973,4.819,4.908,4.955,5.046,5.077,6.885,6.878,6.664,6.901,6.972,6.844,6.953,6.913,6.939,6.72,6.855,6.954,6.969,6.901,6.829,6.928,6.612,6.792,6.911,6.859,6.886,6.901,6.893,6.675,6.908,6.99,7.061,7.015,6.952,6.772,4.304,4.41,4.395,4.499,4.495,4.614,4.586,4.38,4.448,4.379,4.399,4.393,4.352,4.309,4.191,4.361,4.465,4.59,4.546,4.356,3.973,3.692,3.647,3.97,4.266,4.293,4.229,4.192,4.156,4.389,4.453,3.447,3.481,3.477,3.438,3.354,3.446,3.469,3.396,3.364,3.446,3.411,3.312,3.474,3.523,3.429,3.353,3.304,3.225,2.993,3.002,3.027,3.268,3.395,3.355,3.289,3.193,3.379,3.427,3.29,3.063,3.031,3.082,3.004,3.23,3.243,3.24,3.25,3.189,3.056,2.862,2.971,2.978,3.024,2.98,2.987,2.993,2.863,3.08,3.128,3.072,2.884,2.971,2.895,2.69,2.895,3.085,3.12,3.096,3.15,3.048,2.866,3.326,3.411,3.551,3.549,3.425,3.324,3.162,3.24,3.236,3.235,3.049,3.214,3.336,3.11,2.949,3.158,3.341,3.455,3.414,3.371,3.225,3.401,3.486,3.455,3.513,3.627,3.509,3.36,3.603,3.697,3.673,5.162,5.212,5.185,4.881,5.13,5.211,5.232,5.161,5.027,4.9,4.576,4.648,4.668,4.671,4.599,4.37,4.519,4.552,4.809,4.8,4.741,4.544,4.471,4.412,4.427,4.819,4.857,4.84,4.909,4.922,4.267,4.076,4.325,4.455,4.223,4.284,4.263,4.288,4.145,4.277,4.238,4.31,4.315,4.279,4.217,4.071,4.396,4.439,4.446,4.432,4.375,4.259,4.005,3.777,3.698,3.963,4.182,4.267,4.289,4.171,4.215,5.782,5.856,5.805,5.899,5.878,5.757,5.841,5.887,5.888,5.885,5.891,5.715,5.575,5.617,5.766,5.853,5.896,5.948,5.967,5.735,5.945,6.029,6.015,6.012,6.014,6.02,5.887,6.038,5.964,5.971,3.698,3.752,3.758,3.627,3.704,3.789,3.834,3.741,3.713,3.57,3.475,3.658,3.664,3.686,3.755,3.83,3.859,3.772,3.921,3.934,3.903,3.919,3.983,3.958,3.822,3.899,3.973,4.036,4.051,4.004,3.962,4.544,4.667,4.648,4.57,4.627,4.661,4.688,4.646,4.721,4.727,4.77,4.782,4.81,4.639,4.455,4.58,4.673,4.762,4.72,4.778,4.722,4.585,4.619,4.701,4.666,4.361,4.502,4.635,4.517,4.577,4.582,4.193,4.25,4.386,4.373,4.273,4.301,4.375,4.483,4.422,4.429,4.45,4.243,4.445,4.52,4.462,4.452,4.512,4.482,4.365,4.487,4.528,4.513,4.589,4.626,4.535,4.439,4.63,4.581,5.796,5.818,5.937,5.88,5.65,5.765,5.444,5.311,5.513,5.831,5.9,5.75,6.051,6.08,6.065,5.933,5.606,5.302,4.923,5.3,5.506,5.651,5.766,5.798,5.933,5.707,5.924,5.993,6.024,5.995,5.766,8.003,7.899,8.241,8.586,8.616,8.669,8.798,8.602,8.383,8.733,8.907,8.971,9.081,8.991,8.905,8.581,8.807,9.046,8.955,8.841,8.66,8.423,7.74,8.236,8.623,8.633,8.709,8.698,8.37,7.634,4.498,4.672,4.865,4.876,5.03,5.103,4.914,5.115,5.283,5.342,5.424,5.385,5.306,5.026,5.121,5.313,5.451,5.318,5.556,5.496,5.301,5.441,5.479,5.137,4.89,4.685,4.815,5.013,5.255,5.346,5.226,3.26,3.32,3.451,3.2,3.361,3.395,3.466,3.513,3.485,3.353,3.209,3.341,3.324,3.263,3.307,3.397,3.335,3.175,3.279,3.299,3.354,3.374,3.369,3.261,2.988,3.003,3.094,3.062,2.986,2.918,4.638,4.595,4.91,4.938,4.813,4.646,4.721,4.559,4.509,4.888,4.891,4.973,4.899,4.866,4.771,4.638,4.801,4.77,4.66,4.787,4.841,4.617,4.392,4.646,4.686,4.483,4.381,4.261,4.136,4.167,4.443,6.542,6.445,6.531,6.768,6.955,6.575,6.653,6.896,7.094,7.251,7.519,7.23,7.013,7.297,7.167,7.477,7.549,7.489,7.3,7.251,7.485,7.544,7.201,7.151,7.373,7.393,7.22,7.39,7.745,7.878,7.952,3.072,3.017,2.924,2.874,2.931,2.886,2.726,2.681,2.64,2.516,2.661,2.779,2.869,2.98,2.888,2.714,2.51,2.588,2.648,2.747,2.784,2.736,2.626,2.437,2.601,2.732,2.771,2.767,2.8,2.761,5.773,5.728,5.973,6.125,6.199,6.264,6.364,6.342,6.439,6.528,6.649,6.688,6.699,6.643,6.428,6.471,6.293,6.524,6.595,6.612,6.524,6.279,6.242,6.099,6.31,6.509,6.53,6.576,6.322,6.411,6.517,5.713,5.676,5.709,5.607,5.428,5.537,5.587,5.608,5.573,5.376,5.044,4.578,4.488,4.8,4.94,5.067,5.138,5.249,5.074,5.185,5.302,5.345,5.419,5.305,5.155,4.805,4.819,4.889,4.905,4.786,6.426,6.309,6.108,6.171,6.132,6.404,6.587,6.694,6.61,6.386,6.712,6.831,6.844,6.778,6.867,6.855,6.505,6.557,6.819,6.967,7.013,7.186,7.005,6.681,6.924,7.06,7.043,6.975,7.111,7.214,6.97,5.331,5.427,5.567,5.562,5.58,5.436,5.2,5.377,5.371,5.465,5.498,5.578,5.656,5.402,5.45,5.637,5.694,5.698,5.725,5.767,5.643,5.661,5.741,5.706,5.322,4.974,5.135,5.287,5.153,5.22,5.226,8.11,8.22,8.483,8.458,8.264,8.318,8.462,8.671,8.552,8.566,8.606,8.207,8.598,8.741,8.63,8.61,8.726,8.669,8.442,8.678,8.758,8.729,8.875,8.947,8.771,8.585,8.955,8.861,7.826,8.815,8.848,9.03,8.943,8.594,8.768,8.279,8.078,8.384,8.869,8.973,8.745,9.203,9.248,9.224,9.023,8.526,8.064,7.487,8.061,8.373,8.595,8.769,8.818,9.024,8.679,9.01,9.115,9.162,9.117,8.77,7.21,7.116,7.425,7.735,7.762,7.81,7.927,7.75,7.553,7.868,8.024,8.083,8.182,8.1,8.023,7.731,7.934,8.15,8.067,7.965,7.802,7.589,6.973,7.42,7.769,7.777,7.846,7.836,7.541,6.877,5.866,6.093,6.345,6.359,6.56,6.656,6.409,6.672,6.891,6.967,7.074,7.023,6.92,6.555,6.679,6.93,7.109,6.936,7.247,7.169,6.913,7.097,7.146,6.699,6.378,6.11,6.28,6.538,6.853,6.973,6.816,3.26,3.32,3.451,3.2,3.361,3.395,3.466,3.513,3.485,3.353,3.209,3.341,3.324,3.263,3.307,3.397,3.335,3.175,3.279,3.299,3.354,3.374,3.369,3.261,2.988,3.003,3.094,3.062,2.986,2.918,6.225,6.167,6.59,6.627,6.459,6.235,6.337,6.12,6.051,6.561,6.565,6.675,6.576,6.532,6.403,6.226,6.444,6.403,6.255,6.426,6.497,6.198,5.895,6.236,6.289,6.017,5.881,5.72,5.551,5.593,5.963,5.338,5.259,5.33,5.523,5.675,5.365,5.429,5.627,5.788,5.917,6.135,5.9,5.722,5.954,5.848,6.101,6.16,6.11,5.957,5.916,6.107,6.155,5.876,5.835,6.017,6.032,5.891,6.03,6.32,6.428,6.489,5.055,4.966,4.812,4.73,4.824,4.749,4.486,4.412,4.346,4.141,4.379,4.573,4.722,4.904,4.754,4.467,4.131,4.259,4.357,4.521,4.582,4.503,4.321,4.011,4.281,4.496,4.561,4.554,4.608,4.544,5.773,5.728,5.973,6.125,6.199,6.264,6.364,6.342,6.439,6.528,6.649,6.688,6.699,6.643,6.428,6.471,6.293,6.524,6.595,6.612,6.524,6.279,6.242,6.099,6.31,6.509,6.53,6.576,6.322,6.411,6.517,5.713,5.676,5.709,5.607,5.428,5.537,5.587,5.608,5.573,5.376,5.044,4.578,4.488,4.8,4.94,5.067,5.138,5.249,5.074,5.185,5.302,5.345,5.419,5.305,5.155,4.805,4.819,4.889,4.905,4.786,6.426,6.309,6.108,6.171,6.132,6.404,6.587,6.694,6.61,6.386,6.712,6.831,6.844,6.778,6.867,6.855,6.505,6.557,6.819,6.967,7.013,7.186,7.005,6.681,6.924,7.06,7.043,6.975,7.111,7.214,6.97
Guntur_2,3.748,3.773,3.845,3.854,3.711,3.732,3.813,3.818,3.742,3.7,3.768,3.769,3.815,3.747,3.638,3.619,3.787,3.771,3.618,3.772,3.8,3.715,3.757,3.847,3.889,3.711,3.831,3.887,3.916,3.943,3.91,4.301,4.095,4.226,4.335,4.336,4.332,4.38,4.23,4.137,4.208,4.227,4.271,4.422,4.415,4.458,4.272,4.376,4.466,4.447,4.351,4.2,4.235,4.124,4.262,4.338,4.385,4.333,4.307,4.258,3.849,3.959,4.002,3.939,3.877,3.901,3.954,3.838,3.809,3.532,3.67,3.894,3.917,3.892,3.742,3.873,3.996,3.979,4.411,4.346,4.192,4.125,4.052,4.216,4.366,4.414,4.397,4.374,4.238,4.127,4.118,4.95,5.06,5.095,5.062,4.866,5.111,5.135,5.109,5.142,5.181,5.084,4.963,5.246,5.15,5.113,4.964,4.928,4.88,4.716,5.011,5.037,4.913,4.991,5.043,4.994,4.897,5.078,5.083,5.092,5.005,4.261,4.271,4.208,4.332,4.315,4.368,4.484,4.479,4.451,4.275,4.206,4.242,4.226,4.192,4.216,4.167,4.18,3.913,4.097,4.22,4.09,4.034,4.14,4.205,4.02,4.115,4.185,4.305,4.293,4.195,4.098,4.025,4.075,4.064,4.175,4.144,4.169,4.091,4.349,4.427,4.484,4.429,4.441,4.311,4.164,4.374,4.37,4.439,4.5,4.407,4.379,4.209,4.451,4.566,4.509,4.508,4.354,4.261,4.132,4.327,4.543,0.0,0.0,0.0,0.0,0.0,0.0,0.0,0.0,0.0,0.0,0.0,0.0,0.0,0.0,0.0,0.0,0.0,0.0,0.0,0.0,0.0,0.0,0.0,0.0,0.0,0.0,0.0,0.0,0.0,0.0,0.0,0.0,0.0,0.0,0.0,0.0,0.0,0.0,0.0,0.0,0.0,0.0,0.0,0.0,0.0,0.0,0.0,0.0,0.0,0.0,0.0,0.0,0.0,0.0,0.0,0.0,0.0,0.0,0.0,0.0,0.0,0.0,4.436,4.451,4.453,4.539,4.574,4.335,4.382,4.503,4.705,4.639,4.578,4.432,4.297,4.344,4.418,4.48,4.395,4.363,4.48,4.283,4.36,4.301,4.225,4.359,4.38,4.185,4.047,4.359,4.451,4.415,4.157,4.131,4.252,4.12,4.197,4.323,4.466,4.528,4.53,4.396,4.154,4.197,4.262,4.079,4.15,4.196,4.29,4.179,4.277,4.282,4.265,4.184,4.079,4.073,3.865,3.943,4.147,4.228,4.323,4.404,4.369,2.024,2.094,2.117,2.11,2.088,2.136,2.104,2.02,2.061,2.054,2.04,2.075,2.038,1.855,1.802,1.815,1.934,1.99,2.024,2.039,2.023,1.989,2.086,2.078,2.021,1.904,1.908,1.945,1.98,2.049,2.845,2.887,2.857,2.885,2.867,2.743,2.798,2.846,2.795,2.84,2.865,2.81,2.734,2.812,2.888,2.891,2.918,2.958,2.908,2.867,2.944,3.017,3.055,3.01,3.005,3.052,2.936,3.024,3.056,3.04,3.04,3.709,3.601,3.476,3.571,3.6,3.614,3.565,3.608,3.538,3.525,3.668,3.688,3.675,3.632,3.639,3.712,3.667,3.706,3.829,3.905,3.972,3.952,3.891,3.755,3.789,3.658,3.755,3.802,3.874,3.866,3.752,3.606,3.651,3.68,3.612,3.625,3.599,3.498,3.536,3.618,3.687,3.704,3.706,3.689,3.601,3.659,3.659,3.646,3.614,3.573,3.574,3.514,3.651,3.711,3.766,3.779,3.804,3.786,3.726,3.763,3.783,3.77,3.756,3.84,3.818,3.67,3.756,3.827,3.868,3.829,3.697,3.63,3.628,3.763,3.791,3.849,3.905,3.893,3.852,3.73,3.77,3.676,3.764,3.824,3.771,3.79,3.648,3.439,3.496,3.659,3.788,3.885,3.916,3.832,3.934,3.933,3.936,4.028,3.989,3.98,3.837,3.961,3.986,3.838,3.855,3.887,3.792,3.766,3.841,3.912,3.788,3.713,3.675,3.732,3.658,3.795,3.852,3.836,3.852,3.829,3.017,2.96,2.978,2.992,2.935,2.968,3.031,3.01,2.945,3.002,2.929,2.834,2.752,2.845,2.824,2.613,2.627,2.567,2.573,2.554,2.59,2.679,2.734,2.796,2.752,2.7,2.711,2.814,2.881,2.717,2.852,2.767,2.979,3.037,3.046,2.973,2.836,2.922,2.875,2.866,2.805,2.712,2.705,2.574,2.806,2.819,2.891,2.911,2.931,2.807,2.665,2.887,2.996,3.16,3.036,3.023,2.939,3.011,3.235,3.344,3.273,6.164,5.951,5.969,6.042,6.386,6.505,6.459,6.336,6.242,6.356,5.93,5.866,5.802,5.725,5.823,6.102,6.156,5.585,5.161,5.167,5.061,5.211,5.487,5.371,5.286,5.458,5.41,5.094,5.193,5.166,5.088,5.9,6.444,6.622,6.731,6.963,7.062,7.292,7.247,7.388,7.4,7.413,7.517,7.581,7.392,7.204,6.773,7.718,7.59,7.39,7.335,7.194,6.886,7.18,7.229,7.263,7.325,7.425,7.359,7.092,7.213,7.166,29.492,29.85,29.684,28.423,28.062,28.968,27.875,27.284,29.03,28.168,26.937,25.024,26.076,26.654,27.325,27.299,27.98,29.327,29.893,30.217,29.604,28.601,28.748,29.017,28.518,28.334,27.922,27.679,27.518,28.505,2.402,2.315,2.259,2.363,2.414,2.462,2.463,2.488,2.452,2.374,2.487,2.513,2.517,2.482,2.404,2.435,2.307,2.253,2.351,2.374,2.359,2.344,2.375,2.231,2.322,2.342,2.336,2.319,2.349,2.325,2.288,2.924,2.924,2.892,2.671,2.587,2.767,2.713,2.86,2.937,3.04,2.957,3.02,2.998,2.949,2.989,2.984,3.018,3.044,2.967,2.969,2.842,3.005,3.051,3.069,3.042,3.019,2.977,2.815,2.868,2.881,2.756,2.678,2.732,2.737,2.679,2.768,2.823,2.815,2.846,2.802,2.778,2.663,2.794,2.886,2.878,2.85,2.836,2.831,2.69,2.883,2.969,3.02,3.05,3.073,3.042,2.951,3.013,2.951,2.88,2.85,2.899,3.012,2.897,3.06,3.144,3.192,3.131,3.118,3.01,2.874,2.97,2.987,3.001,3.061,3.003,2.928,2.926,3.066,3.161,3.163,3.148,3.177,3.007,2.959,3.123,3.142,3.042,3.094,3.138,3.151,3.148,3.205,2.97,2.982,2.867,2.916,2.951,2.909,2.961,3.043,2.988,2.925,2.941,2.934,2.898,2.917,2.937,2.98,2.954,2.969,2.943,2.894,2.969,2.96,2.964,3.047,2.983,2.934,2.825,2.95,4.149,4.064,4.04,4.153,4.22,4.117,4.101,4.131,4.172,4.245,4.301,4.291,4.186,4.279,4.307,4.366,4.35,4.108,4.137,4.218,4.338,4.373,4.398,4.438,4.419,4.389,4.253,4.332,4.373,4.454,4.481,4.065,4.06,3.934,4.074,4.116,4.04,4.104,4.081,4.096,3.967,4.047,4.106,4.114,4.074,4.032,4.09,3.903,4.009,4.08,4.049,4.065,4.074,4.069,3.94,4.078,4.126,4.169,4.141,4.104,3.998,4.281,4.387,4.371,4.475,4.471,4.589,4.561,4.357,4.424,4.355,4.375,4.369,4.328,4.286,4.168,4.337,4.441,4.566,4.522,4.333,3.951,3.672,3.628,3.949,4.243,4.27,4.206,4.17,4.134,4.366,4.429,3.447,3.481,3.477,3.438,3.354,3.446,3.469,3.396,3.364,3.446,3.411,3.312,3.474,3.523,3.429,3.353,3.304,3.225,2.993,3.002,3.027,3.268,3.395,3.355,3.289,3.193,3.379,3.427,3.29,3.063,3.031,3.082,3.004,3.23,3.243,3.24,3.25,3.189,3.056,2.862,2.971,2.978,3.024,2.98,2.987,2.993,2.863,3.08,3.128,3.072,2.884,2.971,2.895,2.69,2.895,3.085,3.12,3.096,3.15,3.048,2.866,2.887,2.961,3.083,3.081,2.973,2.885,2.745,2.812,2.809,2.808,2.646,2.79,2.896,2.7,2.56,2.742,2.9,3.0,2.964,2.926,2.8,2.952,3.026,2.999,3.049,3.149,3.046,2.917,3.128,3.209,3.188,3.674,3.709,3.69,3.473,3.65,3.708,3.723,3.673,3.577,3.487,3.256,3.308,3.322,3.324,3.273,3.11,3.216,3.239,3.422,3.416,3.374,3.233,3.182,3.14,3.15,3.43,3.456,3.444,3.494,3.503,3.2,3.057,3.244,3.341,3.168,3.213,3.198,3.216,3.109,3.208,3.178,3.233,3.236,3.209,3.163,3.053,3.297,3.329,3.334,3.324,3.281,3.194,3.004,2.833,2.774,2.972,3.136,3.2,3.217,3.128,3.161,2.94,2.978,2.952,3.0,2.989,2.927,2.97,2.993,2.994,2.993,2.996,2.906,2.835,2.857,2.932,2.976,2.998,3.025,3.034,2.917,3.023,3.066,3.059,3.058,3.058,3.061,2.994,3.071,3.033,3.036,3.272,3.321,3.326,3.21,3.278,3.353,3.393,3.311,3.286,3.159,3.075,3.238,3.243,3.262,3.323,3.39,3.415,3.339,3.47,3.481,3.454,3.468,3.525,3.503,3.383,3.451,3.516,3.572,3.585,3.544,3.506,3.589,3.686,3.671,3.609,3.655,3.681,3.703,3.669,3.728,3.734,3.768,3.777,3.799,3.664,3.518,3.618,3.691,3.761,3.728,3.774,3.729,3.621,3.649,3.713,3.685,3.444,3.555,3.661,3.568,3.615,3.619,3.658,3.708,3.827,3.816,3.728,3.752,3.817,3.912,3.858,3.864,3.882,3.702,3.879,3.943,3.893,3.884,3.937,3.911,3.808,3.915,3.951,3.938,4.004,4.036,3.957,3.873,4.04,3.997,4.134,4.149,4.235,4.194,4.03,4.112,3.883,3.788,3.932,4.159,4.208,4.101,4.316,4.337,4.326,4.232,3.998,3.782,3.511,3.781,3.927,4.031,4.112,4.136,4.232,4.07,4.225,4.275,4.296,4.276,4.113,6.625,6.539,6.823,7.108,7.133,7.177,7.284,7.121,6.94,7.23,7.374,7.427,7.518,7.444,7.372,7.104,7.291,7.489,7.413,7.319,7.17,6.973,6.408,6.819,7.139,7.147,7.21,7.201,6.929,6.32,4.045,4.201,4.375,4.385,4.523,4.589,4.419,4.6,4.751,4.804,4.877,4.842,4.771,4.52,4.605,4.778,4.902,4.782,4.997,4.943,4.767,4.893,4.927,4.619,4.398,4.213,4.33,4.508,4.725,4.808,4.7,4.042,4.116,4.279,3.967,4.166,4.209,4.297,4.355,4.32,4.156,3.978,4.142,4.121,4.045,4.1,4.211,4.134,3.937,4.065,4.09,4.157,4.183,4.176,4.043,3.705,3.723,3.836,3.796,3.701,3.618,4.638,4.595,4.91,4.938,4.813,4.646,4.721,4.559,4.509,4.888,4.891,4.973,4.899,4.866,4.771,4.638,4.801,4.77,4.66,4.787,4.841,4.617,4.392,4.646,4.686,4.483,4.381,4.261,4.136,4.167,4.443,6.661,6.563,6.651,6.892,7.083,6.695,6.775,7.022,7.223,7.384,7.657,7.362,7.141,7.43,7.299,7.614,7.687,7.625,7.434,7.383,7.621,7.682,7.333,7.282,7.508,7.528,7.352,7.526,7.887,8.022,8.097,3.395,3.335,3.232,3.177,3.24,3.19,3.013,2.963,2.919,2.781,2.941,3.071,3.172,3.294,3.193,3.0,2.774,2.861,2.927,3.037,3.077,3.024,2.902,2.694,2.875,3.02,3.063,3.059,3.095,3.052,3.976,3.945,4.114,4.218,4.269,4.315,4.383,4.368,4.435,4.496,4.579,4.606,4.614,4.575,4.427,4.457,4.335,4.493,4.543,4.554,4.493,4.324,4.299,4.201,4.346,4.483,4.497,4.529,4.354,4.415,4.489,4.086,4.059,4.083,4.01,3.882,3.96,3.996,4.011,3.986,3.845,3.608,3.274,3.21,3.433,3.533,3.624,3.675,3.754,3.628,3.708,3.792,3.822,3.876,3.794,3.687,3.436,3.446,3.497,3.508,3.422,3.496,3.432,3.322,3.357,3.336,3.484,3.583,3.642,3.596,3.474,3.651,3.716,3.723,3.687,3.735,3.729,3.539,3.567,3.71,3.79,3.815,3.909,3.811,3.634,3.766,3.841,3.831,3.794,3.868,3.924,3.792,4.64,4.723,4.846,4.841,4.857,4.731,4.526,4.68,4.675,4.757,4.785,4.855,4.922,4.702,4.743,4.906,4.955,4.959,4.983,5.019,4.911,4.928,4.997,4.967,4.632,4.329,4.469,4.601,4.485,4.544,4.549,4.17,4.227,4.362,4.349,4.25,4.278,4.352,4.459,4.398,4.405,4.426,4.221,4.421,4.495,4.438,4.428,4.488,4.458,4.341,4.463,4.504,4.489,4.564,4.601,4.511,4.415,4.605,4.557,4.025,6.039,6.062,6.186,6.127,5.888,6.007,5.672,5.534,5.744,6.076,6.147,5.991,6.305,6.336,6.319,6.182,5.841,5.525,5.13,5.523,5.737,5.889,6.008,6.041,6.182,5.946,6.173,6.245,6.277,6.246,6.008,7.517,7.419,7.741,8.064,8.092,8.143,8.264,8.08,7.874,8.202,8.366,8.427,8.53,8.445,8.364,8.06,8.272,8.496,8.411,8.304,8.134,7.912,7.27,7.736,8.1,8.108,8.18,8.169,7.862,7.17,4.116,4.275,4.451,4.461,4.602,4.669,4.496,4.681,4.834,4.888,4.963,4.927,4.855,4.599,4.685,4.862,4.988,4.866,5.084,5.029,4.85,4.979,5.013,4.7,4.475,4.286,4.406,4.587,4.808,4.892,4.782,4.042,4.116,4.279,3.967,4.166,4.209,4.297,4.355,4.32,4.156,3.978,4.142,4.121,4.045,4.1,4.211,4.134,3.937,4.065,4.09,4.157,4.183,4.176,4.043,3.705,3.723,3.836,3.796,3.701,3.618,4.367,4.327,4.623,4.649,4.532,4.374,4.446,4.293,4.245,4.603,4.606,4.683,4.613,4.582,4.492,4.368,4.521,4.492,4.388,4.508,4.558,4.348,4.136,4.375,4.412,4.221,4.126,4.013,3.895,3.924,4.184,2.709,2.668,2.704,2.802,2.88,2.722,2.755,2.855,2.937,3.002,3.113,2.994,2.904,3.021,2.968,3.096,3.126,3.101,3.023,3.002,3.099,3.123,2.982,2.961,3.053,3.061,2.99,3.06,3.207,3.262,3.293,2.247,2.207,2.139,2.102,2.144,2.111,1.994,1.961,1.931,1.841,1.946,2.032,2.099,2.18,2.113,1.985,1.836,1.893,1.937,2.009,2.036,2.001,1.92,1.783,1.903,1.998,2.027,2.024,2.048,2.02,3.976,3.945,4.114,4.218,4.269,4.315,4.383,4.368,4.435,4.496,4.579,4.606,4.614,4.575,4.427,4.457,4.335,4.493,4.543,4.554,4.493,4.324,4.299,4.201,4.346,4.483,4.497,4.529,4.354,4.415,4.489,4.086,4.059,4.083,4.01,3.882,3.96,3.996,4.011,3.986,3.845,3.608,3.274,3.21,3.433,3.533,3.624,3.675,3.754,3.628,3.708,3.792,3.822,3.876,3.794,3.687,3.436,3.446,3.497,3.508,3.422,3.496,3.432,3.322,3.357,3.336,3.484,3.583,3.642,3.596,3.474,3.651,3.716,3.723,3.687,3.735,3.729,3.539,3.567,3.71,3.79,3.815,3.909,3.811,3.634,3.766,3.841,3.831,3.794,3.868,3.924,3.792
Guntur_3,5.375,5.412,5.514,5.528,5.323,5.353,5.47,5.477,5.367,5.307,5.404,5.406,5.472,5.375,5.219,5.19,5.433,5.409,5.19,5.411,5.45,5.328,5.388,5.519,5.578,5.323,5.495,5.575,5.618,5.655,5.609,6.013,5.725,5.908,6.061,6.062,6.056,6.124,5.913,5.784,5.883,5.91,5.971,6.182,6.172,6.233,5.972,6.118,6.244,6.218,6.083,5.871,5.921,5.766,5.959,6.065,6.131,6.057,6.022,5.954,5.783,5.947,6.013,5.918,5.825,5.861,5.94,5.766,5.723,5.307,5.514,5.85,5.885,5.847,5.623,5.819,6.004,5.978,6.627,6.53,6.298,6.197,6.087,6.335,6.559,6.632,6.606,6.571,6.367,6.2,6.186,6.475,6.618,6.663,6.621,6.364,6.684,6.717,6.682,6.726,6.776,6.65,6.492,6.861,6.736,6.688,6.493,6.445,6.382,6.168,6.554,6.588,6.426,6.528,6.596,6.532,6.405,6.642,6.649,6.661,6.546,6.582,6.598,6.502,6.692,6.667,6.748,6.928,6.919,6.877,6.604,6.498,6.553,6.529,6.476,6.513,6.437,6.458,6.045,6.33,6.52,6.318,6.232,6.396,6.496,6.21,6.358,6.466,6.651,6.633,6.482,6.331,4.948,5.011,4.997,5.134,5.094,5.126,5.03,5.347,5.442,5.513,5.445,5.46,5.301,5.12,5.378,5.373,5.457,5.532,5.418,5.384,5.175,5.472,5.613,5.543,5.542,5.353,5.239,5.08,5.32,5.586,0.0,0.0,0.0,0.0,0.0,0.0,0.0,0.0,0.0,0.0,0.0,0.0,0.0,0.0,0.0,0.0,0.0,0.0,0.0,0.0,0.0,0.0,0.0,0.0,0.0,0.0,0.0,0.0,0.0,0.0,0.0,0.0,0.0,0.0,0.0,0.0,0.0,0.0,0.0,0.0,0.0,0.0,0.0,0.0,0.0,0.0,0.0,0.0,0.0,0.0,0.0,0.0,0.0,0.0,0.0,0.0,0.0,0.0,0.0,0.0,0.0,0.0,5.099,5.117,5.119,5.218,5.258,4.982,5.036,5.176,5.408,5.332,5.262,5.094,4.939,4.993,5.078,5.15,5.052,5.015,5.15,4.924,5.012,4.944,4.856,5.01,5.035,4.811,4.652,5.01,5.117,5.075,5.187,5.155,5.307,5.141,5.237,5.394,5.574,5.651,5.653,5.486,5.183,5.237,5.318,5.09,5.178,5.236,5.354,5.215,5.338,5.343,5.323,5.221,5.09,5.083,4.824,4.92,5.175,5.276,5.395,5.496,5.452,5.324,5.51,5.569,5.551,5.494,5.618,5.537,5.314,5.423,5.404,5.366,5.46,5.36,4.88,4.741,4.776,5.089,5.236,5.325,5.365,5.323,5.233,5.488,5.466,5.316,5.009,5.02,5.118,5.209,5.391,4.38,4.444,4.398,4.441,4.414,4.224,4.308,4.382,4.303,4.373,4.41,4.326,4.21,4.329,4.446,4.45,4.492,4.554,4.478,4.414,4.533,4.645,4.704,4.634,4.627,4.699,4.521,4.656,4.706,4.68,4.681,5.232,5.079,4.903,5.037,5.077,5.097,5.028,5.088,4.99,4.971,5.173,5.201,5.183,5.122,5.132,5.235,5.171,5.226,5.401,5.508,5.602,5.574,5.487,5.295,5.343,5.159,5.296,5.362,5.463,5.452,5.292,5.74,5.811,5.857,5.75,5.771,5.728,5.568,5.629,5.759,5.869,5.895,5.898,5.871,5.732,5.824,5.825,5.804,5.752,5.687,5.689,5.594,5.812,5.907,5.995,6.015,6.054,6.026,5.93,6.629,6.663,6.641,6.616,6.765,6.726,6.464,6.616,6.742,6.814,6.744,6.512,6.394,6.391,6.63,6.678,6.78,6.879,6.859,6.786,6.571,6.641,6.475,6.63,6.736,6.643,6.676,6.426,6.058,6.158,6.445,6.959,7.137,7.193,7.039,7.227,7.224,7.231,7.399,7.328,7.311,7.048,7.276,7.322,7.051,7.082,7.14,6.966,6.918,7.055,7.187,6.958,6.82,6.75,6.856,6.719,6.972,7.077,7.047,7.076,7.035,5.309,5.209,5.241,5.266,5.165,5.223,5.335,5.296,5.182,5.284,5.155,4.987,4.842,5.006,4.969,4.599,4.623,4.517,4.528,4.495,4.557,4.715,4.812,4.921,4.843,4.752,4.77,4.952,5.07,4.781,5.019,5.444,5.861,5.975,5.993,5.85,5.579,5.749,5.657,5.64,5.519,5.336,5.323,5.064,5.521,5.548,5.689,5.727,5.768,5.523,5.243,5.68,5.895,6.218,5.974,5.948,5.784,5.924,6.366,6.581,6.44,6.164,5.951,5.969,6.042,6.386,6.505,6.459,6.336,6.242,6.356,5.93,5.866,5.802,5.725,5.823,6.102,6.156,5.585,5.161,5.167,5.061,5.211,5.487,5.371,5.286,5.458,5.41,5.094,5.193,5.166,5.088,9.182,10.027,10.305,10.474,10.836,10.989,11.347,11.278,11.497,11.515,11.536,11.698,11.797,11.504,11.211,10.54,12.011,11.811,11.499,11.415,11.195,10.716,11.174,11.25,11.303,11.399,11.554,11.451,11.037,11.224,11.152,0.0,0.0,0.0,0.0,0.0,0.0,0.0,0.0,0.0,0.0,0.0,0.0,0.0,0.0,0.0,0.0,0.0,0.0,0.0,0.0,0.0,0.0,0.0,0.0,0.0,0.0,0.0,0.0,0.0,0.0,5.204,5.016,4.894,5.119,5.23,5.334,5.336,5.389,5.311,5.143,5.388,5.444,5.453,5.376,5.208,5.275,4.999,4.88,5.094,5.142,5.11,5.078,5.145,4.833,5.03,5.072,5.06,5.023,5.088,5.037,4.956,5.398,5.398,5.338,4.931,4.776,5.109,5.008,5.279,5.421,5.612,5.458,5.576,5.534,5.444,5.517,5.508,5.57,5.619,5.477,5.48,5.246,5.548,5.632,5.666,5.615,5.572,5.495,5.197,5.294,5.319,4.173,4.055,4.136,4.145,4.057,4.191,4.275,4.263,4.309,4.243,4.206,4.032,4.23,4.37,4.358,4.316,4.294,4.287,4.073,4.365,4.495,4.573,4.619,4.653,4.606,4.468,4.563,4.469,4.361,4.315,4.39,5.561,5.349,5.65,5.805,5.893,5.781,5.757,5.557,5.307,5.484,5.515,5.542,5.652,5.545,5.406,5.404,5.662,5.837,5.841,5.813,5.865,5.553,5.463,5.766,5.801,5.617,5.713,5.794,5.818,5.812,5.919,5.768,5.791,5.568,5.664,5.732,5.65,5.75,5.91,5.803,5.681,5.712,5.698,5.629,5.666,5.705,5.787,5.737,5.767,5.717,5.621,5.766,5.749,5.756,5.918,5.793,5.699,5.486,5.729,5.749,5.631,5.598,5.754,5.847,5.704,5.682,5.723,5.78,5.882,5.959,5.945,5.799,5.929,5.968,6.049,6.027,5.691,5.732,5.845,6.01,6.06,6.094,6.149,6.123,6.082,5.893,6.002,6.059,6.171,6.208,6.817,6.809,6.598,6.833,6.903,6.776,6.884,6.844,6.87,6.653,6.787,6.886,6.9,6.832,6.762,6.859,6.546,6.724,6.842,6.791,6.817,6.833,6.825,6.609,6.84,6.921,6.991,6.945,6.883,6.705,5.611,5.749,5.729,5.865,5.859,6.015,5.978,5.71,5.798,5.708,5.734,5.727,5.673,5.618,5.463,5.685,5.821,5.984,5.926,5.678,5.178,4.812,4.754,5.176,5.561,5.597,5.512,5.465,5.418,5.722,5.804,6.041,6.103,6.095,6.027,5.879,6.041,6.081,5.952,5.896,6.04,5.979,5.805,6.09,6.176,6.011,5.877,5.791,5.652,5.247,5.262,5.306,5.728,5.951,5.882,5.765,5.597,5.923,6.007,5.767,5.37,5.313,5.403,5.266,5.661,5.685,5.679,5.697,5.59,5.356,5.018,5.208,5.22,5.302,5.223,5.236,5.246,5.019,5.4,5.483,5.385,5.055,5.208,5.074,4.716,5.074,5.407,5.469,5.426,5.522,5.342,5.024,4.479,4.593,4.783,4.779,4.613,4.476,4.258,4.363,4.358,4.356,4.106,4.328,4.493,4.188,3.972,4.254,4.499,4.654,4.598,4.54,4.344,4.58,4.695,4.653,4.731,4.885,4.726,4.525,4.852,4.979,4.947,4.647,4.691,4.667,4.393,4.617,4.69,4.709,4.646,4.525,4.411,4.119,4.184,4.202,4.204,4.14,3.934,4.068,4.097,4.328,4.321,4.268,4.09,4.025,3.972,3.985,4.338,4.372,4.357,4.419,4.431,4.645,4.438,4.709,4.851,4.598,4.665,4.642,4.669,4.513,4.656,4.614,4.693,4.698,4.659,4.591,4.433,4.786,4.833,4.841,4.825,4.763,4.637,4.361,4.113,4.027,4.315,4.553,4.646,4.67,4.541,4.589,5.363,5.431,5.384,5.471,5.452,5.339,5.417,5.46,5.461,5.459,5.464,5.3,5.171,5.21,5.348,5.428,5.469,5.517,5.535,5.32,5.514,5.592,5.579,5.577,5.578,5.583,5.46,5.6,5.532,5.538,5.178,5.254,5.263,5.078,5.186,5.305,5.368,5.238,5.2,4.999,4.866,5.123,5.131,5.162,5.258,5.364,5.403,5.282,5.49,5.508,5.465,5.488,5.578,5.542,5.352,5.46,5.563,5.652,5.672,5.607,5.548,5.712,5.867,5.843,5.745,5.817,5.86,5.894,5.841,5.935,5.943,5.997,6.012,6.047,5.832,5.6,5.758,5.875,5.986,5.933,6.007,5.936,5.764,5.808,5.91,5.866,5.482,5.659,5.827,5.679,5.754,5.761,5.29,5.362,5.533,5.517,5.39,5.426,5.52,5.656,5.579,5.588,5.614,5.354,5.609,5.702,5.629,5.617,5.692,5.655,5.507,5.661,5.713,5.694,5.789,5.836,5.721,5.6,5.842,5.78,5.923,5.945,6.067,6.009,5.774,5.891,5.563,5.428,5.633,5.959,6.029,5.876,6.183,6.213,6.197,6.063,5.728,5.418,5.031,5.416,5.626,5.775,5.892,5.925,6.063,5.832,6.054,6.125,6.156,6.126,5.892,7.532,7.434,7.757,8.081,8.109,8.16,8.281,8.096,7.891,8.22,8.383,8.444,8.548,8.463,8.382,8.076,8.289,8.514,8.428,8.321,8.151,7.928,7.285,7.752,8.117,8.125,8.197,8.186,7.878,7.185,5.519,5.732,5.969,5.982,6.171,6.261,6.029,6.276,6.482,6.555,6.655,6.607,6.51,6.166,6.283,6.519,6.688,6.525,6.817,6.744,6.504,6.676,6.722,6.302,6.0,5.748,5.908,6.151,6.447,6.56,6.412,5.82,5.927,6.161,5.712,6.0,6.061,6.188,6.271,6.221,5.985,5.729,5.965,5.934,5.825,5.904,6.063,5.953,5.669,5.853,5.89,5.987,6.023,6.013,5.822,5.335,5.361,5.524,5.467,5.33,5.209,6.051,5.995,6.405,6.442,6.279,6.061,6.159,5.948,5.882,6.377,6.381,6.488,6.392,6.349,6.224,6.051,6.264,6.223,6.079,6.246,6.315,6.024,5.73,6.061,6.113,5.849,5.716,5.56,5.396,5.436,5.796,6.661,6.563,6.651,6.892,7.083,6.695,6.775,7.022,7.223,7.384,7.657,7.362,7.141,7.43,7.299,7.614,7.687,7.625,7.434,7.383,7.621,7.682,7.333,7.282,7.508,7.528,7.352,7.526,7.887,8.022,8.097,6.168,6.058,5.871,5.771,5.886,5.794,5.473,5.383,5.302,5.053,5.343,5.579,5.761,5.983,5.8,5.449,5.04,5.196,5.316,5.516,5.59,5.494,5.272,4.893,5.223,5.485,5.565,5.556,5.622,5.544,4.664,4.628,4.826,4.948,5.008,5.061,5.142,5.124,5.202,5.274,5.372,5.404,5.412,5.367,5.194,5.229,5.085,5.271,5.329,5.342,5.271,5.073,5.043,4.928,5.098,5.259,5.276,5.313,5.108,5.179,5.266,6.177,6.137,6.173,6.062,5.869,5.987,6.041,6.064,6.026,5.812,5.454,4.95,4.853,5.19,5.341,5.478,5.556,5.675,5.486,5.606,5.733,5.779,5.859,5.736,5.574,5.195,5.21,5.286,5.304,5.174,4.532,4.449,4.307,4.352,4.324,4.516,4.645,4.721,4.662,4.504,4.734,4.818,4.827,4.78,4.843,4.834,4.588,4.624,4.809,4.913,4.946,5.068,4.941,4.712,4.883,4.979,4.967,4.919,5.015,5.087,4.916,5.778,5.882,6.034,6.029,6.048,5.892,5.636,5.828,5.822,5.924,5.959,6.046,6.13,5.855,5.907,6.109,6.171,6.176,6.205,6.251,6.116,6.136,6.223,6.185,5.768,5.391,5.565,5.73,5.585,5.658,5.665,5.357,5.43,5.603,5.587,5.458,5.494,5.59,5.727,5.649,5.658,5.685,5.421,5.679,5.774,5.7,5.687,5.764,5.727,5.576,5.732,5.785,5.766,5.862,5.91,5.794,5.671,5.915,5.853,5.17,6.227,6.25,6.378,6.317,6.07,6.193,5.848,5.706,5.922,6.265,6.338,6.177,6.501,6.532,6.515,6.374,6.023,5.697,5.289,5.694,5.915,6.071,6.194,6.229,6.374,6.131,6.364,6.439,6.472,6.44,6.195,8.278,8.17,8.525,8.881,8.912,8.967,9.101,8.898,8.672,9.033,9.213,9.28,9.394,9.3,9.211,8.876,9.11,9.357,9.263,9.145,8.958,8.713,8.006,8.52,8.92,8.929,9.008,8.997,8.658,7.896,5.031,5.226,5.442,5.454,5.626,5.708,5.497,5.722,5.91,5.976,6.067,6.023,5.935,5.622,5.728,5.943,6.098,5.949,6.215,6.148,5.929,6.087,6.129,5.746,5.47,5.24,5.386,5.608,5.878,5.981,5.846,5.82,5.927,6.161,5.712,6.0,6.061,6.188,6.271,6.221,5.985,5.729,5.965,5.934,5.825,5.904,6.063,5.953,5.669,5.853,5.89,5.987,6.023,6.013,5.822,5.335,5.361,5.524,5.467,5.33,5.209,5.339,5.29,5.652,5.684,5.54,5.348,5.435,5.249,5.19,5.627,5.63,5.725,5.64,5.602,5.492,5.34,5.527,5.491,5.364,5.511,5.572,5.315,5.056,5.348,5.394,5.161,5.044,4.906,4.761,4.797,5.115,5.703,5.618,5.694,5.901,6.064,5.732,5.8,6.012,6.184,6.321,6.555,6.303,6.113,6.361,6.248,6.518,6.581,6.528,6.364,6.321,6.525,6.576,6.278,6.234,6.428,6.445,6.294,6.443,6.752,6.868,6.932,2.247,2.207,2.139,2.102,2.144,2.111,1.994,1.961,1.931,1.841,1.946,2.032,2.099,2.18,2.113,1.985,1.836,1.893,1.937,2.009,2.036,2.001,1.92,1.783,1.903,1.998,2.027,2.024,2.048,2.02,4.664,4.628,4.826,4.948,5.008,5.061,5.142,5.124,5.202,5.274,5.372,5.404,5.412,5.367,5.194,5.229,5.085,5.271,5.329,5.342,5.271,5.073,5.043,4.928,5.098,5.259,5.276,5.313,5.108,5.179,5.266,6.177,6.137,6.173,6.062,5.869,5.987,6.041,6.064,6.026,5.812,5.454,4.95,4.853,5.19,5.341,5.478,5.556,5.675,5.486,5.606,5.733,5.779,5.859,5.736,5.574,5.195,5.21,5.286,5.304,5.174,4.532,4.449,4.307,4.352,4.324,4.516,4.645,4.721,4.662,4.504,4.734,4.818,4.827,4.78,4.843,4.834,4.588,4.624,4.809,4.913,4.946,5.068,4.941,4.712,4.883,4.979,4.967,4.919,5.015,5.087,4.916
Guntur_4,5.375,5.412,5.514,5.528,5.323,5.353,5.47,5.477,5.367,5.307,5.404,5.406,5.472,5.375,5.219,5.19,5.433,5.409,5.19,5.411,5.45,5.328,5.388,5.519,5.578,5.323,5.495,5.575,5.618,5.655,5.609,6.013,5.725,5.908,6.061,6.062,6.056,6.124,5.913,5.784,5.883,5.91,5.971,6.182,6.172,6.233,5.972,6.118,6.244,6.218,6.083,5.871,5.921,5.766,5.959,6.065,6.131,6.057,6.022,5.954,5.783,5.947,6.013,5.918,5.825,5.861,5.94,5.766,5.723,5.307,5.514,5.85,5.885,5.847,5.623,5.819,6.004,5.978,6.627,6.53,6.298,6.197,6.087,6.335,6.559,6.632,6.606,6.571,6.367,6.2,6.186,6.475,6.618,6.663,6.621,6.364,6.684,6.717,6.682,6.726,6.776,6.65,6.492,6.861,6.736,6.688,6.493,6.445,6.382,6.168,6.554,6.588,6.426,6.528,6.596,6.532,6.405,6.642,6.649,6.661,6.546,6.582,6.598,6.502,6.692,6.667,6.748,6.928,6.919,6.877,6.604,6.498,6.553,6.529,6.476,6.513,6.437,6.458,6.045,6.33,6.52,6.318,6.232,6.396,6.496,6.21,6.358,6.466,6.651,6.633,6.482,6.331,4.948,5.011,4.997,5.134,5.094,5.126,5.03,5.347,5.442,5.513,5.445,5.46,5.301,5.12,5.378,5.373,5.457,5.532,5.418,5.384,5.175,5.472,5.613,5.543,5.542,5.353,5.239,5.08,5.32,5.586,0.0,0.0,0.0,0.0,0.0,0.0,0.0,0.0,0.0,0.0,0.0,0.0,0.0,0.0,0.0,0.0,0.0,0.0,0.0,0.0,0.0,0.0,0.0,0.0,0.0,0.0,0.0,0.0,0.0,0.0,0.0,0.0,0.0,0.0,0.0,0.0,0.0,0.0,0.0,0.0,0.0,0.0,0.0,0.0,0.0,0.0,0.0,0.0,0.0,0.0,0.0,0.0,0.0,0.0,0.0,0.0,0.0,0.0,0.0,0.0,0.0,0.0,5.099,5.117,5.119,5.218,5.258,4.982,5.036,5.176,5.408,5.332,5.262,5.094,4.939,4.993,5.078,5.15,5.052,5.015,5.15,4.924,5.012,4.944,4.856,5.01,5.035,4.811,4.652,5.01,5.117,5.075,5.187,5.155,5.307,5.141,5.237,5.394,5.574,5.651,5.653,5.486,5.183,5.237,5.318,5.09,5.178,5.236,5.354,5.215,5.338,5.343,5.323,5.221,5.09,5.083,4.824,4.92,5.175,5.276,5.395,5.496,5.452,5.324,5.51,5.569,5.551,5.494,5.618,5.537,5.314,5.423,5.404,5.366,5.46,5.36,4.88,4.741,4.776,5.089,5.236,5.325,5.365,5.323,5.233,5.488,5.466,5.316,5.009,5.02,5.118,5.209,5.391,4.38,4.444,4.398,4.441,4.414,4.224,4.308,4.382,4.303,4.373,4.41,4.326,4.21,4.329,4.446,4.45,4.492,4.554,4.478,4.414,4.533,4.645,4.704,4.634,4.627,4.699,4.521,4.656,4.706,4.68,4.681,5.232,5.079,4.903,5.037,5.077,5.097,5.028,5.088,4.99,4.971,5.173,5.201,5.183,5.122,5.132,5.235,5.171,5.226,5.401,5.508,5.602,5.574,5.487,5.295,5.343,5.159,5.296,5.362,5.463,5.452,5.292,5.74,5.811,5.857,5.75,5.771,5.728,5.568,5.629,5.759,5.869,5.895,5.898,5.871,5.732,5.824,5.825,5.804,5.752,5.687,5.689,5.594,5.812,5.907,5.995,6.015,6.054,6.026,5.93,6.629,6.663,6.641,6.616,6.765,6.726,6.464,6.616,6.742,6.814,6.744,6.512,6.394,6.391,6.63,6.678,6.78,6.879,6.859,6.786,6.571,6.641,6.475,6.63,6.736,6.643,6.676,6.426,6.058,6.158,6.445,6.959,7.137,7.193,7.039,7.227,7.224,7.231,7.399,7.328,7.311,7.048,7.276,7.322,7.051,7.082,7.14,6.966,6.918,7.055,7.187,6.958,6.82,6.75,6.856,6.719,6.972,7.077,7.047,7.076,7.035,5.309,5.209,5.241,5.266,5.165,5.223,5.335,5.296,5.182,5.284,5.155,4.987,4.842,5.006,4.969,4.599,4.623,4.517,4.528,4.495,4.557,4.715,4.812,4.921,4.843,4.752,4.77,4.952,5.07,4.781,5.019,5.444,5.861,5.975,5.993,5.85,5.579,5.749,5.657,5.64,5.519,5.336,5.323,5.064,5.521,5.548,5.689,5.727,5.768,5.523,5.243,5.68,5.895,6.218,5.974,5.948,5.784,5.924,6.366,6.581,6.44,6.164,5.951,5.969,6.042,6.386,6.505,6.459,6.336,6.242,6.356,5.93,5.866,5.802,5.725,5.823,6.102,6.156,5.585,5.161,5.167,5.061,5.211,5.487,5.371,5.286,5.458,5.41,5.094,5.193,5.166,5.088,9.182,10.027,10.305,10.474,10.836,10.989,11.347,11.278,11.497,11.515,11.536,11.698,11.797,11.504,11.211,10.54,12.011,11.811,11.499,11.415,11.195,10.716,11.174,11.25,11.303,11.399,11.554,11.451,11.037,11.224,11.152,0.0,0.0,0.0,0.0,0.0,0.0,0.0,0.0,0.0,0.0,0.0,0.0,0.0,0.0,0.0,0.0,0.0,0.0,0.0,0.0,0.0,0.0,0.0,0.0,0.0,0.0,0.0,0.0,0.0,0.0,5.204,5.016,4.894,5.119,5.23,5.334,5.336,5.389,5.311,5.143,5.388,5.444,5.453,5.376,5.208,5.275,4.999,4.88,5.094,5.142,5.11,5.078,5.145,4.833,5.03,5.072,5.06,5.023,5.088,5.037,4.956,5.398,5.398,5.338,4.931,4.776,5.109,5.008,5.279,5.421,5.612,5.458,5.576,5.534,5.444,5.517,5.508,5.57,5.619,5.477,5.48,5.246,5.548,5.632,5.666,5.615,5.572,5.495,5.197,5.294,5.319,4.173,4.055,4.136,4.145,4.057,4.191,4.275,4.263,4.309,4.243,4.206,4.032,4.23,4.37,4.358,4.316,4.294,4.287,4.073,4.365,4.495,4.573,4.619,4.653,4.606,4.468,4.563,4.469,4.361,4.315,4.39,5.561,5.349,5.65,5.805,5.893,5.781,5.757,5.557,5.307,5.484,5.515,5.542,5.652,5.545,5.406,5.404,5.662,5.837,5.841,5.813,5.865,5.553,5.463,5.766,5.801,5.617,5.713,5.794,5.818,5.812,5.919,5.768,5.791,5.568,5.664,5.732,5.65,5.75,5.91,5.803,5.681,5.712,5.698,5.629,5.666,5.705,5.787,5.737,5.767,5.717,5.621,5.766,5.749,5.756,5.918,5.793,5.699,5.486,5.729,5.749,5.631,5.598,5.754,5.847,5.704,5.682,5.723,5.78,5.882,5.959,5.945,5.799,5.929,5.968,6.049,6.027,5.691,5.732,5.845,6.01,6.06,6.094,6.149,6.123,6.082,5.893,6.002,6.059,6.171,6.208,6.817,6.809,6.598,6.833,6.903,6.776,6.884,6.844,6.87,6.653,6.787,6.886,6.9,6.832,6.762,6.859,6.546,6.724,6.842,6.791,6.817,6.833,6.825,6.609,6.84,6.921,6.991,6.945,6.883,6.705,5.611,5.749,5.729,5.865,5.859,6.015,5.978,5.71,5.798,5.708,5.734,5.727,5.673,5.618,5.463,5.685,5.821,5.984,5.926,5.678,5.178,4.812,4.754,5.176,5.561,5.597,5.512,5.465,5.418,5.722,5.804,6.041,6.103,6.095,6.027,5.879,6.041,6.081,5.952,5.896,6.04,5.979,5.805,6.09,6.176,6.011,5.877,5.791,5.652,5.247,5.262,5.306,5.728,5.951,5.882,5.765,5.597,5.923,6.007,5.767,5.37,5.313,5.403,5.266,5.661,5.685,5.679,5.697,5.59,5.356,5.018,5.208,5.22,5.302,5.223,5.236,5.246,5.019,5.4,5.483,5.385,5.055,5.208,5.074,4.716,5.074,5.407,5.469,5.426,5.522,5.342,5.024,4.479,4.593,4.783,4.779,4.613,4.476,4.258,4.363,4.358,4.356,4.106,4.328,4.493,4.188,3.972,4.254,4.499,4.654,4.598,4.54,4.344,4.58,4.695,4.653,4.731,4.885,4.726,4.525,4.852,4.979,4.947,4.647,4.691,4.667,4.393,4.617,4.69,4.709,4.646,4.525,4.411,4.119,4.184,4.202,4.204,4.14,3.934,4.068,4.097,4.328,4.321,4.268,4.09,4.025,3.972,3.985,4.338,4.372,4.357,4.419,4.431,4.645,4.438,4.709,4.851,4.598,4.665,4.642,4.669,4.513,4.656,4.614,4.693,4.698,4.659,4.591,4.433,4.786,4.833,4.841,4.825,4.763,4.637,4.361,4.113,4.027,4.315,4.553,4.646,4.67,4.541,4.589,5.363,5.431,5.384,5.471,5.452,5.339,5.417,5.46,5.461,5.459,5.464,5.3,5.171,5.21,5.348,5.428,5.469,5.517,5.535,5.32,5.514,5.592,5.579,5.577,5.578,5.583,5.46,5.6,5.532,5.538,5.178,5.254,5.263,5.078,5.186,5.305,5.368,5.238,5.2,4.999,4.866,5.123,5.131,5.162,5.258,5.364,5.403,5.282,5.49,5.508,5.465,5.488,5.578,5.542,5.352,5.46,5.563,5.652,5.672,5.607,5.548,5.712,5.867,5.843,5.745,5.817,5.86,5.894,5.841,5.935,5.943,5.997,6.012,6.047,5.832,5.6,5.758,5.875,5.986,5.933,6.007,5.936,5.764,5.808,5.91,5.866,5.482,5.659,5.827,5.679,5.754,5.761,5.29,5.362,5.533,5.517,5.39,5.426,5.52,5.656,5.579,5.588,5.614,5.354,5.609,5.702,5.629,5.617,5.692,5.655,5.507,5.661,5.713,5.694,5.789,5.836,5.721,5.6,5.842,5.78,5.923,5.945,6.067,6.009,5.774,5.891,5.563,5.428,5.633,5.959,6.029,5.876,6.183,6.213,6.197,6.063,5.728,5.418,5.031,5.416,5.626,5.775,5.892,5.925,6.063,5.832,6.054,6.125,6.156,6.126,5.892,7.532,7.434,7.757,8.081,8.109,8.16,8.281,8.096,7.891,8.22,8.383,8.444,8.548,8.463,8.382,8.076,8.289,8.514,8.428,8.321,8.151,7.928,7.285,7.752,8.117,8.125,8.197,8.186,7.878,7.185,5.519,5.732,5.969,5.982,6.171,6.261,6.029,6.276,6.482,6.555,6.655,6.607,6.51,6.166,6.283,6.519,6.688,6.525,6.817,6.744,6.504,6.676,6.722,6.302,6.0,5.748,5.908,6.151,6.447,6.56,6.412,5.82,5.927,6.161,5.712,6.0,6.061,6.188,6.271,6.221,5.985,5.729,5.965,5.934,5.825,5.904,6.063,5.953,5.669,5.853,5.89,5.987,6.023,6.013,5.822,5.335,5.361,5.524,5.467,5.33,5.209,6.051,5.995,6.405,6.442,6.279,6.061,6.159,5.948,5.882,6.377,6.381,6.488,6.392,6.349,6.224,6.051,6.264,6.223,6.079,6.246,6.315,6.024,5.73,6.061,6.113,5.849,5.716,5.56,5.396,5.436,5.796,6.661,6.563,6.651,6.892,7.083,6.695,6.775,7.022,7.223,7.384,7.657,7.362,7.141,7.43,7.299,7.614,7.687,7.625,7.434,7.383,7.621,7.682,7.333,7.282,7.508,7.528,7.352,7.526,7.887,8.022,8.097,6.168,6.058,5.871,5.771,5.886,5.794,5.473,5.383,5.302,5.053,5.343,5.579,5.761,5.983,5.8,5.449,5.04,5.196,5.316,5.516,5.59,5.494,5.272,4.893,5.223,5.485,5.565,5.556,5.622,5.544,4.664,4.628,4.826,4.948,5.008,5.061,5.142,5.124,5.202,5.274,5.372,5.404,5.412,5.367,5.194,5.229,5.085,5.271,5.329,5.342,5.271,5.073,5.043,4.928,5.098,5.259,5.276,5.313,5.108,5.179,5.266,6.177,6.137,6.173,6.062,5.869,5.987,6.041,6.064,6.026,5.812,5.454,4.95,4.853,5.19,5.341,5.478,5.556,5.675,5.486,5.606,5.733,5.779,5.859,5.736,5.574,5.195,5.21,5.286,5.304,5.174,4.532,4.449,4.307,4.352,4.324,4.516,4.645,4.721,4.662,4.504,4.734,4.818,4.827,4.78,4.843,4.834,4.588,4.624,4.809,4.913,4.946,5.068,4.941,4.712,4.883,4.979,4.967,4.919,5.015,5.087,4.916,5.778,5.882,6.034,6.029,6.048,5.892,5.636,5.828,5.822,5.924,5.959,6.046,6.13,5.855,5.907,6.109,6.171,6.176,6.205,6.251,6.116,6.136,6.223,6.185,5.768,5.391,5.565,5.73,5.585,5.658,5.665,5.357,5.43,5.603,5.587,5.458,5.494,5.59,5.727,5.649,5.658,5.685,5.421,5.679,5.774,5.7,5.687,5.764,5.727,5.576,5.732,5.785,5.766,5.862,5.91,5.794,5.671,5.915,5.853,5.17,6.227,6.25,6.378,6.317,6.07,6.193,5.848,5.706,5.922,6.265,6.338,6.177,6.501,6.532,6.515,6.374,6.023,5.697,5.289,5.694,5.915,6.071,6.194,6.229,6.374,6.131,6.364,6.439,6.472,6.44,6.195,8.278,8.17,8.525,8.881,8.912,8.967,9.101,8.898,8.672,9.033,9.213,9.28,9.394,9.3,9.211,8.876,9.11,9.357,9.263,9.145,8.958,8.713,8.006,8.52,8.92,8.929,9.008,8.997,8.658,7.896,5.031,5.226,5.442,5.454,5.626,5.708,5.497,5.722,5.91,5.976,6.067,6.023,5.935,5.622,5.728,5.943,6.098,5.949,6.215,6.148,5.929,6.087,6.129,5.746,5.47,5.24,5.386,5.608,5.878,5.981,5.846,5.82,5.927,6.161,5.712,6.0,6.061,6.188,6.271,6.221,5.985,5.729,5.965,5.934,5.825,5.904,6.063,5.953,5.669,5.853,5.89,5.987,6.023,6.013,5.822,5.335,5.361,5.524,5.467,5.33,5.209,5.339,5.29,5.652,5.684,5.54,5.348,5.435,5.249,5.19,5.627,5.63,5.725,5.64,5.602,5.492,5.34,5.527,5.491,5.364,5.511,5.572,5.315,5.056,5.348,5.394,5.161,5.044,4.906,4.761,4.797,5.115,5.703,5.618,5.694,5.901,6.064,5.732,5.8,6.012,6.184,6.321,6.555,6.303,6.113,6.361,6.248,6.518,6.581,6.528,6.364,6.321,6.525,6.576,6.278,6.234,6.428,6.445,6.294,6.443,6.752,6.868,6.932,2.247,2.207,2.139,2.102,2.144,2.111,1.994,1.961,1.931,1.841,1.946,2.032,2.099,2.18,2.113,1.985,1.836,1.893,1.937,2.009,2.036,2.001,1.92,1.783,1.903,1.998,2.027,2.024,2.048,2.02,4.664,4.628,4.826,4.948,5.008,5.061,5.142,5.124,5.202,5.274,5.372,5.404,5.412,5.367,5.194,5.229,5.085,5.271,5.329,5.342,5.271,5.073,5.043,4.928,5.098,5.259,5.276,5.313,5.108,5.179,5.266,6.177,6.137,6.173,6.062,5.869,5.987,6.041,6.064,6.026,5.812,5.454,4.95,4.853,5.19,5.341,5.478,5.556,5.675,5.486,5.606,5.733,5.779,5.859,5.736,5.574,5.195,5.21,5.286,5.304,5.174,4.532,4.449,4.307,4.352,4.324,4.516,4.645,4.721,4.662,4.504,4.734,4.818,4.827,4.78,4.843,4.834,4.588,4.624,4.809,4.913,4.946,5.068,4.941,4.712,4.883,4.979,4.967,4.919,5.015,5.087,4.916
Guntur_5,2.328,2.344,2.388,2.394,2.305,2.318,2.369,2.372,2.325,2.299,2.341,2.342,2.37,2.328,2.26,2.248,2.353,2.342,2.248,2.343,2.36,2.308,2.334,2.39,2.416,2.306,2.38,2.415,2.433,2.449,2.429,3.048,2.902,2.994,3.072,3.072,3.07,3.104,2.997,2.931,2.982,2.995,3.026,3.134,3.128,3.159,3.027,3.101,3.165,3.152,3.083,2.976,3.001,2.922,3.02,3.074,3.108,3.07,3.052,3.018,3.042,3.129,3.163,3.114,3.065,3.083,3.125,3.034,3.011,2.792,2.901,3.077,3.096,3.076,2.958,3.061,3.158,3.145,3.486,3.435,3.314,3.26,3.203,3.333,3.451,3.489,3.475,3.457,3.35,3.262,3.255,3.237,3.309,3.332,3.31,3.182,3.342,3.358,3.341,3.363,3.388,3.325,3.246,3.431,3.368,3.344,3.246,3.222,3.191,3.084,3.277,3.294,3.213,3.264,3.298,3.266,3.203,3.321,3.324,3.33,3.273,2.908,2.915,2.873,2.957,2.946,2.982,3.061,3.057,3.038,2.918,2.871,2.895,2.885,2.861,2.878,2.844,2.853,2.671,2.797,2.881,2.792,2.754,2.826,2.87,2.744,2.809,2.857,2.939,2.931,2.864,2.797,2.297,2.326,2.32,2.383,2.365,2.38,2.335,2.482,2.527,2.559,2.528,2.535,2.461,2.377,2.497,2.495,2.534,2.569,2.516,2.5,2.403,2.541,2.606,2.574,2.573,2.486,2.432,2.359,2.47,2.593,0.0,0.0,0.0,0.0,0.0,0.0,0.0,0.0,0.0,0.0,0.0,0.0,0.0,0.0,0.0,0.0,0.0,0.0,0.0,0.0,0.0,0.0,0.0,0.0,0.0,0.0,0.0,0.0,0.0,0.0,0.0,0.0,0.0,0.0,0.0,0.0,0.0,0.0,0.0,0.0,0.0,0.0,0.0,0.0,0.0,0.0,0.0,0.0,0.0,0.0,0.0,0.0,0.0,0.0,0.0,0.0,0.0,0.0,0.0,0.0,0.0,0.0,2.932,2.943,2.944,3.001,3.024,2.865,2.896,2.977,3.11,3.066,3.026,2.929,2.84,2.872,2.92,2.961,2.905,2.884,2.962,2.832,2.882,2.843,2.793,2.881,2.896,2.767,2.675,2.881,2.943,2.918,3.724,3.7,3.81,3.691,3.76,3.872,4.001,4.057,4.058,3.938,3.721,3.759,3.818,3.654,3.717,3.759,3.843,3.744,3.832,3.836,3.821,3.748,3.654,3.649,3.463,3.532,3.715,3.787,3.873,3.945,3.914,1.934,2.002,2.023,2.017,1.996,2.041,2.012,1.931,1.97,1.963,1.95,1.984,1.948,1.773,1.722,1.735,1.849,1.902,1.935,1.949,1.934,1.901,1.994,1.986,1.931,1.82,1.824,1.859,1.892,1.959,2.19,2.222,2.199,2.221,2.207,2.112,2.154,2.191,2.152,2.186,2.205,2.163,2.105,2.165,2.223,2.225,2.246,2.277,2.239,2.207,2.267,2.323,2.352,2.317,2.314,2.35,2.26,2.328,2.353,2.34,2.34,2.597,2.521,2.433,2.5,2.52,2.53,2.495,2.525,2.476,2.467,2.568,2.582,2.572,2.542,2.547,2.598,2.567,2.594,2.68,2.734,2.781,2.766,2.724,2.628,2.652,2.561,2.628,2.661,2.712,2.706,2.627,3.697,3.742,3.772,3.703,3.717,3.689,3.586,3.625,3.709,3.78,3.797,3.799,3.782,3.692,3.751,3.751,3.738,3.705,3.663,3.664,3.603,3.743,3.805,3.861,3.874,3.899,3.881,3.819,3.865,3.884,3.871,3.857,3.944,3.921,3.768,3.857,3.931,3.972,3.932,3.796,3.727,3.726,3.865,3.893,3.952,4.01,3.998,3.956,3.831,3.871,3.775,3.865,3.927,3.872,3.892,3.746,3.531,3.59,3.757,3.427,3.514,3.542,3.466,3.559,3.557,3.561,3.644,3.608,3.6,3.471,3.583,3.606,3.472,3.487,3.516,3.43,3.407,3.474,3.539,3.426,3.359,3.324,3.376,3.309,3.433,3.485,3.47,3.485,3.464,3.115,3.057,3.076,3.09,3.031,3.065,3.131,3.108,3.041,3.101,3.025,2.926,2.842,2.938,2.916,2.699,2.713,2.651,2.657,2.638,2.675,2.767,2.824,2.888,2.842,2.789,2.8,2.906,2.975,2.806,2.946,2.23,2.401,2.448,2.455,2.397,2.286,2.355,2.317,2.31,2.261,2.186,2.18,2.074,2.262,2.273,2.331,2.346,2.363,2.263,2.148,2.327,2.415,2.547,2.447,2.436,2.369,2.427,2.608,2.696,2.638,2.809,2.712,2.72,2.753,2.91,2.964,2.943,2.887,2.844,2.896,2.702,2.673,2.644,2.609,2.654,2.78,2.805,2.545,2.352,2.355,2.306,2.375,2.501,2.447,2.409,2.487,2.465,2.321,2.366,2.354,2.318,6.715,7.334,7.537,7.66,7.925,8.037,8.299,8.248,8.409,8.422,8.437,8.556,8.628,8.413,8.199,7.709,8.784,8.638,8.41,8.348,8.188,7.837,8.172,8.228,8.267,8.337,8.45,8.375,8.072,8.209,8.156,0.0,0.0,0.0,0.0,0.0,0.0,0.0,0.0,0.0,0.0,0.0,0.0,0.0,0.0,0.0,0.0,0.0,0.0,0.0,0.0,0.0,0.0,0.0,0.0,0.0,0.0,0.0,0.0,0.0,0.0,3.706,3.572,3.485,3.646,3.725,3.799,3.8,3.838,3.783,3.663,3.837,3.877,3.883,3.829,3.709,3.757,3.56,3.475,3.628,3.662,3.639,3.617,3.664,3.442,3.582,3.612,3.604,3.577,3.623,3.587,3.529,3.728,3.728,3.687,3.406,3.299,3.528,3.459,3.646,3.744,3.876,3.77,3.851,3.822,3.76,3.81,3.804,3.847,3.881,3.783,3.785,3.623,3.831,3.89,3.913,3.878,3.848,3.795,3.589,3.656,3.673,2.528,2.456,2.505,2.511,2.457,2.539,2.589,2.582,2.61,2.57,2.548,2.442,2.562,2.647,2.64,2.614,2.601,2.597,2.467,2.644,2.723,2.77,2.798,2.818,2.79,2.706,2.764,2.707,2.641,2.614,2.659,3.089,2.971,3.138,3.224,3.273,3.211,3.198,3.087,2.948,3.046,3.063,3.078,3.14,3.08,3.003,3.001,3.145,3.242,3.244,3.229,3.258,3.084,3.034,3.203,3.222,3.12,3.173,3.218,3.231,3.228,3.287,3.786,3.801,3.655,3.718,3.763,3.709,3.775,3.879,3.809,3.729,3.749,3.74,3.695,3.719,3.745,3.799,3.766,3.785,3.753,3.69,3.785,3.774,3.779,3.885,3.803,3.741,3.601,3.76,4.408,4.318,4.292,4.412,4.483,4.373,4.356,4.388,4.431,4.51,4.569,4.558,4.446,4.546,4.576,4.638,4.621,4.363,4.395,4.481,4.608,4.646,4.672,4.714,4.694,4.663,4.518,4.602,4.646,4.731,4.76,5.581,5.575,5.402,5.594,5.652,5.548,5.636,5.604,5.625,5.447,5.557,5.638,5.649,5.594,5.536,5.616,5.36,5.506,5.602,5.56,5.582,5.594,5.588,5.411,5.6,5.666,5.724,5.686,5.635,5.49,4.888,5.009,4.991,5.11,5.105,5.24,5.208,4.975,5.051,4.973,4.996,4.989,4.942,4.894,4.76,4.953,5.071,5.213,5.163,4.947,4.512,4.193,4.142,4.509,4.845,4.876,4.803,4.761,4.72,4.985,5.057,7.627,7.704,7.694,7.608,7.422,7.626,7.677,7.514,7.444,7.625,7.548,7.329,7.688,7.797,7.588,7.419,7.311,7.136,6.623,6.643,6.699,7.231,7.512,7.425,7.278,7.066,7.477,7.583,7.28,6.779,6.707,6.821,6.647,7.146,7.177,7.169,7.192,7.057,6.761,6.334,6.575,6.59,6.693,6.593,6.609,6.623,6.336,6.816,6.922,6.799,6.382,6.575,6.406,5.953,6.405,6.825,6.904,6.85,6.971,6.744,6.343,3.383,3.469,3.612,3.609,3.483,3.38,3.216,3.295,3.291,3.29,3.1,3.269,3.393,3.163,2.999,3.212,3.397,3.514,3.472,3.428,3.28,3.459,3.546,3.514,3.572,3.689,3.569,3.417,3.664,3.76,3.735,4.66,4.704,4.68,4.405,4.63,4.703,4.722,4.658,4.537,4.423,4.13,4.196,4.213,4.216,4.151,3.945,4.079,4.109,4.34,4.333,4.279,4.101,4.036,3.983,3.996,4.35,4.384,4.369,4.431,4.443,4.532,4.329,4.594,4.732,4.486,4.551,4.528,4.555,4.403,4.542,4.501,4.578,4.583,4.545,4.479,4.324,4.669,4.714,4.722,4.707,4.647,4.524,4.254,4.012,3.928,4.209,4.441,4.532,4.556,4.43,4.476,4.913,4.976,4.932,5.012,4.995,4.891,4.963,5.002,5.003,5.001,5.006,4.856,4.737,4.773,4.899,4.973,5.01,5.054,5.07,4.873,5.052,5.123,5.111,5.109,5.11,5.115,5.002,5.131,5.068,5.073,4.209,4.271,4.278,4.128,4.216,4.313,4.364,4.258,4.227,4.064,3.955,4.164,4.171,4.196,4.274,4.36,4.392,4.294,4.463,4.478,4.443,4.461,4.534,4.505,4.351,4.438,4.522,4.594,4.611,4.558,4.51,4.449,4.569,4.551,4.474,4.53,4.564,4.59,4.549,4.622,4.629,4.671,4.683,4.709,4.542,4.361,4.485,4.575,4.662,4.621,4.679,4.623,4.489,4.523,4.603,4.568,4.27,4.408,4.538,4.423,4.481,4.486,4.794,4.86,5.015,5.0,4.885,4.918,5.003,5.126,5.056,5.064,5.088,4.852,5.083,5.168,5.102,5.09,5.159,5.125,4.991,5.13,5.178,5.161,5.247,5.29,5.185,5.076,5.294,5.238,5.528,5.549,5.663,5.609,5.39,5.499,5.192,5.066,5.258,5.562,5.627,5.485,5.772,5.8,5.785,5.659,5.347,5.058,4.696,5.056,5.251,5.39,5.5,5.53,5.659,5.443,5.65,5.717,5.746,5.718,5.5,5.254,5.186,5.411,5.637,5.657,5.692,5.777,5.648,5.504,5.734,5.848,5.891,5.963,5.904,5.847,5.634,5.782,5.939,5.879,5.805,5.686,5.531,5.082,5.408,5.662,5.668,5.718,5.711,5.496,5.012,4.849,5.036,5.244,5.256,5.422,5.501,5.297,5.514,5.696,5.759,5.847,5.805,5.72,5.418,5.52,5.728,5.876,5.733,5.99,5.925,5.714,5.866,5.906,5.537,5.272,5.05,5.191,5.404,5.665,5.764,5.634,5.072,5.166,5.37,4.979,5.229,5.282,5.393,5.465,5.422,5.216,4.993,5.198,5.172,5.076,5.145,5.284,5.188,4.94,5.101,5.133,5.217,5.249,5.241,5.074,4.649,4.672,4.814,4.764,4.645,4.54,4.039,4.001,4.275,4.3,4.191,4.045,4.111,3.97,3.926,4.257,4.259,4.331,4.266,4.238,4.154,4.039,4.181,4.154,4.058,4.169,4.215,4.021,3.825,4.046,4.08,3.904,3.815,3.711,3.602,3.629,3.869,6.459,6.363,6.449,6.683,6.867,6.491,6.569,6.809,7.004,7.159,7.424,7.139,6.924,7.204,7.077,7.382,7.454,7.394,7.208,7.159,7.39,7.448,7.11,7.061,7.28,7.299,7.129,7.297,7.647,7.778,7.851,4.513,4.433,4.296,4.223,4.307,4.239,4.005,3.939,3.879,3.697,3.91,4.082,4.215,4.378,4.244,3.987,3.688,3.802,3.89,4.036,4.09,4.02,3.857,3.58,3.822,4.013,4.072,4.066,4.113,4.057,4.849,4.811,5.017,5.144,5.207,5.262,5.345,5.327,5.408,5.483,5.585,5.618,5.627,5.579,5.399,5.436,5.286,5.48,5.54,5.554,5.48,5.274,5.243,5.123,5.3,5.467,5.485,5.523,5.31,5.385,5.474,4.522,4.493,4.519,4.438,4.296,4.383,4.422,4.439,4.411,4.255,3.993,3.623,3.553,3.799,3.91,4.011,4.067,4.155,4.016,4.104,4.197,4.231,4.289,4.199,4.081,3.803,3.814,3.87,3.883,3.788,3.719,3.651,3.535,3.571,3.549,3.706,3.812,3.874,3.825,3.696,3.884,3.953,3.961,3.922,3.974,3.967,3.765,3.794,3.946,4.032,4.058,4.159,4.054,3.866,4.007,4.086,4.076,4.036,4.115,4.175,4.034,4.535,4.617,4.736,4.732,4.748,4.625,4.424,4.574,4.57,4.65,4.677,4.746,4.811,4.596,4.637,4.795,4.844,4.847,4.871,4.906,4.801,4.817,4.885,4.855,4.528,4.232,4.368,4.498,4.384,4.441,4.446,3.826,3.878,4.002,3.991,3.899,3.925,3.993,4.091,4.035,4.042,4.06,3.872,4.057,4.124,4.072,4.062,4.117,4.09,3.983,4.094,4.132,4.119,4.187,4.221,4.138,4.051,4.225,4.181,3.693,4.976,4.995,5.098,5.049,4.851,4.95,4.674,4.56,4.733,5.007,5.065,4.937,5.195,5.221,5.207,5.094,4.813,4.553,4.227,4.551,4.727,4.852,4.95,4.978,5.094,4.9,5.086,5.146,5.172,5.147,4.951,4.091,4.038,4.213,4.389,4.404,4.431,4.497,4.397,4.285,4.464,4.553,4.586,4.642,4.596,4.552,4.386,4.502,4.624,4.577,4.519,4.427,4.306,3.956,4.21,4.408,4.413,4.452,4.446,4.279,3.902,4.073,4.23,4.405,4.414,4.554,4.62,4.449,4.632,4.784,4.837,4.911,4.875,4.804,4.55,4.636,4.811,4.935,4.815,5.031,4.977,4.799,4.927,4.961,4.651,4.428,4.242,4.36,4.539,4.758,4.841,4.732,5.072,5.166,5.37,4.979,5.229,5.282,5.393,5.465,5.422,5.216,4.993,5.198,5.172,5.076,5.145,5.284,5.188,4.94,5.101,5.133,5.217,5.249,5.241,5.074,4.649,4.672,4.814,4.764,4.645,4.54,4.322,4.282,4.575,4.601,4.484,4.329,4.399,4.248,4.201,4.555,4.557,4.634,4.565,4.534,4.445,4.322,4.473,4.445,4.342,4.461,4.51,4.302,4.093,4.329,4.366,4.177,4.082,3.971,3.854,3.883,4.14,3.264,3.216,3.259,3.377,3.471,3.281,3.32,3.441,3.54,3.618,3.752,3.608,3.499,3.641,3.576,3.731,3.767,3.737,3.643,3.618,3.735,3.764,3.593,3.568,3.679,3.689,3.603,3.688,3.865,3.931,3.968,3.996,3.925,3.804,3.739,3.813,3.754,3.546,3.487,3.435,3.273,3.462,3.614,3.732,3.876,3.757,3.53,3.265,3.366,3.444,3.573,3.621,3.559,3.415,3.17,3.384,3.554,3.605,3.6,3.642,3.592,4.849,4.811,5.017,5.144,5.207,5.262,5.345,5.327,5.408,5.483,5.585,5.618,5.627,5.579,5.399,5.436,5.286,5.48,5.54,5.554,5.48,5.274,5.243,5.123,5.3,5.467,5.485,5.523,5.31,5.385,5.474,4.522,4.493,4.519,4.438,4.296,4.383,4.422,4.439,4.411,4.255,3.993,3.623,3.553,3.799,3.91,4.011,4.067,4.155,4.016,4.104,4.197,4.231,4.289,4.199,4.081,3.803,3.814,3.87,3.883,3.788,3.719,3.651,3.535,3.571,3.549,3.706,3.812,3.874,3.825,3.696,3.884,3.953,3.961,3.922,3.974,3.967,3.765,3.794,3.946,4.032,4.058,4.159,4.054,3.866,4.007,4.086,4.076,4.036,4.115,4.175,4.034
Guntur_6,2.038,2.052,2.091,2.096,2.018,2.029,2.074,2.076,2.035,2.012,2.049,2.05,2.075,2.038,1.978,1.968,2.06,2.05,1.967,2.051,2.066,2.02,2.043,2.092,2.115,2.018,2.083,2.114,2.13,2.144,2.126,2.153,2.05,2.116,2.171,2.171,2.169,2.193,2.118,2.071,2.107,2.116,2.138,2.214,2.21,2.232,2.139,2.191,2.236,2.227,2.178,2.103,2.121,2.065,2.134,2.172,2.196,2.169,2.157,2.132,2.137,2.198,2.222,2.187,2.153,2.166,2.195,2.131,2.115,1.961,2.038,2.162,2.175,2.161,2.078,2.15,2.219,2.209,2.449,2.413,2.328,2.29,2.25,2.341,2.424,2.451,2.441,2.428,2.353,2.291,2.286,2.95,3.016,3.036,3.017,2.9,3.046,3.061,3.045,3.065,3.088,3.03,2.958,3.127,3.069,3.048,2.959,2.937,2.908,2.811,2.987,3.002,2.928,2.975,3.006,2.977,2.919,3.027,3.03,3.035,2.983,2.648,2.654,2.615,2.692,2.681,2.714,2.786,2.783,2.766,2.656,2.614,2.636,2.626,2.605,2.62,2.589,2.597,2.432,2.546,2.622,2.541,2.507,2.573,2.613,2.498,2.557,2.601,2.675,2.668,2.607,2.547,1.955,1.98,1.975,2.029,2.013,2.026,1.987,2.113,2.151,2.178,2.152,2.157,2.095,2.023,2.125,2.123,2.157,2.186,2.141,2.127,2.045,2.162,2.218,2.19,2.19,2.115,2.07,2.007,2.102,2.207,0.0,0.0,0.0,0.0,0.0,0.0,0.0,0.0,0.0,0.0,0.0,0.0,0.0,0.0,0.0,0.0,0.0,0.0,0.0,0.0,0.0,0.0,0.0,0.0,0.0,0.0,0.0,0.0,0.0,0.0,0.0,0.0,0.0,0.0,0.0,0.0,0.0,0.0,0.0,0.0,0.0,0.0,0.0,0.0,0.0,0.0,0.0,0.0,0.0,0.0,0.0,0.0,0.0,0.0,0.0,0.0,0.0,0.0,0.0,0.0,0.0,0.0,2.447,2.455,2.456,2.504,2.523,2.391,2.417,2.484,2.595,2.559,2.525,2.444,2.37,2.396,2.437,2.471,2.424,2.406,2.471,2.363,2.405,2.372,2.33,2.404,2.416,2.308,2.232,2.404,2.455,2.435,3.412,3.39,3.491,3.382,3.445,3.548,3.666,3.717,3.718,3.608,3.409,3.445,3.498,3.348,3.406,3.444,3.521,3.43,3.511,3.514,3.501,3.434,3.348,3.343,3.173,3.236,3.404,3.47,3.548,3.615,3.586,1.832,1.896,1.917,1.91,1.891,1.933,1.905,1.829,1.866,1.86,1.847,1.879,1.845,1.679,1.631,1.643,1.751,1.802,1.832,1.846,1.832,1.801,1.889,1.881,1.829,1.724,1.727,1.761,1.792,1.855,1.868,1.895,1.876,1.894,1.882,1.801,1.837,1.869,1.835,1.865,1.881,1.845,1.795,1.846,1.896,1.898,1.916,1.942,1.91,1.883,1.933,1.981,2.006,1.976,1.973,2.004,1.928,1.986,2.007,1.996,1.996,2.175,2.111,2.038,2.094,2.11,2.118,2.09,2.115,2.074,2.066,2.15,2.162,2.154,2.129,2.133,2.176,2.149,2.172,2.245,2.289,2.329,2.317,2.281,2.201,2.221,2.145,2.201,2.229,2.271,2.266,2.2,2.782,2.817,2.839,2.787,2.797,2.777,2.699,2.729,2.792,2.845,2.858,2.859,2.846,2.779,2.823,2.823,2.813,2.788,2.757,2.758,2.712,2.817,2.863,2.906,2.916,2.935,2.921,2.875,3.163,3.179,3.168,3.157,3.227,3.209,3.084,3.156,3.217,3.251,3.218,3.107,3.05,3.049,3.163,3.186,3.234,3.282,3.272,3.237,3.135,3.168,3.089,3.163,3.214,3.169,3.185,3.065,2.89,2.938,3.075,2.899,2.974,2.997,2.933,3.011,3.01,3.013,3.083,3.053,3.046,2.937,3.031,3.051,2.938,2.951,2.975,2.903,2.883,2.94,2.995,2.899,2.842,2.813,2.857,2.8,2.905,2.949,2.936,2.948,2.931,1.93,1.894,1.905,1.914,1.877,1.899,1.939,1.925,1.884,1.921,1.874,1.813,1.76,1.82,1.807,1.672,1.681,1.642,1.646,1.634,1.657,1.714,1.749,1.789,1.76,1.728,1.734,1.8,1.843,1.738,1.825,1.409,1.516,1.546,1.551,1.514,1.444,1.487,1.464,1.459,1.428,1.381,1.377,1.31,1.428,1.435,1.472,1.482,1.492,1.429,1.356,1.47,1.525,1.609,1.546,1.539,1.496,1.533,1.647,1.703,1.666,1.224,1.181,1.185,1.199,1.268,1.291,1.282,1.258,1.239,1.262,1.177,1.164,1.152,1.136,1.156,1.211,1.222,1.109,1.025,1.026,1.005,1.034,1.089,1.066,1.049,1.083,1.074,1.011,1.031,1.025,1.01,4.651,5.079,5.22,5.305,5.489,5.566,5.748,5.713,5.824,5.833,5.843,5.925,5.975,5.827,5.678,5.339,6.083,5.982,5.825,5.782,5.67,5.428,5.66,5.698,5.725,5.774,5.852,5.8,5.59,5.685,5.649,0.0,0.0,0.0,0.0,0.0,0.0,0.0,0.0,0.0,0.0,0.0,0.0,0.0,0.0,0.0,0.0,0.0,0.0,0.0,0.0,0.0,0.0,0.0,0.0,0.0,0.0,0.0,0.0,0.0,0.0,2.108,2.032,1.983,2.074,2.119,2.161,2.162,2.183,2.152,2.084,2.183,2.205,2.209,2.178,2.11,2.137,2.025,1.977,2.064,2.083,2.07,2.057,2.084,1.958,2.038,2.055,2.05,2.035,2.061,2.041,2.008,3.541,3.541,3.502,3.235,3.133,3.351,3.285,3.463,3.556,3.681,3.58,3.657,3.63,3.571,3.619,3.613,3.654,3.686,3.593,3.595,3.441,3.639,3.695,3.716,3.683,3.655,3.604,3.409,3.473,3.489,1.879,1.826,1.862,1.866,1.826,1.887,1.925,1.919,1.94,1.911,1.894,1.815,1.905,1.968,1.962,1.943,1.933,1.93,1.834,1.965,2.024,2.059,2.079,2.095,2.074,2.012,2.054,2.012,1.963,1.943,1.977,2.532,2.435,2.572,2.643,2.683,2.632,2.621,2.53,2.416,2.496,2.511,2.523,2.573,2.524,2.461,2.46,2.577,2.657,2.659,2.646,2.67,2.528,2.487,2.625,2.641,2.557,2.6,2.638,2.648,2.646,2.694,2.863,2.875,2.764,2.812,2.846,2.805,2.855,2.934,2.881,2.82,2.836,2.829,2.794,2.812,2.832,2.873,2.848,2.863,2.838,2.79,2.862,2.854,2.858,2.938,2.876,2.829,2.723,2.844,3.542,3.469,3.449,3.545,3.602,3.514,3.5,3.526,3.561,3.624,3.671,3.662,3.573,3.653,3.677,3.727,3.713,3.506,3.531,3.601,3.702,3.733,3.754,3.788,3.772,3.746,3.63,3.698,3.733,3.802,3.825,3.971,3.967,3.843,3.98,4.021,3.947,4.01,3.987,4.002,3.875,3.953,4.011,4.019,3.98,3.939,3.996,3.813,3.917,3.986,3.956,3.971,3.98,3.975,3.849,3.984,4.031,4.073,4.046,4.009,3.906,3.666,3.757,3.744,3.833,3.829,3.93,3.906,3.731,3.788,3.73,3.747,3.742,3.707,3.671,3.57,3.714,3.803,3.91,3.872,3.71,3.384,3.144,3.107,3.382,3.634,3.657,3.602,3.571,3.54,3.739,3.793,2.256,2.278,2.276,2.25,2.195,2.256,2.271,2.222,2.202,2.255,2.232,2.167,2.274,2.306,2.244,2.194,2.162,2.11,1.959,1.965,1.981,2.139,2.222,2.196,2.152,2.09,2.212,2.243,2.153,2.005,1.984,2.017,1.966,2.114,2.123,2.12,2.127,2.087,2.0,1.873,1.945,1.949,1.979,1.95,1.955,1.959,1.874,2.016,2.047,2.011,1.888,1.945,1.895,1.761,1.894,2.019,2.042,2.026,2.062,1.995,1.876,2.222,2.279,2.373,2.371,2.288,2.221,2.112,2.164,2.162,2.161,2.037,2.147,2.229,2.078,1.97,2.11,2.232,2.308,2.281,2.252,2.155,2.272,2.329,2.308,2.347,2.423,2.344,2.245,2.407,2.47,2.454,2.436,2.459,2.447,2.303,2.421,2.459,2.469,2.436,2.372,2.312,2.159,2.194,2.203,2.204,2.17,2.062,2.133,2.148,2.269,2.265,2.237,2.144,2.11,2.082,2.089,2.274,2.292,2.284,2.317,2.323,3.692,3.527,3.743,3.855,3.655,3.708,3.69,3.711,3.587,3.701,3.667,3.73,3.734,3.703,3.649,3.523,3.804,3.841,3.847,3.835,3.786,3.686,3.466,3.269,3.2,3.429,3.619,3.693,3.712,3.61,3.647,3.372,3.415,3.385,3.44,3.428,3.357,3.406,3.433,3.434,3.432,3.435,3.333,3.251,3.276,3.363,3.413,3.438,3.469,3.48,3.345,3.467,3.516,3.508,3.506,3.507,3.51,3.433,3.521,3.478,3.482,3.455,3.506,3.512,3.389,3.461,3.541,3.583,3.496,3.47,3.336,3.247,3.419,3.424,3.445,3.509,3.579,3.606,3.525,3.664,3.676,3.647,3.662,3.722,3.698,3.572,3.644,3.713,3.772,3.785,3.742,3.702,3.132,3.217,3.204,3.15,3.189,3.213,3.232,3.202,3.254,3.259,3.288,3.297,3.315,3.198,3.07,3.157,3.221,3.282,3.253,3.294,3.255,3.16,3.184,3.241,3.216,3.006,3.103,3.195,3.114,3.155,3.158,3.703,3.753,3.873,3.862,3.773,3.798,3.864,3.959,3.905,3.911,3.93,3.748,3.926,3.991,3.94,3.932,3.985,3.959,3.855,3.962,3.999,3.986,4.052,4.085,4.005,3.92,4.089,4.046,3.627,3.64,3.715,3.679,3.536,3.607,3.406,3.324,3.45,3.649,3.692,3.598,3.786,3.805,3.795,3.713,3.508,3.318,3.081,3.317,3.445,3.536,3.608,3.628,3.713,3.571,3.707,3.75,3.769,3.751,3.608,4.22,4.165,4.346,4.527,4.543,4.571,4.639,4.536,4.42,4.605,4.696,4.731,4.788,4.741,4.696,4.524,4.644,4.77,4.722,4.662,4.567,4.442,4.081,4.343,4.547,4.552,4.592,4.586,4.414,4.025,3.484,3.618,3.768,3.776,3.895,3.952,3.806,3.962,4.092,4.137,4.2,4.17,4.109,3.892,3.966,4.115,4.222,4.119,4.303,4.257,4.105,4.214,4.243,3.978,3.787,3.628,3.729,3.883,4.07,4.141,4.047,3.712,3.78,3.929,3.643,3.826,3.865,3.946,3.999,3.967,3.817,3.654,3.804,3.784,3.715,3.765,3.867,3.796,3.615,3.733,3.756,3.818,3.841,3.835,3.713,3.402,3.419,3.523,3.486,3.399,3.322,4.039,4.001,4.275,4.3,4.191,4.045,4.111,3.97,3.926,4.257,4.259,4.331,4.266,4.238,4.154,4.039,4.181,4.154,4.058,4.169,4.215,4.021,3.825,4.046,4.08,3.904,3.815,3.711,3.602,3.629,3.869,6.459,6.363,6.449,6.683,6.867,6.491,6.569,6.809,7.004,7.159,7.424,7.139,6.924,7.204,7.077,7.382,7.454,7.394,7.208,7.159,7.39,7.448,7.11,7.061,7.28,7.299,7.129,7.297,7.647,7.778,7.851,3.224,3.167,3.069,3.017,3.077,3.029,2.861,2.814,2.772,2.641,2.793,2.917,3.012,3.128,3.032,2.849,2.635,2.717,2.779,2.884,2.922,2.872,2.756,2.558,2.73,2.868,2.909,2.905,2.939,2.898,3.619,3.591,3.745,3.84,3.886,3.927,3.99,3.976,4.037,4.092,4.168,4.193,4.2,4.164,4.03,4.057,3.946,4.09,4.135,4.145,4.09,3.936,3.913,3.824,3.956,4.081,4.094,4.122,3.964,4.019,4.086,4.12,4.094,4.118,4.044,3.915,3.993,4.03,4.045,4.02,3.877,3.638,3.302,3.237,3.462,3.563,3.654,3.706,3.786,3.659,3.74,3.824,3.855,3.908,3.826,3.718,3.465,3.476,3.526,3.538,3.451,2.826,2.775,2.686,2.714,2.697,2.817,2.897,2.944,2.907,2.809,2.952,3.004,3.01,2.981,3.02,3.015,2.861,2.884,2.999,3.064,3.084,3.161,3.081,2.938,3.045,3.105,3.098,3.068,3.127,3.173,3.066,3.159,3.216,3.299,3.296,3.307,3.221,3.081,3.186,3.183,3.239,3.258,3.306,3.351,3.201,3.23,3.34,3.374,3.376,3.393,3.417,3.344,3.355,3.402,3.382,3.154,2.947,3.043,3.133,3.053,3.093,3.097,3.128,3.17,3.272,3.262,3.187,3.208,3.264,3.344,3.298,3.304,3.319,3.165,3.316,3.371,3.328,3.321,3.366,3.344,3.256,3.347,3.378,3.367,3.423,3.451,3.383,3.311,3.454,3.417,3.019,3.989,4.004,4.086,4.046,3.889,3.967,3.746,3.655,3.794,4.013,4.06,3.957,4.164,4.184,4.174,4.083,3.858,3.649,3.388,3.648,3.789,3.889,3.968,3.99,4.083,3.927,4.077,4.125,4.145,4.125,3.968,3.341,3.297,3.44,3.584,3.597,3.619,3.673,3.591,3.5,3.646,3.718,3.745,3.791,3.753,3.717,3.582,3.676,3.776,3.738,3.691,3.615,3.516,3.231,3.438,3.6,3.604,3.636,3.631,3.494,3.187,3.685,3.827,3.985,3.994,4.12,4.18,4.025,4.19,4.328,4.376,4.443,4.411,4.346,4.117,4.195,4.352,4.465,4.356,4.552,4.503,4.342,4.457,4.488,4.208,4.006,3.838,3.945,4.107,4.305,4.38,4.281,3.712,3.78,3.929,3.643,3.826,3.865,3.946,3.999,3.967,3.817,3.654,3.804,3.784,3.715,3.765,3.867,3.796,3.615,3.733,3.756,3.818,3.841,3.835,3.713,3.402,3.419,3.523,3.486,3.399,3.322,3.91,3.874,4.139,4.163,4.057,3.916,3.98,3.844,3.801,4.121,4.123,4.193,4.13,4.103,4.022,3.91,4.047,4.021,3.928,4.036,4.081,3.893,3.703,3.917,3.95,3.779,3.694,3.593,3.487,3.513,3.746,2.756,2.715,2.752,2.852,2.931,2.77,2.803,2.905,2.989,3.055,3.168,3.046,2.955,3.074,3.02,3.15,3.181,3.155,3.076,3.055,3.153,3.178,3.034,3.013,3.107,3.115,3.042,3.114,3.263,3.319,3.35,1.411,1.386,1.343,1.32,1.346,1.325,1.252,1.231,1.213,1.156,1.222,1.276,1.318,1.368,1.326,1.246,1.153,1.188,1.216,1.262,1.278,1.257,1.206,1.119,1.195,1.255,1.273,1.271,1.286,1.268,3.619,3.591,3.745,3.84,3.886,3.927,3.99,3.976,4.037,4.092,4.168,4.193,4.2,4.164,4.03,4.057,3.946,4.09,4.135,4.145,4.09,3.936,3.913,3.824,3.956,4.081,4.094,4.122,3.964,4.019,4.086,4.12,4.094,4.118,4.044,3.915,3.993,4.03,4.045,4.02,3.877,3.638,3.302,3.237,3.462,3.563,3.654,3.706,3.786,3.659,3.74,3.824,3.855,3.908,3.826,3.718,3.465,3.476,3.526,3.538,3.451,2.826,2.775,2.686,2.714,2.697,2.817,2.897,2.944,2.907,2.809,2.952,3.004,3.01,2.981,3.02,3.015,2.861,2.884,2.999,3.064,3.084,3.161,3.081,2.938,3.045,3.105,3.098,3.068,3.127,3.173,3.066
Guntur_7,2.625,2.643,2.692,2.699,2.599,2.614,2.671,2.674,2.621,2.591,2.639,2.64,2.672,2.624,2.548,2.534,2.653,2.641,2.534,2.642,2.661,2.602,2.631,2.694,2.724,2.599,2.683,2.722,2.743,2.761,2.739,2.371,2.257,2.33,2.39,2.39,2.388,2.415,2.332,2.281,2.32,2.33,2.355,2.438,2.434,2.458,2.355,2.413,2.462,2.452,2.398,2.315,2.335,2.273,2.35,2.392,2.418,2.389,2.375,2.348,2.291,2.356,2.382,2.345,2.308,2.322,2.353,2.284,2.267,2.103,2.184,2.317,2.332,2.317,2.227,2.305,2.378,2.368,2.625,2.587,2.495,2.455,2.412,2.51,2.599,2.627,2.617,2.603,2.522,2.456,2.451,2.787,2.848,2.868,2.85,2.739,2.877,2.891,2.876,2.895,2.916,2.862,2.794,2.953,2.899,2.878,2.794,2.774,2.747,2.655,2.821,2.836,2.766,2.81,2.839,2.811,2.757,2.858,2.861,2.867,2.817,2.697,2.703,2.663,2.741,2.731,2.764,2.838,2.835,2.817,2.705,2.662,2.685,2.675,2.653,2.668,2.637,2.645,2.476,2.593,2.671,2.588,2.553,2.62,2.661,2.544,2.605,2.649,2.725,2.717,2.655,2.594,1.283,1.299,1.295,1.331,1.321,1.329,1.304,1.386,1.411,1.429,1.411,1.415,1.374,1.327,1.394,1.393,1.415,1.434,1.405,1.396,1.342,1.418,1.455,1.437,1.437,1.388,1.358,1.317,1.379,1.448,0.0,0.0,0.0,0.0,0.0,0.0,0.0,0.0,0.0,0.0,0.0,0.0,0.0,0.0,0.0,0.0,0.0,0.0,0.0,0.0,0.0,0.0,0.0,0.0,0.0,0.0,0.0,0.0,0.0,0.0,0.0,0.0,0.0,0.0,0.0,0.0,0.0,0.0,0.0,0.0,0.0,0.0,0.0,0.0,0.0,0.0,0.0,0.0,0.0,0.0,0.0,0.0,0.0,0.0,0.0,0.0,0.0,0.0,0.0,0.0,0.0,0.0,1.597,1.602,1.603,1.634,1.647,1.56,1.577,1.621,1.694,1.67,1.648,1.595,1.547,1.564,1.59,1.613,1.582,1.571,1.613,1.542,1.57,1.548,1.521,1.569,1.577,1.507,1.457,1.569,1.603,1.589,2.866,2.848,2.932,2.841,2.894,2.981,3.08,3.123,3.124,3.031,2.864,2.894,2.939,2.813,2.862,2.894,2.958,2.882,2.95,2.952,2.941,2.885,2.812,2.809,2.665,2.719,2.859,2.915,2.981,3.037,3.013,1.717,1.777,1.796,1.79,1.772,1.812,1.786,1.714,1.749,1.743,1.731,1.761,1.729,1.574,1.529,1.54,1.641,1.689,1.718,1.73,1.717,1.688,1.77,1.763,1.715,1.616,1.619,1.651,1.68,1.739,2.045,2.075,2.054,2.074,2.061,1.972,2.011,2.046,2.009,2.042,2.059,2.02,1.966,2.021,2.076,2.078,2.097,2.126,2.091,2.061,2.117,2.169,2.196,2.164,2.16,2.194,2.111,2.174,2.197,2.185,2.185,2.213,2.148,2.074,2.13,2.147,2.156,2.127,2.152,2.111,2.103,2.188,2.2,2.192,2.167,2.171,2.214,2.187,2.211,2.284,2.33,2.37,2.358,2.321,2.24,2.26,2.182,2.24,2.268,2.311,2.306,2.239,2.108,2.134,2.151,2.111,2.119,2.104,2.045,2.067,2.115,2.155,2.165,2.166,2.156,2.105,2.139,2.139,2.131,2.112,2.089,2.089,2.054,2.134,2.169,2.201,2.209,2.223,2.213,2.178,2.685,2.699,2.69,2.68,2.74,2.724,2.618,2.68,2.731,2.76,2.732,2.638,2.59,2.588,2.685,2.705,2.746,2.786,2.778,2.748,2.661,2.69,2.623,2.685,2.728,2.69,2.704,2.602,2.453,2.494,2.61,2.877,2.951,2.974,2.91,2.988,2.987,2.989,3.059,3.029,3.022,2.914,3.008,3.027,2.915,2.928,2.952,2.88,2.86,2.917,2.971,2.877,2.82,2.791,2.835,2.778,2.882,2.926,2.913,2.925,2.908,2.075,2.036,2.048,2.058,2.018,2.041,2.085,2.07,2.025,2.065,2.015,1.949,1.893,1.957,1.942,1.797,1.807,1.765,1.77,1.757,1.781,1.843,1.881,1.923,1.893,1.857,1.864,1.935,1.981,1.869,1.962,1.733,1.865,1.902,1.908,1.862,1.776,1.83,1.8,1.795,1.756,1.698,1.694,1.612,1.757,1.766,1.811,1.823,1.836,1.758,1.669,1.808,1.876,1.979,1.901,1.893,1.841,1.885,2.026,2.094,2.05,1.224,1.181,1.185,1.199,1.268,1.291,1.282,1.258,1.239,1.262,1.177,1.164,1.152,1.136,1.156,1.211,1.222,1.109,1.025,1.026,1.005,1.034,1.089,1.066,1.049,1.083,1.074,1.011,1.031,1.025,1.01,4.553,4.972,5.11,5.194,5.373,5.449,5.627,5.592,5.701,5.71,5.72,5.801,5.85,5.704,5.559,5.226,5.956,5.857,5.702,5.66,5.551,5.314,5.541,5.579,5.605,5.652,5.729,5.678,5.473,5.566,5.53,0.0,0.0,0.0,0.0,0.0,0.0,0.0,0.0,0.0,0.0,0.0,0.0,0.0,0.0,0.0,0.0,0.0,0.0,0.0,0.0,0.0,0.0,0.0,0.0,0.0,0.0,0.0,0.0,0.0,0.0,1.304,1.257,1.226,1.282,1.31,1.336,1.337,1.35,1.331,1.289,1.35,1.364,1.366,1.347,1.305,1.322,1.252,1.223,1.276,1.288,1.28,1.272,1.289,1.211,1.26,1.271,1.268,1.258,1.275,1.262,1.242,2.606,2.606,2.577,2.38,2.305,2.466,2.417,2.548,2.617,2.709,2.635,2.691,2.671,2.628,2.663,2.658,2.689,2.712,2.644,2.645,2.532,2.678,2.719,2.735,2.71,2.69,2.652,2.508,2.555,2.567,2.061,2.002,2.042,2.047,2.003,2.07,2.111,2.105,2.128,2.095,2.077,1.991,2.089,2.158,2.152,2.131,2.12,2.117,2.011,2.155,2.22,2.258,2.281,2.297,2.274,2.206,2.253,2.207,2.153,2.131,2.168,2.36,2.27,2.397,2.463,2.501,2.453,2.443,2.358,2.252,2.327,2.34,2.352,2.398,2.353,2.294,2.293,2.402,2.477,2.478,2.466,2.489,2.356,2.318,2.447,2.461,2.383,2.424,2.459,2.469,2.466,2.511,2.289,2.298,2.21,2.248,2.275,2.243,2.282,2.346,2.303,2.255,2.267,2.262,2.234,2.249,2.264,2.297,2.277,2.289,2.269,2.231,2.289,2.282,2.285,2.349,2.299,2.262,2.178,2.274,3.025,2.963,2.945,3.028,3.076,3.001,2.989,3.011,3.041,3.095,3.135,3.128,3.051,3.119,3.14,3.183,3.171,2.994,3.016,3.075,3.162,3.188,3.206,3.235,3.221,3.2,3.1,3.158,3.188,3.247,3.266,3.485,3.481,3.373,3.493,3.529,3.464,3.519,3.499,3.512,3.401,3.47,3.52,3.527,3.493,3.457,3.507,3.347,3.438,3.498,3.472,3.485,3.493,3.489,3.379,3.497,3.538,3.574,3.551,3.519,3.428,3.074,3.15,3.139,3.214,3.211,3.296,3.275,3.129,3.177,3.128,3.142,3.138,3.108,3.078,2.993,3.115,3.189,3.279,3.247,3.112,2.838,2.637,2.605,2.836,3.047,3.067,3.021,2.994,2.969,3.135,3.18,2.256,2.278,2.276,2.25,2.195,2.256,2.271,2.222,2.202,2.255,2.232,2.167,2.274,2.306,2.244,2.194,2.162,2.11,1.959,1.965,1.981,2.139,2.222,2.196,2.152,2.09,2.212,2.243,2.153,2.005,1.984,2.017,1.966,2.114,2.123,2.12,2.127,2.087,2.0,1.873,1.945,1.949,1.979,1.95,1.955,1.959,1.874,2.016,2.047,2.011,1.888,1.945,1.895,1.761,1.894,2.019,2.042,2.026,2.062,1.995,1.876,2.477,2.54,2.645,2.643,2.551,2.475,2.354,2.412,2.41,2.409,2.27,2.393,2.484,2.316,2.196,2.352,2.488,2.573,2.542,2.51,2.402,2.533,2.596,2.573,2.616,2.701,2.613,2.502,2.683,2.753,2.735,2.391,2.414,2.402,2.261,2.376,2.413,2.423,2.39,2.328,2.27,2.119,2.153,2.162,2.163,2.13,2.024,2.093,2.108,2.227,2.223,2.196,2.104,2.071,2.044,2.05,2.232,2.249,2.242,2.274,2.28,2.651,2.532,2.687,2.768,2.624,2.662,2.649,2.664,2.575,2.657,2.633,2.678,2.681,2.658,2.62,2.53,2.731,2.758,2.762,2.753,2.718,2.646,2.489,2.347,2.298,2.462,2.598,2.651,2.665,2.591,2.619,3.119,3.159,3.132,3.182,3.171,3.105,3.151,3.175,3.176,3.175,3.178,3.083,3.007,3.03,3.111,3.157,3.181,3.209,3.219,3.094,3.207,3.252,3.245,3.243,3.244,3.247,3.176,3.257,3.217,3.221,2.476,2.512,2.517,2.428,2.48,2.537,2.567,2.505,2.486,2.39,2.327,2.45,2.453,2.468,2.514,2.565,2.584,2.526,2.625,2.634,2.613,2.624,2.667,2.65,2.559,2.611,2.66,2.703,2.712,2.681,2.653,2.598,2.668,2.658,2.613,2.646,2.665,2.681,2.656,2.699,2.703,2.728,2.735,2.75,2.653,2.547,2.619,2.672,2.723,2.699,2.732,2.7,2.622,2.641,2.688,2.668,2.493,2.574,2.65,2.583,2.617,2.62,2.483,2.517,2.598,2.59,2.531,2.547,2.591,2.655,2.619,2.623,2.635,2.513,2.633,2.677,2.643,2.637,2.672,2.655,2.585,2.658,2.682,2.673,2.718,2.74,2.686,2.629,2.742,2.714,3.331,3.344,3.412,3.379,3.247,3.313,3.129,3.053,3.168,3.351,3.391,3.305,3.478,3.495,3.485,3.41,3.222,3.047,2.829,3.046,3.164,3.248,3.314,3.332,3.41,3.28,3.405,3.445,3.462,3.445,3.314,3.151,3.11,3.245,3.381,3.393,3.414,3.465,3.387,3.301,3.439,3.507,3.533,3.576,3.541,3.507,3.379,3.468,3.562,3.526,3.481,3.41,3.317,3.048,3.243,3.396,3.399,3.429,3.425,3.296,3.006,3.088,3.207,3.34,3.347,3.453,3.503,3.374,3.512,3.627,3.668,3.723,3.697,3.643,3.45,3.515,3.648,3.742,3.651,3.815,3.773,3.639,3.735,3.761,3.526,3.357,3.216,3.306,3.442,3.607,3.67,3.588,2.539,2.586,2.688,2.493,2.618,2.644,2.7,2.736,2.715,2.612,2.5,2.603,2.589,2.542,2.576,2.646,2.598,2.473,2.554,2.57,2.612,2.628,2.624,2.54,2.328,2.339,2.41,2.385,2.325,2.273,3.284,3.254,3.477,3.496,3.408,3.29,3.343,3.229,3.193,3.461,3.464,3.522,3.469,3.446,3.378,3.285,3.4,3.378,3.3,3.39,3.428,3.27,3.11,3.29,3.318,3.175,3.103,3.018,2.929,2.951,3.146,4.306,4.242,4.299,4.455,4.578,4.328,4.379,4.539,4.669,4.773,4.949,4.759,4.616,4.803,4.718,4.922,4.969,4.929,4.805,4.773,4.927,4.965,4.74,4.707,4.853,4.866,4.752,4.865,5.098,5.185,5.234,2.058,2.021,1.959,1.926,1.964,1.933,1.826,1.796,1.769,1.686,1.783,1.862,1.922,1.996,1.935,1.818,1.682,1.734,1.774,1.84,1.865,1.833,1.759,1.633,1.743,1.83,1.857,1.854,1.876,1.85,3.218,3.193,3.329,3.414,3.455,3.492,3.547,3.535,3.589,3.638,3.706,3.728,3.734,3.703,3.583,3.607,3.508,3.636,3.676,3.685,3.636,3.5,3.479,3.4,3.517,3.628,3.64,3.665,3.524,3.573,3.633,3.469,3.447,3.467,3.405,3.296,3.362,3.393,3.406,3.385,3.265,3.063,2.78,2.726,2.915,3.0,3.077,3.12,3.188,3.081,3.149,3.22,3.246,3.291,3.222,3.131,2.918,2.926,2.969,2.979,2.906,3.015,2.96,2.865,2.895,2.877,3.004,3.09,3.141,3.101,2.996,3.149,3.205,3.211,3.18,3.221,3.216,3.052,3.076,3.199,3.268,3.29,3.371,3.286,3.134,3.248,3.312,3.304,3.272,3.336,3.384,3.27,2.77,2.82,2.893,2.89,2.9,2.825,2.702,2.794,2.791,2.84,2.857,2.899,2.939,2.807,2.832,2.929,2.958,2.961,2.975,2.996,2.932,2.942,2.983,2.965,2.765,2.584,2.668,2.747,2.677,2.712,2.716,2.162,2.192,2.262,2.255,2.203,2.218,2.256,2.312,2.28,2.284,2.295,2.188,2.292,2.331,2.301,2.296,2.327,2.311,2.251,2.314,2.335,2.327,2.366,2.386,2.339,2.289,2.388,2.362,2.087,3.689,3.702,3.778,3.742,3.596,3.669,3.464,3.38,3.508,3.711,3.755,3.659,3.851,3.87,3.86,3.776,3.568,3.374,3.133,3.373,3.504,3.596,3.669,3.69,3.776,3.632,3.77,3.814,3.834,3.815,3.67,2.761,2.725,2.844,2.962,2.973,2.991,3.036,2.968,2.893,3.013,3.073,3.095,3.133,3.102,3.073,2.961,3.039,3.121,3.09,3.05,2.988,2.906,2.671,2.842,2.975,2.979,3.005,3.001,2.888,2.634,3.141,3.262,3.397,3.404,3.512,3.563,3.431,3.572,3.689,3.73,3.787,3.76,3.705,3.509,3.575,3.71,3.806,3.713,3.88,3.838,3.701,3.799,3.825,3.587,3.414,3.271,3.362,3.5,3.669,3.733,3.649,2.539,2.586,2.688,2.493,2.618,2.644,2.7,2.736,2.715,2.612,2.5,2.603,2.589,2.542,2.576,2.646,2.598,2.473,2.554,2.57,2.612,2.628,2.624,2.54,2.328,2.339,2.41,2.385,2.325,2.273,3.333,3.302,3.528,3.548,3.458,3.338,3.392,3.276,3.24,3.512,3.514,3.574,3.52,3.497,3.428,3.333,3.45,3.428,3.348,3.44,3.478,3.318,3.156,3.338,3.367,3.221,3.148,3.062,2.972,2.994,3.192,2.158,2.126,2.155,2.233,2.295,2.169,2.195,2.275,2.341,2.393,2.481,2.386,2.314,2.408,2.365,2.467,2.491,2.471,2.409,2.392,2.47,2.489,2.376,2.36,2.433,2.439,2.382,2.438,2.555,2.599,2.624,1.411,1.386,1.343,1.32,1.346,1.325,1.252,1.231,1.213,1.156,1.222,1.276,1.318,1.368,1.326,1.246,1.153,1.188,1.216,1.262,1.278,1.257,1.206,1.119,1.195,1.255,1.273,1.271,1.286,1.268,3.218,3.193,3.329,3.414,3.455,3.492,3.547,3.535,3.589,3.638,3.706,3.728,3.734,3.703,3.583,3.607,3.508,3.636,3.676,3.685,3.636,3.5,3.479,3.4,3.517,3.628,3.64,3.665,3.524,3.573,3.633,3.469,3.447,3.467,3.405,3.296,3.362,3.393,3.406,3.385,3.265,3.063,2.78,2.726,2.915,3.0,3.077,3.12,3.188,3.081,3.149,3.22,3.246,3.291,3.222,3.131,2.918,2.926,2.969,2.979,2.906,3.015,2.96,2.865,2.895,2.877,3.004,3.09,3.141,3.101,2.996,3.149,3.205,3.211,3.18,3.221,3.216,3.052,3.076,3.199,3.268,3.29,3.371,3.286,3.134,3.248,3.312,3.304,3.272,3.336,3.384,3.27
Guntur_8,3.95,3.977,4.052,4.062,3.911,3.933,4.019,4.024,3.944,3.9,3.971,3.972,4.021,3.949,3.834,3.814,3.992,3.974,3.813,3.975,4.004,3.915,3.959,4.055,4.099,3.911,4.037,4.096,4.127,4.155,4.121,4.048,3.854,3.977,4.08,4.081,4.077,4.123,3.981,3.893,3.96,3.978,4.02,4.162,4.155,4.196,4.02,4.119,4.203,4.186,4.095,3.953,3.986,3.881,4.012,4.083,4.127,4.078,4.054,4.008,3.8,3.908,3.951,3.889,3.828,3.851,3.903,3.789,3.76,3.487,3.623,3.844,3.867,3.842,3.694,3.823,3.945,3.928,4.354,4.29,4.139,4.072,4.0,4.162,4.31,4.358,4.34,4.318,4.184,4.074,4.065,4.426,4.524,4.555,4.526,4.35,4.569,4.591,4.568,4.597,4.632,4.546,4.437,4.69,4.604,4.571,4.438,4.405,4.363,4.216,4.48,4.503,4.392,4.462,4.509,4.465,4.378,4.54,4.545,4.553,4.474,3.935,3.944,3.887,4.0,3.985,4.034,4.141,4.136,4.111,3.948,3.884,3.917,3.903,3.871,3.893,3.848,3.86,3.614,3.784,3.897,3.777,3.726,3.823,3.883,3.712,3.801,3.865,3.976,3.965,3.875,3.785,3.985,4.035,4.024,4.134,4.103,4.128,4.05,4.306,4.383,4.439,4.385,4.397,4.269,4.123,4.331,4.327,4.395,4.455,4.363,4.335,4.168,4.407,4.52,4.464,4.463,4.311,4.219,4.091,4.284,4.498,0.0,0.0,0.0,0.0,0.0,0.0,0.0,0.0,0.0,0.0,0.0,0.0,0.0,0.0,0.0,0.0,0.0,0.0,0.0,0.0,0.0,0.0,0.0,0.0,0.0,0.0,0.0,0.0,0.0,0.0,0.0,0.0,0.0,0.0,0.0,0.0,0.0,0.0,0.0,0.0,0.0,0.0,0.0,0.0,0.0,0.0,0.0,0.0,0.0,0.0,0.0,0.0,0.0,0.0,0.0,0.0,0.0,0.0,0.0,0.0,0.0,0.0,5.93,5.951,5.953,6.068,6.115,5.795,5.857,6.02,6.29,6.201,6.12,5.924,5.744,5.807,5.906,5.989,5.876,5.832,5.99,5.726,5.829,5.75,5.648,5.827,5.856,5.595,5.41,5.827,5.951,5.902,3.265,3.244,3.34,3.236,3.296,3.395,3.508,3.557,3.558,3.453,3.262,3.296,3.347,3.204,3.259,3.296,3.369,3.282,3.359,3.363,3.35,3.286,3.203,3.199,3.036,3.097,3.257,3.321,3.395,3.459,3.431,2.7,2.795,2.825,2.815,2.787,2.85,2.808,2.695,2.751,2.741,2.722,2.769,2.719,2.475,2.404,2.422,2.581,2.656,2.701,2.721,2.7,2.654,2.784,2.772,2.696,2.54,2.546,2.596,2.642,2.734,2.92,2.963,2.932,2.961,2.943,2.816,2.872,2.921,2.869,2.915,2.94,2.884,2.807,2.886,2.964,2.967,2.995,3.036,2.985,2.943,3.022,3.097,3.136,3.089,3.085,3.133,3.014,3.104,3.137,3.12,3.12,3.684,3.577,3.452,3.547,3.575,3.589,3.54,3.583,3.513,3.5,3.643,3.662,3.649,3.607,3.614,3.686,3.641,3.68,3.803,3.878,3.945,3.925,3.864,3.729,3.762,3.633,3.729,3.776,3.847,3.839,3.727,3.58,3.624,3.653,3.586,3.599,3.573,3.473,3.511,3.592,3.66,3.677,3.679,3.662,3.575,3.633,3.633,3.62,3.588,3.547,3.548,3.489,3.625,3.684,3.739,3.752,3.776,3.758,3.699,3.821,3.841,3.828,3.814,3.899,3.877,3.726,3.813,3.886,3.928,3.888,3.754,3.686,3.684,3.821,3.85,3.908,3.965,3.953,3.911,3.788,3.828,3.732,3.822,3.883,3.829,3.848,3.704,3.492,3.55,3.715,4.195,4.302,4.336,4.243,4.356,4.355,4.359,4.46,4.417,4.407,4.249,4.386,4.414,4.25,4.269,4.304,4.199,4.17,4.253,4.332,4.194,4.111,4.069,4.133,4.05,4.203,4.266,4.248,4.266,4.241,3.623,3.555,3.576,3.593,3.524,3.564,3.64,3.614,3.536,3.605,3.518,3.403,3.304,3.416,3.391,3.138,3.155,3.082,3.09,3.067,3.11,3.217,3.284,3.358,3.305,3.243,3.255,3.379,3.46,3.263,3.425,3.085,3.322,3.386,3.397,3.316,3.162,3.258,3.206,3.196,3.128,3.024,3.016,2.87,3.129,3.144,3.224,3.246,3.269,3.13,2.971,3.219,3.341,3.524,3.386,3.371,3.278,3.357,3.608,3.73,3.65,3.586,3.462,3.472,3.515,3.715,3.785,3.758,3.686,3.631,3.698,3.45,3.412,3.376,3.331,3.388,3.55,3.582,3.249,3.003,3.006,2.944,3.032,3.192,3.125,3.075,3.175,3.147,2.963,3.021,3.005,2.96,7.509,8.2,8.427,8.565,8.861,8.986,9.279,9.223,9.402,9.417,9.433,9.566,9.647,9.407,9.167,8.619,9.822,9.658,9.404,9.335,9.155,8.763,9.137,9.2,9.243,9.321,9.448,9.364,9.025,9.179,9.12,0.0,0.0,0.0,0.0,0.0,0.0,0.0,0.0,0.0,0.0,0.0,0.0,0.0,0.0,0.0,0.0,0.0,0.0,0.0,0.0,0.0,0.0,0.0,0.0,0.0,0.0,0.0,0.0,0.0,0.0,3.412,3.289,3.209,3.356,3.429,3.497,3.499,3.533,3.482,3.372,3.532,3.569,3.575,3.525,3.415,3.459,3.277,3.2,3.34,3.371,3.35,3.33,3.373,3.169,3.298,3.326,3.318,3.293,3.336,3.302,3.249,2.606,2.606,2.577,2.38,2.305,2.466,2.417,2.548,2.617,2.709,2.635,2.691,2.671,2.628,2.663,2.658,2.689,2.712,2.644,2.645,2.532,2.678,2.719,2.735,2.71,2.69,2.652,2.508,2.555,2.567,3.587,3.485,3.555,3.562,3.486,3.602,3.674,3.664,3.704,3.647,3.615,3.465,3.636,3.756,3.745,3.709,3.69,3.684,3.5,3.752,3.863,3.93,3.969,3.999,3.959,3.84,3.921,3.841,3.748,3.709,3.773,3.8,3.655,3.861,3.967,4.027,3.951,3.934,3.798,3.626,3.748,3.769,3.787,3.863,3.79,3.694,3.693,3.869,3.989,3.991,3.972,4.008,3.794,3.733,3.94,3.964,3.838,3.904,3.96,3.976,3.972,4.045,4.029,4.045,3.889,3.956,4.004,3.947,4.016,4.128,4.053,3.968,3.99,3.98,3.932,3.957,3.984,4.042,4.007,4.028,3.993,3.926,4.027,4.015,4.021,4.134,4.046,3.981,3.832,4.001,4.52,4.427,4.401,4.524,4.597,4.484,4.467,4.499,4.544,4.624,4.685,4.673,4.559,4.661,4.692,4.756,4.738,4.474,4.507,4.595,4.725,4.764,4.79,4.834,4.813,4.781,4.633,4.719,4.763,4.851,4.881,4.806,4.801,4.652,4.817,4.867,4.777,4.853,4.825,4.843,4.69,4.785,4.854,4.864,4.817,4.767,4.836,4.615,4.741,4.824,4.788,4.806,4.817,4.811,4.659,4.822,4.879,4.929,4.896,4.852,4.727,4.427,4.536,4.521,4.628,4.623,4.746,4.717,4.506,4.575,4.504,4.524,4.519,4.476,4.432,4.311,4.485,4.593,4.721,4.676,4.481,4.086,3.797,3.751,4.084,4.388,4.416,4.35,4.312,4.275,4.515,4.58,5.261,5.314,5.307,5.248,5.12,5.26,5.295,5.183,5.134,5.259,5.206,5.055,5.303,5.378,5.234,5.117,5.043,4.922,4.568,4.582,4.62,4.988,5.182,5.121,5.02,4.874,5.158,5.23,5.022,4.676,4.626,4.705,4.585,4.929,4.95,4.945,4.961,4.868,4.664,4.369,4.535,4.546,4.616,4.548,4.559,4.568,4.371,4.702,4.774,4.689,4.402,4.535,4.418,4.106,4.418,4.708,4.762,4.725,4.808,4.652,4.375,5.378,5.515,5.743,5.738,5.538,5.375,5.113,5.238,5.233,5.23,4.93,5.197,5.394,5.029,4.769,5.107,5.402,5.587,5.52,5.451,5.215,5.499,5.637,5.587,5.68,5.866,5.674,5.433,5.826,5.978,5.939,4.35,4.392,4.369,4.113,4.323,4.391,4.409,4.349,4.236,4.129,3.856,3.917,3.934,3.936,3.876,3.683,3.808,3.836,4.052,4.045,3.995,3.829,3.768,3.718,3.731,4.061,4.093,4.079,4.137,4.148,4.058,3.877,4.114,4.238,4.017,4.075,4.055,4.079,3.943,4.068,4.031,4.1,4.104,4.07,4.011,3.873,4.181,4.222,4.229,4.215,4.161,4.051,3.81,3.593,3.518,3.769,3.977,4.059,4.08,3.967,4.009,3.476,3.521,3.49,3.547,3.535,3.461,3.512,3.539,3.54,3.539,3.542,3.436,3.352,3.378,3.467,3.519,3.545,3.576,3.588,3.449,3.575,3.625,3.617,3.615,3.616,3.62,3.54,3.631,3.586,3.59,4.263,4.325,4.333,4.181,4.27,4.368,4.42,4.313,4.281,4.116,4.006,4.218,4.224,4.25,4.329,4.416,4.448,4.349,4.52,4.535,4.5,4.518,4.592,4.563,4.406,4.495,4.58,4.653,4.67,4.616,4.567,4.051,4.161,4.144,4.075,4.126,4.156,4.18,4.142,4.209,4.215,4.253,4.264,4.289,4.137,3.972,4.084,4.167,4.246,4.208,4.261,4.21,4.088,4.119,4.192,4.16,3.888,4.014,4.133,4.028,4.081,4.086,3.909,3.962,4.089,4.077,3.983,4.009,4.079,4.18,4.122,4.129,4.148,3.956,4.144,4.213,4.16,4.15,4.206,4.179,4.069,4.183,4.222,4.208,4.278,4.313,4.228,4.138,4.317,4.271,4.578,4.595,4.689,4.644,4.463,4.553,4.299,4.195,4.354,4.606,4.66,4.541,4.779,4.802,4.79,4.686,4.427,4.188,3.888,4.186,4.348,4.463,4.554,4.579,4.686,4.507,4.679,4.734,4.758,4.735,4.554,4.347,4.291,4.477,4.664,4.68,4.709,4.78,4.673,4.554,4.744,4.838,4.874,4.933,4.884,4.838,4.661,4.784,4.914,4.864,4.803,4.705,4.576,4.205,4.474,4.685,4.69,4.731,4.725,4.547,4.147,4.013,4.168,4.34,4.35,4.487,4.553,4.384,4.564,4.714,4.766,4.839,4.804,4.734,4.484,4.569,4.74,4.863,4.745,4.957,4.904,4.729,4.855,4.888,4.583,4.363,4.18,4.296,4.473,4.688,4.77,4.663,4.203,4.281,4.45,4.126,4.333,4.377,4.469,4.529,4.493,4.323,4.138,4.308,4.286,4.207,4.264,4.379,4.299,4.094,4.227,4.254,4.324,4.35,4.343,4.205,3.853,3.872,3.989,3.948,3.849,3.762,4.638,4.595,4.91,4.938,4.813,4.646,4.721,4.559,4.509,4.888,4.891,4.973,4.899,4.866,4.771,4.638,4.801,4.77,4.66,4.787,4.841,4.617,4.392,4.646,4.686,4.483,4.381,4.261,4.136,4.167,4.443,4.306,4.242,4.299,4.455,4.578,4.328,4.379,4.539,4.669,4.773,4.949,4.759,4.616,4.803,4.718,4.922,4.969,4.929,4.805,4.773,4.927,4.965,4.74,4.707,4.853,4.866,4.752,4.865,5.098,5.185,5.234,5.801,5.698,5.523,5.428,5.536,5.45,5.148,5.063,4.987,4.752,5.026,5.248,5.419,5.628,5.455,5.126,4.74,4.888,5.001,5.188,5.258,5.168,4.959,4.603,4.913,5.159,5.234,5.226,5.288,5.215,4.008,3.977,4.147,4.252,4.303,4.349,4.418,4.403,4.47,4.532,4.616,4.643,4.651,4.612,4.463,4.493,4.369,4.529,4.579,4.59,4.529,4.359,4.333,4.234,4.381,4.519,4.533,4.565,4.389,4.451,4.525,3.94,3.915,3.938,3.867,3.744,3.819,3.854,3.868,3.844,3.708,3.479,3.157,3.096,3.31,3.407,3.495,3.544,3.62,3.499,3.576,3.657,3.686,3.738,3.659,3.556,3.314,3.324,3.372,3.383,3.301,3.972,3.899,3.775,3.814,3.79,3.958,4.071,4.137,4.085,3.947,4.148,4.222,4.23,4.189,4.244,4.237,4.021,4.053,4.215,4.306,4.334,4.441,4.33,4.129,4.279,4.364,4.353,4.311,4.395,4.458,4.308,4.251,4.327,4.439,4.435,4.45,4.335,4.146,4.287,4.283,4.358,4.384,4.448,4.51,4.308,4.346,4.495,4.54,4.543,4.565,4.598,4.5,4.514,4.578,4.55,4.244,3.966,4.094,4.216,4.109,4.163,4.167,3.657,3.706,3.825,3.814,3.726,3.751,3.816,3.91,3.856,3.863,3.881,3.701,3.877,3.942,3.891,3.882,3.935,3.909,3.807,3.913,3.949,3.936,4.002,4.034,3.955,3.871,4.038,3.995,3.529,4.533,4.55,4.643,4.598,4.419,4.508,4.257,4.154,4.311,4.56,4.614,4.497,4.732,4.755,4.743,4.64,4.384,4.147,3.85,4.145,4.305,4.419,4.509,4.534,4.64,4.463,4.633,4.687,4.711,4.688,4.509,5.284,5.215,5.441,5.669,5.689,5.724,5.809,5.68,5.535,5.766,5.881,5.923,5.996,5.936,5.88,5.665,5.815,5.972,5.912,5.837,5.718,5.562,5.11,5.438,5.694,5.7,5.75,5.743,5.526,5.04,4.654,4.834,5.034,5.045,5.204,5.28,5.085,5.293,5.467,5.528,5.612,5.572,5.49,5.201,5.299,5.498,5.641,5.503,5.75,5.687,5.485,5.63,5.669,5.315,5.06,4.847,4.983,5.187,5.437,5.532,5.408,4.203,4.281,4.45,4.126,4.333,4.377,4.469,4.529,4.493,4.323,4.138,4.308,4.286,4.207,4.264,4.379,4.299,4.094,4.227,4.254,4.324,4.35,4.343,4.205,3.853,3.872,3.989,3.948,3.849,3.762,4.939,4.893,5.228,5.258,5.125,4.947,5.028,4.855,4.801,5.205,5.208,5.296,5.217,5.182,5.08,4.939,5.113,5.08,4.962,5.098,5.155,4.917,4.677,4.947,4.99,4.774,4.666,4.538,4.404,4.437,4.731,4.608,4.54,4.601,4.768,4.899,4.631,4.686,4.857,4.997,5.108,5.296,5.093,4.939,5.14,5.049,5.267,5.317,5.275,5.142,5.107,5.272,5.314,5.072,5.037,5.194,5.207,5.086,5.206,5.455,5.549,5.601,3.198,3.141,3.044,2.992,3.052,3.004,2.838,2.791,2.749,2.62,2.77,2.893,2.987,3.102,3.007,2.825,2.613,2.694,2.756,2.86,2.898,2.849,2.733,2.537,2.708,2.844,2.885,2.881,2.915,2.875,4.008,3.977,4.147,4.252,4.303,4.349,4.418,4.403,4.47,4.532,4.616,4.643,4.651,4.612,4.463,4.493,4.369,4.529,4.579,4.59,4.529,4.359,4.333,4.234,4.381,4.519,4.533,4.565,4.389,4.451,4.525,3.94,3.915,3.938,3.867,3.744,3.819,3.854,3.868,3.844,3.708,3.479,3.157,3.096,3.31,3.407,3.495,3.544,3.62,3.499,3.576,3.657,3.686,3.738,3.659,3.556,3.314,3.324,3.372,3.383,3.301,3.972,3.899,3.775,3.814,3.79,3.958,4.071,4.137,4.085,3.947,4.148,4.222,4.23,4.189,4.244,4.237,4.021,4.053,4.215,4.306,4.334,4.441,4.33,4.129,4.279,4.364,4.353,4.311,4.395,4.458,4.308
Guntur_9,4.303,4.332,4.414,4.425,4.261,4.285,4.378,4.384,4.296,4.248,4.326,4.328,4.38,4.303,4.177,4.155,4.349,4.329,4.154,4.331,4.363,4.265,4.313,4.417,4.465,4.261,4.398,4.463,4.497,4.527,4.49,4.325,4.117,4.249,4.359,4.359,4.356,4.404,4.253,4.159,4.231,4.25,4.294,4.446,4.439,4.483,4.295,4.4,4.49,4.472,4.374,4.223,4.259,4.146,4.286,4.362,4.409,4.356,4.331,4.282,4.699,4.833,4.886,4.809,4.733,4.762,4.827,4.685,4.65,4.312,4.481,4.753,4.782,4.751,4.569,4.728,4.878,4.858,5.385,5.306,5.118,5.036,4.946,5.147,5.33,5.389,5.368,5.339,5.173,5.038,5.027,5.245,5.361,5.398,5.364,5.156,5.415,5.441,5.413,5.449,5.49,5.387,5.259,5.559,5.457,5.418,5.26,5.221,5.17,4.997,5.309,5.337,5.206,5.289,5.344,5.292,5.189,5.381,5.386,5.396,5.303,4.652,4.663,4.595,4.729,4.711,4.769,4.896,4.89,4.86,4.667,4.592,4.631,4.614,4.576,4.602,4.549,4.563,4.272,4.473,4.607,4.465,4.404,4.52,4.591,4.389,4.493,4.57,4.7,4.687,4.581,4.474,3.985,4.035,4.024,4.134,4.103,4.128,4.05,4.306,4.383,4.439,4.385,4.397,4.269,4.123,4.331,4.327,4.395,4.455,4.363,4.335,4.168,4.407,4.52,4.464,4.463,4.311,4.219,4.091,4.284,4.498,0.0,0.0,0.0,0.0,0.0,0.0,0.0,0.0,0.0,0.0,0.0,0.0,0.0,0.0,0.0,0.0,0.0,0.0,0.0,0.0,0.0,0.0,0.0,0.0,0.0,0.0,0.0,0.0,0.0,0.0,0.0,0.0,0.0,0.0,0.0,0.0,0.0,0.0,0.0,0.0,0.0,0.0,0.0,0.0,0.0,0.0,0.0,0.0,0.0,0.0,0.0,0.0,0.0,0.0,0.0,0.0,0.0,0.0,0.0,0.0,0.0,0.0,2.662,2.671,2.672,2.723,2.745,2.601,2.629,2.702,2.823,2.783,2.747,2.659,2.578,2.606,2.651,2.688,2.637,2.618,2.688,2.57,2.616,2.58,2.535,2.615,2.628,2.511,2.428,2.615,2.671,2.649,3.966,3.941,4.058,3.931,4.005,4.124,4.262,4.321,4.322,4.194,3.963,4.004,4.066,3.892,3.959,4.004,4.093,3.988,4.081,4.085,4.07,3.992,3.892,3.886,3.688,3.762,3.957,4.034,4.125,4.202,4.169,4.016,4.156,4.2,4.186,4.144,4.237,4.176,4.008,4.09,4.076,4.047,4.118,4.043,3.68,3.575,3.602,3.838,3.949,4.016,4.046,4.014,3.947,4.139,4.122,4.009,3.778,3.786,3.86,3.929,4.066,4.139,4.199,4.156,4.196,4.171,3.991,4.07,4.14,4.066,4.131,4.167,4.087,3.978,4.09,4.201,4.205,4.244,4.303,4.231,4.171,4.283,4.389,4.445,4.378,4.372,4.44,4.271,4.399,4.446,4.422,4.423,4.413,4.284,4.136,4.249,4.282,4.299,4.241,4.292,4.209,4.193,4.364,4.387,4.372,4.321,4.329,4.416,4.362,4.408,4.555,4.646,4.726,4.701,4.629,4.467,4.507,4.352,4.467,4.523,4.609,4.599,4.464,5.675,5.745,5.791,5.685,5.706,5.663,5.505,5.565,5.694,5.802,5.829,5.832,5.805,5.667,5.759,5.759,5.738,5.687,5.623,5.625,5.531,5.746,5.84,5.927,5.947,5.986,5.958,5.863,4.422,4.445,4.43,4.413,4.512,4.487,4.312,4.413,4.497,4.545,4.499,4.344,4.265,4.263,4.422,4.455,4.522,4.589,4.575,4.526,4.383,4.429,4.319,4.422,4.493,4.431,4.453,4.286,4.041,4.108,4.299,5.083,5.214,5.255,5.142,5.279,5.278,5.282,5.405,5.353,5.341,5.149,5.315,5.349,5.151,5.173,5.216,5.089,5.054,5.154,5.25,5.083,4.982,4.931,5.009,4.908,5.093,5.17,5.148,5.169,5.139,3.814,3.742,3.765,3.783,3.71,3.752,3.832,3.805,3.723,3.795,3.703,3.582,3.479,3.596,3.57,3.303,3.321,3.245,3.253,3.229,3.274,3.387,3.457,3.535,3.479,3.414,3.427,3.558,3.642,3.435,3.606,4.237,4.561,4.65,4.664,4.553,4.342,4.474,4.402,4.389,4.295,4.153,4.142,3.941,4.297,4.317,4.428,4.457,4.489,4.298,4.08,4.42,4.588,4.839,4.649,4.629,4.501,4.61,4.954,5.121,5.012,3.586,3.462,3.472,3.515,3.715,3.785,3.758,3.686,3.631,3.698,3.45,3.412,3.376,3.331,3.388,3.55,3.582,3.249,3.003,3.006,2.944,3.032,3.192,3.125,3.075,3.175,3.147,2.963,3.021,3.005,2.96,7.509,8.2,8.427,8.565,8.861,8.986,9.279,9.223,9.402,9.417,9.433,9.566,9.647,9.407,9.167,8.619,9.822,9.658,9.404,9.335,9.155,8.763,9.137,9.2,9.243,9.321,9.448,9.364,9.025,9.179,9.12,0.0,0.0,0.0,0.0,0.0,0.0,0.0,0.0,0.0,0.0,0.0,0.0,0.0,0.0,0.0,0.0,0.0,0.0,0.0,0.0,0.0,0.0,0.0,0.0,0.0,0.0,0.0,0.0,0.0,0.0,4.3,4.144,4.043,4.229,4.321,4.407,4.409,4.453,4.388,4.25,4.451,4.498,4.505,4.442,4.303,4.359,4.13,4.032,4.209,4.249,4.222,4.196,4.251,3.994,4.156,4.191,4.181,4.15,4.204,4.162,4.095,4.498,4.497,4.447,4.108,3.979,4.256,4.172,4.398,4.517,4.676,4.547,4.645,4.611,4.535,4.596,4.588,4.641,4.681,4.563,4.566,4.37,4.622,4.692,4.72,4.678,4.642,4.578,4.33,4.411,4.431,4.272,4.151,4.234,4.243,4.152,4.29,4.376,4.364,4.411,4.344,4.305,4.127,4.33,4.474,4.461,4.418,4.395,4.388,4.169,4.468,4.602,4.681,4.728,4.763,4.715,4.574,4.67,4.574,4.464,4.417,4.494,4.287,4.123,4.355,4.475,4.542,4.456,4.438,4.283,4.09,4.227,4.251,4.272,4.357,4.274,4.167,4.165,4.364,4.499,4.502,4.48,4.521,4.28,4.211,4.445,4.471,4.329,4.403,4.466,4.484,4.48,4.562,5.904,5.927,5.7,5.798,5.868,5.784,5.886,6.049,5.94,5.815,5.847,5.833,5.762,5.799,5.839,5.924,5.873,5.903,5.852,5.754,5.902,5.885,5.892,6.058,5.93,5.834,5.616,5.864,5.525,5.412,5.381,5.531,5.62,5.482,5.461,5.501,5.555,5.653,5.727,5.713,5.574,5.699,5.736,5.814,5.792,5.47,5.51,5.617,5.776,5.824,5.857,5.91,5.885,5.845,5.664,5.769,5.824,5.931,5.967,6.067,6.06,5.872,6.081,6.144,6.031,6.127,6.091,6.114,5.921,6.04,6.128,6.141,6.081,6.018,6.105,5.826,5.985,6.09,6.044,6.067,6.081,6.074,5.882,6.087,6.159,6.222,6.181,6.126,5.967,4.788,4.906,4.889,5.006,5.001,5.133,5.101,4.873,4.948,4.871,4.894,4.887,4.841,4.794,4.662,4.851,4.967,5.107,5.057,4.846,4.419,4.107,4.057,4.417,4.746,4.776,4.704,4.664,4.624,4.883,4.954,5.261,5.314,5.307,5.248,5.12,5.26,5.295,5.183,5.134,5.259,5.206,5.055,5.303,5.378,5.234,5.117,5.043,4.922,4.568,4.582,4.62,4.988,5.182,5.121,5.02,4.874,5.158,5.23,5.022,4.676,4.626,4.705,4.585,4.929,4.95,4.945,4.961,4.868,4.664,4.369,4.535,4.546,4.616,4.548,4.559,4.568,4.371,4.702,4.774,4.689,4.402,4.535,4.418,4.106,4.418,4.708,4.762,4.725,4.808,4.652,4.375,5.378,5.515,5.743,5.738,5.538,5.375,5.113,5.238,5.233,5.23,4.93,5.197,5.394,5.029,4.769,5.107,5.402,5.587,5.52,5.451,5.215,5.499,5.637,5.587,5.68,5.866,5.674,5.433,5.826,5.978,5.939,4.711,4.756,4.732,4.454,4.681,4.755,4.775,4.71,4.588,4.472,4.176,4.242,4.26,4.262,4.197,3.989,4.124,4.154,4.388,4.381,4.327,4.147,4.081,4.027,4.04,4.398,4.432,4.417,4.48,4.492,4.734,4.522,4.798,4.943,4.686,4.753,4.73,4.758,4.599,4.745,4.702,4.782,4.787,4.747,4.679,4.517,4.877,4.924,4.933,4.917,4.854,4.725,4.444,4.191,4.103,4.397,4.639,4.734,4.759,4.628,4.676,4.358,4.414,4.375,4.446,4.431,4.339,4.402,4.437,4.438,4.436,4.44,4.307,4.202,4.234,4.346,4.411,4.444,4.483,4.498,4.323,4.481,4.544,4.534,4.532,4.533,4.537,4.437,4.551,4.495,4.5,4.849,4.921,4.929,4.756,4.857,4.969,5.028,4.906,4.87,4.682,4.557,4.798,4.805,4.835,4.925,5.024,5.06,4.947,5.142,5.159,5.119,5.14,5.224,5.191,5.013,5.114,5.211,5.293,5.312,5.251,5.196,4.65,4.776,4.757,4.677,4.736,4.771,4.799,4.755,4.832,4.839,4.882,4.895,4.923,4.748,4.559,4.688,4.783,4.874,4.831,4.891,4.833,4.693,4.728,4.812,4.776,4.463,4.607,4.744,4.624,4.684,4.69,4.922,4.989,5.149,5.134,5.016,5.049,5.136,5.263,5.191,5.199,5.224,4.982,5.219,5.306,5.238,5.226,5.297,5.262,5.124,5.267,5.316,5.299,5.387,5.431,5.324,5.211,5.436,5.378,5.057,5.075,5.18,5.13,4.93,5.029,4.749,4.634,4.809,5.087,5.147,5.016,5.279,5.305,5.291,5.176,4.891,4.626,4.295,4.624,4.803,4.93,5.03,5.058,5.176,4.979,5.168,5.229,5.255,5.23,5.031,5.127,5.06,5.28,5.5,5.52,5.554,5.636,5.511,5.371,5.595,5.706,5.747,5.818,5.76,5.705,5.497,5.642,5.795,5.737,5.664,5.548,5.396,4.959,5.277,5.524,5.53,5.579,5.572,5.362,4.89,4.511,4.685,4.878,4.889,5.044,5.117,4.928,5.13,5.298,5.357,5.439,5.4,5.321,5.04,5.135,5.328,5.466,5.333,5.572,5.512,5.316,5.457,5.494,5.151,4.904,4.698,4.829,5.027,5.27,5.362,5.241,4.722,4.809,4.999,4.635,4.868,4.917,5.021,5.088,5.048,4.856,4.648,4.839,4.814,4.726,4.79,4.919,4.83,4.599,4.749,4.778,4.857,4.887,4.879,4.723,4.328,4.35,4.482,4.435,4.324,4.227,4.638,4.595,4.91,4.938,4.813,4.646,4.721,4.559,4.509,4.888,4.891,4.973,4.899,4.866,4.771,4.638,4.801,4.77,4.66,4.787,4.841,4.617,4.392,4.646,4.686,4.483,4.381,4.261,4.136,4.167,4.443,7.25,7.143,7.239,7.501,7.709,7.287,7.374,7.643,7.862,8.037,8.333,8.013,7.772,8.087,7.944,8.287,8.367,8.299,8.091,8.036,8.295,8.361,7.981,7.926,8.172,8.193,8.002,8.191,8.584,8.731,8.813,5.282,5.189,5.029,4.943,5.041,4.962,4.687,4.61,4.541,4.327,4.576,4.778,4.934,5.124,4.967,4.667,4.316,4.45,4.553,4.724,4.787,4.705,4.515,4.191,4.473,4.698,4.766,4.759,4.815,4.748,4.683,4.647,4.846,4.969,5.029,5.082,5.163,5.145,5.224,5.296,5.394,5.426,5.435,5.389,5.215,5.25,5.106,5.292,5.351,5.364,5.293,5.094,5.064,4.948,5.119,5.28,5.297,5.335,5.129,5.201,5.287,4.792,4.761,4.789,4.703,4.553,4.644,4.687,4.704,4.675,4.509,4.231,3.84,3.765,4.026,4.144,4.25,4.31,4.403,4.256,4.349,4.448,4.483,4.546,4.45,4.324,4.03,4.042,4.101,4.115,4.014,4.16,4.084,3.954,3.995,3.97,4.146,4.264,4.334,4.279,4.134,4.345,4.422,4.431,4.388,4.445,4.438,4.211,4.245,4.415,4.51,4.54,4.652,4.535,4.325,4.482,4.571,4.56,4.515,4.603,4.67,4.512,4.523,4.605,4.724,4.72,4.735,4.613,4.413,4.563,4.558,4.638,4.665,4.734,4.799,4.584,4.625,4.783,4.831,4.835,4.858,4.894,4.788,4.804,4.872,4.842,4.516,4.221,4.357,4.486,4.372,4.43,4.435,4.561,4.623,4.77,4.757,4.647,4.678,4.759,4.876,4.81,4.817,4.84,4.616,4.835,4.916,4.853,4.842,4.908,4.876,4.748,4.88,4.925,4.909,4.991,5.032,4.933,4.828,5.036,4.983,4.401,5.558,5.579,5.693,5.638,5.418,5.528,5.22,5.093,5.286,5.592,5.657,5.514,5.802,5.831,5.815,5.689,5.376,5.085,4.721,5.083,5.279,5.419,5.529,5.56,5.69,5.472,5.681,5.747,5.776,5.748,5.529,6.193,6.112,6.377,6.644,6.667,6.709,6.808,6.657,6.487,6.758,6.892,6.943,7.028,6.958,6.891,6.64,6.815,7.0,6.929,6.841,6.702,6.518,5.99,6.374,6.673,6.68,6.739,6.731,6.477,5.907,5.732,5.953,6.199,6.213,6.409,6.503,6.262,6.518,6.733,6.808,6.911,6.862,6.761,6.404,6.525,6.771,6.946,6.777,7.081,7.004,6.755,6.934,6.982,6.546,6.232,5.97,6.136,6.388,6.696,6.813,6.659,4.722,4.809,4.999,4.635,4.868,4.917,5.021,5.088,5.048,4.856,4.648,4.839,4.814,4.726,4.79,4.919,4.83,4.599,4.749,4.778,4.857,4.887,4.879,4.723,4.328,4.35,4.482,4.435,4.324,4.227,6.082,6.026,6.438,6.475,6.311,6.092,6.191,5.979,5.912,6.41,6.414,6.522,6.425,6.382,6.256,6.083,6.296,6.256,6.111,6.278,6.348,6.055,5.76,6.093,6.145,5.879,5.746,5.588,5.424,5.465,5.826,6.676,6.577,6.666,6.908,7.099,6.71,6.79,7.038,7.24,7.4,7.674,7.379,7.157,7.447,7.315,7.631,7.705,7.643,7.451,7.4,7.639,7.699,7.349,7.298,7.525,7.545,7.369,7.543,7.904,8.04,8.116,9.612,9.442,9.151,8.995,9.174,9.03,8.53,8.39,8.263,7.875,8.328,8.695,8.979,9.325,9.039,8.493,7.855,8.099,8.286,8.597,8.712,8.563,8.217,7.627,8.14,8.549,8.673,8.66,8.762,8.641,4.683,4.647,4.846,4.969,5.029,5.082,5.163,5.145,5.224,5.296,5.394,5.426,5.435,5.389,5.215,5.25,5.106,5.292,5.351,5.364,5.293,5.094,5.064,4.948,5.119,5.28,5.297,5.335,5.129,5.201,5.287,4.792,4.761,4.789,4.703,4.553,4.644,4.687,4.704,4.675,4.509,4.231,3.84,3.765,4.026,4.144,4.25,4.31,4.403,4.256,4.349,4.448,4.483,4.546,4.45,4.324,4.03,4.042,4.101,4.115,4.014,4.16,4.084,3.954,3.995,3.97,4.146,4.264,4.334,4.279,4.134,4.345,4.422,4.431,4.388,4.445,4.438,4.211,4.245,4.415,4.51,4.54,4.652,4.535,4.325,4.482,4.571,4.56,4.515,4.603,4.67,4.512
Guntur_10,8.782,8.842,9.009,9.032,8.696,8.746,8.936,8.948,8.769,8.671,8.83,8.833,8.941,8.782,8.526,8.48,8.876,8.836,8.479,8.84,8.904,8.706,8.803,9.016,9.114,8.697,8.977,9.109,9.178,9.24,9.164,10.35,9.853,10.168,10.431,10.433,10.424,10.54,10.178,9.954,10.125,10.172,10.277,10.641,10.623,10.728,10.279,10.531,10.746,10.702,10.469,10.105,10.192,9.923,10.257,10.439,10.553,10.426,10.365,10.247,9.89,10.172,10.284,10.123,9.963,10.024,10.16,9.862,9.788,9.077,9.431,10.005,10.066,10.001,9.616,9.952,10.268,10.225,11.334,11.168,10.772,10.599,10.411,10.834,11.219,11.343,11.298,11.239,10.889,10.604,10.581,11.343,11.594,11.674,11.599,11.149,11.71,11.767,11.707,11.783,11.871,11.65,11.373,12.021,11.8,11.716,11.374,11.291,11.181,10.806,11.482,11.542,11.258,11.437,11.556,11.444,11.221,11.636,11.648,11.669,11.468,10.542,10.566,10.412,10.717,10.676,10.807,11.094,11.081,11.013,10.576,10.407,10.495,10.456,10.371,10.43,10.309,10.342,9.681,10.137,10.441,10.119,9.981,10.243,10.403,9.946,10.182,10.356,10.652,10.622,10.38,10.14,8.317,8.422,8.399,8.629,8.563,8.616,8.454,8.987,9.148,9.266,9.152,9.177,8.91,8.605,9.039,9.031,9.173,9.299,9.108,9.049,8.699,9.198,9.435,9.318,9.316,8.998,8.806,8.539,8.942,9.389,0.0,0.0,0.0,0.0,0.0,0.0,0.0,0.0,0.0,0.0,0.0,0.0,0.0,0.0,0.0,0.0,0.0,0.0,0.0,0.0,0.0,0.0,0.0,0.0,0.0,0.0,0.0,0.0,0.0,0.0,0.0,0.0,0.0,0.0,0.0,0.0,0.0,0.0,0.0,0.0,0.0,0.0,0.0,0.0,0.0,0.0,0.0,0.0,0.0,0.0,0.0,0.0,0.0,0.0,0.0,0.0,0.0,0.0,0.0,0.0,0.0,0.0,13.476,13.523,13.528,13.789,13.897,13.168,13.311,13.681,14.293,14.091,13.907,13.462,13.053,13.197,13.42,13.61,13.352,13.254,13.611,13.012,13.245,13.065,12.834,13.242,13.306,12.714,12.294,13.241,13.523,13.411,6.919,6.876,7.079,6.858,6.986,7.195,7.435,7.538,7.54,7.317,6.914,6.986,7.094,6.79,6.907,6.985,7.141,6.956,7.12,7.127,7.1,6.964,6.789,6.78,6.434,6.563,6.902,7.038,7.196,7.331,7.272,9.761,10.102,10.21,10.177,10.073,10.3,10.151,9.742,9.942,9.908,9.838,10.01,9.828,8.946,8.691,8.755,9.33,9.599,9.762,9.836,9.758,9.594,10.062,10.021,9.746,9.183,9.203,9.383,9.55,9.884,6.994,7.097,7.023,7.092,7.048,6.744,6.879,6.997,6.872,6.982,7.042,6.908,6.722,6.913,7.1,7.106,7.173,7.272,7.15,7.049,7.238,7.417,7.511,7.399,7.389,7.504,7.219,7.435,7.514,7.474,7.474,7.016,6.812,6.575,6.755,6.808,6.835,6.743,6.824,6.691,6.666,6.937,6.975,6.951,6.869,6.882,7.02,6.935,7.009,7.242,7.386,7.513,7.475,7.359,7.101,7.166,6.919,7.102,7.191,7.327,7.312,7.097,6.648,6.73,6.784,6.659,6.684,6.634,6.449,6.519,6.671,6.797,6.828,6.832,6.8,6.639,6.746,6.746,6.722,6.662,6.587,6.589,6.479,6.731,6.841,6.943,6.966,7.012,6.979,6.868,6.297,6.329,6.307,6.284,6.425,6.388,6.139,6.284,6.404,6.472,6.406,6.185,6.073,6.07,6.297,6.343,6.439,6.534,6.514,6.445,6.241,6.307,6.15,6.297,6.398,6.309,6.341,6.103,5.753,5.849,6.121,8.209,8.419,8.485,8.304,8.525,8.522,8.53,8.729,8.644,8.624,8.314,8.583,8.638,8.318,8.354,8.423,8.218,8.161,8.323,8.478,8.208,8.046,7.963,8.088,7.926,8.225,8.348,8.313,8.348,8.298,8.72,8.557,8.609,8.65,8.484,8.58,8.763,8.7,8.513,8.679,8.468,8.192,7.955,8.224,8.163,7.554,7.594,7.42,7.438,7.383,7.486,7.745,7.904,8.084,7.955,7.806,7.836,8.135,8.328,7.854,8.245,10.011,10.777,10.987,11.02,10.758,10.259,10.571,10.401,10.371,10.148,9.812,9.787,9.312,10.152,10.201,10.462,10.531,10.606,10.156,9.641,10.444,10.84,11.434,10.984,10.937,10.635,10.893,11.706,12.101,11.841,16.891,16.308,16.356,16.556,17.499,17.826,17.699,17.362,17.105,17.416,16.25,16.074,15.9,15.688,15.958,16.721,16.871,15.305,14.144,14.16,13.868,14.281,15.038,14.717,14.485,14.957,14.824,13.959,14.23,14.156,13.942,3.955,4.319,4.439,4.512,4.668,4.734,4.888,4.858,4.953,4.96,4.969,5.039,5.082,4.955,4.829,4.54,5.174,5.088,4.954,4.917,4.822,4.616,4.813,4.846,4.869,4.91,4.977,4.933,4.754,4.835,4.804,0.0,0.0,0.0,0.0,0.0,0.0,0.0,0.0,0.0,0.0,0.0,0.0,0.0,0.0,0.0,0.0,0.0,0.0,0.0,0.0,0.0,0.0,0.0,0.0,0.0,0.0,0.0,0.0,0.0,0.0,4.183,4.032,3.934,4.115,4.204,4.288,4.289,4.332,4.27,4.135,4.331,4.376,4.383,4.322,4.187,4.24,4.018,3.923,4.095,4.133,4.107,4.082,4.136,3.885,4.043,4.077,4.068,4.038,4.09,4.049,3.984,4.075,4.075,4.029,3.722,3.605,3.856,3.78,3.985,4.092,4.236,4.12,4.209,4.177,4.109,4.164,4.157,4.205,4.241,4.134,4.137,3.96,4.188,4.251,4.276,4.238,4.206,4.147,3.923,3.996,4.015,4.469,4.343,4.429,4.438,4.344,4.488,4.578,4.565,4.615,4.544,4.504,4.318,4.53,4.68,4.667,4.622,4.598,4.591,4.361,4.675,4.814,4.897,4.946,4.982,4.933,4.785,4.886,4.786,4.67,4.621,4.701,6.895,6.632,7.005,7.198,7.307,7.168,7.138,6.89,6.58,6.799,6.838,6.871,7.008,6.876,6.703,6.7,7.02,7.237,7.242,7.207,7.272,6.884,6.773,7.149,7.192,6.964,7.083,7.184,7.213,7.206,7.338,7.111,7.139,6.865,6.983,7.067,6.966,7.089,7.285,7.155,7.003,7.042,7.025,6.94,6.985,7.033,7.134,7.073,7.11,7.048,6.93,7.108,7.088,7.097,7.296,7.142,7.026,6.764,7.062,6.231,6.103,6.068,6.237,6.337,6.183,6.158,6.203,6.264,6.375,6.459,6.443,6.286,6.426,6.468,6.556,6.532,6.168,6.213,6.335,6.514,6.568,6.604,6.664,6.636,6.591,6.387,6.506,6.567,6.689,6.729,5.411,5.405,5.237,5.424,5.479,5.378,5.464,5.433,5.453,5.281,5.387,5.465,5.477,5.423,5.367,5.445,5.196,5.337,5.431,5.391,5.411,5.424,5.417,5.246,5.429,5.493,5.549,5.513,5.463,5.322,8.893,9.112,9.08,9.296,9.287,9.533,9.474,9.05,9.189,9.047,9.088,9.076,8.991,8.903,8.659,9.01,9.225,9.484,9.392,9.0,8.207,7.627,7.535,8.203,8.814,8.87,8.737,8.661,8.587,9.068,9.2,6.996,7.066,7.058,6.978,6.808,6.995,7.042,6.893,6.828,6.994,6.924,6.722,7.052,7.152,6.96,6.805,6.706,6.545,6.075,6.093,6.144,6.633,6.891,6.811,6.676,6.481,6.859,6.956,6.678,6.218,6.152,6.256,6.098,6.555,6.583,6.576,6.597,6.473,6.202,5.81,6.031,6.045,6.139,6.048,6.063,6.075,5.812,6.253,6.349,6.236,5.854,6.031,5.876,5.461,5.876,6.261,6.332,6.283,6.394,6.186,5.818,8.867,9.093,9.468,9.461,9.131,8.861,8.429,8.636,8.627,8.623,8.127,8.568,8.893,8.29,7.862,8.42,8.906,9.212,9.101,8.986,8.599,9.067,9.294,9.211,9.365,9.67,9.354,8.957,9.605,9.856,9.792,6.033,6.09,6.059,5.703,5.994,6.089,6.113,6.031,5.874,5.726,5.347,5.432,5.455,5.458,5.375,5.107,5.281,5.319,5.619,5.609,5.54,5.309,5.225,5.156,5.173,5.632,5.675,5.656,5.737,5.752,6.716,6.415,6.807,7.012,6.647,6.743,6.711,6.749,6.524,6.731,6.67,6.784,6.791,6.735,6.637,6.408,6.919,6.986,6.998,6.975,6.886,6.704,6.304,5.946,5.821,6.238,6.582,6.717,6.751,6.565,6.634,5.523,5.594,5.545,5.635,5.615,5.499,5.579,5.623,5.624,5.622,5.627,5.459,5.325,5.366,5.508,5.591,5.632,5.682,5.7,5.478,5.679,5.759,5.746,5.743,5.745,5.75,5.624,5.768,5.697,5.704,5.022,5.095,5.104,4.925,5.03,5.146,5.207,5.08,5.043,4.848,4.719,4.968,4.976,5.006,5.1,5.202,5.24,5.123,5.324,5.342,5.301,5.323,5.41,5.375,5.191,5.295,5.396,5.481,5.501,5.438,5.38,5.67,5.824,5.801,5.703,5.775,5.817,5.851,5.798,5.892,5.9,5.953,5.969,6.003,5.79,5.559,5.716,5.832,5.943,5.89,5.964,5.893,5.722,5.765,5.867,5.823,5.442,5.618,5.785,5.638,5.712,5.719,9.444,9.572,9.878,9.85,9.623,9.687,9.854,10.098,9.959,9.975,10.022,9.558,10.013,10.179,10.05,10.027,10.162,10.096,9.831,10.106,10.199,10.166,10.335,10.419,10.214,9.998,10.429,10.319,8.317,8.348,8.52,8.438,8.108,8.273,7.812,7.622,7.911,8.368,8.466,8.251,8.683,8.725,8.703,8.514,8.044,7.609,7.064,7.606,7.901,8.11,8.274,8.32,8.514,8.189,8.501,8.601,8.644,8.602,8.275,8.298,8.191,8.546,8.903,8.934,8.989,9.123,8.92,8.693,9.055,9.236,9.303,9.417,9.323,9.234,8.898,9.132,9.38,9.285,9.167,8.98,8.735,8.026,8.541,8.942,8.951,9.031,9.019,8.679,7.916,7.044,7.316,7.618,7.635,7.876,7.991,7.695,8.01,8.274,8.366,8.493,8.432,8.309,7.87,8.019,8.32,8.536,8.328,8.701,8.607,8.301,8.521,8.579,8.044,7.658,7.336,7.54,7.85,8.229,8.372,8.184,10.124,10.311,10.718,9.937,10.437,10.543,10.765,10.908,10.822,10.412,9.966,10.376,10.322,10.133,10.27,10.548,10.356,9.861,10.182,10.245,10.414,10.478,10.46,10.127,9.28,9.326,9.609,9.51,9.271,9.062,6.517,6.456,6.898,6.938,6.762,6.527,6.634,6.406,6.335,6.868,6.872,6.988,6.884,6.838,6.703,6.517,6.746,6.703,6.548,6.727,6.802,6.488,6.172,6.528,6.584,6.299,6.156,5.988,5.812,5.855,6.243,10.774,10.614,10.757,11.147,11.455,10.828,10.957,11.357,11.683,11.943,12.384,11.908,11.55,12.018,11.805,12.315,12.433,12.333,12.024,11.942,12.327,12.424,11.86,11.778,12.144,12.176,11.891,12.172,12.756,12.975,13.097,6.992,6.868,6.656,6.543,6.673,6.568,6.205,6.103,6.011,5.728,6.057,6.325,6.531,6.783,6.575,6.178,5.714,5.891,6.027,6.253,6.337,6.228,5.977,5.548,5.921,6.218,6.309,6.299,6.373,6.285,6.639,6.588,6.87,7.044,7.129,7.205,7.319,7.294,7.405,7.507,7.647,7.692,7.704,7.64,7.393,7.443,7.238,7.503,7.585,7.605,7.503,7.221,7.179,7.015,7.257,7.486,7.51,7.563,7.271,7.373,7.496,6.267,6.227,6.263,6.151,5.954,6.074,6.129,6.152,6.114,5.897,5.534,5.022,4.924,5.265,5.419,5.558,5.637,5.758,5.566,5.688,5.817,5.863,5.945,5.819,5.655,5.271,5.286,5.364,5.381,5.25,5.395,5.296,5.127,5.181,5.148,5.376,5.53,5.62,5.549,5.361,5.635,5.735,5.746,5.69,5.765,5.755,5.461,5.505,5.725,5.849,5.887,6.033,5.881,5.609,5.812,5.927,5.913,5.855,5.97,6.056,5.852,6.747,6.869,7.047,7.041,7.064,6.881,6.582,6.806,6.799,6.918,6.959,7.061,7.159,6.838,6.898,7.135,7.207,7.212,7.247,7.3,7.143,7.166,7.267,7.223,6.737,6.296,6.499,6.692,6.522,6.608,6.616,6.553,6.642,6.855,6.835,6.678,6.722,6.838,7.007,6.911,6.922,6.954,6.632,6.948,7.064,6.974,6.958,7.052,7.006,6.822,7.013,7.078,7.054,7.172,7.23,7.088,6.938,7.237,7.16,6.325,7.433,7.461,7.614,7.541,7.247,7.393,6.982,6.812,7.07,7.479,7.566,7.374,7.76,7.798,7.778,7.609,7.19,6.8,6.314,6.798,7.061,7.248,7.395,7.436,7.61,7.319,7.597,7.687,7.726,7.688,7.395,6.897,6.808,7.103,7.4,7.426,7.472,7.583,7.414,7.225,7.527,7.676,7.732,7.827,7.749,7.675,7.396,7.59,7.796,7.718,7.62,7.464,7.26,6.671,7.099,7.432,7.44,7.506,7.496,7.214,6.579,8.775,9.114,9.491,9.512,9.813,9.956,9.587,9.98,10.308,10.422,10.581,10.505,10.351,9.805,9.99,10.366,10.635,10.375,10.84,10.723,10.342,10.616,10.689,10.021,9.541,9.14,9.394,9.781,10.252,10.431,10.196,10.124,10.311,10.718,9.937,10.437,10.543,10.765,10.908,10.822,10.412,9.966,10.376,10.322,10.133,10.27,10.548,10.356,9.861,10.182,10.245,10.414,10.478,10.46,10.127,9.28,9.326,9.609,9.51,9.271,9.062,9.312,9.226,9.857,9.913,9.662,9.327,9.479,9.154,9.052,9.814,9.82,9.985,9.836,9.771,9.578,9.313,9.639,9.577,9.356,9.612,9.719,9.271,8.819,9.328,9.408,9.001,8.797,8.556,8.304,8.366,8.92,6.904,6.802,6.893,7.143,7.34,6.939,7.021,7.278,7.486,7.653,7.935,7.63,7.401,7.701,7.564,7.891,7.967,7.903,7.705,7.652,7.899,7.961,7.6,7.547,7.782,7.802,7.62,7.8,8.174,8.314,8.392,5.093,5.003,4.849,4.766,4.861,4.785,4.52,4.446,4.379,4.173,4.413,4.608,4.758,4.941,4.79,4.5,4.162,4.291,4.39,4.555,4.616,4.537,4.354,4.041,4.313,4.53,4.596,4.589,4.643,4.579,6.639,6.588,6.87,7.044,7.129,7.205,7.319,7.294,7.405,7.507,7.647,7.692,7.704,7.64,7.393,7.443,7.238,7.503,7.585,7.605,7.503,7.221,7.179,7.015,7.257,7.486,7.51,7.563,7.271,7.373,7.496,6.267,6.227,6.263,6.151,5.954,6.074,6.129,6.152,6.114,5.897,5.534,5.022,4.924,5.265,5.419,5.558,5.637,5.758,5.566,5.688,5.817,5.863,5.945,5.819,5.655,5.271,5.286,5.364,5.381,5.25,5.395,5.296,5.127,5.181,5.148,5.376,5.53,5.62,5.549,5.361,5.635,5.735,5.746,5.69,5.765,5.755,5.461,5.505,5.725,5.849,5.887,6.033,5.881,5.609,5.812,5.927,5.913,5.855,5.97,6.056,5.852
Guntur_11,10.044,10.113,10.304,10.329,9.946,10.003,10.22,10.234,10.029,9.917,10.098,10.102,10.225,10.044,9.751,9.698,10.151,10.106,9.697,10.11,10.183,9.956,10.068,10.312,10.423,9.947,10.267,10.417,10.497,10.567,10.48,12.309,11.718,12.093,12.406,12.408,12.397,12.536,12.105,11.839,12.041,12.097,12.222,12.655,12.634,12.759,12.224,12.524,12.78,12.728,12.451,12.019,12.121,11.802,12.198,12.415,12.55,12.399,12.327,12.187,12.021,12.363,12.5,12.303,12.109,12.184,12.349,11.987,11.897,11.033,11.463,12.16,12.234,12.156,11.688,12.096,12.48,12.428,13.775,13.574,13.093,12.883,12.655,13.168,13.636,13.787,13.732,13.66,13.235,12.889,12.86,11.818,12.08,12.163,12.085,11.616,12.201,12.26,12.197,12.276,12.369,12.138,11.85,12.524,12.295,12.207,11.851,11.764,11.65,11.259,11.963,12.026,11.73,11.916,12.04,11.924,11.691,12.123,12.136,12.158,11.948,12.912,12.943,12.754,13.127,13.077,13.238,13.589,13.573,13.49,12.954,12.747,12.855,12.807,12.703,12.776,12.627,12.667,11.858,12.416,12.789,12.394,12.226,12.546,12.743,12.182,12.472,12.684,13.047,13.011,12.715,12.42,10.21,10.339,10.311,10.593,10.512,10.577,10.378,11.032,11.23,11.375,11.235,11.266,10.937,10.563,11.096,11.087,11.26,11.415,11.18,11.108,10.678,11.291,11.582,11.438,11.435,11.046,10.81,10.482,10.977,11.526,0.0,0.0,0.0,0.0,0.0,0.0,0.0,0.0,0.0,0.0,0.0,0.0,0.0,0.0,0.0,0.0,0.0,0.0,0.0,0.0,0.0,0.0,0.0,0.0,0.0,0.0,0.0,0.0,0.0,0.0,0.0,0.0,0.0,0.0,0.0,0.0,0.0,0.0,0.0,0.0,0.0,0.0,0.0,0.0,0.0,0.0,0.0,0.0,0.0,0.0,0.0,0.0,0.0,0.0,0.0,0.0,0.0,0.0,0.0,0.0,0.0,0.0,6.593,6.616,6.619,6.747,6.799,6.442,6.512,6.693,6.993,6.894,6.804,6.587,6.386,6.457,6.566,6.659,6.532,6.485,6.659,6.366,6.48,6.392,6.279,6.479,6.51,6.221,6.015,6.478,6.616,6.562,9.552,9.492,9.772,9.467,9.644,9.933,10.264,10.406,10.409,10.102,9.544,9.643,9.793,9.373,9.536,9.642,9.858,9.603,9.829,9.839,9.801,9.614,9.372,9.359,8.882,9.061,9.529,9.715,9.934,10.12,10.039,11.625,12.031,12.16,12.12,11.997,12.267,12.089,11.603,11.841,11.8,11.716,11.922,11.704,10.654,10.351,10.427,11.112,11.432,11.627,11.714,11.622,11.426,11.983,11.935,11.607,10.936,10.961,11.175,11.373,11.772,9.045,9.178,9.082,9.171,9.115,8.721,8.895,9.048,8.886,9.029,9.107,8.933,8.693,8.94,9.181,9.19,9.276,9.404,9.246,9.116,9.361,9.592,9.713,9.568,9.555,9.703,9.335,9.614,9.717,9.665,9.665,9.478,9.202,8.883,9.125,9.198,9.234,9.109,9.218,9.04,9.006,9.372,9.423,9.39,9.28,9.297,9.484,9.369,9.468,9.784,9.979,10.15,10.098,9.942,9.594,9.68,9.348,9.594,9.714,9.898,9.878,9.588,12.388,12.541,12.641,12.409,12.454,12.362,12.016,12.148,12.43,12.665,12.723,12.73,12.672,12.371,12.57,12.571,12.526,12.414,12.275,12.278,12.073,12.543,12.748,12.938,12.981,13.066,13.005,12.798,13.339,13.406,13.362,13.312,13.611,13.533,13.006,13.311,13.566,13.71,13.57,13.102,12.865,12.858,13.339,13.437,13.641,13.841,13.799,13.653,13.221,13.361,13.028,13.339,13.553,13.365,13.433,12.928,12.188,12.39,12.967,15.514,15.911,16.037,15.693,16.112,16.106,16.12,16.496,16.337,16.299,15.713,16.22,16.324,15.72,15.788,15.918,15.531,15.424,15.729,16.023,15.512,15.206,15.049,15.286,14.98,15.544,15.777,15.71,15.776,15.683,12.402,12.17,12.244,12.303,12.066,12.203,12.463,12.373,12.107,12.344,12.043,11.65,11.313,11.696,11.61,10.743,10.801,10.553,10.578,10.501,10.647,11.015,11.242,11.497,11.314,11.102,11.145,11.57,11.844,11.17,11.726,10.832,11.662,11.889,11.925,11.641,11.102,11.439,11.255,11.222,10.981,10.617,10.59,10.076,10.985,11.038,11.32,11.395,11.476,10.99,10.432,11.302,11.729,12.373,11.886,11.834,11.508,11.787,12.666,13.094,12.813,16.891,16.308,16.356,16.556,17.499,17.826,17.699,17.362,17.105,17.416,16.25,16.074,15.9,15.688,15.958,16.721,16.871,15.305,14.144,14.16,13.868,14.281,15.038,14.717,14.485,14.957,14.824,13.959,14.23,14.156,13.942,18.005,19.663,20.208,20.539,21.249,21.549,22.252,22.116,22.546,22.581,22.621,22.94,23.134,22.558,21.983,20.669,23.552,23.161,22.55,22.384,21.953,21.014,21.911,22.061,22.165,22.353,22.657,22.455,21.643,22.01,21.869,0.0,0.0,0.0,0.0,0.0,0.0,0.0,0.0,0.0,0.0,0.0,0.0,0.0,0.0,0.0,0.0,0.0,0.0,0.0,0.0,0.0,0.0,0.0,0.0,0.0,0.0,0.0,0.0,0.0,0.0,10.297,9.925,9.683,10.129,10.349,10.554,10.559,10.663,10.51,10.177,10.66,10.772,10.79,10.638,10.306,10.438,9.891,9.656,10.079,10.175,10.111,10.049,10.18,9.564,9.953,10.037,10.012,9.939,10.068,9.966,9.806,7.97,7.969,7.88,7.28,7.051,7.541,7.393,7.793,8.003,8.285,8.058,8.231,8.17,8.036,8.144,8.131,8.223,8.295,8.085,8.09,7.744,8.19,8.315,8.364,8.289,8.226,8.112,7.672,7.815,7.852,8.087,7.858,8.015,8.032,7.861,8.122,8.283,8.261,8.35,8.223,8.15,7.813,8.197,8.469,8.445,8.363,8.32,8.307,7.892,8.459,8.711,8.861,8.95,9.016,8.926,8.658,8.841,8.66,8.45,8.362,8.507,9.516,9.152,9.667,9.933,10.084,9.892,9.851,9.509,9.08,9.383,9.437,9.483,9.672,9.489,9.25,9.246,9.687,9.988,9.994,9.946,10.036,9.501,9.348,9.867,9.926,9.611,9.775,9.915,9.955,9.945,10.127,10.234,10.275,9.881,10.051,10.171,10.026,10.203,10.486,10.297,10.08,10.135,10.11,9.988,10.053,10.122,10.268,10.18,10.233,10.144,9.974,10.231,10.201,10.214,10.501,10.279,10.112,9.735,10.165,9.465,9.271,9.217,9.474,9.627,9.392,9.355,9.423,9.516,9.685,9.811,9.787,9.548,9.762,9.826,9.96,9.922,9.37,9.438,9.623,9.895,9.977,10.032,10.124,10.081,10.013,9.702,9.883,9.976,10.16,10.222,11.222,11.21,10.862,11.249,11.364,11.155,11.332,11.267,11.309,10.953,11.173,11.335,11.359,11.248,11.131,11.292,10.777,11.07,11.264,11.18,11.223,11.249,11.235,10.879,11.26,11.393,11.51,11.433,11.331,11.038,8.301,8.505,8.476,8.677,8.669,8.899,8.844,8.448,8.577,8.445,8.483,8.472,8.392,8.311,8.082,8.41,8.611,8.852,8.767,8.401,7.661,7.119,7.034,7.657,8.228,8.28,8.155,8.085,8.016,8.465,8.587,6.491,6.557,6.549,6.475,6.317,6.491,6.534,6.395,6.335,6.489,6.424,6.237,6.543,6.636,6.458,6.314,6.222,6.073,5.637,5.653,5.701,6.155,6.394,6.319,6.194,6.014,6.364,6.454,6.196,5.769,5.708,5.805,5.658,6.082,6.108,6.101,6.121,6.006,5.755,5.391,5.596,5.609,5.696,5.611,5.625,5.637,5.393,5.801,5.891,5.786,5.432,5.596,5.452,5.067,5.452,5.809,5.876,5.83,5.933,5.74,5.398,9.596,9.84,10.246,10.238,9.881,9.589,9.122,9.346,9.336,9.332,8.795,9.272,9.624,8.972,8.508,9.112,9.638,9.969,9.849,9.725,9.306,9.812,10.058,9.968,10.134,10.465,10.123,9.694,10.395,10.666,10.597,7.508,7.58,7.541,7.098,7.461,7.578,7.609,7.506,7.311,7.127,6.655,6.761,6.789,6.793,6.689,6.357,6.573,6.621,6.994,6.982,6.896,6.608,6.503,6.417,6.439,7.009,7.064,7.04,7.14,7.159,8.919,8.52,9.04,9.312,8.828,8.955,8.912,8.963,8.664,8.939,8.858,9.009,9.019,8.944,8.815,8.51,9.189,9.278,9.293,9.263,9.144,8.902,8.372,7.896,7.73,8.283,8.74,8.92,8.965,8.718,8.81,8.87,8.983,8.906,9.05,9.018,8.831,8.96,9.031,9.033,9.029,9.038,8.767,8.553,8.618,8.846,8.979,9.045,9.125,9.154,8.799,9.121,9.249,9.228,9.224,9.226,9.235,9.032,9.263,9.15,9.16,7.702,7.815,7.829,7.554,7.715,7.892,7.986,7.792,7.735,7.436,7.238,7.62,7.632,7.679,7.821,7.979,8.037,7.858,8.166,8.194,8.13,8.163,8.297,8.244,7.962,8.122,8.276,8.407,8.437,8.34,8.252,9.977,10.247,10.206,10.034,10.16,10.235,10.295,10.201,10.366,10.381,10.474,10.501,10.562,10.187,9.781,10.057,10.261,10.456,10.363,10.492,10.368,10.068,10.144,10.323,10.246,9.575,9.885,10.178,9.919,10.05,10.061,11.02,11.17,11.527,11.493,11.229,11.303,11.499,11.782,11.621,11.64,11.694,11.152,11.683,11.878,11.727,11.7,11.858,11.781,11.472,11.792,11.901,11.862,12.059,12.158,11.919,11.666,12.169,12.04,10.486,10.526,10.742,10.638,10.223,10.43,9.849,9.61,9.974,10.55,10.674,10.403,10.947,11.001,10.972,10.734,10.142,9.593,8.907,9.59,9.961,10.225,10.432,10.49,10.735,10.325,10.718,10.844,10.899,10.846,10.433,10.885,10.744,11.21,11.678,11.719,11.792,11.967,11.7,11.403,11.878,12.115,12.203,12.352,12.23,12.113,11.671,11.979,12.304,12.18,12.025,11.78,11.457,10.528,11.203,11.73,11.742,11.846,11.831,11.385,10.383,9.392,9.754,10.157,10.18,10.501,10.655,10.26,10.68,11.031,11.154,11.324,11.243,11.078,10.493,10.692,11.093,11.381,11.104,11.601,11.476,11.068,11.361,11.439,10.725,10.21,9.781,10.054,10.467,10.971,11.163,10.912,8.38,8.534,8.871,8.225,8.638,8.726,8.91,9.028,8.957,8.618,8.249,8.588,8.544,8.387,8.5,8.73,8.571,8.162,8.428,8.48,8.619,8.672,8.658,8.382,7.681,7.719,7.953,7.871,7.674,7.501,9.905,9.813,10.485,10.544,10.278,9.921,10.082,9.737,9.628,10.439,10.445,10.621,10.463,10.393,10.188,9.906,10.253,10.187,9.952,10.224,10.337,9.861,9.38,9.922,10.007,9.574,9.357,9.101,8.833,8.899,9.488,6.542,6.445,6.531,6.768,6.955,6.575,6.653,6.896,7.094,7.251,7.519,7.23,7.013,7.297,7.167,7.477,7.549,7.489,7.3,7.251,7.485,7.544,7.201,7.151,7.373,7.393,7.22,7.39,7.745,7.878,7.952,12.127,11.913,11.545,11.348,11.574,11.393,10.762,10.585,10.425,9.935,10.507,10.971,11.329,11.765,11.404,10.715,9.91,10.218,10.454,10.846,10.992,10.803,10.367,9.622,10.27,10.786,10.942,10.926,11.054,10.902,9.067,8.997,9.382,9.619,9.736,9.839,9.995,9.961,10.113,10.253,10.443,10.505,10.522,10.433,10.096,10.164,9.885,10.246,10.359,10.385,10.247,9.862,9.804,9.58,9.91,10.223,10.256,10.328,9.93,10.069,10.236,10.159,10.093,10.152,9.97,9.652,9.846,9.935,9.972,9.911,9.559,8.97,8.14,7.981,8.535,8.785,9.01,9.137,9.334,9.022,9.22,9.429,9.504,9.636,9.433,9.167,8.544,8.569,8.694,8.723,8.51,10.368,10.179,9.854,9.957,9.893,10.332,10.627,10.801,10.664,10.304,10.829,11.022,11.043,10.936,11.079,11.059,10.496,10.579,11.003,11.24,11.314,11.594,11.303,10.78,11.171,11.391,11.364,11.253,11.473,11.639,11.246,10.348,10.535,10.807,10.798,10.832,10.552,10.094,10.437,10.426,10.609,10.672,10.828,10.978,10.486,10.579,10.942,11.052,11.06,11.113,11.194,10.954,10.99,11.145,11.077,10.331,9.655,9.967,10.262,10.002,10.133,10.145,12.115,12.28,12.673,12.636,12.346,12.427,12.642,12.954,12.777,12.797,12.857,12.261,12.845,13.059,12.893,12.863,13.037,12.952,12.612,12.965,13.085,13.042,13.259,13.367,13.104,12.826,13.379,13.238,11.692,12.447,12.494,12.75,12.628,12.135,12.381,11.691,11.407,11.839,12.523,12.67,12.349,12.995,13.058,13.024,12.741,12.039,11.387,10.572,11.383,11.824,12.137,12.382,12.452,12.742,12.256,12.722,12.871,12.937,12.874,12.384,10.92,10.778,11.245,11.716,11.756,11.829,12.005,11.738,11.439,11.916,12.153,12.242,12.392,12.269,12.151,11.709,12.017,12.343,12.219,12.064,11.817,11.494,10.561,11.239,11.767,11.779,11.884,11.868,11.421,10.416,12.175,12.645,13.167,13.197,13.614,13.812,13.301,13.846,14.301,14.46,14.68,14.575,14.361,13.603,13.86,14.381,14.754,14.394,15.039,14.877,14.347,14.728,14.829,13.903,13.236,12.68,13.033,13.569,14.223,14.471,14.145,8.38,8.534,8.871,8.225,8.638,8.726,8.91,9.028,8.957,8.618,8.249,8.588,8.544,8.387,8.5,8.73,8.571,8.162,8.428,8.48,8.619,8.672,8.658,8.382,7.681,7.719,7.953,7.871,7.674,7.501,12.919,12.799,13.675,13.753,13.405,12.94,13.151,12.7,12.558,13.616,13.624,13.853,13.647,13.555,13.289,12.92,13.373,13.287,12.98,13.335,13.483,12.862,12.235,12.941,13.052,12.487,12.204,11.87,11.521,11.607,12.376,9.205,9.069,9.191,9.524,9.787,9.251,9.362,9.703,9.982,10.203,10.58,10.174,9.868,10.268,10.086,10.521,10.623,10.537,10.273,10.203,10.532,10.615,10.133,10.063,10.375,10.403,10.16,10.399,10.898,11.085,11.19,7.583,7.448,7.219,7.095,7.237,7.123,6.729,6.618,6.518,6.212,6.569,6.859,7.083,7.356,7.13,6.7,6.196,6.389,6.536,6.782,6.873,6.755,6.482,6.016,6.421,6.744,6.842,6.831,6.912,6.816,9.067,8.997,9.382,9.619,9.736,9.839,9.995,9.961,10.113,10.253,10.443,10.505,10.522,10.433,10.096,10.164,9.885,10.246,10.359,10.385,10.247,9.862,9.804,9.58,9.91,10.223,10.256,10.328,9.93,10.069,10.236,10.159,10.093,10.152,9.97,9.652,9.846,9.935,9.972,9.911,9.559,8.97,8.14,7.981,8.535,8.785,9.01,9.137,9.334,9.022,9.22,9.429,9.504,9.636,9.433,9.167,8.544,8.569,8.694,8.723,8.51,10.368,10.179,9.854,9.957,9.893,10.332,10.627,10.801,10.664,10.304,10.829,11.022,11.043,10.936,11.079,11.059,10.496,10.579,11.003,11.24,11.314,11.594,11.303,10.78,11.171,11.391,11.364,11.253,11.473,11.639,11.246
Guntur_12,5.735,5.774,5.883,5.898,5.679,5.711,5.836,5.843,5.726,5.662,5.766,5.768,5.838,5.735,5.568,5.538,5.796,5.77,5.537,5.773,5.815,5.685,5.749,5.888,5.952,5.68,5.862,5.948,5.993,6.034,5.984,7.755,7.383,7.619,7.816,7.817,7.811,7.898,7.626,7.459,7.586,7.622,7.7,7.973,7.96,8.038,7.702,7.89,8.052,8.019,7.844,7.572,7.636,7.435,7.685,7.822,7.907,7.812,7.766,7.678,7.464,7.676,7.761,7.639,7.519,7.565,7.667,7.443,7.387,6.85,7.117,7.55,7.596,7.548,7.257,7.51,7.749,7.717,8.553,8.428,8.13,7.999,7.857,8.176,8.467,8.56,8.526,8.481,8.218,8.003,7.985,7.147,7.305,7.355,7.308,7.025,7.378,7.414,7.376,7.424,7.48,7.34,7.166,7.574,7.435,7.382,7.167,7.114,7.045,6.808,7.234,7.272,7.093,7.206,7.281,7.21,7.07,7.331,7.339,7.352,7.225,6.004,6.018,5.93,6.104,6.081,6.155,6.319,6.311,6.272,6.024,5.927,5.977,5.955,5.907,5.941,5.871,5.89,5.514,5.773,5.947,5.763,5.685,5.834,5.925,5.665,5.799,5.898,6.067,6.05,5.912,5.775,7.456,7.551,7.53,7.736,7.677,7.725,7.579,8.057,8.201,8.307,8.205,8.227,7.988,7.715,8.104,8.097,8.224,8.336,8.165,8.113,7.799,8.246,8.459,8.353,8.351,8.067,7.895,7.655,8.017,8.417,0.0,0.0,0.0,0.0,0.0,0.0,0.0,0.0,0.0,0.0,0.0,0.0,0.0,0.0,0.0,0.0,0.0,0.0,0.0,0.0,0.0,0.0,0.0,0.0,0.0,0.0,0.0,0.0,0.0,0.0,0.0,0.0,0.0,0.0,0.0,0.0,0.0,0.0,0.0,0.0,0.0,0.0,0.0,0.0,0.0,0.0,0.0,0.0,0.0,0.0,0.0,0.0,0.0,0.0,0.0,0.0,0.0,0.0,0.0,0.0,0.0,0.0,5.594,5.613,5.616,5.724,5.769,5.466,5.525,5.679,5.933,5.849,5.773,5.588,5.418,5.478,5.571,5.649,5.542,5.502,5.65,5.402,5.498,5.424,5.328,5.497,5.524,5.278,5.103,5.496,5.613,5.567,5.724,5.688,5.856,5.673,5.78,5.953,6.151,6.236,6.238,6.054,5.72,5.779,5.869,5.617,5.714,5.778,5.908,5.755,5.89,5.896,5.873,5.761,5.616,5.609,5.323,5.43,5.71,5.822,5.953,6.065,6.016,2.024,2.094,2.117,2.11,2.088,2.136,2.104,2.02,2.061,2.054,2.04,2.075,2.038,1.855,1.802,1.815,1.934,1.99,2.024,2.039,2.023,1.989,2.086,2.078,2.021,1.904,1.908,1.945,1.98,2.049,6.092,6.182,6.118,6.177,6.14,5.875,5.992,6.095,5.986,6.082,6.134,6.017,5.856,6.022,6.184,6.19,6.248,6.335,6.228,6.14,6.305,6.461,6.543,6.445,6.436,6.536,6.288,6.476,6.545,6.51,6.511,6.178,5.998,5.79,5.948,5.995,6.019,5.937,6.009,5.892,5.87,6.109,6.142,6.121,6.049,6.06,6.182,6.107,6.172,6.378,6.504,6.616,6.582,6.48,6.253,6.31,6.093,6.254,6.332,6.452,6.439,6.25,8.626,8.732,8.802,8.641,8.672,8.608,8.367,8.459,8.655,8.819,8.86,8.864,8.824,8.615,8.753,8.753,8.722,8.644,8.547,8.55,8.407,8.734,8.877,9.009,9.039,9.098,9.056,8.912,7.151,7.187,7.163,7.137,7.297,7.255,6.972,7.136,7.272,7.349,7.274,7.024,6.896,6.893,7.151,7.203,7.313,7.42,7.398,7.319,7.088,7.163,6.984,7.151,7.265,7.165,7.201,6.931,6.534,6.642,6.951,7.207,7.392,7.45,7.291,7.485,7.482,7.489,7.663,7.589,7.572,7.3,7.535,7.584,7.303,7.334,7.395,7.215,7.165,7.307,7.444,7.206,7.064,6.991,7.101,6.959,7.221,7.329,7.298,7.329,7.286,6.231,6.114,6.151,6.181,6.062,6.131,6.261,6.216,6.083,6.201,6.05,5.853,5.684,5.876,5.833,5.397,5.426,5.302,5.314,5.275,5.349,5.534,5.648,5.776,5.684,5.578,5.599,5.813,5.95,5.612,5.891,5.081,5.47,5.576,5.593,5.46,5.207,5.365,5.279,5.264,5.15,4.98,4.967,4.726,5.152,5.177,5.31,5.345,5.383,5.155,4.893,5.301,5.502,5.803,5.575,5.551,5.398,5.528,5.941,6.142,6.01,3.155,3.046,3.055,3.092,3.269,3.33,3.306,3.243,3.195,3.253,3.035,3.002,2.97,2.93,2.981,3.123,3.151,2.859,2.642,2.645,2.59,2.667,2.809,2.749,2.706,2.794,2.769,2.607,2.658,2.644,2.604,5.563,6.076,6.244,6.346,6.566,6.658,6.876,6.834,6.966,6.977,6.99,7.088,7.148,6.97,6.793,6.387,7.277,7.156,6.968,6.916,6.783,6.493,6.77,6.817,6.849,6.907,7.001,6.938,6.687,6.801,6.757,0.0,0.0,0.0,0.0,0.0,0.0,0.0,0.0,0.0,0.0,0.0,0.0,0.0,0.0,0.0,0.0,0.0,0.0,0.0,0.0,0.0,0.0,0.0,0.0,0.0,0.0,0.0,0.0,0.0,0.0,7.667,7.39,7.21,7.542,7.706,7.859,7.862,7.94,7.826,7.578,7.938,8.021,8.034,7.921,7.674,7.772,7.365,7.19,7.505,7.576,7.529,7.482,7.58,7.121,7.411,7.473,7.455,7.401,7.496,7.421,7.302,5.107,5.107,5.05,4.665,4.519,4.833,4.738,4.994,5.129,5.309,5.164,5.275,5.236,5.15,5.219,5.211,5.27,5.316,5.182,5.185,4.963,5.249,5.329,5.36,5.312,5.272,5.198,4.917,5.009,5.032,5.196,5.049,5.15,5.16,5.05,5.218,5.322,5.307,5.365,5.283,5.237,5.02,5.267,5.441,5.426,5.373,5.346,5.337,5.07,5.435,5.597,5.693,5.75,5.793,5.735,5.563,5.681,5.564,5.429,5.373,5.466,5.336,5.132,5.421,5.57,5.654,5.547,5.524,5.332,5.092,5.262,5.292,5.318,5.423,5.321,5.187,5.185,5.432,5.601,5.604,5.577,5.628,5.328,5.242,5.533,5.566,5.389,5.481,5.56,5.582,5.577,5.679,5.519,5.541,5.329,5.42,5.485,5.407,5.503,5.655,5.553,5.436,5.466,5.453,5.387,5.422,5.459,5.538,5.49,5.518,5.47,5.379,5.518,5.501,5.508,5.663,5.543,5.454,5.25,5.482,5.882,5.761,5.727,5.887,5.982,5.836,5.813,5.855,5.913,6.018,6.096,6.082,5.933,6.066,6.106,6.189,6.166,5.823,5.865,5.98,6.149,6.199,6.234,6.291,6.264,6.222,6.029,6.141,6.199,6.314,6.352,8.231,8.222,7.967,8.251,8.336,8.182,8.312,8.264,8.295,8.034,8.195,8.314,8.331,8.25,8.165,8.283,7.905,8.12,8.262,8.2,8.232,8.251,8.241,7.98,8.259,8.357,8.442,8.386,8.311,8.096,5.91,6.056,6.035,6.179,6.172,6.336,6.297,6.015,6.107,6.013,6.04,6.033,5.976,5.918,5.755,5.988,6.132,6.303,6.243,5.982,5.455,5.069,5.008,5.452,5.858,5.896,5.807,5.757,5.708,6.027,6.114,3.447,3.481,3.477,3.438,3.354,3.446,3.469,3.396,3.364,3.446,3.411,3.312,3.474,3.523,3.429,3.353,3.304,3.225,2.993,3.002,3.027,3.268,3.395,3.355,3.289,3.193,3.379,3.427,3.29,3.063,3.031,3.082,3.004,3.23,3.243,3.24,3.25,3.189,3.056,2.862,2.971,2.978,3.024,2.98,2.987,2.993,2.863,3.08,3.128,3.072,2.884,2.971,2.895,2.69,2.895,3.085,3.12,3.096,3.15,3.048,2.866,6.348,6.509,6.778,6.773,6.537,6.343,6.034,6.183,6.176,6.173,5.818,6.134,6.366,5.935,5.628,6.028,6.375,6.595,6.515,6.433,6.156,6.491,6.654,6.594,6.704,6.923,6.697,6.412,6.876,7.056,7.01,6.696,6.76,6.726,6.331,6.654,6.759,6.786,6.694,6.521,6.356,5.935,6.03,6.055,6.058,5.966,5.669,5.862,5.905,6.237,6.227,6.15,5.894,5.8,5.723,5.742,6.251,6.3,6.278,6.368,6.385,4.431,4.233,4.491,4.627,4.386,4.449,4.427,4.453,4.304,4.441,4.401,4.476,4.481,4.443,4.379,4.228,4.565,4.609,4.617,4.602,4.543,4.423,4.159,3.923,3.841,4.115,4.342,4.431,4.454,4.331,4.377,6.133,6.212,6.158,6.257,6.236,6.107,6.196,6.244,6.246,6.243,6.249,6.062,5.914,5.959,6.117,6.208,6.254,6.31,6.33,6.084,6.306,6.395,6.381,6.378,6.379,6.385,6.245,6.405,6.326,6.334,4.882,4.953,4.962,4.788,4.89,5.002,5.062,4.939,4.903,4.713,4.588,4.83,4.837,4.867,4.957,5.057,5.094,4.98,5.176,5.193,5.153,5.174,5.259,5.225,5.046,5.148,5.245,5.329,5.348,5.286,5.231,6.157,6.324,6.298,6.192,6.27,6.316,6.353,6.295,6.397,6.406,6.464,6.481,6.518,6.287,6.036,6.207,6.332,6.453,6.396,6.475,6.399,6.213,6.26,6.371,6.323,5.909,6.1,6.281,6.121,6.202,6.209,7.172,7.27,7.502,7.48,7.308,7.356,7.484,7.668,7.563,7.576,7.611,7.258,7.604,7.731,7.632,7.615,7.718,7.667,7.466,7.675,7.746,7.72,7.849,7.913,7.757,7.593,7.92,7.836,6.162,6.185,6.312,6.252,6.008,6.129,5.788,5.647,5.861,6.2,6.272,6.113,6.433,6.465,6.448,6.308,5.96,5.637,5.234,5.635,5.853,6.008,6.13,6.165,6.308,6.067,6.298,6.372,6.404,6.373,6.131,7.673,7.574,7.902,8.233,8.261,8.313,8.436,8.248,8.038,8.373,8.54,8.602,8.708,8.621,8.539,8.228,8.444,8.674,8.586,8.477,8.304,8.077,7.422,7.898,8.269,8.277,8.351,8.34,8.026,7.32,6.265,6.507,6.776,6.791,7.006,7.108,6.845,7.125,7.359,7.441,7.555,7.5,7.39,7.0,7.133,7.401,7.593,7.407,7.74,7.656,7.383,7.579,7.631,7.155,6.812,6.525,6.707,6.983,7.319,7.447,7.279,4.372,4.452,4.628,4.291,4.507,4.552,4.648,4.71,4.673,4.496,4.303,4.48,4.457,4.375,4.435,4.554,4.472,4.258,4.397,4.424,4.497,4.524,4.517,4.373,4.007,4.027,4.149,4.106,4.003,3.913,8.278,8.201,8.762,8.812,8.589,8.291,8.426,8.137,8.046,8.724,8.729,8.876,8.744,8.685,8.514,8.278,8.568,8.513,8.317,8.544,8.639,8.241,7.839,8.291,8.363,8.001,7.819,7.605,7.382,7.437,7.929,6.542,6.445,6.531,6.768,6.955,6.575,6.653,6.896,7.094,7.251,7.519,7.23,7.013,7.297,7.167,7.477,7.549,7.489,7.3,7.251,7.485,7.544,7.201,7.151,7.373,7.393,7.22,7.39,7.745,7.878,7.952,7.303,7.174,6.953,6.834,6.97,6.861,6.481,6.375,6.278,5.983,6.327,6.607,6.822,7.085,6.868,6.453,5.968,6.153,6.295,6.532,6.619,6.506,6.243,5.795,6.185,6.495,6.59,6.58,6.657,6.565,7.27,7.214,7.523,7.713,7.806,7.889,8.015,7.987,8.109,8.221,8.373,8.423,8.436,8.366,8.095,8.15,7.926,8.216,8.306,8.327,8.216,7.907,7.861,7.681,7.946,8.197,8.223,8.281,7.962,8.073,8.208,6.794,6.749,6.789,6.667,6.455,6.584,6.644,6.669,6.627,6.392,5.998,5.443,5.337,5.707,5.874,6.025,6.11,6.242,6.033,6.166,6.305,6.356,6.444,6.308,6.13,5.714,5.73,5.814,5.833,5.69,7.576,7.438,7.201,7.276,7.23,7.55,7.766,7.893,7.793,7.53,7.914,8.054,8.07,7.991,8.096,8.082,7.67,7.731,8.04,8.214,8.268,8.472,8.259,7.877,8.163,8.324,8.304,8.223,8.384,8.505,8.218,7.02,7.147,7.332,7.326,7.349,7.159,6.848,7.081,7.074,7.198,7.241,7.347,7.448,7.114,7.177,7.423,7.498,7.504,7.54,7.595,7.432,7.456,7.561,7.515,7.009,6.551,6.762,6.963,6.786,6.875,6.883,10.354,10.495,10.83,10.799,10.551,10.62,10.804,11.07,10.919,10.937,10.988,10.479,10.977,11.16,11.018,10.993,11.141,11.069,10.778,11.079,11.182,11.145,11.331,11.423,11.199,10.961,11.434,11.313,9.992,9.634,9.67,9.868,9.774,9.392,9.582,9.048,8.829,9.163,9.693,9.806,9.558,10.058,10.107,10.081,9.862,9.318,8.814,8.183,8.81,9.151,9.394,9.584,9.638,9.862,9.486,9.847,9.962,10.013,9.964,9.585,8.386,8.277,8.636,8.997,9.028,9.084,9.219,9.014,8.785,9.151,9.333,9.401,9.516,9.422,9.332,8.992,9.228,9.479,9.383,9.264,9.075,8.827,8.111,8.631,9.036,9.046,9.126,9.114,8.771,7.999,7.283,7.564,7.877,7.895,8.144,8.263,7.957,8.283,8.555,8.65,8.782,8.719,8.591,8.138,8.291,8.603,8.826,8.611,8.997,8.9,8.583,8.81,8.871,8.317,7.918,7.585,7.797,8.117,8.508,8.657,8.462,4.372,4.452,4.628,4.291,4.507,4.552,4.648,4.71,4.673,4.496,4.303,4.48,4.457,4.375,4.435,4.554,4.472,4.258,4.397,4.424,4.497,4.524,4.517,4.373,4.007,4.027,4.149,4.106,4.003,3.913,7.729,7.657,8.181,8.228,8.019,7.741,7.867,7.597,7.513,8.145,8.15,8.287,8.164,8.109,7.95,7.729,8.0,7.949,7.765,7.978,8.066,7.694,7.319,7.742,7.808,7.47,7.301,7.101,6.892,6.944,7.403,2.709,2.668,2.704,2.802,2.88,2.722,2.755,2.855,2.937,3.002,3.113,2.994,2.904,3.021,2.968,3.096,3.126,3.101,3.023,3.002,3.099,3.123,2.982,2.961,3.053,3.061,2.99,3.06,3.207,3.262,3.293,7.583,7.448,7.219,7.095,7.237,7.123,6.729,6.618,6.518,6.212,6.569,6.859,7.083,7.356,7.13,6.7,6.196,6.389,6.536,6.782,6.873,6.755,6.482,6.016,6.421,6.744,6.842,6.831,6.912,6.816,7.27,7.214,7.523,7.713,7.806,7.889,8.015,7.987,8.109,8.221,8.373,8.423,8.436,8.366,8.095,8.15,7.926,8.216,8.306,8.327,8.216,7.907,7.861,7.681,7.946,8.197,8.223,8.281,7.962,8.073,8.208,6.794,6.749,6.789,6.667,6.455,6.584,6.644,6.669,6.627,6.392,5.998,5.443,5.337,5.707,5.874,6.025,6.11,6.242,6.033,6.166,6.305,6.356,6.444,6.308,6.13,5.714,5.73,5.814,5.833,5.69,7.576,7.438,7.201,7.276,7.23,7.55,7.766,7.893,7.793,7.53,7.914,8.054,8.07,7.991,8.096,8.082,7.67,7.731,8.04,8.214,8.268,8.472,8.259,7.877,8.163,8.324,8.304,8.223,8.384,8.505,8.218
Guntur_13,5.331,5.368,5.469,5.483,5.279,5.309,5.425,5.432,5.323,5.264,5.36,5.362,5.427,5.331,5.176,5.148,5.388,5.364,5.147,5.366,5.405,5.285,5.344,5.473,5.533,5.28,5.45,5.529,5.571,5.609,5.563,5.725,5.45,5.625,5.77,5.771,5.766,5.83,5.63,5.506,5.601,5.627,5.685,5.886,5.876,5.934,5.686,5.825,5.944,5.92,5.791,5.59,5.638,5.489,5.674,5.774,5.837,5.767,5.733,5.668,5.031,5.175,5.232,5.15,5.068,5.099,5.169,5.017,4.979,4.618,4.798,5.09,5.121,5.088,4.892,5.063,5.224,5.202,5.766,5.681,5.48,5.392,5.296,5.512,5.707,5.77,5.747,5.717,5.54,5.394,5.383,5.991,6.124,6.166,6.126,5.889,6.185,6.215,6.183,6.223,6.27,6.153,6.007,6.349,6.233,6.188,6.008,5.964,5.906,5.707,6.064,6.096,5.946,6.041,6.104,6.045,5.927,6.146,6.152,6.163,6.057,4.978,4.989,4.917,5.06,5.041,5.103,5.239,5.232,5.2,4.994,4.914,4.956,4.937,4.897,4.925,4.868,4.883,4.571,4.786,4.93,4.778,4.713,4.836,4.912,4.696,4.808,4.89,5.03,5.016,4.901,4.788,4.025,4.075,4.064,4.175,4.144,4.169,4.091,4.349,4.427,4.484,4.429,4.441,4.311,4.164,4.374,4.37,4.439,4.5,4.407,4.379,4.209,4.451,4.566,4.509,4.508,4.354,4.261,4.132,4.327,4.543,0.0,0.0,0.0,0.0,0.0,0.0,0.0,0.0,0.0,0.0,0.0,0.0,0.0,0.0,0.0,0.0,0.0,0.0,0.0,0.0,0.0,0.0,0.0,0.0,0.0,0.0,0.0,0.0,0.0,0.0,0.0,0.0,0.0,0.0,0.0,0.0,0.0,0.0,0.0,0.0,0.0,0.0,0.0,0.0,0.0,0.0,0.0,0.0,0.0,0.0,0.0,0.0,0.0,0.0,0.0,0.0,0.0,0.0,0.0,0.0,0.0,0.0,5.632,5.651,5.653,5.762,5.807,5.503,5.562,5.717,5.973,5.889,5.812,5.626,5.454,5.515,5.608,5.687,5.579,5.539,5.688,5.438,5.535,5.46,5.363,5.533,5.56,5.313,5.137,5.533,5.651,5.604,5.534,5.499,5.661,5.484,5.587,5.754,5.946,6.028,6.03,5.852,5.529,5.587,5.673,5.43,5.524,5.586,5.711,5.563,5.694,5.7,5.678,5.569,5.43,5.422,5.146,5.249,5.52,5.628,5.755,5.863,5.816,2.075,2.147,2.17,2.163,2.141,2.189,2.158,2.071,2.113,2.106,2.091,2.128,2.089,1.902,1.847,1.861,1.983,2.04,2.075,2.091,2.074,2.039,2.139,2.13,2.072,1.952,1.956,1.994,2.03,2.101,3.248,3.295,3.261,3.293,3.273,3.131,3.194,3.249,3.191,3.242,3.27,3.207,3.121,3.21,3.296,3.3,3.33,3.377,3.32,3.273,3.361,3.444,3.488,3.436,3.431,3.484,3.352,3.452,3.489,3.47,3.47,4.547,4.415,4.262,4.378,4.413,4.43,4.37,4.423,4.337,4.321,4.496,4.521,4.505,4.452,4.46,4.55,4.495,4.543,4.694,4.787,4.87,4.844,4.77,4.603,4.644,4.485,4.603,4.661,4.749,4.739,4.6,4.871,4.931,4.97,4.879,4.897,4.861,4.725,4.777,4.887,4.98,5.003,5.005,4.982,4.864,4.942,4.943,4.925,4.881,4.826,4.828,4.747,4.932,5.013,5.087,5.104,5.138,5.113,5.032,4.762,4.786,4.77,4.753,4.859,4.832,4.643,4.752,4.843,4.895,4.845,4.678,4.593,4.591,4.762,4.797,4.87,4.942,4.927,4.875,4.72,4.77,4.651,4.762,4.839,4.772,4.796,4.616,4.351,4.423,4.63,5.219,5.353,5.395,5.279,5.42,5.418,5.423,5.549,5.496,5.483,5.286,5.457,5.492,5.288,5.311,5.355,5.225,5.189,5.291,5.39,5.218,5.115,5.063,5.142,5.039,5.229,5.307,5.285,5.307,5.276,4.617,4.531,4.558,4.58,4.492,4.543,4.64,4.606,4.507,4.595,4.484,4.337,4.212,4.354,4.322,4.0,4.021,3.929,3.938,3.909,3.964,4.101,4.185,4.28,4.212,4.133,4.149,4.307,4.409,4.159,4.365,2.946,3.171,3.233,3.243,3.165,3.019,3.111,3.061,3.052,2.986,2.887,2.88,2.74,2.987,3.002,3.078,3.099,3.121,2.988,2.837,3.073,3.19,3.365,3.232,3.218,3.129,3.205,3.444,3.561,3.484,6.164,5.951,5.969,6.042,6.386,6.505,6.459,6.336,6.242,6.356,5.93,5.866,5.802,5.725,5.823,6.102,6.156,5.585,5.161,5.167,5.061,5.211,5.487,5.371,5.286,5.458,5.41,5.094,5.193,5.166,5.088,5.563,6.076,6.244,6.346,6.566,6.658,6.876,6.834,6.966,6.977,6.99,7.088,7.148,6.97,6.793,6.387,7.277,7.156,6.968,6.916,6.783,6.493,6.77,6.817,6.849,6.907,7.001,6.938,6.687,6.801,6.757,34.848,35.271,35.075,33.585,33.158,34.229,32.937,32.24,34.302,33.284,31.829,29.569,30.812,31.494,32.287,32.256,33.061,34.653,35.322,35.705,34.98,33.795,33.969,34.287,33.697,33.479,32.993,32.706,32.515,33.682,3.534,3.406,3.323,3.476,3.552,3.622,3.624,3.66,3.607,3.493,3.659,3.697,3.703,3.651,3.537,3.582,3.395,3.314,3.459,3.492,3.47,3.449,3.494,3.282,3.416,3.445,3.436,3.411,3.455,3.421,3.366,3.909,3.908,3.865,3.57,3.458,3.699,3.626,3.822,3.925,4.063,3.952,4.037,4.007,3.941,3.994,3.987,4.033,4.068,3.965,3.968,3.798,4.017,4.078,4.102,4.065,4.034,3.978,3.763,3.833,3.851,3.467,3.369,3.436,3.444,3.37,3.482,3.552,3.542,3.58,3.526,3.495,3.35,3.515,3.631,3.621,3.586,3.567,3.562,3.384,3.627,3.735,3.799,3.837,3.866,3.827,3.712,3.791,3.713,3.623,3.585,3.647,3.972,3.821,4.036,4.147,4.209,4.129,4.112,3.969,3.791,3.917,3.939,3.959,4.037,3.961,3.861,3.86,4.044,4.169,4.172,4.152,4.19,3.966,3.902,4.119,4.143,4.012,4.08,4.139,4.156,4.152,4.228,3.419,3.433,3.301,3.358,3.398,3.35,3.409,3.503,3.44,3.368,3.386,3.378,3.337,3.359,3.382,3.431,3.401,3.419,3.389,3.332,3.418,3.408,3.412,3.508,3.434,3.379,3.252,3.396,5.009,4.906,4.877,5.013,5.094,4.97,4.95,4.986,5.035,5.125,5.191,5.179,5.052,5.166,5.199,5.27,5.25,4.958,4.994,5.092,5.236,5.279,5.309,5.357,5.334,5.298,5.134,5.229,5.279,5.376,5.409,5.735,5.728,5.551,5.748,5.807,5.7,5.791,5.758,5.779,5.597,5.709,5.793,5.804,5.748,5.688,5.77,5.507,5.657,5.756,5.713,5.735,5.748,5.741,5.559,5.754,5.822,5.882,5.843,5.79,5.64,6.041,6.19,6.169,6.315,6.309,6.476,6.436,6.148,6.242,6.146,6.174,6.166,6.108,6.048,5.882,6.121,6.267,6.443,6.381,6.114,5.576,5.181,5.119,5.573,5.988,6.026,5.935,5.884,5.834,6.16,6.25,6.041,6.103,6.095,6.027,5.879,6.041,6.081,5.952,5.896,6.04,5.979,5.805,6.09,6.176,6.011,5.877,5.791,5.652,5.247,5.262,5.306,5.728,5.951,5.882,5.765,5.597,5.923,6.007,5.767,5.37,5.313,5.403,5.266,5.661,5.685,5.679,5.697,5.59,5.356,5.018,5.208,5.22,5.302,5.223,5.236,5.246,5.019,5.4,5.483,5.385,5.055,5.208,5.074,4.716,5.074,5.407,5.469,5.426,5.522,5.342,5.024,5.13,5.261,5.478,5.474,5.283,5.127,4.877,4.997,4.992,4.99,4.702,4.958,5.146,4.797,4.549,4.872,5.153,5.33,5.266,5.2,4.975,5.246,5.378,5.329,5.418,5.595,5.413,5.183,5.558,5.703,5.666,5.452,5.505,5.476,5.155,5.418,5.503,5.526,5.451,5.309,5.175,4.833,4.91,4.93,4.933,4.858,4.616,4.773,4.808,5.079,5.07,5.008,4.799,4.723,4.66,4.676,5.09,5.129,5.112,5.185,5.199,3.819,3.648,3.871,3.987,3.78,3.834,3.816,3.838,3.71,3.828,3.793,3.858,3.862,3.829,3.774,3.644,3.934,3.972,3.979,3.966,3.915,3.812,3.585,3.381,3.31,3.547,3.742,3.819,3.839,3.733,3.772,4.05,4.102,4.066,4.132,4.117,4.032,4.091,4.123,4.124,4.122,4.126,4.003,3.905,3.935,4.039,4.099,4.13,4.166,4.18,4.017,4.164,4.223,4.213,4.211,4.212,4.216,4.124,4.229,4.177,4.182,4.365,4.429,4.437,4.281,4.372,4.473,4.526,4.416,4.384,4.214,4.102,4.319,4.325,4.352,4.433,4.522,4.555,4.453,4.628,4.644,4.607,4.627,4.702,4.672,4.512,4.603,4.69,4.765,4.782,4.727,4.677,4.692,4.819,4.799,4.719,4.778,4.813,4.841,4.797,4.875,4.882,4.926,4.939,4.967,4.791,4.6,4.73,4.826,4.917,4.874,4.934,4.876,4.735,4.77,4.855,4.818,4.503,4.648,4.786,4.665,4.726,4.732,6.237,6.321,6.523,6.504,6.355,6.397,6.508,6.668,6.577,6.588,6.618,6.312,6.612,6.722,6.637,6.622,6.711,6.667,6.492,6.674,6.735,6.713,6.825,6.881,6.745,6.602,6.887,6.814,5.275,5.295,5.403,5.351,5.142,5.247,4.954,4.834,5.017,5.307,5.369,5.233,5.507,5.534,5.519,5.399,5.102,4.826,4.48,4.824,5.011,5.143,5.247,5.277,5.4,5.194,5.391,5.455,5.482,5.456,5.248,6.518,6.433,6.712,6.993,7.017,7.061,7.166,7.006,6.828,7.112,7.254,7.307,7.396,7.323,7.253,6.988,7.172,7.367,7.293,7.2,7.053,6.86,6.304,6.708,7.023,7.031,7.093,7.084,6.817,6.217,4.868,5.056,5.265,5.277,5.443,5.523,5.318,5.536,5.718,5.782,5.87,5.828,5.742,5.439,5.542,5.75,5.899,5.755,6.014,5.949,5.737,5.889,5.929,5.559,5.292,5.07,5.211,5.426,5.687,5.786,5.656,4.938,5.029,5.227,4.846,5.09,5.142,5.25,5.32,5.278,5.078,4.86,5.06,5.034,4.942,5.009,5.144,5.05,4.809,4.966,4.997,5.079,5.11,5.101,4.939,4.526,4.548,4.686,4.638,4.521,4.42,4.638,4.595,4.91,4.938,4.813,4.646,4.721,4.559,4.509,4.888,4.891,4.973,4.899,4.866,4.771,4.638,4.801,4.77,4.66,4.787,4.841,4.617,4.392,4.646,4.686,4.483,4.381,4.261,4.136,4.167,4.443,6.661,6.563,6.651,6.892,7.083,6.695,6.775,7.022,7.223,7.384,7.657,7.362,7.141,7.43,7.299,7.614,7.687,7.625,7.434,7.383,7.621,7.682,7.333,7.282,7.508,7.528,7.352,7.526,7.887,8.022,8.097,5.85,5.746,5.569,5.474,5.583,5.496,5.191,5.106,5.029,4.793,5.068,5.292,5.465,5.675,5.501,5.169,4.78,4.929,5.043,5.232,5.302,5.211,5.001,4.642,4.954,5.203,5.278,5.27,5.332,5.259,4.492,4.457,4.648,4.766,4.823,4.875,4.952,4.935,5.01,5.079,5.174,5.204,5.213,5.169,5.002,5.036,4.897,5.076,5.132,5.145,5.077,4.886,4.857,4.746,4.91,5.065,5.081,5.117,4.92,4.988,5.071,4.501,4.472,4.498,4.418,4.277,4.362,4.402,4.419,4.391,4.236,3.974,3.607,3.536,3.782,3.892,3.992,4.048,4.136,3.997,4.085,4.178,4.211,4.27,4.18,4.062,3.786,3.797,3.852,3.865,3.77,3.867,3.797,3.676,3.714,3.69,3.854,3.964,4.029,3.978,3.844,4.04,4.111,4.119,4.079,4.133,4.125,3.915,3.946,4.104,4.193,4.221,4.325,4.216,4.021,4.167,4.249,4.239,4.198,4.28,4.342,4.195,5.145,5.238,5.373,5.369,5.386,5.247,5.019,5.189,5.184,5.275,5.306,5.384,5.458,5.214,5.26,5.44,5.495,5.499,5.526,5.566,5.446,5.464,5.541,5.507,5.137,4.8,4.956,5.102,4.973,5.038,5.044,5.182,5.253,5.42,5.405,5.281,5.315,5.407,5.541,5.465,5.474,5.499,5.244,5.494,5.586,5.514,5.502,5.576,5.54,5.395,5.545,5.597,5.578,5.671,5.717,5.605,5.486,5.723,5.662,5.001,6.908,6.934,7.076,7.008,6.735,6.871,6.488,6.331,6.571,6.95,7.032,6.853,7.212,7.247,7.228,7.071,6.682,6.32,5.868,6.318,6.562,6.736,6.872,6.911,7.072,6.802,7.061,7.144,7.18,7.145,6.873,5.812,5.737,5.985,6.236,6.257,6.296,6.39,6.247,6.089,6.342,6.469,6.516,6.596,6.53,6.468,6.232,6.396,6.57,6.504,6.421,6.29,6.118,5.621,5.982,6.263,6.27,6.325,6.317,6.079,5.544,4.875,5.063,5.273,5.285,5.451,5.531,5.326,5.544,5.727,5.79,5.879,5.836,5.751,5.447,5.55,5.759,5.908,5.764,6.022,5.957,5.745,5.898,5.938,5.567,5.3,5.078,5.219,5.434,5.695,5.795,5.664,4.938,5.029,5.227,4.846,5.09,5.142,5.25,5.32,5.278,5.078,4.86,5.06,5.034,4.942,5.009,5.144,5.05,4.809,4.966,4.997,5.079,5.11,5.101,4.939,4.526,4.548,4.686,4.638,4.521,4.42,5.173,5.125,5.476,5.507,5.368,5.182,5.266,5.086,5.029,5.452,5.456,5.547,5.465,5.428,5.321,5.174,5.355,5.321,5.198,5.34,5.399,5.15,4.899,5.182,5.227,5.0,4.887,4.753,4.613,4.648,4.956,2.709,2.668,2.704,2.802,2.88,2.722,2.755,2.855,2.937,3.002,3.113,2.994,2.904,3.021,2.968,3.096,3.126,3.101,3.023,3.002,3.099,3.123,2.982,2.961,3.053,3.061,2.99,3.06,3.207,3.262,3.293,4.959,4.872,4.721,4.641,4.733,4.659,4.401,4.329,4.263,4.063,4.297,4.486,4.633,4.811,4.664,4.382,4.053,4.178,4.275,4.435,4.495,4.418,4.239,3.935,4.2,4.411,4.475,4.468,4.52,4.458,4.492,4.457,4.648,4.766,4.823,4.875,4.952,4.935,5.01,5.079,5.174,5.204,5.213,5.169,5.002,5.036,4.897,5.076,5.132,5.145,5.077,4.886,4.857,4.746,4.91,5.065,5.081,5.117,4.92,4.988,5.071,4.501,4.472,4.498,4.418,4.277,4.362,4.402,4.419,4.391,4.236,3.974,3.607,3.536,3.782,3.892,3.992,4.048,4.136,3.997,4.085,4.178,4.211,4.27,4.18,4.062,3.786,3.797,3.852,3.865,3.77,3.867,3.797,3.676,3.714,3.69,3.854,3.964,4.029,3.978,3.844,4.04,4.111,4.119,4.079,4.133,4.125,3.915,3.946,4.104,4.193,4.221,4.325,4.216,4.021,4.167,4.249,4.239,4.198,4.28,4.342,4.195
Guntur_14,6.461,6.505,6.628,6.644,6.397,6.434,6.574,6.583,6.451,6.379,6.495,6.498,6.577,6.46,6.272,6.238,6.529,6.5,6.237,6.503,6.55,6.404,6.476,6.633,6.704,6.398,6.604,6.701,6.752,6.797,6.741,6.708,6.386,6.59,6.761,6.762,6.756,6.831,6.596,6.451,6.562,6.592,6.66,6.896,6.885,6.953,6.661,6.825,6.964,6.936,6.785,6.549,6.605,6.431,6.647,6.765,6.839,6.757,6.717,6.641,6.54,6.726,6.801,6.694,6.588,6.629,6.718,6.521,6.473,6.002,6.236,6.616,6.656,6.613,6.359,6.581,6.79,6.762,7.495,7.385,7.123,7.009,6.885,7.164,7.419,7.501,7.471,7.432,7.201,7.012,6.997,7.376,7.539,7.591,7.543,7.25,7.615,7.652,7.613,7.662,7.72,7.576,7.396,7.817,7.674,7.619,7.397,7.342,7.271,7.027,7.466,7.506,7.321,7.437,7.515,7.442,7.297,7.566,7.574,7.588,7.457,6.811,6.826,6.727,6.924,6.898,6.982,7.168,7.159,7.115,6.833,6.723,6.78,6.755,6.7,6.739,6.66,6.681,6.255,6.549,6.746,6.537,6.448,6.618,6.721,6.425,6.578,6.69,6.882,6.863,6.706,6.551,5.307,5.374,5.36,5.506,5.464,5.498,5.395,5.735,5.837,5.913,5.84,5.856,5.685,5.491,5.768,5.763,5.853,5.934,5.812,5.774,5.551,5.869,6.021,5.946,5.944,5.742,5.619,5.449,5.706,5.991,0.0,0.0,0.0,0.0,0.0,0.0,0.0,0.0,0.0,0.0,0.0,0.0,0.0,0.0,0.0,0.0,0.0,0.0,0.0,0.0,0.0,0.0,0.0,0.0,0.0,0.0,0.0,0.0,0.0,0.0,0.0,0.0,0.0,0.0,0.0,0.0,0.0,0.0,0.0,0.0,0.0,0.0,0.0,0.0,0.0,0.0,0.0,0.0,0.0,0.0,0.0,0.0,0.0,0.0,0.0,0.0,0.0,0.0,0.0,0.0,0.0,0.0,6.668,6.691,6.694,6.823,6.876,6.515,6.586,6.769,7.072,6.972,6.881,6.661,6.459,6.53,6.64,6.734,6.606,6.558,6.735,6.439,6.554,6.465,6.351,6.552,6.584,6.291,6.083,6.552,6.691,6.636,6.46,6.419,6.609,6.403,6.523,6.718,6.942,7.038,7.04,6.832,6.455,6.522,6.623,6.339,6.449,6.522,6.667,6.495,6.648,6.654,6.629,6.502,6.339,6.33,6.007,6.128,6.445,6.571,6.719,6.844,6.79,5.337,5.523,5.583,5.564,5.508,5.632,5.55,5.327,5.436,5.417,5.379,5.473,5.373,4.891,4.752,4.787,5.101,5.248,5.338,5.378,5.335,5.246,5.501,5.479,5.329,5.021,5.032,5.13,5.221,5.404,5.792,5.877,5.816,5.873,5.837,5.585,5.696,5.794,5.69,5.782,5.832,5.72,5.567,5.725,5.879,5.885,5.94,6.022,5.921,5.837,5.994,6.142,6.22,6.127,6.118,6.214,5.978,6.157,6.222,6.189,6.189,6.492,6.302,6.084,6.25,6.3,6.324,6.239,6.314,6.191,6.168,6.419,6.454,6.431,6.356,6.368,6.495,6.417,6.485,6.701,6.834,6.952,6.916,6.809,6.571,6.63,6.402,6.571,6.653,6.779,6.766,6.567,7.271,7.36,7.419,7.283,7.31,7.256,7.053,7.13,7.295,7.433,7.467,7.471,7.437,7.261,7.378,7.378,7.352,7.286,7.204,7.206,7.086,7.362,7.482,7.593,7.619,7.669,7.633,7.512,7.766,7.805,7.779,7.751,7.924,7.879,7.572,7.75,7.898,7.982,7.9,7.628,7.49,7.486,7.766,7.823,7.942,8.058,8.034,7.949,7.697,7.779,7.585,7.766,7.89,7.781,7.821,7.527,7.096,7.213,7.549,8.246,8.458,8.524,8.342,8.564,8.561,8.569,8.769,8.684,8.664,8.352,8.622,8.677,8.356,8.392,8.461,8.255,8.198,8.361,8.517,8.246,8.083,7.999,8.125,7.963,8.262,8.386,8.351,8.386,8.337,6.448,6.327,6.366,6.396,6.273,6.345,6.48,6.433,6.295,6.418,6.262,6.057,5.882,6.081,6.036,5.586,5.615,5.487,5.5,5.46,5.536,5.727,5.845,5.978,5.882,5.772,5.794,6.015,6.158,5.808,6.097,5.796,6.24,6.362,6.381,6.229,5.94,6.121,6.022,6.005,5.876,5.681,5.667,5.392,5.878,5.906,6.057,6.097,6.141,5.88,5.582,6.047,6.276,6.621,6.36,6.332,6.158,6.307,6.778,7.006,6.856,6.164,5.951,5.969,6.042,6.386,6.505,6.459,6.336,6.242,6.356,5.93,5.866,5.802,5.725,5.823,6.102,6.156,5.585,5.161,5.167,5.061,5.211,5.487,5.371,5.286,5.458,5.41,5.094,5.193,5.166,5.088,13.441,14.679,15.086,15.333,15.863,16.087,16.611,16.51,16.831,16.858,16.887,17.125,17.27,16.84,16.411,15.43,17.582,17.29,16.834,16.71,16.389,15.687,16.357,16.469,16.547,16.687,16.914,16.763,16.157,16.431,16.326,34.848,35.271,35.075,33.585,33.158,34.229,32.937,32.24,34.302,33.284,31.829,29.569,30.812,31.494,32.287,32.256,33.061,34.653,35.322,35.705,34.98,33.795,33.969,34.287,33.697,33.479,32.993,32.706,32.515,33.682,6.774,6.529,6.37,6.664,6.808,6.943,6.946,7.015,6.914,6.695,7.013,7.086,7.098,6.998,6.78,6.867,6.507,6.352,6.631,6.693,6.651,6.611,6.697,6.292,6.547,6.603,6.587,6.539,6.623,6.557,6.451,6.584,6.583,6.51,6.014,5.825,6.23,6.107,6.438,6.611,6.844,6.656,6.799,6.749,6.639,6.728,6.717,6.793,6.853,6.679,6.683,6.397,6.766,6.869,6.909,6.847,6.796,6.701,6.338,6.456,6.486,5.414,5.261,5.366,5.377,5.262,5.437,5.545,5.53,5.59,5.505,5.456,5.23,5.488,5.669,5.653,5.599,5.57,5.561,5.283,5.663,5.832,5.932,5.991,6.036,5.975,5.796,5.919,5.797,5.657,5.598,5.695,6.397,6.153,6.499,6.678,6.779,6.65,6.623,6.392,6.104,6.308,6.344,6.375,6.502,6.379,6.219,6.216,6.513,6.715,6.719,6.686,6.747,6.387,6.284,6.633,6.673,6.461,6.571,6.665,6.692,6.686,6.808,7.466,7.495,7.208,7.332,7.42,7.314,7.443,7.649,7.512,7.353,7.393,7.375,7.286,7.333,7.384,7.491,7.426,7.464,7.4,7.276,7.463,7.441,7.451,7.66,7.498,7.377,7.101,7.415,7.139,6.993,6.952,7.146,7.261,7.084,7.056,7.107,7.177,7.304,7.4,7.382,7.202,7.363,7.411,7.512,7.484,7.067,7.118,7.258,7.463,7.525,7.567,7.636,7.603,7.552,7.318,7.454,7.524,7.663,7.71,8.317,8.308,8.05,8.336,8.422,8.267,8.398,8.35,8.381,8.117,8.28,8.4,8.418,8.336,8.249,8.368,7.986,8.204,8.348,8.285,8.317,8.336,8.326,8.062,8.344,8.443,8.53,8.473,8.397,8.18,6.179,6.332,6.31,6.46,6.453,6.624,6.584,6.289,6.385,6.287,6.315,6.307,6.248,6.187,6.017,6.261,6.411,6.59,6.527,6.254,5.703,5.3,5.236,5.7,6.125,6.164,6.071,6.019,5.967,6.301,6.393,6.041,6.103,6.095,6.027,5.879,6.041,6.081,5.952,5.896,6.04,5.979,5.805,6.09,6.176,6.011,5.877,5.791,5.652,5.247,5.262,5.306,5.728,5.951,5.882,5.765,5.597,5.923,6.007,5.767,5.37,5.313,5.403,5.266,5.661,5.685,5.679,5.697,5.59,5.356,5.018,5.208,5.22,5.302,5.223,5.236,5.246,5.019,5.4,5.483,5.385,5.055,5.208,5.074,4.716,5.074,5.407,5.469,5.426,5.522,5.342,5.024,6.341,6.502,6.77,6.765,6.529,6.336,6.027,6.176,6.169,6.166,5.812,6.127,6.359,5.928,5.622,6.021,6.368,6.587,6.508,6.426,6.149,6.483,6.646,6.586,6.696,6.915,6.689,6.405,6.868,7.048,7.002,5.588,5.641,5.612,5.283,5.552,5.64,5.663,5.586,5.441,5.304,4.953,5.031,5.053,5.055,4.978,4.731,4.891,4.927,5.205,5.196,5.132,4.918,4.84,4.776,4.792,5.216,5.257,5.239,5.314,5.328,5.485,5.24,5.56,5.727,5.429,5.508,5.481,5.512,5.329,5.498,5.448,5.541,5.547,5.5,5.421,5.234,5.651,5.706,5.715,5.697,5.624,5.475,5.149,4.856,4.754,5.094,5.375,5.486,5.514,5.362,5.418,6.232,6.312,6.257,6.358,6.336,6.205,6.295,6.345,6.346,6.343,6.35,6.159,6.009,6.055,6.215,6.308,6.355,6.411,6.432,6.182,6.408,6.498,6.483,6.48,6.482,6.488,6.345,6.508,6.428,6.436,6.642,6.739,6.751,6.514,6.653,6.806,6.886,6.719,6.67,6.412,6.242,6.571,6.582,6.621,6.745,6.88,6.931,6.776,7.042,7.066,7.011,7.04,7.155,7.109,6.866,7.004,7.136,7.25,7.276,7.192,7.116,6.969,7.158,7.129,7.01,7.098,7.15,7.192,7.126,7.241,7.252,7.317,7.336,7.378,7.116,6.833,7.026,7.168,7.304,7.24,7.33,7.243,7.033,7.086,7.211,7.157,6.689,6.905,7.11,6.929,7.02,7.029,7.879,7.986,8.242,8.218,8.029,8.082,8.222,8.425,8.309,8.323,8.361,7.974,8.354,8.493,8.385,8.366,8.479,8.423,8.202,8.431,8.509,8.481,8.623,8.693,8.522,8.341,8.701,8.609,6.895,6.92,7.062,6.995,6.722,6.858,6.476,6.318,6.558,6.937,7.018,6.84,7.198,7.233,7.214,7.058,6.668,6.307,5.856,6.305,6.549,6.723,6.859,6.897,7.058,6.788,7.047,7.13,7.166,7.131,6.859,8.09,7.985,8.331,8.68,8.71,8.764,8.894,8.696,8.475,8.828,9.004,9.069,9.18,9.089,9.002,8.674,8.903,9.144,9.052,8.937,8.755,8.515,7.825,8.326,8.718,8.727,8.804,8.793,8.462,7.717,5.761,5.984,6.231,6.245,6.442,6.536,6.294,6.552,6.767,6.842,6.947,6.897,6.796,6.437,6.559,6.805,6.982,6.812,7.117,7.04,6.789,6.969,7.017,6.579,6.264,6.0,6.167,6.421,6.73,6.848,6.694,6.824,6.949,7.224,6.698,7.034,7.106,7.255,7.352,7.294,7.018,6.717,6.993,6.957,6.829,6.922,7.109,6.98,6.646,6.863,6.905,7.019,7.062,7.05,6.826,6.254,6.285,6.476,6.409,6.249,6.108,6.051,5.995,6.405,6.442,6.279,6.061,6.159,5.948,5.882,6.377,6.381,6.488,6.392,6.349,6.224,6.051,6.264,6.223,6.079,6.246,6.315,6.024,5.73,6.061,6.113,5.849,5.716,5.56,5.396,5.436,5.796,6.661,6.563,6.651,6.892,7.083,6.695,6.775,7.022,7.223,7.384,7.657,7.362,7.141,7.43,7.299,7.614,7.687,7.625,7.434,7.383,7.621,7.682,7.333,7.282,7.508,7.528,7.352,7.526,7.887,8.022,8.097,7.114,6.988,6.773,6.657,6.789,6.683,6.313,6.209,6.116,5.828,6.163,6.435,6.645,6.901,6.69,6.286,5.813,5.994,6.132,6.363,6.448,6.337,6.081,5.644,6.025,6.327,6.419,6.409,6.485,6.395,5.543,5.501,5.736,5.881,5.952,6.015,6.111,6.09,6.183,6.268,6.385,6.422,6.433,6.379,6.173,6.214,6.043,6.264,6.333,6.349,6.265,6.029,5.994,5.857,6.059,6.25,6.27,6.314,6.071,6.156,6.258,6.994,6.949,6.99,6.864,6.645,6.779,6.84,6.866,6.823,6.581,6.176,5.604,5.495,5.876,6.048,6.203,6.291,6.426,6.211,6.348,6.492,6.544,6.634,6.494,6.311,5.882,5.9,5.986,6.005,5.859,4.924,4.834,4.68,4.728,4.698,4.907,5.047,5.129,5.064,4.893,5.143,5.234,5.244,5.193,5.261,5.252,4.984,5.024,5.225,5.338,5.373,5.506,5.368,5.119,5.305,5.41,5.397,5.344,5.448,5.527,5.341,6.231,6.343,6.507,6.502,6.523,6.354,6.078,6.285,6.278,6.388,6.426,6.52,6.61,6.314,6.37,6.588,6.655,6.66,6.692,6.741,6.596,6.617,6.711,6.67,6.221,5.814,6.001,6.179,6.023,6.102,6.109,6.317,6.403,6.608,6.588,6.437,6.48,6.592,6.754,6.662,6.673,6.704,6.393,6.698,6.809,6.722,6.707,6.798,6.753,6.576,6.76,6.822,6.8,6.913,6.97,6.832,6.688,6.976,6.902,6.097,6.871,6.896,7.038,6.97,6.698,6.834,6.453,6.296,6.535,6.913,6.994,6.816,7.173,7.208,7.189,7.033,6.645,6.286,5.836,6.283,6.526,6.699,6.835,6.873,7.034,6.765,7.022,7.105,7.141,7.106,6.836,7.835,7.733,8.068,8.406,8.435,8.487,8.614,8.422,8.207,8.55,8.72,8.783,8.891,8.803,8.718,8.401,8.622,8.856,8.767,8.655,8.479,8.247,7.578,8.064,8.442,8.451,8.526,8.515,8.195,7.473,5.829,6.054,6.304,6.318,6.518,6.613,6.368,6.629,6.847,6.923,7.028,6.978,6.876,6.513,6.636,6.885,7.064,6.891,7.2,7.123,6.869,7.051,7.1,6.656,6.337,6.071,6.24,6.496,6.809,6.928,6.772,6.824,6.949,7.224,6.698,7.034,7.106,7.255,7.352,7.294,7.018,6.717,6.993,6.957,6.829,6.922,7.109,6.98,6.646,6.863,6.905,7.019,7.062,7.05,6.826,6.254,6.285,6.476,6.409,6.249,6.108,6.185,6.128,6.547,6.585,6.418,6.195,6.296,6.08,6.012,6.519,6.523,6.632,6.534,6.49,6.362,6.186,6.402,6.361,6.214,6.384,6.455,6.158,5.858,6.196,6.249,5.978,5.843,5.683,5.516,5.557,5.925,5.925,5.837,5.916,6.13,6.3,5.955,6.026,6.246,6.425,6.568,6.81,6.549,6.352,6.609,6.492,6.772,6.838,6.783,6.612,6.567,6.779,6.833,6.522,6.477,6.678,6.696,6.54,6.694,7.015,7.135,7.203,4.959,4.872,4.721,4.641,4.733,4.659,4.401,4.329,4.263,4.063,4.297,4.486,4.633,4.811,4.664,4.382,4.053,4.178,4.275,4.435,4.495,4.418,4.239,3.935,4.2,4.411,4.475,4.468,4.52,4.458,5.543,5.501,5.736,5.881,5.952,6.015,6.111,6.09,6.183,6.268,6.385,6.422,6.433,6.379,6.173,6.214,6.043,6.264,6.333,6.349,6.265,6.029,5.994,5.857,6.059,6.25,6.27,6.314,6.071,6.156,6.258,6.994,6.949,6.99,6.864,6.645,6.779,6.84,6.866,6.823,6.581,6.176,5.604,5.495,5.876,6.048,6.203,6.291,6.426,6.211,6.348,6.492,6.544,6.634,6.494,6.311,5.882,5.9,5.986,6.005,5.859,4.924,4.834,4.68,4.728,4.698,4.907,5.047,5.129,5.064,4.893,5.143,5.234,5.244,5.193,5.261,5.252,4.984,5.024,5.225,5.338,5.373,5.506,5.368,5.119,5.305,5.41,5.397,5.344,5.448,5.527,5.341
Guntur_15,6.461,6.505,6.628,6.644,6.397,6.434,6.574,6.583,6.451,6.379,6.495,6.498,6.577,6.46,6.272,6.238,6.529,6.5,6.237,6.503,6.55,6.404,6.476,6.633,6.704,6.398,6.604,6.701,6.752,6.797,6.741,6.708,6.386,6.59,6.761,6.762,6.756,6.831,6.596,6.451,6.562,6.592,6.66,6.896,6.885,6.953,6.661,6.825,6.964,6.936,6.785,6.549,6.605,6.431,6.647,6.765,6.839,6.757,6.717,6.641,6.54,6.726,6.801,6.694,6.588,6.629,6.718,6.521,6.473,6.002,6.236,6.616,6.656,6.613,6.359,6.581,6.79,6.762,7.495,7.385,7.123,7.009,6.885,7.164,7.419,7.501,7.471,7.432,7.201,7.012,6.997,7.376,7.539,7.591,7.543,7.25,7.615,7.652,7.613,7.662,7.72,7.576,7.396,7.817,7.674,7.619,7.397,7.342,7.271,7.027,7.466,7.506,7.321,7.437,7.515,7.442,7.297,7.566,7.574,7.588,7.457,6.811,6.826,6.727,6.924,6.898,6.982,7.168,7.159,7.115,6.833,6.723,6.78,6.755,6.7,6.739,6.66,6.681,6.255,6.549,6.746,6.537,6.448,6.618,6.721,6.425,6.578,6.69,6.882,6.863,6.706,6.551,5.307,5.374,5.36,5.506,5.464,5.498,5.395,5.735,5.837,5.913,5.84,5.856,5.685,5.491,5.768,5.763,5.853,5.934,5.812,5.774,5.551,5.869,6.021,5.946,5.944,5.742,5.619,5.449,5.706,5.991,0.0,0.0,0.0,0.0,0.0,0.0,0.0,0.0,0.0,0.0,0.0,0.0,0.0,0.0,0.0,0.0,0.0,0.0,0.0,0.0,0.0,0.0,0.0,0.0,0.0,0.0,0.0,0.0,0.0,0.0,0.0,0.0,0.0,0.0,0.0,0.0,0.0,0.0,0.0,0.0,0.0,0.0,0.0,0.0,0.0,0.0,0.0,0.0,0.0,0.0,0.0,0.0,0.0,0.0,0.0,0.0,0.0,0.0,0.0,0.0,0.0,0.0,6.668,6.691,6.694,6.823,6.876,6.515,6.586,6.769,7.072,6.972,6.881,6.661,6.459,6.53,6.64,6.734,6.606,6.558,6.735,6.439,6.554,6.465,6.351,6.552,6.584,6.291,6.083,6.552,6.691,6.636,6.46,6.419,6.609,6.403,6.523,6.718,6.942,7.038,7.04,6.832,6.455,6.522,6.623,6.339,6.449,6.522,6.667,6.495,6.648,6.654,6.629,6.502,6.339,6.33,6.007,6.128,6.445,6.571,6.719,6.844,6.79,5.337,5.523,5.583,5.564,5.508,5.632,5.55,5.327,5.436,5.417,5.379,5.473,5.373,4.891,4.752,4.787,5.101,5.248,5.338,5.378,5.335,5.246,5.501,5.479,5.329,5.021,5.032,5.13,5.221,5.404,5.792,5.877,5.816,5.873,5.837,5.585,5.696,5.794,5.69,5.782,5.832,5.72,5.567,5.725,5.879,5.885,5.94,6.022,5.921,5.837,5.994,6.142,6.22,6.127,6.118,6.214,5.978,6.157,6.222,6.189,6.189,6.492,6.302,6.084,6.25,6.3,6.324,6.239,6.314,6.191,6.168,6.419,6.454,6.431,6.356,6.368,6.495,6.417,6.485,6.701,6.834,6.952,6.916,6.809,6.571,6.63,6.402,6.571,6.653,6.779,6.766,6.567,7.271,7.36,7.419,7.283,7.31,7.256,7.053,7.13,7.295,7.433,7.467,7.471,7.437,7.261,7.378,7.378,7.352,7.286,7.204,7.206,7.086,7.362,7.482,7.593,7.619,7.669,7.633,7.512,7.766,7.805,7.779,7.751,7.924,7.879,7.572,7.75,7.898,7.982,7.9,7.628,7.49,7.486,7.766,7.823,7.942,8.058,8.034,7.949,7.697,7.779,7.585,7.766,7.89,7.781,7.821,7.527,7.096,7.213,7.549,8.246,8.458,8.524,8.342,8.564,8.561,8.569,8.769,8.684,8.664,8.352,8.622,8.677,8.356,8.392,8.461,8.255,8.198,8.361,8.517,8.246,8.083,7.999,8.125,7.963,8.262,8.386,8.351,8.386,8.337,6.448,6.327,6.366,6.396,6.273,6.345,6.48,6.433,6.295,6.418,6.262,6.057,5.882,6.081,6.036,5.586,5.615,5.487,5.5,5.46,5.536,5.727,5.845,5.978,5.882,5.772,5.794,6.015,6.158,5.808,6.097,5.796,6.24,6.362,6.381,6.229,5.94,6.121,6.022,6.005,5.876,5.681,5.667,5.392,5.878,5.906,6.057,6.097,6.141,5.88,5.582,6.047,6.276,6.621,6.36,6.332,6.158,6.307,6.778,7.006,6.856,6.164,5.951,5.969,6.042,6.386,6.505,6.459,6.336,6.242,6.356,5.93,5.866,5.802,5.725,5.823,6.102,6.156,5.585,5.161,5.167,5.061,5.211,5.487,5.371,5.286,5.458,5.41,5.094,5.193,5.166,5.088,13.441,14.679,15.086,15.333,15.863,16.087,16.611,16.51,16.831,16.858,16.887,17.125,17.27,16.84,16.411,15.43,17.582,17.29,16.834,16.71,16.389,15.687,16.357,16.469,16.547,16.687,16.914,16.763,16.157,16.431,16.326,34.848,35.271,35.075,33.585,33.158,34.229,32.937,32.24,34.302,33.284,31.829,29.569,30.812,31.494,32.287,32.256,33.061,34.653,35.322,35.705,34.98,33.795,33.969,34.287,33.697,33.479,32.993,32.706,32.515,33.682,6.774,6.529,6.37,6.664,6.808,6.943,6.946,7.015,6.914,6.695,7.013,7.086,7.098,6.998,6.78,6.867,6.507,6.352,6.631,6.693,6.651,6.611,6.697,6.292,6.547,6.603,6.587,6.539,6.623,6.557,6.451,6.584,6.583,6.51,6.014,5.825,6.23,6.107,6.438,6.611,6.844,6.656,6.799,6.749,6.639,6.728,6.717,6.793,6.853,6.679,6.683,6.397,6.766,6.869,6.909,6.847,6.796,6.701,6.338,6.456,6.486,5.414,5.261,5.366,5.377,5.262,5.437,5.545,5.53,5.59,5.505,5.456,5.23,5.488,5.669,5.653,5.599,5.57,5.561,5.283,5.663,5.832,5.932,5.991,6.036,5.975,5.796,5.919,5.797,5.657,5.598,5.695,6.397,6.153,6.499,6.678,6.779,6.65,6.623,6.392,6.104,6.308,6.344,6.375,6.502,6.379,6.219,6.216,6.513,6.715,6.719,6.686,6.747,6.387,6.284,6.633,6.673,6.461,6.571,6.665,6.692,6.686,6.808,7.466,7.495,7.208,7.332,7.42,7.314,7.443,7.649,7.512,7.353,7.393,7.375,7.286,7.333,7.384,7.491,7.426,7.464,7.4,7.276,7.463,7.441,7.451,7.66,7.498,7.377,7.101,7.415,7.139,6.993,6.952,7.146,7.261,7.084,7.056,7.107,7.177,7.304,7.4,7.382,7.202,7.363,7.411,7.512,7.484,7.067,7.118,7.258,7.463,7.525,7.567,7.636,7.603,7.552,7.318,7.454,7.524,7.663,7.71,8.317,8.308,8.05,8.336,8.422,8.267,8.398,8.35,8.381,8.117,8.28,8.4,8.418,8.336,8.249,8.368,7.986,8.204,8.348,8.285,8.317,8.336,8.326,8.062,8.344,8.443,8.53,8.473,8.397,8.18,6.179,6.332,6.31,6.46,6.453,6.624,6.584,6.289,6.385,6.287,6.315,6.307,6.248,6.187,6.017,6.261,6.411,6.59,6.527,6.254,5.703,5.3,5.236,5.7,6.125,6.164,6.071,6.019,5.967,6.301,6.393,6.041,6.103,6.095,6.027,5.879,6.041,6.081,5.952,5.896,6.04,5.979,5.805,6.09,6.176,6.011,5.877,5.791,5.652,5.247,5.262,5.306,5.728,5.951,5.882,5.765,5.597,5.923,6.007,5.767,5.37,5.313,5.403,5.266,5.661,5.685,5.679,5.697,5.59,5.356,5.018,5.208,5.22,5.302,5.223,5.236,5.246,5.019,5.4,5.483,5.385,5.055,5.208,5.074,4.716,5.074,5.407,5.469,5.426,5.522,5.342,5.024,6.341,6.502,6.77,6.765,6.529,6.336,6.027,6.176,6.169,6.166,5.812,6.127,6.359,5.928,5.622,6.021,6.368,6.587,6.508,6.426,6.149,6.483,6.646,6.586,6.696,6.915,6.689,6.405,6.868,7.048,7.002,5.588,5.641,5.612,5.283,5.552,5.64,5.663,5.586,5.441,5.304,4.953,5.031,5.053,5.055,4.978,4.731,4.891,4.927,5.205,5.196,5.132,4.918,4.84,4.776,4.792,5.216,5.257,5.239,5.314,5.328,5.485,5.24,5.56,5.727,5.429,5.508,5.481,5.512,5.329,5.498,5.448,5.541,5.547,5.5,5.421,5.234,5.651,5.706,5.715,5.697,5.624,5.475,5.149,4.856,4.754,5.094,5.375,5.486,5.514,5.362,5.418,6.232,6.312,6.257,6.358,6.336,6.205,6.295,6.345,6.346,6.343,6.35,6.159,6.009,6.055,6.215,6.308,6.355,6.411,6.432,6.182,6.408,6.498,6.483,6.48,6.482,6.488,6.345,6.508,6.428,6.436,6.642,6.739,6.751,6.514,6.653,6.806,6.886,6.719,6.67,6.412,6.242,6.571,6.582,6.621,6.745,6.88,6.931,6.776,7.042,7.066,7.011,7.04,7.155,7.109,6.866,7.004,7.136,7.25,7.276,7.192,7.116,6.969,7.158,7.129,7.01,7.098,7.15,7.192,7.126,7.241,7.252,7.317,7.336,7.378,7.116,6.833,7.026,7.168,7.304,7.24,7.33,7.243,7.033,7.086,7.211,7.157,6.689,6.905,7.11,6.929,7.02,7.029,7.879,7.986,8.242,8.218,8.029,8.082,8.222,8.425,8.309,8.323,8.361,7.974,8.354,8.493,8.385,8.366,8.479,8.423,8.202,8.431,8.509,8.481,8.623,8.693,8.522,8.341,8.701,8.609,6.895,6.92,7.062,6.995,6.722,6.858,6.476,6.318,6.558,6.937,7.018,6.84,7.198,7.233,7.214,7.058,6.668,6.307,5.856,6.305,6.549,6.723,6.859,6.897,7.058,6.788,7.047,7.13,7.166,7.131,6.859,8.09,7.985,8.331,8.68,8.71,8.764,8.894,8.696,8.475,8.828,9.004,9.069,9.18,9.089,9.002,8.674,8.903,9.144,9.052,8.937,8.755,8.515,7.825,8.326,8.718,8.727,8.804,8.793,8.462,7.717,5.761,5.984,6.231,6.245,6.442,6.536,6.294,6.552,6.767,6.842,6.947,6.897,6.796,6.437,6.559,6.805,6.982,6.812,7.117,7.04,6.789,6.969,7.017,6.579,6.264,6.0,6.167,6.421,6.73,6.848,6.694,6.824,6.949,7.224,6.698,7.034,7.106,7.255,7.352,7.294,7.018,6.717,6.993,6.957,6.829,6.922,7.109,6.98,6.646,6.863,6.905,7.019,7.062,7.05,6.826,6.254,6.285,6.476,6.409,6.249,6.108,6.051,5.995,6.405,6.442,6.279,6.061,6.159,5.948,5.882,6.377,6.381,6.488,6.392,6.349,6.224,6.051,6.264,6.223,6.079,6.246,6.315,6.024,5.73,6.061,6.113,5.849,5.716,5.56,5.396,5.436,5.796,6.661,6.563,6.651,6.892,7.083,6.695,6.775,7.022,7.223,7.384,7.657,7.362,7.141,7.43,7.299,7.614,7.687,7.625,7.434,7.383,7.621,7.682,7.333,7.282,7.508,7.528,7.352,7.526,7.887,8.022,8.097,7.114,6.988,6.773,6.657,6.789,6.683,6.313,6.209,6.116,5.828,6.163,6.435,6.645,6.901,6.69,6.286,5.813,5.994,6.132,6.363,6.448,6.337,6.081,5.644,6.025,6.327,6.419,6.409,6.485,6.395,5.543,5.501,5.736,5.881,5.952,6.015,6.111,6.09,6.183,6.268,6.385,6.422,6.433,6.379,6.173,6.214,6.043,6.264,6.333,6.349,6.265,6.029,5.994,5.857,6.059,6.25,6.27,6.314,6.071,6.156,6.258,6.994,6.949,6.99,6.864,6.645,6.779,6.84,6.866,6.823,6.581,6.176,5.604,5.495,5.876,6.048,6.203,6.291,6.426,6.211,6.348,6.492,6.544,6.634,6.494,6.311,5.882,5.9,5.986,6.005,5.859,4.924,4.834,4.68,4.728,4.698,4.907,5.047,5.129,5.064,4.893,5.143,5.234,5.244,5.193,5.261,5.252,4.984,5.024,5.225,5.338,5.373,5.506,5.368,5.119,5.305,5.41,5.397,5.344,5.448,5.527,5.341,6.231,6.343,6.507,6.502,6.523,6.354,6.078,6.285,6.278,6.388,6.426,6.52,6.61,6.314,6.37,6.588,6.655,6.66,6.692,6.741,6.596,6.617,6.711,6.67,6.221,5.814,6.001,6.179,6.023,6.102,6.109,6.317,6.403,6.608,6.588,6.437,6.48,6.592,6.754,6.662,6.673,6.704,6.393,6.698,6.809,6.722,6.707,6.798,6.753,6.576,6.76,6.822,6.8,6.913,6.97,6.832,6.688,6.976,6.902,6.097,6.871,6.896,7.038,6.97,6.698,6.834,6.453,6.296,6.535,6.913,6.994,6.816,7.173,7.208,7.189,7.033,6.645,6.286,5.836,6.283,6.526,6.699,6.835,6.873,7.034,6.765,7.022,7.105,7.141,7.106,6.836,7.835,7.733,8.068,8.406,8.435,8.487,8.614,8.422,8.207,8.55,8.72,8.783,8.891,8.803,8.718,8.401,8.622,8.856,8.767,8.655,8.479,8.247,7.578,8.064,8.442,8.451,8.526,8.515,8.195,7.473,5.829,6.054,6.304,6.318,6.518,6.613,6.368,6.629,6.847,6.923,7.028,6.978,6.876,6.513,6.636,6.885,7.064,6.891,7.2,7.123,6.869,7.051,7.1,6.656,6.337,6.071,6.24,6.496,6.809,6.928,6.772,6.824,6.949,7.224,6.698,7.034,7.106,7.255,7.352,7.294,7.018,6.717,6.993,6.957,6.829,6.922,7.109,6.98,6.646,6.863,6.905,7.019,7.062,7.05,6.826,6.254,6.285,6.476,6.409,6.249,6.108,6.185,6.128,6.547,6.585,6.418,6.195,6.296,6.08,6.012,6.519,6.523,6.632,6.534,6.49,6.362,6.186,6.402,6.361,6.214,6.384,6.455,6.158,5.858,6.196,6.249,5.978,5.843,5.683,5.516,5.557,5.925,5.925,5.837,5.916,6.13,6.3,5.955,6.026,6.246,6.425,6.568,6.81,6.549,6.352,6.609,6.492,6.772,6.838,6.783,6.612,6.567,6.779,6.833,6.522,6.477,6.678,6.696,6.54,6.694,7.015,7.135,7.203,4.959,4.872,4.721,4.641,4.733,4.659,4.401,4.329,4.263,4.063,4.297,4.486,4.633,4.811,4.664,4.382,4.053,4.178,4.275,4.435,4.495,4.418,4.239,3.935,4.2,4.411,4.475,4.468,4.52,4.458,5.543,5.501,5.736,5.881,5.952,6.015,6.111,6.09,6.183,6.268,6.385,6.422,6.433,6.379,6.173,6.214,6.043,6.264,6.333,6.349,6.265,6.029,5.994,5.857,6.059,6.25,6.27,6.314,6.071,6.156,6.258,6.994,6.949,6.99,6.864,6.645,6.779,6.84,6.866,6.823,6.581,6.176,5.604,5.495,5.876,6.048,6.203,6.291,6.426,6.211,6.348,6.492,6.544,6.634,6.494,6.311,5.882,5.9,5.986,6.005,5.859,4.924,4.834,4.68,4.728,4.698,4.907,5.047,5.129,5.064,4.893,5.143,5.234,5.244,5.193,5.261,5.252,4.984,5.024,5.225,5.338,5.373,5.506,5.368,5.119,5.305,5.41,5.397,5.344,5.448,5.527,5.341
Guntur_16,3.11,3.132,3.191,3.199,3.08,3.098,3.165,3.169,3.106,3.071,3.127,3.128,3.167,3.11,3.02,3.003,3.143,3.13,3.003,3.131,3.154,3.083,3.118,3.193,3.228,3.08,3.179,3.226,3.251,3.272,3.245,3.53,3.361,3.468,3.558,3.559,3.556,3.595,3.472,3.395,3.454,3.47,3.505,3.63,3.624,3.659,3.506,3.592,3.665,3.65,3.571,3.447,3.476,3.385,3.499,3.561,3.6,3.556,3.535,3.495,3.621,3.724,3.765,3.706,3.648,3.67,3.72,3.611,3.584,3.323,3.453,3.663,3.685,3.662,3.521,3.644,3.759,3.744,4.15,4.089,3.944,3.881,3.812,3.967,4.108,4.153,4.136,4.115,3.987,3.882,3.874,4.04,4.13,4.158,4.132,3.971,4.171,4.192,4.17,4.197,4.229,4.15,4.051,4.282,4.203,4.174,4.052,4.022,3.983,3.849,4.09,4.112,4.01,4.074,4.116,4.077,3.997,4.145,4.149,4.157,4.085,4.163,4.173,4.112,4.232,4.216,4.268,4.381,4.376,4.349,4.176,4.11,4.145,4.129,4.096,4.119,4.071,4.084,3.823,4.003,4.123,3.996,3.942,4.045,4.108,3.928,4.021,4.089,4.206,4.195,4.099,4.004,2.884,2.921,2.913,2.993,2.97,2.988,2.932,3.117,3.173,3.214,3.174,3.183,3.09,2.984,3.135,3.132,3.181,3.225,3.159,3.138,3.017,3.19,3.272,3.231,3.231,3.121,3.054,2.961,3.101,3.256,0.0,0.0,0.0,0.0,0.0,0.0,0.0,0.0,0.0,0.0,0.0,0.0,0.0,0.0,0.0,0.0,0.0,0.0,0.0,0.0,0.0,0.0,0.0,0.0,0.0,0.0,0.0,0.0,0.0,0.0,0.0,0.0,0.0,0.0,0.0,0.0,0.0,0.0,0.0,0.0,0.0,0.0,0.0,0.0,0.0,0.0,0.0,0.0,0.0,0.0,0.0,0.0,0.0,0.0,0.0,0.0,0.0,0.0,0.0,0.0,0.0,0.0,4.735,4.751,4.753,4.845,4.883,4.627,4.677,4.807,5.022,4.951,4.886,4.73,4.586,4.637,4.715,4.782,4.691,4.657,4.782,4.572,4.654,4.591,4.509,4.652,4.675,4.467,4.32,4.652,4.751,4.712,4.157,4.131,4.252,4.12,4.197,4.323,4.466,4.528,4.53,4.396,4.154,4.197,4.262,4.079,4.15,4.196,4.29,4.179,4.277,4.282,4.265,4.184,4.079,4.073,3.865,3.943,4.147,4.228,4.323,4.404,4.369,2.151,2.227,2.25,2.243,2.22,2.27,2.237,2.147,2.191,2.184,2.168,2.206,2.166,1.972,1.916,1.93,2.056,2.116,2.152,2.168,2.151,2.115,2.218,2.209,2.148,2.024,2.028,2.068,2.105,2.179,2.662,2.702,2.673,2.7,2.683,2.567,2.618,2.664,2.616,2.658,2.681,2.629,2.559,2.631,2.703,2.705,2.73,2.768,2.722,2.683,2.755,2.824,2.859,2.817,2.813,2.856,2.748,2.83,2.86,2.845,2.845,3.204,3.111,3.003,3.085,3.109,3.122,3.079,3.116,3.056,3.045,3.168,3.186,3.174,3.137,3.143,3.206,3.167,3.201,3.308,3.373,3.431,3.414,3.361,3.243,3.273,3.16,3.243,3.284,3.346,3.339,3.241,3.69,3.736,3.766,3.697,3.71,3.683,3.58,3.619,3.703,3.773,3.79,3.792,3.775,3.685,3.745,3.745,3.732,3.698,3.657,3.658,3.597,3.737,3.798,3.854,3.867,3.892,3.874,3.813,4.046,4.066,4.053,4.038,4.128,4.105,3.945,4.037,4.115,4.158,4.116,3.974,3.902,3.9,4.046,4.076,4.137,4.198,4.185,4.141,4.01,4.052,3.952,4.046,4.111,4.054,4.074,3.921,3.697,3.758,3.933,4.21,4.318,4.352,4.259,4.372,4.371,4.374,4.476,4.433,4.423,4.264,4.402,4.43,4.266,4.284,4.32,4.214,4.185,4.268,4.348,4.209,4.126,4.084,4.148,4.065,4.218,4.281,4.263,4.281,4.256,3.53,3.464,3.485,3.502,3.434,3.474,3.548,3.522,3.446,3.514,3.428,3.316,3.22,3.329,3.305,3.058,3.074,3.004,3.011,2.989,3.031,3.136,3.2,3.273,3.221,3.16,3.172,3.293,3.372,3.18,3.338,3.186,3.43,3.497,3.507,3.424,3.265,3.364,3.31,3.301,3.23,3.123,3.115,2.964,3.231,3.247,3.33,3.352,3.375,3.232,3.068,3.324,3.45,3.639,3.496,3.481,3.385,3.467,3.725,3.851,3.769,3.086,2.979,2.988,3.025,3.197,3.257,3.233,3.172,3.125,3.182,2.969,2.937,2.905,2.866,2.915,3.055,3.082,2.796,2.584,2.587,2.533,2.609,2.747,2.689,2.646,2.733,2.708,2.55,2.6,2.586,2.547,8.541,9.327,9.586,9.743,10.08,10.222,10.555,10.491,10.695,10.711,10.73,10.881,10.974,10.7,10.428,9.804,11.172,10.986,10.696,10.618,10.413,9.968,10.393,10.465,10.514,10.603,10.747,10.652,10.266,10.441,10.374,26.305,26.625,26.477,25.352,25.03,25.838,24.863,24.336,25.893,25.125,24.026,22.321,23.259,23.774,24.372,24.349,24.956,26.158,26.663,26.952,26.405,25.51,25.642,25.882,25.437,25.272,24.905,24.688,24.545,25.425,3.018,2.909,2.838,2.969,3.033,3.093,3.095,3.125,3.08,2.983,3.125,3.157,3.163,3.118,3.021,3.059,2.899,2.83,2.954,2.982,2.963,2.945,2.984,2.803,2.917,2.942,2.935,2.913,2.951,2.921,2.874,3.264,3.264,3.228,2.982,2.888,3.089,3.028,3.192,3.278,3.393,3.3,3.371,3.346,3.291,3.336,3.33,3.368,3.397,3.311,3.313,3.172,3.354,3.405,3.426,3.395,3.369,3.322,3.142,3.201,3.216,3.088,3.001,3.061,3.067,3.002,3.102,3.163,3.155,3.189,3.14,3.113,2.984,3.131,3.234,3.225,3.194,3.177,3.173,3.014,3.23,3.327,3.384,3.418,3.443,3.409,3.307,3.377,3.307,3.227,3.194,3.249,3.29,3.165,3.343,3.435,3.487,3.421,3.406,3.288,3.14,3.245,3.263,3.279,3.344,3.281,3.199,3.197,3.35,3.454,3.456,3.439,3.47,3.285,3.232,3.412,3.432,3.323,3.38,3.428,3.442,3.439,3.502,3.816,3.831,3.684,3.747,3.792,3.738,3.804,3.909,3.839,3.758,3.779,3.77,3.724,3.748,3.774,3.828,3.796,3.815,3.782,3.719,3.814,3.803,3.808,3.915,3.832,3.77,3.629,3.79,4.562,4.468,4.442,4.566,4.639,4.526,4.508,4.541,4.586,4.667,4.728,4.717,4.601,4.704,4.735,4.8,4.782,4.516,4.548,4.637,4.769,4.808,4.835,4.879,4.858,4.825,4.676,4.763,4.808,4.896,4.926,5.113,5.107,4.949,5.125,5.177,5.082,5.163,5.133,5.152,4.99,5.09,5.164,5.175,5.124,5.071,5.145,4.91,5.043,5.132,5.093,5.113,5.125,5.118,4.956,5.13,5.191,5.244,5.209,5.162,5.029,4.312,4.418,4.403,4.507,4.503,4.622,4.594,4.388,4.455,4.387,4.407,4.401,4.359,4.317,4.198,4.369,4.473,4.598,4.554,4.364,3.98,3.698,3.654,3.978,4.274,4.301,4.236,4.2,4.164,4.397,4.461,4.141,4.183,4.177,4.13,4.03,4.14,4.168,4.08,4.041,4.14,4.098,3.979,4.174,4.233,4.12,4.028,3.969,3.874,3.596,3.606,3.637,3.926,4.079,4.031,3.951,3.836,4.06,4.117,3.953,3.68,3.641,3.703,3.609,3.88,3.897,3.892,3.905,3.831,3.671,3.439,3.57,3.578,3.634,3.58,3.588,3.596,3.44,3.701,3.758,3.691,3.465,3.57,3.478,3.232,3.478,3.706,3.748,3.719,3.785,3.661,3.444,3.835,3.933,4.095,4.092,3.95,3.833,3.646,3.736,3.732,3.73,3.516,3.706,3.847,3.586,3.401,3.642,3.852,3.985,3.937,3.887,3.719,3.922,4.02,3.984,4.051,4.183,4.046,3.875,4.155,4.263,4.236,4.067,4.106,4.085,3.845,4.041,4.105,4.121,4.066,3.96,3.86,3.605,3.662,3.677,3.679,3.623,3.443,3.56,3.586,3.788,3.782,3.735,3.579,3.522,3.476,3.487,3.797,3.826,3.813,3.868,3.878,4.021,3.841,4.075,4.198,3.98,4.037,4.018,4.041,3.906,4.03,3.993,4.062,4.066,4.032,3.974,3.836,4.142,4.183,4.189,4.176,4.122,4.013,3.774,3.56,3.485,3.734,3.94,4.021,4.042,3.93,3.971,4.235,4.289,4.252,4.32,4.305,4.216,4.278,4.311,4.312,4.31,4.315,4.186,4.083,4.114,4.223,4.287,4.318,4.356,4.37,4.201,4.354,4.416,4.405,4.404,4.405,4.409,4.312,4.422,4.368,4.373,4.155,4.216,4.223,4.075,4.162,4.258,4.308,4.204,4.173,4.012,3.905,4.111,4.117,4.142,4.22,4.304,4.336,4.239,4.406,4.42,4.386,4.404,4.476,4.447,4.295,4.382,4.465,4.536,4.552,4.5,4.452,4.277,4.393,4.375,4.301,4.355,4.387,4.413,4.373,4.443,4.45,4.49,4.501,4.527,4.367,4.193,4.311,4.399,4.482,4.442,4.498,4.444,4.316,4.348,4.425,4.392,4.104,4.237,4.363,4.252,4.308,4.313,4.416,4.476,4.619,4.605,4.5,4.529,4.608,4.721,4.657,4.664,4.686,4.469,4.682,4.76,4.699,4.688,4.752,4.721,4.597,4.725,4.769,4.753,4.832,4.872,4.776,4.675,4.876,4.825,5.099,5.118,5.223,5.173,4.971,5.071,4.789,4.673,4.85,5.13,5.19,5.058,5.323,5.349,5.335,5.219,4.932,4.665,4.331,4.663,4.843,4.972,5.072,5.101,5.22,5.02,5.211,5.272,5.299,5.274,5.073,5.06,4.994,5.21,5.428,5.447,5.481,5.563,5.439,5.3,5.521,5.631,5.672,5.742,5.685,5.63,5.425,5.568,5.719,5.661,5.59,5.475,5.326,4.894,5.207,5.452,5.458,5.506,5.499,5.292,4.826,4.492,4.665,4.858,4.869,5.022,5.096,4.907,5.108,5.276,5.335,5.416,5.377,5.298,5.019,5.113,5.306,5.443,5.31,5.548,5.489,5.293,5.433,5.471,5.129,4.883,4.678,4.808,5.006,5.247,5.339,5.219,4.924,5.015,5.213,4.833,5.076,5.128,5.235,5.305,5.264,5.064,4.847,5.046,5.02,4.928,4.995,5.13,5.037,4.796,4.952,4.983,5.065,5.096,5.088,4.926,4.513,4.536,4.673,4.625,4.509,4.408,4.498,4.456,4.761,4.788,4.667,4.505,4.578,4.421,4.372,4.74,4.743,4.823,4.751,4.719,4.626,4.498,4.656,4.626,4.519,4.642,4.694,4.478,4.259,4.505,4.544,4.347,4.249,4.132,4.011,4.041,4.308,4.867,4.795,4.86,5.036,5.175,4.892,4.95,5.131,5.278,5.395,5.594,5.379,5.217,5.429,5.333,5.563,5.617,5.572,5.432,5.395,5.569,5.613,5.358,5.321,5.486,5.5,5.372,5.499,5.762,5.861,5.917,3.206,3.149,3.052,3.0,3.06,3.012,2.845,2.798,2.756,2.626,2.777,2.9,2.995,3.11,3.015,2.833,2.62,2.701,2.763,2.867,2.906,2.856,2.74,2.544,2.715,2.851,2.893,2.888,2.922,2.882,4.728,4.691,4.892,5.016,5.077,5.13,5.212,5.194,5.273,5.346,5.445,5.478,5.486,5.44,5.264,5.3,5.154,5.343,5.402,5.415,5.343,5.142,5.112,4.995,5.168,5.331,5.348,5.385,5.178,5.25,5.338,4.931,4.899,4.927,4.839,4.685,4.779,4.822,4.84,4.81,4.64,4.354,3.951,3.874,4.142,4.264,4.373,4.435,4.53,4.379,4.475,4.576,4.613,4.677,4.578,4.449,4.147,4.159,4.22,4.234,4.13,3.704,3.636,3.52,3.557,3.534,3.691,3.797,3.859,3.81,3.681,3.869,3.937,3.945,3.907,3.958,3.951,3.75,3.779,3.931,4.016,4.042,4.142,4.038,3.851,3.991,4.069,4.06,4.02,4.099,4.158,4.018,4.268,4.345,4.457,4.454,4.468,4.352,4.163,4.305,4.3,4.376,4.402,4.466,4.528,4.325,4.363,4.513,4.559,4.562,4.584,4.617,4.518,4.533,4.597,4.569,4.261,3.982,4.111,4.233,4.125,4.18,4.185,3.6,3.649,3.766,3.755,3.669,3.693,3.757,3.849,3.797,3.803,3.821,3.644,3.817,3.881,3.831,3.822,3.874,3.849,3.748,3.853,3.888,3.875,3.94,3.972,3.894,3.811,3.976,3.934,3.475,5.308,5.328,5.437,5.385,5.175,5.279,4.985,4.864,5.048,5.34,5.403,5.266,5.541,5.568,5.554,5.433,5.134,4.856,4.508,4.854,5.042,5.175,5.28,5.31,5.434,5.226,5.425,5.489,5.516,5.49,5.281,4.278,4.223,4.406,4.59,4.606,4.634,4.703,4.599,4.482,4.668,4.761,4.796,4.855,4.807,4.761,4.587,4.708,4.836,4.787,4.726,4.63,4.503,4.138,4.403,4.61,4.615,4.656,4.65,4.475,4.081,3.879,4.028,4.195,4.204,4.337,4.4,4.237,4.411,4.556,4.607,4.677,4.643,4.575,4.334,4.416,4.582,4.7,4.586,4.791,4.74,4.571,4.692,4.724,4.429,4.217,4.04,4.152,4.323,4.531,4.61,4.506,4.924,5.015,5.213,4.833,5.076,5.128,5.235,5.305,5.264,5.064,4.847,5.046,5.02,4.928,4.995,5.13,5.037,4.796,4.952,4.983,5.065,5.096,5.088,4.926,4.513,4.536,4.673,4.625,4.509,4.408,4.116,4.078,4.357,4.382,4.271,4.122,4.19,4.046,4.001,4.338,4.34,4.413,4.348,4.318,4.234,4.116,4.26,4.233,4.135,4.248,4.296,4.098,3.898,4.123,4.158,3.978,3.888,3.782,3.67,3.698,3.943,3.312,3.263,3.307,3.426,3.521,3.328,3.368,3.491,3.591,3.671,3.807,3.66,3.55,3.694,3.629,3.785,3.822,3.791,3.696,3.671,3.789,3.819,3.646,3.62,3.733,3.743,3.655,3.741,3.921,3.988,4.026,4.002,3.931,3.81,3.745,3.819,3.76,3.551,3.493,3.44,3.279,3.467,3.62,3.738,3.882,3.763,3.536,3.27,3.372,3.45,3.579,3.627,3.565,3.421,3.175,3.389,3.559,3.611,3.605,3.648,3.597,4.728,4.691,4.892,5.016,5.077,5.13,5.212,5.194,5.273,5.346,5.445,5.478,5.486,5.44,5.264,5.3,5.154,5.343,5.402,5.415,5.343,5.142,5.112,4.995,5.168,5.331,5.348,5.385,5.178,5.25,5.338,4.931,4.899,4.927,4.839,4.685,4.779,4.822,4.84,4.81,4.64,4.354,3.951,3.874,4.142,4.264,4.373,4.435,4.53,4.379,4.475,4.576,4.613,4.677,4.578,4.449,4.147,4.159,4.22,4.234,4.13,3.704,3.636,3.52,3.557,3.534,3.691,3.797,3.859,3.81,3.681,3.869,3.937,3.945,3.907,3.958,3.951,3.75,3.779,3.931,4.016,4.042,4.142,4.038,3.851,3.991,4.069,4.06,4.02,4.099,4.158,4.018
Guntur_17,3.155,3.176,3.236,3.244,3.124,3.142,3.21,3.214,3.15,3.115,3.172,3.173,3.211,3.154,3.063,3.046,3.188,3.174,3.046,3.175,3.198,3.127,3.162,3.239,3.274,3.124,3.225,3.272,3.297,3.319,3.292,3.613,3.439,3.549,3.641,3.642,3.639,3.679,3.553,3.475,3.534,3.551,3.587,3.714,3.708,3.745,3.588,3.676,3.751,3.736,3.654,3.527,3.557,3.464,3.58,3.644,3.684,3.639,3.618,3.577,3.535,3.635,3.676,3.618,3.561,3.583,3.631,3.525,3.498,3.244,3.371,3.576,3.598,3.574,3.437,3.557,3.67,3.655,4.051,3.991,3.85,3.788,3.721,3.872,4.01,4.054,4.038,4.017,3.892,3.79,3.782,4.335,4.431,4.462,4.433,4.261,4.476,4.498,4.475,4.504,4.537,4.453,4.347,4.595,4.51,4.478,4.348,4.316,4.274,4.13,4.389,4.412,4.303,4.371,4.417,4.374,4.289,4.447,4.452,4.46,4.383,3.91,3.919,3.862,3.975,3.96,4.009,4.115,4.111,4.085,3.923,3.86,3.893,3.878,3.847,3.869,3.824,3.836,3.591,3.76,3.873,3.754,3.702,3.8,3.859,3.689,3.777,3.841,3.951,3.94,3.851,3.761,2.97,3.008,2.999,3.081,3.058,3.077,3.019,3.209,3.267,3.309,3.268,3.277,3.182,3.073,3.228,3.225,3.276,3.321,3.252,3.231,3.106,3.284,3.369,3.327,3.327,3.213,3.145,3.049,3.193,3.353,0.0,0.0,0.0,0.0,0.0,0.0,0.0,0.0,0.0,0.0,0.0,0.0,0.0,0.0,0.0,0.0,0.0,0.0,0.0,0.0,0.0,0.0,0.0,0.0,0.0,0.0,0.0,0.0,0.0,0.0,0.0,0.0,0.0,0.0,0.0,0.0,0.0,0.0,0.0,0.0,0.0,0.0,0.0,0.0,0.0,0.0,0.0,0.0,0.0,0.0,0.0,0.0,0.0,0.0,0.0,0.0,0.0,0.0,0.0,0.0,0.0,0.0,2.932,2.943,2.944,3.001,3.024,2.865,2.896,2.977,3.11,3.066,3.026,2.929,2.84,2.872,2.92,2.961,2.905,2.884,2.962,2.832,2.882,2.843,2.793,2.881,2.896,2.767,2.675,2.881,2.943,2.918,4.269,4.242,4.368,4.231,4.311,4.44,4.587,4.651,4.653,4.515,4.266,4.31,4.377,4.189,4.262,4.31,4.406,4.292,4.393,4.397,4.381,4.297,4.189,4.183,3.97,4.05,4.259,4.342,4.44,4.523,4.487,3.045,3.152,3.185,3.175,3.143,3.213,3.167,3.039,3.102,3.091,3.069,3.123,3.066,2.791,2.711,2.731,2.911,2.995,3.046,3.069,3.044,2.993,3.139,3.126,3.04,2.865,2.871,2.927,2.979,3.084,2.732,2.772,2.744,2.77,2.753,2.635,2.687,2.733,2.684,2.728,2.751,2.698,2.626,2.7,2.773,2.776,2.802,2.841,2.793,2.754,2.828,2.898,2.934,2.89,2.886,2.931,2.82,2.904,2.935,2.919,2.92,3.249,3.154,3.045,3.128,3.153,3.165,3.122,3.16,3.099,3.087,3.213,3.23,3.219,3.181,3.187,3.251,3.212,3.246,3.354,3.42,3.479,3.461,3.408,3.289,3.318,3.204,3.289,3.33,3.393,3.386,3.287,3.334,3.375,3.402,3.339,3.352,3.327,3.234,3.269,3.345,3.408,3.424,3.426,3.41,3.329,3.383,3.383,3.371,3.341,3.303,3.304,3.249,3.375,3.431,3.482,3.493,3.516,3.5,3.444,4.263,4.285,4.27,4.254,4.35,4.325,4.156,4.254,4.335,4.381,4.337,4.187,4.111,4.109,4.263,4.294,4.36,4.423,4.41,4.363,4.225,4.27,4.164,4.263,4.331,4.271,4.293,4.132,3.895,3.96,4.144,4.052,4.155,4.188,4.099,4.208,4.206,4.21,4.308,4.267,4.257,4.104,4.236,4.263,4.105,4.123,4.157,4.056,4.028,4.108,4.185,4.051,3.971,3.93,3.992,3.912,4.059,4.12,4.103,4.12,4.096,3.8,3.729,3.752,3.77,3.697,3.739,3.819,3.791,3.71,3.782,3.69,3.57,3.467,3.584,3.558,3.292,3.31,3.234,3.241,3.218,3.263,3.375,3.445,3.523,3.467,3.402,3.415,3.545,3.629,3.423,3.593,3.024,3.255,3.319,3.329,3.25,3.099,3.193,3.142,3.133,3.065,2.964,2.956,2.813,3.067,3.081,3.16,3.181,3.204,3.068,2.912,3.155,3.274,3.454,3.318,3.304,3.213,3.29,3.536,3.655,3.577,4.309,4.161,4.173,4.224,4.465,4.548,4.516,4.43,4.364,4.443,4.146,4.101,4.057,4.002,4.071,4.266,4.304,3.905,3.608,3.613,3.538,3.643,3.836,3.755,3.696,3.816,3.782,3.561,3.63,3.612,3.557,8.541,9.327,9.586,9.743,10.08,10.222,10.555,10.491,10.695,10.711,10.73,10.881,10.974,10.7,10.428,9.804,11.172,10.986,10.696,10.618,10.413,9.968,10.393,10.465,10.514,10.603,10.747,10.652,10.266,10.441,10.374,30.644,31.016,30.844,29.534,29.158,30.1,28.964,28.351,30.164,29.269,27.989,26.002,27.095,27.695,28.392,28.365,29.073,30.473,31.061,31.398,30.761,29.718,29.871,30.151,29.633,29.441,29.013,28.761,28.593,29.619,3.24,3.123,3.047,3.187,3.256,3.321,3.322,3.355,3.307,3.202,3.354,3.389,3.395,3.347,3.243,3.284,3.112,3.038,3.171,3.201,3.181,3.162,3.203,3.009,3.132,3.158,3.15,3.127,3.168,3.136,3.086,3.749,3.749,3.707,3.425,3.317,3.548,3.478,3.666,3.765,3.897,3.791,3.872,3.843,3.781,3.831,3.825,3.869,3.902,3.804,3.806,3.643,3.853,3.912,3.935,3.899,3.87,3.816,3.609,3.677,3.694,3.275,3.183,3.246,3.253,3.184,3.289,3.355,3.346,3.382,3.33,3.301,3.164,3.32,3.43,3.42,3.387,3.37,3.365,3.196,3.426,3.528,3.589,3.625,3.651,3.615,3.507,3.581,3.507,3.422,3.387,3.445,3.545,3.41,3.602,3.701,3.757,3.686,3.67,3.543,3.383,3.496,3.516,3.533,3.604,3.535,3.446,3.445,3.609,3.721,3.724,3.706,3.739,3.54,3.483,3.676,3.698,3.581,3.642,3.694,3.709,3.705,3.773,4.147,4.163,4.004,4.073,4.121,4.062,4.134,4.249,4.172,4.084,4.107,4.097,4.047,4.073,4.101,4.161,4.125,4.146,4.11,4.042,4.146,4.133,4.139,4.255,4.165,4.098,3.944,4.119,4.562,4.468,4.442,4.566,4.639,4.526,4.508,4.541,4.586,4.667,4.728,4.717,4.601,4.704,4.735,4.8,4.782,4.516,4.548,4.637,4.769,4.808,4.835,4.879,4.858,4.825,4.676,4.763,4.808,4.896,4.926,5.292,5.286,5.122,5.304,5.359,5.26,5.344,5.313,5.333,5.164,5.268,5.345,5.356,5.304,5.249,5.325,5.081,5.22,5.311,5.272,5.292,5.304,5.298,5.13,5.309,5.372,5.427,5.391,5.343,5.205,4.473,4.583,4.568,4.676,4.672,4.795,4.766,4.552,4.622,4.551,4.571,4.566,4.523,4.479,4.356,4.532,4.641,4.77,4.725,4.527,4.129,3.837,3.79,4.126,4.434,4.462,4.395,4.357,4.32,4.562,4.628,5.403,5.457,5.45,5.389,5.258,5.402,5.438,5.323,5.273,5.401,5.347,5.191,5.446,5.523,5.375,5.255,5.179,5.055,4.692,4.705,4.745,5.123,5.321,5.26,5.155,5.005,5.297,5.372,5.157,4.802,4.751,4.831,4.709,5.062,5.084,5.078,5.095,4.999,4.79,4.487,4.657,4.668,4.741,4.671,4.682,4.692,4.488,4.829,4.903,4.816,4.521,4.657,4.538,4.217,4.537,4.835,4.89,4.852,4.938,4.777,4.493,3.984,4.086,4.254,4.251,4.103,3.981,3.787,3.881,3.876,3.875,3.652,3.85,3.996,3.725,3.533,3.783,4.002,4.139,4.089,4.038,3.864,4.074,4.176,4.139,4.208,4.345,4.203,4.025,4.316,4.428,4.4,4.099,4.138,4.117,3.875,4.073,4.137,4.154,4.098,3.991,3.891,3.633,3.691,3.706,3.709,3.652,3.47,3.588,3.614,3.818,3.812,3.765,3.608,3.55,3.503,3.515,3.827,3.856,3.843,3.898,3.908,4.368,4.172,4.427,4.561,4.323,4.386,4.364,4.39,4.243,4.378,4.338,4.412,4.417,4.38,4.317,4.168,4.5,4.544,4.551,4.537,4.478,4.36,4.1,3.867,3.786,4.057,4.281,4.368,4.391,4.27,4.314,4.611,4.67,4.629,4.704,4.688,4.591,4.658,4.694,4.695,4.693,4.698,4.557,4.446,4.48,4.598,4.667,4.702,4.743,4.758,4.574,4.741,4.808,4.797,4.795,4.796,4.8,4.695,4.815,4.756,4.761,4.252,4.315,4.322,4.17,4.259,4.357,4.409,4.302,4.27,4.105,3.996,4.207,4.213,4.239,4.318,4.405,4.437,4.338,4.508,4.523,4.488,4.507,4.581,4.551,4.395,4.484,4.569,4.641,4.658,4.604,4.556,4.508,4.63,4.611,4.534,4.591,4.625,4.652,4.609,4.684,4.69,4.733,4.745,4.772,4.603,4.42,4.544,4.636,4.725,4.683,4.741,4.685,4.549,4.583,4.664,4.629,4.327,4.466,4.599,4.482,4.541,4.546,4.733,4.797,4.951,4.936,4.823,4.855,4.939,5.061,4.991,4.999,5.023,4.79,5.018,5.102,5.037,5.025,5.093,5.06,4.927,5.065,5.112,5.095,5.18,5.222,5.119,5.011,5.227,5.171,5.12,5.139,5.245,5.194,4.991,5.092,4.809,4.692,4.87,5.151,5.212,5.079,5.345,5.371,5.357,5.241,4.952,4.684,4.349,4.682,4.863,4.992,5.093,5.122,5.241,5.041,5.233,5.294,5.321,5.295,5.094,5.328,5.259,5.487,5.717,5.737,5.772,5.858,5.727,5.582,5.815,5.93,5.973,6.047,5.987,5.929,5.713,5.864,6.023,5.962,5.886,5.766,5.608,5.154,5.484,5.742,5.748,5.799,5.791,5.573,5.083,4.428,4.599,4.789,4.799,4.951,5.023,4.837,5.035,5.201,5.259,5.339,5.301,5.223,4.947,5.041,5.23,5.366,5.235,5.47,5.411,5.218,5.356,5.393,5.056,4.814,4.611,4.74,4.935,5.173,5.263,5.144,5.092,5.186,5.391,4.998,5.25,5.303,5.414,5.487,5.444,5.237,5.013,5.219,5.192,5.097,5.166,5.305,5.209,4.96,5.122,5.153,5.238,5.27,5.262,5.094,4.668,4.691,4.833,4.783,4.663,4.558,5.119,5.071,5.419,5.449,5.312,5.127,5.211,5.032,4.976,5.395,5.398,5.489,5.407,5.371,5.265,5.119,5.299,5.265,5.143,5.284,5.342,5.096,4.848,5.128,5.171,4.948,4.836,4.703,4.565,4.599,4.904,6.303,6.209,6.293,6.521,6.701,6.334,6.41,6.644,6.834,6.986,7.244,6.966,6.756,7.03,6.905,7.204,7.273,7.215,7.033,6.985,7.211,7.268,6.938,6.89,7.104,7.122,6.956,7.12,7.462,7.59,7.661,4.513,4.433,4.296,4.223,4.307,4.239,4.005,3.939,3.879,3.697,3.91,4.082,4.215,4.378,4.244,3.987,3.688,3.802,3.89,4.036,4.09,4.02,3.857,3.58,3.822,4.013,4.072,4.066,4.113,4.057,4.721,4.685,4.885,5.009,5.07,5.124,5.205,5.187,5.266,5.339,5.438,5.47,5.479,5.433,5.257,5.293,5.147,5.336,5.394,5.408,5.336,5.135,5.105,4.988,5.161,5.323,5.34,5.378,5.171,5.243,5.33,4.688,4.658,4.685,4.601,4.454,4.544,4.585,4.602,4.574,4.411,4.139,3.757,3.683,3.939,4.054,4.158,4.217,4.307,4.163,4.255,4.351,4.386,4.447,4.353,4.231,3.943,3.955,4.012,4.025,3.927,3.615,3.549,3.436,3.471,3.449,3.602,3.705,3.766,3.718,3.592,3.775,3.843,3.85,3.813,3.862,3.856,3.659,3.688,3.836,3.919,3.945,4.042,3.941,3.758,3.895,3.971,3.962,3.923,4.0,4.058,3.921,4.32,4.398,4.512,4.508,4.523,4.406,4.214,4.358,4.353,4.429,4.456,4.521,4.584,4.378,4.417,4.568,4.614,4.618,4.64,4.674,4.573,4.588,4.653,4.625,4.313,4.031,4.161,4.285,4.176,4.231,4.236,3.77,3.821,3.943,3.932,3.841,3.867,3.934,4.031,3.975,3.982,4.0,3.815,3.997,4.063,4.012,4.002,4.056,4.03,3.924,4.034,4.071,4.058,4.125,4.159,4.077,3.991,4.163,4.119,3.638,5.72,5.742,5.86,5.803,5.577,5.69,5.373,5.242,5.441,5.755,5.823,5.675,5.972,6.001,5.986,5.856,5.533,5.233,4.859,5.231,5.434,5.578,5.691,5.723,5.856,5.632,5.847,5.915,5.945,5.916,5.691,4.255,4.2,4.382,4.566,4.581,4.61,4.678,4.574,4.458,4.644,4.736,4.771,4.829,4.781,4.735,4.563,4.683,4.81,4.762,4.701,4.605,4.479,4.116,4.38,4.586,4.59,4.631,4.625,4.451,4.059,4.089,4.247,4.422,4.432,4.572,4.639,4.467,4.65,4.803,4.856,4.93,4.895,4.823,4.569,4.655,4.83,4.955,4.834,5.051,4.996,4.818,4.946,4.98,4.669,4.445,4.258,4.377,4.557,4.777,4.86,4.751,5.092,5.186,5.391,4.998,5.25,5.303,5.414,5.487,5.444,5.237,5.013,5.219,5.192,5.097,5.166,5.305,5.209,4.96,5.122,5.153,5.238,5.27,5.262,5.094,4.668,4.691,4.833,4.783,4.663,4.558,4.339,4.298,4.593,4.619,4.502,4.346,4.417,4.265,4.218,4.573,4.575,4.652,4.583,4.552,4.463,4.339,4.491,4.462,4.359,4.479,4.528,4.319,4.109,4.346,4.383,4.194,4.099,3.986,3.869,3.898,4.156,4.158,4.097,4.152,4.302,4.421,4.179,4.229,4.383,4.509,4.609,4.779,4.596,4.457,4.638,4.556,4.753,4.799,4.76,4.64,4.609,4.757,4.795,4.577,4.546,4.687,4.699,4.589,4.698,4.923,5.008,5.055,4.002,3.931,3.81,3.745,3.819,3.76,3.551,3.493,3.44,3.279,3.467,3.62,3.738,3.882,3.763,3.536,3.27,3.372,3.45,3.579,3.627,3.565,3.421,3.175,3.389,3.559,3.611,3.605,3.648,3.597,4.721,4.685,4.885,5.009,5.07,5.124,5.205,5.187,5.266,5.339,5.438,5.47,5.479,5.433,5.257,5.293,5.147,5.336,5.394,5.408,5.336,5.135,5.105,4.988,5.161,5.323,5.34,5.378,5.171,5.243,5.33,4.688,4.658,4.685,4.601,4.454,4.544,4.585,4.602,4.574,4.411,4.139,3.757,3.683,3.939,4.054,4.158,4.217,4.307,4.163,4.255,4.351,4.386,4.447,4.353,4.231,3.943,3.955,4.012,4.025,3.927,3.615,3.549,3.436,3.471,3.449,3.602,3.705,3.766,3.718,3.592,3.775,3.843,3.85,3.813,3.862,3.856,3.659,3.688,3.836,3.919,3.945,4.042,3.941,3.758,3.895,3.971,3.962,3.923,4.0,4.058,3.921
Guntur_18,3.382,3.405,3.469,3.478,3.349,3.368,3.441,3.446,3.377,3.339,3.4,3.401,3.443,3.382,3.283,3.265,3.418,3.403,3.265,3.404,3.429,3.352,3.39,3.472,3.509,3.349,3.457,3.507,3.534,3.558,3.529,3.483,3.316,3.422,3.511,3.511,3.508,3.547,3.425,3.35,3.408,3.423,3.459,3.581,3.575,3.611,3.459,3.544,3.617,3.602,3.523,3.401,3.43,3.34,3.452,3.513,3.552,3.509,3.488,3.449,3.757,3.864,3.906,3.845,3.784,3.807,3.859,3.746,3.718,3.448,3.582,3.8,3.823,3.799,3.653,3.78,3.9,3.884,4.305,4.242,4.092,4.026,3.955,4.115,4.261,4.308,4.291,4.269,4.136,4.028,4.019,4.024,4.113,4.141,4.115,3.955,4.154,4.175,4.153,4.18,4.212,4.133,4.035,4.265,4.186,4.157,4.035,4.006,3.967,3.834,4.073,4.095,3.994,4.057,4.1,4.06,3.981,4.128,4.132,4.14,4.068,3.845,3.854,3.798,3.909,3.894,3.942,4.047,4.042,4.017,3.858,3.796,3.828,3.814,3.783,3.805,3.76,3.772,3.531,3.698,3.809,3.691,3.641,3.736,3.795,3.628,3.714,3.777,3.885,3.875,3.786,3.699,3.033,3.071,3.063,3.146,3.122,3.142,3.083,3.277,3.336,3.379,3.337,3.346,3.249,3.138,3.296,3.293,3.345,3.391,3.321,3.3,3.172,3.354,3.44,3.397,3.397,3.281,3.211,3.114,3.261,3.424,0.0,0.0,0.0,0.0,0.0,0.0,0.0,0.0,0.0,0.0,0.0,0.0,0.0,0.0,0.0,0.0,0.0,0.0,0.0,0.0,0.0,0.0,0.0,0.0,0.0,0.0,0.0,0.0,0.0,0.0,0.0,0.0,0.0,0.0,0.0,0.0,0.0,0.0,0.0,0.0,0.0,0.0,0.0,0.0,0.0,0.0,0.0,0.0,0.0,0.0,0.0,0.0,0.0,0.0,0.0,0.0,0.0,0.0,0.0,0.0,0.0,0.0,2.447,2.455,2.456,2.504,2.523,2.391,2.417,2.484,2.595,2.559,2.525,2.444,2.37,2.396,2.437,2.471,2.424,2.406,2.471,2.363,2.405,2.372,2.33,2.404,2.416,2.308,2.232,2.404,2.455,2.435,3.36,3.339,3.437,3.33,3.393,3.494,3.61,3.66,3.662,3.553,3.357,3.392,3.445,3.297,3.354,3.392,3.468,3.378,3.457,3.461,3.448,3.382,3.297,3.292,3.124,3.187,3.352,3.417,3.494,3.56,3.532,2.892,2.993,3.025,3.015,2.984,3.052,3.007,2.886,2.946,2.935,2.915,2.966,2.912,2.65,2.575,2.594,2.764,2.844,2.892,2.914,2.891,2.842,2.981,2.969,2.887,2.721,2.727,2.78,2.829,2.928,2.963,3.007,2.975,3.004,2.986,2.857,2.914,2.964,2.911,2.958,2.983,2.926,2.848,2.929,3.008,3.01,3.039,3.081,3.029,2.986,3.066,3.142,3.182,3.135,3.13,3.179,3.058,3.15,3.183,3.166,3.166,3.39,3.291,3.177,3.263,3.289,3.302,3.258,3.297,3.233,3.221,3.352,3.37,3.358,3.319,3.325,3.392,3.351,3.386,3.499,3.569,3.63,3.611,3.555,3.431,3.462,3.343,3.431,3.474,3.54,3.533,3.429,3.146,3.184,3.21,3.151,3.162,3.139,3.051,3.085,3.156,3.216,3.231,3.232,3.218,3.141,3.192,3.192,3.181,3.152,3.117,3.118,3.066,3.185,3.237,3.285,3.296,3.318,3.302,3.25,3.886,3.906,3.893,3.879,3.966,3.943,3.789,3.878,3.953,3.995,3.954,3.818,3.748,3.746,3.887,3.915,3.975,4.033,4.021,3.978,3.852,3.893,3.796,3.887,3.949,3.894,3.914,3.767,3.551,3.61,3.778,4.074,4.179,4.212,4.121,4.231,4.23,4.234,4.332,4.29,4.28,4.127,4.26,4.287,4.128,4.146,4.18,4.079,4.051,4.131,4.208,4.074,3.993,3.952,4.014,3.934,4.082,4.143,4.126,4.143,4.119,3.208,3.148,3.167,3.182,3.121,3.156,3.223,3.2,3.131,3.192,3.115,3.013,2.926,3.025,3.003,2.779,2.793,2.729,2.736,2.716,2.754,2.849,2.907,2.973,2.926,2.871,2.882,2.992,3.063,2.889,3.033,2.806,3.021,3.08,3.089,3.015,2.876,2.963,2.915,2.907,2.844,2.75,2.743,2.61,2.845,2.859,2.932,2.952,2.973,2.847,2.702,2.927,3.038,3.205,3.079,3.065,2.981,3.053,3.281,3.392,3.319,2.94,2.838,2.846,2.881,3.045,3.102,3.08,3.022,2.977,3.031,2.828,2.797,2.767,2.73,2.777,2.91,2.936,2.664,2.462,2.464,2.413,2.485,2.617,2.561,2.521,2.603,2.58,2.429,2.476,2.464,2.426,8.095,8.841,9.086,9.235,9.554,9.688,10.004,9.944,10.137,10.153,10.171,10.314,10.401,10.142,9.884,9.293,10.589,10.413,10.138,10.064,9.87,9.448,9.851,9.919,9.965,10.05,10.187,10.096,9.731,9.896,9.832,27.932,28.272,28.115,26.92,26.578,27.437,26.401,25.842,27.495,26.679,25.512,23.701,24.697,25.244,25.88,25.855,26.5,27.776,28.313,28.619,28.039,27.088,27.228,27.483,27.01,26.836,26.446,26.216,26.063,26.998,2.874,2.77,2.703,2.827,2.888,2.946,2.947,2.976,2.933,2.84,2.975,3.006,3.011,2.969,2.876,2.913,2.76,2.695,2.813,2.84,2.822,2.805,2.841,2.669,2.778,2.801,2.794,2.774,2.81,2.782,2.737,3.541,3.541,3.502,3.235,3.133,3.351,3.285,3.463,3.556,3.681,3.58,3.657,3.63,3.571,3.619,3.613,3.654,3.686,3.593,3.595,3.441,3.639,3.695,3.716,3.683,3.655,3.604,3.409,3.473,3.489,2.819,2.739,2.793,2.799,2.74,2.831,2.887,2.879,2.91,2.866,2.841,2.723,2.857,2.952,2.943,2.915,2.9,2.895,2.751,2.948,3.036,3.088,3.119,3.142,3.111,3.018,3.081,3.018,2.945,2.914,2.965,3.154,3.034,3.204,3.292,3.342,3.279,3.265,3.152,3.01,3.11,3.128,3.143,3.206,3.145,3.066,3.065,3.211,3.311,3.313,3.297,3.327,3.149,3.098,3.27,3.29,3.186,3.24,3.286,3.3,3.296,3.357,3.833,3.849,3.701,3.765,3.81,3.755,3.822,3.928,3.857,3.775,3.796,3.787,3.741,3.765,3.791,3.846,3.813,3.833,3.799,3.736,3.832,3.821,3.826,3.933,3.85,3.788,3.646,3.807,3.842,3.763,3.741,3.846,3.908,3.812,3.797,3.825,3.863,3.931,3.982,3.973,3.876,3.962,3.988,4.043,4.028,3.803,3.831,3.906,4.016,4.05,4.072,4.109,4.092,4.064,3.938,4.011,4.049,4.124,4.149,4.891,4.886,4.734,4.903,4.953,4.862,4.939,4.911,4.929,4.774,4.869,4.94,4.95,4.902,4.852,4.922,4.697,4.825,4.909,4.873,4.891,4.903,4.897,4.742,4.907,4.966,5.016,4.983,4.938,4.811,4.196,4.3,4.285,4.387,4.383,4.499,4.471,4.271,4.336,4.269,4.289,4.283,4.243,4.202,4.086,4.252,4.354,4.475,4.432,4.247,3.873,3.599,3.556,3.871,4.159,4.186,4.123,4.087,4.052,4.279,4.341,4.361,4.406,4.4,4.351,4.245,4.361,4.39,4.297,4.257,4.36,4.317,4.191,4.397,4.459,4.339,4.243,4.181,4.081,3.788,3.799,3.831,4.135,4.296,4.246,4.162,4.041,4.276,4.337,4.163,3.877,3.836,3.9,3.802,4.087,4.104,4.1,4.113,4.036,3.867,3.622,3.76,3.769,3.827,3.771,3.78,3.787,3.624,3.898,3.958,3.888,3.65,3.76,3.663,3.404,3.663,3.903,3.948,3.917,3.987,3.857,3.627,2.222,2.279,2.373,2.371,2.288,2.221,2.112,2.164,2.162,2.161,2.037,2.147,2.229,2.078,1.97,2.11,2.232,2.308,2.281,2.252,2.155,2.272,2.329,2.308,2.347,2.423,2.344,2.245,2.407,2.47,2.454,3.132,3.162,3.146,2.961,3.112,3.161,3.174,3.131,3.05,2.973,2.776,2.82,2.832,2.834,2.791,2.652,2.742,2.762,2.918,2.913,2.877,2.757,2.713,2.677,2.686,2.924,2.947,2.937,2.979,2.987,3.692,3.527,3.743,3.855,3.655,3.708,3.69,3.711,3.587,3.701,3.667,3.73,3.734,3.703,3.649,3.523,3.804,3.841,3.847,3.835,3.786,3.686,3.466,3.269,3.2,3.429,3.619,3.693,3.712,3.61,3.647,4.395,4.451,4.413,4.484,4.468,4.376,4.44,4.474,4.476,4.473,4.478,4.344,4.238,4.27,4.383,4.449,4.482,4.521,4.536,4.36,4.519,4.583,4.572,4.57,4.571,4.576,4.475,4.59,4.533,4.539,3.757,3.812,3.819,3.685,3.763,3.849,3.895,3.801,3.773,3.627,3.531,3.717,3.723,3.745,3.815,3.892,3.92,3.833,3.983,3.997,3.965,3.982,4.047,4.021,3.883,3.962,4.037,4.101,4.115,4.068,4.025,4.004,4.112,4.096,4.027,4.077,4.107,4.131,4.094,4.16,4.166,4.203,4.214,4.238,4.088,3.925,4.036,4.118,4.196,4.159,4.211,4.161,4.04,4.071,4.143,4.112,3.843,3.967,4.084,3.981,4.033,4.038,4.02,4.075,4.205,4.193,4.097,4.124,4.195,4.299,4.24,4.247,4.266,4.069,4.262,4.333,4.278,4.269,4.326,4.298,4.185,4.302,4.342,4.328,4.4,4.436,4.348,4.256,4.44,4.393,4.352,4.369,4.458,4.415,4.243,4.329,4.088,3.988,4.14,4.379,4.43,4.318,4.544,4.566,4.554,4.455,4.21,3.982,3.697,3.98,4.134,4.244,4.33,4.354,4.455,4.285,4.448,4.501,4.523,4.501,4.33,4.871,4.808,5.017,5.226,5.245,5.277,5.356,5.236,5.103,5.316,5.422,5.461,5.528,5.473,5.421,5.223,5.361,5.506,5.451,5.382,5.272,5.128,4.712,5.014,5.249,5.255,5.301,5.295,5.095,4.647,3.93,4.082,4.251,4.26,4.395,4.459,4.294,4.47,4.616,4.668,4.739,4.705,4.636,4.391,4.474,4.642,4.763,4.647,4.855,4.802,4.632,4.754,4.787,4.488,4.273,4.093,4.207,4.38,4.591,4.672,4.566,4.439,4.521,4.699,4.357,4.576,4.623,4.72,4.783,4.745,4.565,4.37,4.549,4.526,4.443,4.503,4.625,4.54,4.324,4.464,4.492,4.566,4.594,4.586,4.44,4.069,4.089,4.213,4.17,4.065,3.973,5.119,5.071,5.419,5.449,5.312,5.127,5.211,5.032,4.976,5.395,5.398,5.489,5.407,5.371,5.265,5.119,5.299,5.265,5.143,5.284,5.342,5.096,4.848,5.128,5.171,4.948,4.836,4.703,4.565,4.599,4.904,6.303,6.209,6.293,6.521,6.701,6.334,6.41,6.644,6.834,6.986,7.244,6.966,6.756,7.03,6.905,7.204,7.273,7.215,7.033,6.985,7.211,7.268,6.938,6.89,7.104,7.122,6.956,7.12,7.462,7.59,7.661,2.607,2.561,2.482,2.44,2.488,2.45,2.314,2.276,2.242,2.136,2.259,2.359,2.436,2.529,2.452,2.304,2.131,2.197,2.248,2.332,2.363,2.323,2.229,2.069,2.208,2.319,2.353,2.349,2.377,2.344,4.103,4.072,4.246,4.353,4.406,4.453,4.524,4.508,4.577,4.64,4.726,4.754,4.762,4.722,4.569,4.6,4.473,4.637,4.688,4.7,4.637,4.463,4.437,4.335,4.485,4.627,4.641,4.674,4.494,4.557,4.633,4.384,4.355,4.381,4.302,4.165,4.248,4.287,4.303,4.276,4.125,3.87,3.512,3.444,3.683,3.791,3.888,3.943,4.028,3.893,3.978,4.068,4.101,4.158,4.07,3.956,3.687,3.698,3.751,3.764,3.672,3.248,3.188,3.087,3.119,3.099,3.237,3.329,3.383,3.341,3.228,3.392,3.453,3.459,3.426,3.47,3.464,3.288,3.314,3.447,3.521,3.544,3.632,3.541,3.377,3.499,3.568,3.56,3.525,3.594,3.646,3.523,3.786,3.854,3.954,3.951,3.963,3.861,3.693,3.819,3.815,3.882,3.905,3.962,4.017,3.837,3.871,4.003,4.044,4.047,4.066,4.096,4.008,4.021,4.078,4.053,3.78,3.533,3.647,3.755,3.66,3.708,3.712,3.415,3.462,3.572,3.562,3.48,3.503,3.564,3.652,3.602,3.608,3.624,3.456,3.621,3.681,3.634,3.626,3.675,3.651,3.555,3.655,3.689,3.676,3.738,3.768,3.694,3.616,3.772,3.732,3.296,5.502,5.522,5.635,5.581,5.363,5.472,5.167,5.042,5.233,5.535,5.6,5.458,5.744,5.772,5.757,5.632,5.321,5.033,4.673,5.031,5.226,5.364,5.473,5.504,5.632,5.417,5.623,5.689,5.718,5.69,5.473,3.977,3.925,4.096,4.267,4.282,4.308,4.372,4.275,4.166,4.34,4.426,4.459,4.513,4.468,4.426,4.264,4.377,4.495,4.45,4.394,4.304,4.186,3.847,4.093,4.286,4.29,4.328,4.322,4.16,3.794,3.706,3.849,4.008,4.017,4.144,4.205,4.049,4.215,4.353,4.402,4.469,4.437,4.372,4.141,4.219,4.378,4.492,4.382,4.578,4.529,4.368,4.483,4.514,4.233,4.029,3.86,3.968,4.131,4.33,4.405,4.306,4.439,4.521,4.699,4.357,4.576,4.623,4.72,4.783,4.745,4.565,4.37,4.549,4.526,4.443,4.503,4.625,4.54,4.324,4.464,4.492,4.566,4.594,4.586,4.44,4.069,4.089,4.213,4.17,4.065,3.973,3.933,3.896,4.163,4.187,4.081,3.939,4.003,3.866,3.823,4.145,4.147,4.217,4.154,4.127,4.045,3.933,4.071,4.045,3.951,4.06,4.105,3.915,3.725,3.94,3.973,3.801,3.715,3.614,3.507,3.533,3.767,4.158,4.097,4.152,4.302,4.421,4.179,4.229,4.383,4.509,4.609,4.779,4.596,4.457,4.638,4.556,4.753,4.799,4.76,4.64,4.609,4.757,4.795,4.577,4.546,4.687,4.699,4.589,4.698,4.923,5.008,5.055,1.411,1.386,1.343,1.32,1.346,1.325,1.252,1.231,1.213,1.156,1.222,1.276,1.318,1.368,1.326,1.246,1.153,1.188,1.216,1.262,1.278,1.257,1.206,1.119,1.195,1.255,1.273,1.271,1.286,1.268,4.103,4.072,4.246,4.353,4.406,4.453,4.524,4.508,4.577,4.64,4.726,4.754,4.762,4.722,4.569,4.6,4.473,4.637,4.688,4.7,4.637,4.463,4.437,4.335,4.485,4.627,4.641,4.674,4.494,4.557,4.633,4.384,4.355,4.381,4.302,4.165,4.248,4.287,4.303,4.276,4.125,3.87,3.512,3.444,3.683,3.791,3.888,3.943,4.028,3.893,3.978,4.068,4.101,4.158,4.07,3.956,3.687,3.698,3.751,3.764,3.672,3.248,3.188,3.087,3.119,3.099,3.237,3.329,3.383,3.341,3.228,3.392,3.453,3.459,3.426,3.47,3.464,3.288,3.314,3.447,3.521,3.544,3.632,3.541,3.377,3.499,3.568,3.56,3.525,3.594,3.646,3.523
Guntur_19,4.013,4.04,4.116,4.127,3.973,3.996,4.083,4.088,4.007,3.962,4.034,4.036,4.085,4.012,3.896,3.875,4.055,4.037,3.874,4.039,4.068,3.978,4.022,4.119,4.164,3.974,4.102,4.162,4.193,4.222,4.187,4.107,3.91,4.035,4.139,4.14,4.136,4.183,4.039,3.95,4.018,4.036,4.078,4.222,4.216,4.257,4.079,4.179,4.264,4.247,4.154,4.01,4.044,3.938,4.07,4.142,4.187,4.137,4.113,4.066,3.609,3.712,3.753,3.694,3.635,3.658,3.707,3.598,3.572,3.312,3.441,3.651,3.673,3.649,3.509,3.631,3.747,3.731,4.135,4.075,3.931,3.867,3.799,3.953,4.094,4.139,4.122,4.101,3.973,3.869,3.861,3.786,3.87,3.897,3.872,3.722,3.909,3.928,3.908,3.933,3.963,3.889,3.796,4.013,3.939,3.911,3.797,3.769,3.732,3.607,3.833,3.853,3.758,3.818,3.858,3.82,3.746,3.884,3.888,3.895,3.828,4.253,4.262,4.2,4.323,4.307,4.36,4.476,4.47,4.443,4.266,4.198,4.234,4.218,4.184,4.208,4.159,4.172,3.905,4.089,4.212,4.082,4.026,4.132,4.197,4.012,4.108,4.177,4.297,4.285,4.187,4.09,2.788,2.823,2.815,2.892,2.87,2.888,2.833,3.012,3.066,3.106,3.068,3.076,2.986,2.884,3.03,3.027,3.074,3.117,3.053,3.033,2.916,3.083,3.162,3.123,3.122,3.016,2.951,2.862,2.997,3.147,0.0,0.0,0.0,0.0,0.0,0.0,0.0,0.0,0.0,0.0,0.0,0.0,0.0,0.0,0.0,0.0,0.0,0.0,0.0,0.0,0.0,0.0,0.0,0.0,0.0,0.0,0.0,0.0,0.0,0.0,0.0,0.0,0.0,0.0,0.0,0.0,0.0,0.0,0.0,0.0,0.0,0.0,0.0,0.0,0.0,0.0,0.0,0.0,0.0,0.0,0.0,0.0,0.0,0.0,0.0,0.0,0.0,0.0,0.0,0.0,0.0,0.0,2.269,2.277,2.278,2.322,2.34,2.217,2.242,2.304,2.407,2.373,2.342,2.267,2.198,2.222,2.26,2.292,2.248,2.232,2.292,2.191,2.231,2.2,2.161,2.23,2.241,2.141,2.07,2.23,2.277,2.258,3.663,3.64,3.747,3.63,3.699,3.809,3.936,3.991,3.992,3.874,3.66,3.698,3.756,3.595,3.657,3.698,3.781,3.683,3.769,3.773,3.759,3.687,3.594,3.589,3.406,3.475,3.654,3.726,3.81,3.881,3.85,3.001,3.105,3.139,3.128,3.096,3.166,3.12,2.995,3.056,3.046,3.024,3.077,3.021,2.75,2.672,2.691,2.868,2.951,3.001,3.023,3.0,2.949,3.093,3.08,2.996,2.823,2.829,2.884,2.935,3.038,4.316,4.379,4.334,4.376,4.349,4.161,4.244,4.317,4.24,4.308,4.345,4.262,4.148,4.266,4.381,4.385,4.426,4.487,4.412,4.349,4.466,4.577,4.635,4.566,4.559,4.63,4.454,4.587,4.637,4.612,4.612,4.144,4.024,3.884,3.99,4.022,4.037,3.983,4.031,3.953,3.938,4.098,4.12,4.106,4.058,4.065,4.147,4.097,4.14,4.278,4.363,4.438,4.415,4.347,4.195,4.233,4.087,4.195,4.248,4.328,4.319,4.192,3.262,3.303,3.329,3.268,3.28,3.256,3.165,3.199,3.273,3.335,3.351,3.352,3.337,3.258,3.31,3.31,3.299,3.269,3.233,3.233,3.179,3.303,3.357,3.407,3.419,3.441,3.425,3.37,3.706,3.724,3.712,3.698,3.781,3.76,3.613,3.698,3.769,3.809,3.77,3.64,3.574,3.572,3.706,3.733,3.79,3.845,3.834,3.793,3.673,3.712,3.619,3.706,3.765,3.713,3.732,3.592,3.386,3.442,3.602,3.894,3.993,4.025,3.939,4.044,4.042,4.046,4.14,4.1,4.09,3.944,4.071,4.097,3.945,3.962,3.995,3.898,3.871,3.947,4.021,3.893,3.816,3.777,3.836,3.76,3.901,3.96,3.943,3.959,3.936,2.318,2.275,2.289,2.3,2.255,2.281,2.33,2.313,2.263,2.307,2.251,2.178,2.115,2.186,2.17,2.008,2.019,1.973,1.977,1.963,1.99,2.059,2.101,2.149,2.115,2.075,2.083,2.163,2.214,2.088,2.192,2.862,3.081,3.141,3.15,3.075,2.933,3.022,2.973,2.965,2.901,2.805,2.798,2.662,2.902,2.916,2.991,3.01,3.032,2.903,2.756,2.986,3.099,3.269,3.14,3.126,3.04,3.114,3.346,3.459,3.385,2.94,2.838,2.846,2.881,3.045,3.102,3.08,3.022,2.977,3.031,2.828,2.797,2.767,2.73,2.777,2.91,2.936,2.664,2.462,2.464,2.413,2.485,2.617,2.561,2.521,2.603,2.58,2.429,2.476,2.464,2.426,8.095,8.841,9.086,9.235,9.554,9.688,10.004,9.944,10.137,10.153,10.171,10.314,10.401,10.142,9.884,9.293,10.589,10.413,10.138,10.064,9.87,9.448,9.851,9.919,9.965,10.05,10.187,10.096,9.731,9.896,9.832,27.932,28.272,28.115,26.92,26.578,27.437,26.401,25.842,27.495,26.679,25.512,23.701,24.697,25.244,25.88,25.855,26.5,27.776,28.313,28.619,28.039,27.088,27.228,27.483,27.01,26.836,26.446,26.216,26.063,26.998,2.424,2.337,2.28,2.385,2.437,2.485,2.486,2.511,2.475,2.396,2.51,2.536,2.541,2.505,2.426,2.458,2.329,2.274,2.373,2.396,2.381,2.366,2.397,2.252,2.343,2.363,2.357,2.34,2.37,2.347,2.309,2.945,2.945,2.912,2.69,2.606,2.787,2.732,2.88,2.958,3.062,2.978,3.042,3.019,2.97,3.01,3.005,3.039,3.066,2.988,2.99,2.862,3.027,3.073,3.091,3.063,3.04,2.998,2.835,2.888,2.902,2.959,2.875,2.932,2.938,2.876,2.971,3.031,3.022,3.055,3.008,2.982,2.858,2.999,3.098,3.09,3.06,3.044,3.039,2.887,3.095,3.187,3.242,3.274,3.298,3.266,3.168,3.235,3.168,3.091,3.059,3.112,3.053,2.937,3.102,3.187,3.236,3.174,3.161,3.051,2.914,3.011,3.028,3.043,3.103,3.045,2.968,2.967,3.108,3.205,3.207,3.191,3.22,3.049,2.999,3.166,3.185,3.084,3.136,3.181,3.194,3.191,3.25,2.946,2.958,2.844,2.893,2.928,2.886,2.937,3.018,2.964,2.902,2.918,2.91,2.875,2.894,2.914,2.956,2.93,2.946,2.92,2.871,2.945,2.936,2.94,3.023,2.959,2.911,2.802,2.926,3.416,3.346,3.326,3.419,3.474,3.389,3.376,3.401,3.434,3.495,3.541,3.532,3.446,3.523,3.546,3.594,3.581,3.382,3.406,3.473,3.571,3.6,3.621,3.653,3.638,3.613,3.501,3.566,3.6,3.667,3.689,4.721,4.716,4.569,4.732,4.78,4.692,4.767,4.74,4.757,4.607,4.7,4.768,4.778,4.731,4.682,4.75,4.533,4.657,4.738,4.703,4.721,4.732,4.726,4.576,4.736,4.793,4.842,4.809,4.766,4.643,4.266,4.371,4.356,4.459,4.455,4.573,4.545,4.341,4.408,4.34,4.359,4.354,4.313,4.271,4.153,4.322,4.425,4.549,4.505,4.317,3.937,3.659,3.615,3.935,4.228,4.255,4.191,4.155,4.119,4.35,4.413,4.361,4.406,4.4,4.351,4.245,4.361,4.39,4.297,4.257,4.36,4.317,4.191,4.397,4.459,4.339,4.243,4.181,4.081,3.788,3.799,3.831,4.135,4.296,4.246,4.162,4.041,4.276,4.337,4.163,3.877,3.836,3.9,3.802,4.087,4.104,4.1,4.113,4.036,3.867,3.622,3.76,3.769,3.827,3.771,3.78,3.787,3.624,3.898,3.958,3.888,3.65,3.76,3.663,3.404,3.663,3.903,3.948,3.917,3.987,3.857,3.627,2.477,2.54,2.645,2.643,2.551,2.475,2.354,2.412,2.41,2.409,2.27,2.393,2.484,2.316,2.196,2.352,2.488,2.573,2.542,2.51,2.402,2.533,2.596,2.573,2.616,2.701,2.613,2.502,2.683,2.753,2.735,4.028,4.067,4.046,3.808,4.003,4.066,4.082,4.027,3.922,3.823,3.57,3.627,3.642,3.644,3.589,3.41,3.526,3.552,3.752,3.746,3.699,3.545,3.489,3.443,3.454,3.76,3.789,3.777,3.831,3.841,4.002,3.823,4.056,4.178,3.961,4.018,3.999,4.022,3.888,4.011,3.975,4.042,4.047,4.013,3.955,3.818,4.123,4.163,4.17,4.156,4.103,3.994,3.756,3.543,3.469,3.717,3.922,4.002,4.023,3.912,3.953,4.358,4.414,4.375,4.446,4.431,4.339,4.402,4.437,4.438,4.436,4.44,4.307,4.202,4.234,4.346,4.411,4.444,4.483,4.498,4.323,4.481,4.544,4.534,4.532,4.533,4.537,4.437,4.551,4.495,4.5,3.977,4.036,4.043,3.901,3.984,4.076,4.124,4.024,3.995,3.84,3.738,3.935,3.941,3.965,4.039,4.12,4.151,4.058,4.217,4.231,4.198,4.216,4.285,4.257,4.112,4.194,4.274,4.342,4.357,4.307,4.262,3.612,3.71,3.695,3.633,3.679,3.706,3.727,3.694,3.753,3.759,3.792,3.802,3.824,3.688,3.542,3.642,3.715,3.786,3.752,3.799,3.754,3.645,3.673,3.738,3.71,3.467,3.579,3.685,3.591,3.639,3.643,3.163,3.206,3.308,3.299,3.223,3.244,3.3,3.382,3.335,3.341,3.356,3.201,3.353,3.409,3.366,3.358,3.403,3.381,3.293,3.384,3.416,3.405,3.461,3.49,3.421,3.348,3.493,3.456,4.458,4.475,4.566,4.523,4.346,4.434,4.187,4.085,4.24,4.485,4.538,4.423,4.654,4.677,4.665,4.563,4.312,4.078,3.786,4.077,4.235,4.347,4.435,4.46,4.564,4.389,4.556,4.61,4.633,4.611,4.435,4.549,4.49,4.685,4.88,4.897,4.928,5.001,4.89,4.765,4.964,5.063,5.1,5.162,5.111,5.062,4.877,5.006,5.142,5.09,5.025,4.923,4.788,4.4,4.682,4.902,4.907,4.95,4.944,4.758,4.339,3.547,3.684,3.837,3.845,3.967,4.024,3.875,4.034,4.167,4.213,4.277,4.247,4.184,3.964,4.038,4.19,4.299,4.194,4.382,4.335,4.18,4.291,4.321,4.051,3.857,3.695,3.797,3.954,4.144,4.216,4.121,4.271,4.349,4.521,4.192,4.402,4.447,4.541,4.601,4.565,4.392,4.204,4.377,4.354,4.274,4.332,4.449,4.368,4.16,4.295,4.322,4.393,4.42,4.412,4.272,3.914,3.934,4.053,4.011,3.911,3.823,4.779,4.734,5.058,5.087,4.958,4.786,4.864,4.698,4.645,5.036,5.039,5.124,5.048,5.014,4.915,4.779,4.947,4.915,4.801,4.933,4.987,4.757,4.525,4.787,4.828,4.619,4.514,4.391,4.261,4.293,4.578,5.263,5.185,5.255,5.445,5.596,5.289,5.352,5.548,5.707,5.834,6.049,5.817,5.642,5.87,5.766,6.015,6.073,6.025,5.873,5.833,6.021,6.069,5.793,5.753,5.932,5.947,5.809,5.946,6.231,6.338,6.397,2.607,2.561,2.482,2.44,2.488,2.45,2.314,2.276,2.242,2.136,2.259,2.359,2.436,2.529,2.452,2.304,2.131,2.197,2.248,2.332,2.363,2.323,2.229,2.069,2.208,2.319,2.353,2.349,2.377,2.344,4.135,4.103,4.279,4.387,4.44,4.487,4.559,4.543,4.612,4.676,4.763,4.791,4.799,4.758,4.605,4.636,4.508,4.673,4.725,4.736,4.673,4.498,4.471,4.369,4.52,4.662,4.677,4.71,4.529,4.592,4.669,4.259,4.231,4.256,4.18,4.046,4.128,4.165,4.181,4.155,4.007,3.76,3.413,3.346,3.578,3.683,3.777,3.83,3.913,3.782,3.865,3.953,3.984,4.04,3.955,3.843,3.582,3.592,3.645,3.657,3.567,3.476,3.412,3.304,3.338,3.317,3.464,3.563,3.621,3.575,3.454,3.63,3.695,3.702,3.666,3.714,3.708,3.519,3.547,3.689,3.768,3.793,3.887,3.789,3.614,3.745,3.819,3.81,3.773,3.846,3.902,3.77,3.699,3.766,3.863,3.86,3.872,3.772,3.608,3.731,3.727,3.792,3.815,3.871,3.924,3.748,3.782,3.911,3.951,3.954,3.973,4.002,3.916,3.929,3.984,3.96,3.693,3.451,3.563,3.668,3.575,3.622,3.627,3.092,3.134,3.234,3.225,3.151,3.171,3.226,3.306,3.261,3.266,3.281,3.129,3.278,3.333,3.29,3.283,3.327,3.305,3.219,3.308,3.339,3.328,3.383,3.411,3.344,3.273,3.414,3.378,2.984,5.27,5.29,5.399,5.347,5.138,5.242,4.95,4.83,5.013,5.302,5.365,5.229,5.502,5.529,5.515,5.395,5.097,4.821,4.476,4.82,5.006,5.139,5.243,5.272,5.395,5.189,5.387,5.45,5.477,5.451,5.243,3.613,3.567,3.721,3.877,3.89,3.914,3.973,3.884,3.785,3.943,4.022,4.051,4.1,4.06,4.021,3.874,3.976,4.084,4.043,3.992,3.91,3.803,3.495,3.719,3.894,3.898,3.932,3.927,3.779,3.447,3.566,3.704,3.857,3.866,3.988,4.046,3.896,4.056,4.189,4.236,4.3,4.269,4.207,3.985,4.06,4.212,4.322,4.216,4.405,4.358,4.203,4.314,4.344,4.073,3.877,3.714,3.818,3.975,4.166,4.239,4.143,4.271,4.349,4.521,4.192,4.402,4.447,4.541,4.601,4.565,4.392,4.204,4.377,4.354,4.274,4.332,4.449,4.368,4.16,4.295,4.322,4.393,4.42,4.412,4.272,3.914,3.934,4.053,4.011,3.911,3.823,3.784,3.749,4.006,4.029,3.927,3.79,3.852,3.72,3.679,3.988,3.991,4.058,3.997,3.971,3.893,3.785,3.917,3.892,3.802,3.906,3.95,3.767,3.584,3.791,3.823,3.658,3.575,3.477,3.375,3.4,3.625,2.836,2.794,2.831,2.934,3.015,2.85,2.884,2.989,3.075,3.143,3.259,3.134,3.04,3.163,3.107,3.241,3.272,3.246,3.164,3.143,3.244,3.27,3.121,3.1,3.196,3.204,3.13,3.203,3.357,3.415,3.447,3.198,3.141,3.044,2.992,3.052,3.004,2.838,2.791,2.749,2.62,2.77,2.893,2.987,3.102,3.007,2.825,2.613,2.694,2.756,2.86,2.898,2.849,2.733,2.537,2.708,2.844,2.885,2.881,2.915,2.875,4.135,4.103,4.279,4.387,4.44,4.487,4.559,4.543,4.612,4.676,4.763,4.791,4.799,4.758,4.605,4.636,4.508,4.673,4.725,4.736,4.673,4.498,4.471,4.369,4.52,4.662,4.677,4.71,4.529,4.592,4.669,4.259,4.231,4.256,4.18,4.046,4.128,4.165,4.181,4.155,4.007,3.76,3.413,3.346,3.578,3.683,3.777,3.83,3.913,3.782,3.865,3.953,3.984,4.04,3.955,3.843,3.582,3.592,3.645,3.657,3.567,3.476,3.412,3.304,3.338,3.317,3.464,3.563,3.621,3.575,3.454,3.63,3.695,3.702,3.666,3.714,3.708,3.519,3.547,3.689,3.768,3.793,3.887,3.789,3.614,3.745,3.819,3.81,3.773,3.846,3.902,3.77
Guntur_20,5.426,5.463,5.566,5.58,5.373,5.403,5.521,5.528,5.418,5.357,5.455,5.457,5.524,5.426,5.268,5.239,5.484,5.459,5.238,5.461,5.501,5.378,5.439,5.57,5.631,5.373,5.546,5.627,5.67,5.708,5.662,6.531,6.218,6.416,6.583,6.584,6.578,6.651,6.423,6.282,6.389,6.419,6.485,6.715,6.704,6.77,6.486,6.645,6.781,6.753,6.606,6.377,6.431,6.262,6.472,6.587,6.659,6.579,6.54,6.466,6.325,6.505,6.577,6.473,6.371,6.41,6.497,6.306,6.259,5.805,6.031,6.398,6.437,6.395,6.149,6.364,6.566,6.539,7.248,7.142,6.889,6.778,6.658,6.928,7.174,7.254,7.225,7.187,6.963,6.781,6.766,6.835,6.986,7.034,6.99,6.718,7.057,7.091,7.054,7.1,7.154,7.02,6.853,7.244,7.111,7.06,6.854,6.804,6.738,6.512,6.919,6.955,6.784,6.892,6.964,6.896,6.762,7.012,7.019,7.032,6.91,6.876,6.892,6.791,6.99,6.964,7.049,7.236,7.228,7.183,6.898,6.788,6.845,6.82,6.764,6.803,6.724,6.745,6.314,6.612,6.81,6.6,6.51,6.681,6.785,6.487,6.641,6.754,6.948,6.928,6.771,6.613,6.02,6.096,6.079,6.246,6.198,6.236,6.119,6.505,6.621,6.707,6.624,6.642,6.449,6.228,6.543,6.537,6.639,6.73,6.592,6.55,6.296,6.657,6.829,6.744,6.742,6.513,6.374,6.181,6.472,6.796,0.0,0.0,0.0,0.0,0.0,0.0,0.0,0.0,0.0,0.0,0.0,0.0,0.0,0.0,0.0,0.0,0.0,0.0,0.0,0.0,0.0,0.0,0.0,0.0,0.0,0.0,0.0,0.0,0.0,0.0,0.0,0.0,0.0,0.0,0.0,0.0,0.0,0.0,0.0,0.0,0.0,0.0,0.0,0.0,0.0,0.0,0.0,0.0,0.0,0.0,0.0,0.0,0.0,0.0,0.0,0.0,0.0,0.0,0.0,0.0,0.0,0.0,5.93,5.951,5.953,6.068,6.115,5.795,5.857,6.02,6.29,6.201,6.12,5.924,5.744,5.807,5.906,5.989,5.876,5.832,5.99,5.726,5.829,5.75,5.648,5.827,5.856,5.595,5.41,5.827,5.951,5.902,5.863,5.826,5.998,5.811,5.919,6.097,6.3,6.387,6.389,6.2,5.858,5.919,6.011,5.753,5.853,5.918,6.051,5.894,6.033,6.039,6.016,5.901,5.752,5.744,5.452,5.561,5.848,5.963,6.097,6.211,6.162,4.348,4.499,4.548,4.533,4.487,4.588,4.521,4.339,4.428,4.413,4.382,4.458,4.377,3.984,3.871,3.9,4.156,4.275,4.348,4.381,4.346,4.273,4.481,4.463,4.341,4.09,4.099,4.179,4.253,4.402,4.74,4.809,4.759,4.806,4.776,4.57,4.661,4.742,4.657,4.732,4.772,4.681,4.556,4.685,4.811,4.816,4.861,4.928,4.845,4.777,4.905,5.027,5.09,5.014,5.007,5.085,4.892,5.038,5.092,5.065,5.065,5.436,5.278,5.095,5.234,5.275,5.296,5.224,5.287,5.185,5.165,5.375,5.405,5.386,5.322,5.332,5.44,5.374,5.431,5.612,5.723,5.822,5.792,5.702,5.502,5.552,5.361,5.503,5.572,5.677,5.666,5.499,5.857,5.929,5.976,5.866,5.888,5.845,5.681,5.743,5.877,5.988,6.015,6.018,5.991,5.849,5.943,5.943,5.922,5.869,5.803,5.805,5.708,5.93,6.027,6.117,6.137,6.177,6.148,6.051,4.856,4.881,4.865,4.847,4.955,4.927,4.735,4.846,4.939,4.991,4.94,4.77,4.684,4.681,4.856,4.892,4.966,5.039,5.024,4.971,4.814,4.864,4.743,4.857,4.934,4.866,4.891,4.707,4.437,4.511,4.721,5.196,5.33,5.372,5.256,5.397,5.395,5.4,5.525,5.472,5.459,5.263,5.433,5.468,5.265,5.288,5.332,5.202,5.166,5.268,5.367,5.196,5.093,5.041,5.12,5.018,5.206,5.284,5.262,5.284,5.253,4.571,4.485,4.513,4.534,4.447,4.498,4.593,4.56,4.462,4.549,4.439,4.294,4.17,4.311,4.279,3.96,3.981,3.889,3.899,3.87,3.924,4.06,4.143,4.237,4.17,4.092,4.108,4.264,4.365,4.117,4.322,3.505,3.773,3.846,3.858,3.766,3.592,3.701,3.641,3.631,3.553,3.435,3.426,3.26,3.554,3.571,3.662,3.687,3.713,3.555,3.375,3.656,3.795,4.003,3.845,3.829,3.723,3.813,4.098,4.236,4.145,9.265,8.945,8.972,9.081,9.599,9.778,9.708,9.524,9.382,9.553,8.913,8.817,8.722,8.605,8.753,9.172,9.254,8.395,7.758,7.767,7.607,7.833,8.248,8.073,7.946,8.204,8.131,7.657,7.805,7.765,7.648,11.898,12.994,13.354,13.573,14.042,14.24,14.705,14.615,14.899,14.922,14.949,15.159,15.288,14.907,14.527,13.659,15.564,15.305,14.901,14.792,14.507,13.887,14.479,14.579,14.647,14.771,14.973,14.839,14.302,14.545,14.452,0.0,0.0,0.0,0.0,0.0,0.0,0.0,0.0,0.0,0.0,0.0,0.0,0.0,0.0,0.0,0.0,0.0,0.0,0.0,0.0,0.0,0.0,0.0,0.0,0.0,0.0,0.0,0.0,0.0,0.0,5.626,5.422,5.29,5.534,5.654,5.766,5.769,5.826,5.742,5.56,5.824,5.885,5.895,5.812,5.63,5.703,5.404,5.275,5.507,5.559,5.524,5.49,5.562,5.225,5.437,5.483,5.47,5.43,5.5,5.445,5.358,2.911,2.91,2.878,2.659,2.575,2.754,2.7,2.846,2.923,3.026,2.943,3.006,2.984,2.935,2.974,2.969,3.003,3.03,2.953,2.955,2.828,2.991,3.037,3.055,3.027,3.004,2.962,2.802,2.854,2.868,4.127,4.01,4.09,4.098,4.011,4.144,4.227,4.215,4.261,4.196,4.159,3.987,4.183,4.321,4.309,4.267,4.246,4.239,4.027,4.316,4.445,4.522,4.567,4.601,4.555,4.418,4.512,4.419,4.312,4.267,4.341,4.761,4.579,4.837,4.97,5.045,4.949,4.929,4.757,4.543,4.695,4.721,4.744,4.839,4.747,4.628,4.626,4.847,4.997,5.0,4.976,5.021,4.753,4.677,4.936,4.966,4.809,4.89,4.96,4.981,4.976,5.067,4.484,4.502,4.329,4.404,4.457,4.393,4.471,4.594,4.512,4.416,4.441,4.43,4.376,4.405,4.435,4.499,4.46,4.483,4.444,4.37,4.483,4.47,4.475,4.601,4.504,4.431,4.265,4.454,5.323,5.214,5.183,5.328,5.414,5.281,5.261,5.299,5.351,5.446,5.517,5.504,5.369,5.49,5.526,5.601,5.58,5.269,5.308,5.411,5.565,5.61,5.642,5.693,5.669,5.631,5.456,5.558,5.61,5.714,5.748,5.692,5.686,5.509,5.705,5.764,5.658,5.748,5.715,5.736,5.555,5.667,5.75,5.761,5.705,5.646,5.728,5.466,5.615,5.713,5.671,5.693,5.705,5.698,5.518,5.711,5.779,5.838,5.799,5.747,5.599,5.534,5.67,5.651,5.785,5.779,5.932,5.896,5.632,5.718,5.63,5.655,5.648,5.595,5.541,5.388,5.607,5.741,5.902,5.845,5.601,5.108,4.746,4.689,5.105,5.485,5.52,5.437,5.39,5.344,5.643,5.725,10.103,10.205,10.193,10.078,9.832,10.103,10.17,9.954,9.861,10.1,9.999,9.708,10.185,10.328,10.052,9.828,9.685,9.453,8.774,8.799,8.874,9.58,9.952,9.836,9.641,9.36,9.906,10.045,9.644,8.98,8.885,9.035,8.806,9.467,9.508,9.496,9.528,9.348,8.957,8.391,8.71,8.73,8.866,8.734,8.756,8.774,8.394,9.03,9.169,9.006,8.454,8.71,8.486,7.886,8.485,9.042,9.145,9.074,9.235,8.934,8.402,5.286,5.421,5.644,5.64,5.444,5.283,5.025,5.149,5.143,5.141,4.845,5.108,5.302,4.942,4.687,5.02,5.309,5.492,5.426,5.357,5.126,5.405,5.541,5.491,5.583,5.765,5.577,5.34,5.726,5.876,5.838,5.878,5.934,5.903,5.557,5.841,5.933,5.957,5.876,5.723,5.579,5.21,5.293,5.315,5.318,5.237,4.976,5.145,5.183,5.475,5.466,5.398,5.173,5.091,5.024,5.04,5.487,5.53,5.511,5.59,5.604,5.933,5.668,6.014,6.195,5.873,5.958,5.929,5.963,5.764,5.947,5.893,5.994,6.0,5.95,5.864,5.661,6.113,6.172,6.182,6.162,6.083,5.922,5.57,5.253,5.143,5.511,5.815,5.934,5.964,5.8,5.861,4.604,4.663,4.623,4.698,4.681,4.585,4.651,4.688,4.689,4.687,4.691,4.551,4.44,4.474,4.592,4.661,4.696,4.737,4.752,4.567,4.735,4.801,4.79,4.788,4.789,4.794,4.688,4.809,4.75,4.755,6.27,6.363,6.373,6.15,6.281,6.425,6.501,6.344,6.297,6.054,5.893,6.204,6.214,6.251,6.368,6.495,6.543,6.397,6.648,6.67,6.619,6.646,6.755,6.711,6.482,6.612,6.737,6.844,6.869,6.79,6.718,5.789,5.946,5.922,5.822,5.896,5.939,5.974,5.919,6.015,6.024,6.078,6.094,6.129,5.911,5.676,5.836,5.954,6.067,6.014,6.088,6.016,5.842,5.886,5.99,5.945,5.556,5.736,5.906,5.756,5.831,5.838,4.75,4.814,4.968,4.954,4.84,4.872,4.956,5.079,5.009,5.017,5.041,4.807,5.036,5.12,5.054,5.043,5.111,5.078,4.945,5.083,5.13,5.113,5.198,5.24,5.137,5.028,5.245,5.19,6.409,6.433,6.565,6.502,6.248,6.374,6.019,5.873,6.095,6.448,6.523,6.358,6.691,6.723,6.706,6.56,6.198,5.863,5.443,5.861,6.088,6.249,6.375,6.411,6.561,6.31,6.55,6.627,6.661,6.628,6.376,6.471,6.387,6.664,6.942,6.966,7.01,7.114,6.955,6.778,7.061,7.202,7.254,7.343,7.27,7.2,6.938,7.121,7.314,7.24,7.148,7.003,6.811,6.258,6.66,6.973,6.98,7.042,7.033,6.768,6.172,5.244,5.447,5.672,5.685,5.864,5.95,5.729,5.964,6.16,6.229,6.324,6.278,6.186,5.86,5.97,6.195,6.356,6.201,6.479,6.409,6.18,6.344,6.388,5.989,5.702,5.462,5.614,5.845,6.127,6.234,6.093,6.244,6.359,6.611,6.129,6.437,6.502,6.639,6.728,6.675,6.422,6.147,6.4,6.367,6.249,6.334,6.505,6.387,6.082,6.28,6.319,6.423,6.463,6.452,6.246,5.724,5.752,5.926,5.865,5.718,5.589,7.878,7.805,8.339,8.387,8.175,7.891,8.019,7.744,7.658,8.303,8.308,8.448,8.322,8.266,8.103,7.879,8.155,8.103,7.915,8.132,8.222,7.843,7.461,7.891,7.959,7.615,7.442,7.238,7.025,7.078,7.547,10.802,10.642,10.785,11.176,11.485,10.856,10.986,11.386,11.713,11.973,12.415,11.938,11.579,12.048,11.835,12.346,12.465,12.365,12.054,11.972,12.358,12.456,11.89,11.808,12.175,12.207,11.922,12.203,12.789,13.008,13.13,7.505,7.372,7.145,7.023,7.162,7.05,6.66,6.55,6.452,6.148,6.502,6.789,7.011,7.28,7.057,6.631,6.133,6.323,6.469,6.712,6.802,6.685,6.415,5.955,6.356,6.675,6.772,6.761,6.841,6.746,5.346,5.305,5.532,5.672,5.74,5.801,5.893,5.873,5.963,6.045,6.157,6.194,6.203,6.151,5.953,5.993,5.828,6.041,6.108,6.123,6.041,5.814,5.78,5.648,5.843,6.027,6.047,6.089,5.855,5.936,6.035,4.681,4.651,4.678,4.594,4.448,4.537,4.578,4.595,4.567,4.405,4.133,3.751,3.678,3.933,4.048,4.152,4.21,4.301,4.157,4.249,4.345,4.38,4.44,4.347,4.224,3.937,3.949,4.006,4.019,3.921,4.567,4.483,4.34,4.386,4.358,4.551,4.681,4.757,4.697,4.539,4.77,4.855,4.864,4.817,4.88,4.871,4.623,4.66,4.846,4.951,4.983,5.107,4.978,4.748,4.92,5.017,5.005,4.957,5.053,5.126,4.953,5.273,5.368,5.507,5.502,5.52,5.377,5.143,5.318,5.313,5.406,5.438,5.517,5.594,5.343,5.391,5.575,5.631,5.636,5.663,5.704,5.581,5.6,5.679,5.644,5.264,4.92,5.079,5.229,5.096,5.163,5.169,5.11,5.18,5.345,5.33,5.207,5.242,5.332,5.464,5.389,5.398,5.423,5.172,5.418,5.508,5.438,5.426,5.499,5.463,5.32,5.468,5.519,5.501,5.592,5.638,5.527,5.41,5.643,5.583,4.932,6.252,6.275,6.404,6.342,6.095,6.218,5.872,5.729,5.946,6.29,6.364,6.202,6.527,6.559,6.542,6.399,6.047,5.719,5.31,5.717,5.939,6.096,6.219,6.254,6.4,6.155,6.39,6.465,6.498,6.466,6.22,7.108,7.015,7.319,7.625,7.652,7.7,7.814,7.64,7.446,7.756,7.91,7.968,8.066,7.986,7.909,7.621,7.822,8.034,7.953,7.852,7.692,7.481,6.874,7.315,7.659,7.667,7.735,7.725,7.434,6.78,7.456,7.743,8.063,8.082,8.337,8.458,8.145,8.479,8.758,8.855,8.99,8.925,8.795,8.33,8.488,8.807,9.035,8.815,9.21,9.111,8.786,9.019,9.081,8.514,8.106,7.765,7.981,8.31,8.71,8.862,8.662,6.244,6.359,6.611,6.129,6.437,6.502,6.639,6.728,6.675,6.422,6.147,6.4,6.367,6.249,6.334,6.505,6.387,6.082,6.28,6.319,6.423,6.463,6.452,6.246,5.724,5.752,5.926,5.865,5.718,5.589,7.912,7.838,8.375,8.422,8.209,7.924,8.053,7.777,7.691,8.338,8.343,8.484,8.357,8.301,8.138,7.912,8.189,8.137,7.949,8.166,8.257,7.876,7.492,7.925,7.993,7.647,7.474,7.269,7.055,7.108,7.579,5.306,5.228,5.298,5.49,5.642,5.333,5.396,5.593,5.754,5.882,6.099,5.864,5.688,5.919,5.814,6.065,6.123,6.074,5.922,5.881,6.071,6.119,5.841,5.8,5.981,5.996,5.856,5.995,6.282,6.39,6.45,3.198,3.141,3.044,2.992,3.052,3.004,2.838,2.791,2.749,2.62,2.77,2.893,2.987,3.102,3.007,2.825,2.613,2.694,2.756,2.86,2.898,2.849,2.733,2.537,2.708,2.844,2.885,2.881,2.915,2.875,5.346,5.305,5.532,5.672,5.74,5.801,5.893,5.873,5.963,6.045,6.157,6.194,6.203,6.151,5.953,5.993,5.828,6.041,6.108,6.123,6.041,5.814,5.78,5.648,5.843,6.027,6.047,6.089,5.855,5.936,6.035,4.681,4.651,4.678,4.594,4.448,4.537,4.578,4.595,4.567,4.405,4.133,3.751,3.678,3.933,4.048,4.152,4.21,4.301,4.157,4.249,4.345,4.38,4.44,4.347,4.224,3.937,3.949,4.006,4.019,3.921,4.567,4.483,4.34,4.386,4.358,4.551,4.681,4.757,4.697,4.539,4.77,4.855,4.864,4.817,4.88,4.871,4.623,4.66,4.846,4.951,4.983,5.107,4.978,4.748,4.92,5.017,5.005,4.957,5.053,5.126,4.953
Guntur_21,5.085,5.12,5.217,5.23,5.035,5.064,5.174,5.181,5.078,5.021,5.113,5.115,5.177,5.085,4.937,4.91,5.139,5.117,4.909,5.119,5.156,5.041,5.097,5.221,5.277,5.036,5.198,5.274,5.314,5.35,5.306,5.507,5.243,5.411,5.551,5.552,5.547,5.609,5.416,5.297,5.388,5.413,5.469,5.662,5.653,5.709,5.469,5.604,5.718,5.695,5.571,5.377,5.423,5.28,5.458,5.555,5.615,5.548,5.515,5.453,5.986,6.156,6.224,6.126,6.03,6.067,6.149,5.969,5.924,5.494,5.708,6.055,6.092,6.053,5.82,6.023,6.215,6.189,6.859,6.759,6.52,6.415,6.301,6.557,6.79,6.865,6.838,6.802,6.591,6.418,6.404,6.827,6.978,7.026,6.981,6.71,7.048,7.082,7.046,7.092,7.145,7.012,6.845,7.235,7.102,7.052,6.846,6.796,6.73,6.504,6.911,6.947,6.776,6.883,6.955,6.888,6.754,7.003,7.011,7.023,6.902,5.613,5.626,5.544,5.706,5.685,5.754,5.907,5.9,5.864,5.631,5.541,5.588,5.567,5.522,5.554,5.489,5.507,5.155,5.397,5.559,5.388,5.315,5.454,5.539,5.296,5.422,5.514,5.672,5.656,5.527,5.399,6.02,6.096,6.079,6.246,6.198,6.236,6.119,6.505,6.621,6.707,6.624,6.642,6.449,6.228,6.543,6.537,6.639,6.73,6.592,6.55,6.296,6.657,6.829,6.744,6.742,6.513,6.374,6.181,6.472,6.796,0.0,0.0,0.0,0.0,0.0,0.0,0.0,0.0,0.0,0.0,0.0,0.0,0.0,0.0,0.0,0.0,0.0,0.0,0.0,0.0,0.0,0.0,0.0,0.0,0.0,0.0,0.0,0.0,0.0,0.0,0.0,0.0,0.0,0.0,0.0,0.0,0.0,0.0,0.0,0.0,0.0,0.0,0.0,0.0,0.0,0.0,0.0,0.0,0.0,0.0,0.0,0.0,0.0,0.0,0.0,0.0,0.0,0.0,0.0,0.0,0.0,0.0,3.362,3.374,3.375,3.44,3.467,3.285,3.321,3.413,3.566,3.516,3.47,3.359,3.256,3.292,3.348,3.395,3.331,3.307,3.396,3.246,3.304,3.26,3.202,3.304,3.32,3.172,3.067,3.303,3.374,3.346,5.958,5.92,6.095,5.905,6.016,6.196,6.402,6.491,6.493,6.301,5.953,6.015,6.108,5.847,5.948,6.015,6.149,5.99,6.131,6.137,6.113,5.997,5.846,5.838,5.54,5.652,5.943,6.06,6.196,6.312,6.262,5.516,5.708,5.77,5.751,5.692,5.82,5.736,5.505,5.618,5.599,5.559,5.657,5.553,5.055,4.911,4.947,5.272,5.424,5.517,5.558,5.514,5.421,5.686,5.663,5.507,5.189,5.2,5.302,5.396,5.585,5.765,5.85,5.789,5.845,5.81,5.559,5.67,5.767,5.664,5.755,5.805,5.694,5.541,5.698,5.852,5.857,5.912,5.994,5.893,5.81,5.966,6.114,6.191,6.099,6.09,6.185,5.95,6.128,6.194,6.16,6.161,5.404,5.247,5.065,5.203,5.244,5.265,5.194,5.256,5.154,5.135,5.344,5.373,5.354,5.291,5.301,5.408,5.342,5.399,5.579,5.69,5.787,5.758,5.669,5.47,5.519,5.33,5.47,5.539,5.644,5.632,5.467,5.273,5.338,5.38,5.282,5.301,5.262,5.115,5.171,5.291,5.391,5.416,5.419,5.394,5.266,5.351,5.351,5.332,5.284,5.225,5.226,5.139,5.339,5.426,5.507,5.525,5.562,5.536,5.448,6.072,6.103,6.083,6.06,6.196,6.161,5.921,6.06,6.176,6.241,6.177,5.965,5.856,5.853,6.072,6.117,6.21,6.301,6.282,6.215,6.019,6.082,5.931,6.073,6.17,6.084,6.115,5.885,5.548,5.64,5.903,6.296,6.457,6.508,6.369,6.539,6.536,6.542,6.695,6.63,6.614,6.377,6.583,6.625,6.379,6.407,6.46,6.303,6.259,6.383,6.502,6.295,6.171,6.107,6.203,6.079,6.308,6.403,6.376,6.402,6.365,4.953,4.86,4.89,4.913,4.819,4.873,4.977,4.941,4.835,4.93,4.81,4.653,4.518,4.671,4.636,4.291,4.313,4.214,4.224,4.194,4.252,4.399,4.49,4.592,4.518,4.434,4.451,4.621,4.73,4.461,4.683,4.399,4.736,4.828,4.843,4.727,4.508,4.645,4.571,4.557,4.459,4.311,4.301,4.092,4.461,4.483,4.597,4.627,4.66,4.463,4.236,4.589,4.763,5.024,4.827,4.806,4.673,4.786,5.144,5.317,5.203,9.265,8.945,8.972,9.081,9.599,9.778,9.708,9.524,9.382,9.553,8.913,8.817,8.722,8.605,8.753,9.172,9.254,8.395,7.758,7.767,7.607,7.833,8.248,8.073,7.946,8.204,8.131,7.657,7.805,7.765,7.648,10.29,11.238,11.549,11.738,12.144,12.315,12.717,12.64,12.885,12.905,12.928,13.11,13.221,12.892,12.564,11.813,13.46,13.237,12.887,12.793,12.546,12.01,12.522,12.608,12.667,12.775,12.949,12.833,12.369,12.579,12.498,0.0,0.0,0.0,0.0,0.0,0.0,0.0,0.0,0.0,0.0,0.0,0.0,0.0,0.0,0.0,0.0,0.0,0.0,0.0,0.0,0.0,0.0,0.0,0.0,0.0,0.0,0.0,0.0,0.0,0.0,6.425,6.192,6.042,6.32,6.457,6.585,6.588,6.653,6.557,6.35,6.651,6.721,6.732,6.637,6.43,6.513,6.171,6.025,6.289,6.348,6.308,6.27,6.352,5.967,6.21,6.262,6.247,6.201,6.281,6.218,6.118,5.641,5.641,5.578,5.153,4.991,5.338,5.233,5.516,5.665,5.864,5.703,5.826,5.783,5.688,5.765,5.755,5.821,5.872,5.723,5.726,5.482,5.797,5.885,5.92,5.867,5.823,5.742,5.43,5.532,5.558,5.092,4.948,5.047,5.057,4.95,5.114,5.216,5.201,5.258,5.177,5.132,4.92,5.162,5.332,5.317,5.266,5.239,5.231,4.969,5.326,5.485,5.58,5.635,5.677,5.62,5.452,5.567,5.453,5.32,5.265,5.356,5.543,5.332,5.632,5.787,5.874,5.763,5.739,5.539,5.29,5.466,5.498,5.524,5.634,5.528,5.389,5.386,5.643,5.818,5.822,5.794,5.847,5.535,5.445,5.748,5.782,5.599,5.694,5.776,5.799,5.794,5.9,6.377,6.403,6.157,6.263,6.338,6.247,6.358,6.534,6.416,6.281,6.315,6.3,6.224,6.264,6.307,6.398,6.344,6.376,6.321,6.215,6.375,6.356,6.364,6.543,6.405,6.301,6.066,6.334,5.777,5.659,5.625,5.782,5.876,5.732,5.709,5.751,5.808,5.911,5.988,5.974,5.828,5.958,5.997,6.079,6.056,5.719,5.76,5.873,6.039,6.089,6.123,6.179,6.153,6.111,5.922,6.032,6.089,6.201,6.239,7.422,7.414,7.184,7.439,7.516,7.377,7.495,7.452,7.48,7.244,7.389,7.497,7.512,7.439,7.362,7.468,7.127,7.321,7.45,7.394,7.422,7.439,7.43,7.195,7.447,7.535,7.612,7.561,7.494,7.3,6.349,6.505,6.483,6.637,6.63,6.806,6.764,6.461,6.56,6.459,6.488,6.48,6.419,6.356,6.182,6.432,6.586,6.771,6.705,6.425,5.859,5.445,5.379,5.856,6.293,6.332,6.237,6.183,6.131,6.474,6.568,5.261,5.314,5.307,5.248,5.12,5.26,5.295,5.183,5.134,5.259,5.206,5.055,5.303,5.378,5.234,5.117,5.043,4.922,4.568,4.582,4.62,4.988,5.182,5.121,5.02,4.874,5.158,5.23,5.022,4.676,4.626,4.705,4.585,4.929,4.95,4.945,4.961,4.868,4.664,4.369,4.535,4.546,4.616,4.548,4.559,4.568,4.371,4.702,4.774,4.689,4.402,4.535,4.418,4.106,4.418,4.708,4.762,4.725,4.808,4.652,4.375,3.644,3.737,3.891,3.888,3.753,3.642,3.464,3.55,3.546,3.544,3.34,3.522,3.655,3.407,3.231,3.461,3.66,3.786,3.741,3.693,3.534,3.727,3.82,3.786,3.849,3.975,3.845,3.682,3.948,4.051,4.025,5.781,5.836,5.806,5.465,5.745,5.835,5.859,5.779,5.629,5.487,5.124,5.206,5.227,5.23,5.151,4.894,5.061,5.098,5.385,5.376,5.309,5.088,5.007,4.941,4.958,5.397,5.439,5.42,5.498,5.512,6.173,5.897,6.257,6.446,6.11,6.198,6.168,6.204,5.997,6.187,6.131,6.236,6.242,6.19,6.101,5.89,6.36,6.422,6.432,6.411,6.329,6.162,5.795,5.465,5.351,5.733,6.05,6.174,6.205,6.034,6.097,5.776,5.85,5.799,5.893,5.872,5.751,5.835,5.88,5.882,5.879,5.885,5.709,5.569,5.611,5.76,5.846,5.89,5.942,5.961,5.729,5.939,6.022,6.009,6.006,6.008,6.013,5.881,6.032,5.958,5.965,6.695,6.794,6.806,6.567,6.706,6.861,6.942,6.774,6.724,6.464,6.292,6.624,6.635,6.675,6.799,6.936,6.987,6.831,7.099,7.123,7.067,7.097,7.213,7.167,6.921,7.061,7.194,7.309,7.335,7.251,7.174,6.115,6.281,6.256,6.151,6.228,6.274,6.31,6.253,6.354,6.363,6.42,6.437,6.474,6.244,5.996,6.165,6.29,6.409,6.352,6.431,6.355,6.171,6.218,6.328,6.28,5.869,6.059,6.238,6.08,6.16,6.167,5.407,5.48,5.656,5.639,5.51,5.546,5.642,5.781,5.702,5.711,5.738,5.472,5.732,5.828,5.754,5.741,5.818,5.78,5.629,5.786,5.839,5.82,5.917,5.965,5.848,5.724,5.971,5.908,5.902,5.924,6.045,5.987,5.753,5.87,5.543,5.408,5.613,5.938,6.007,5.855,6.161,6.191,6.175,6.041,5.708,5.399,5.013,5.397,5.606,5.754,5.871,5.904,6.042,5.811,6.032,6.103,6.134,6.104,5.871,6.215,6.135,6.401,6.668,6.691,6.733,6.833,6.681,6.511,6.782,6.917,6.968,7.053,6.983,6.916,6.664,6.84,7.025,6.955,6.866,6.726,6.542,6.011,6.397,6.697,6.705,6.764,6.755,6.501,5.929,5.429,5.639,5.872,5.885,6.071,6.16,5.932,6.175,6.378,6.448,6.547,6.5,6.405,6.067,6.181,6.413,6.58,6.419,6.707,6.635,6.398,6.568,6.613,6.2,5.903,5.655,5.812,6.051,6.343,6.454,6.308,6.224,6.339,6.589,6.109,6.416,6.481,6.618,6.706,6.653,6.401,6.127,6.379,6.346,6.229,6.314,6.484,6.366,6.062,6.26,6.299,6.402,6.442,6.431,6.226,5.705,5.733,5.907,5.846,5.7,5.571,7.878,7.805,8.339,8.387,8.175,7.891,8.019,7.744,7.658,8.303,8.308,8.448,8.322,8.266,8.103,7.879,8.155,8.103,7.915,8.132,8.222,7.843,7.461,7.891,7.959,7.615,7.442,7.238,7.025,7.078,7.547,10.802,10.642,10.785,11.176,11.485,10.856,10.986,11.386,11.713,11.973,12.415,11.938,11.579,12.048,11.835,12.346,12.465,12.365,12.054,11.972,12.358,12.456,11.89,11.808,12.175,12.207,11.922,12.203,12.789,13.008,13.13,6.583,6.466,6.267,6.16,6.282,6.184,5.842,5.746,5.659,5.393,5.703,5.955,6.149,6.386,6.19,5.816,5.379,5.546,5.674,5.887,5.966,5.864,5.627,5.223,5.575,5.855,5.94,5.931,6.0,5.917,6.098,6.051,6.309,6.469,6.548,6.617,6.722,6.699,6.801,6.895,7.023,7.065,7.076,7.016,6.79,6.836,6.648,6.891,6.967,6.984,6.891,6.632,6.593,6.443,6.665,6.875,6.897,6.946,6.678,6.771,6.884,5.388,5.353,5.384,5.287,5.119,5.221,5.269,5.289,5.256,5.07,4.757,4.317,4.233,4.526,4.659,4.778,4.846,4.95,4.784,4.89,5.0,5.041,5.11,5.003,4.862,4.531,4.545,4.611,4.626,4.513,5.37,5.272,5.104,5.157,5.124,5.351,5.504,5.594,5.523,5.337,5.609,5.708,5.72,5.664,5.738,5.728,5.436,5.479,5.699,5.822,5.86,6.005,5.854,5.583,5.786,5.9,5.886,5.829,5.942,6.028,5.825,5.052,5.143,5.276,5.272,5.289,5.152,4.928,5.096,5.09,5.179,5.21,5.287,5.36,5.12,5.165,5.342,5.396,5.4,5.426,5.465,5.348,5.365,5.441,5.408,5.044,4.714,4.866,5.01,4.883,4.947,4.953,5.67,5.747,5.931,5.914,5.778,5.816,5.916,6.062,5.979,5.989,6.017,5.738,6.011,6.112,6.034,6.02,6.101,6.061,5.902,6.067,6.124,6.103,6.205,6.256,6.133,6.003,6.261,6.195,5.472,6.764,6.79,6.929,6.863,6.595,6.728,6.353,6.199,6.434,6.806,6.885,6.711,7.062,7.096,7.078,6.924,6.543,6.188,5.746,6.186,6.426,6.596,6.729,6.767,6.925,6.66,6.914,6.995,7.03,6.996,6.73,8.022,7.918,8.261,8.607,8.637,8.69,8.82,8.623,8.404,8.754,8.928,8.993,9.104,9.013,8.927,8.602,8.828,9.068,8.977,8.862,8.682,8.444,7.759,8.257,8.645,8.654,8.73,8.719,8.391,7.652,7.208,7.486,7.795,7.813,8.06,8.177,7.874,8.197,8.466,8.561,8.691,8.629,8.502,8.054,8.206,8.514,8.735,8.522,8.904,8.808,8.494,8.719,8.779,8.231,7.836,7.507,7.716,8.033,8.42,8.567,8.374,6.224,6.339,6.589,6.109,6.416,6.481,6.618,6.706,6.653,6.401,6.127,6.379,6.346,6.229,6.314,6.484,6.366,6.062,6.26,6.299,6.402,6.442,6.431,6.226,5.705,5.733,5.907,5.846,5.7,5.571,7.649,7.578,8.096,8.142,7.936,7.661,7.786,7.519,7.435,8.061,8.066,8.202,8.079,8.025,7.867,7.649,7.917,7.866,7.685,7.895,7.983,7.615,7.243,7.661,7.727,7.393,7.225,7.027,6.821,6.872,7.327,7.375,7.265,7.363,7.63,7.841,7.412,7.5,7.774,7.997,8.175,8.476,8.151,7.905,8.226,8.08,8.429,8.51,8.442,8.23,8.174,8.438,8.504,8.118,8.062,8.312,8.334,8.139,8.331,8.731,8.881,8.965,9.612,9.442,9.151,8.995,9.174,9.03,8.53,8.39,8.263,7.875,8.328,8.695,8.979,9.325,9.039,8.493,7.855,8.099,8.286,8.597,8.712,8.563,8.217,7.627,8.14,8.549,8.673,8.66,8.762,8.641,6.098,6.051,6.309,6.469,6.548,6.617,6.722,6.699,6.801,6.895,7.023,7.065,7.076,7.016,6.79,6.836,6.648,6.891,6.967,6.984,6.891,6.632,6.593,6.443,6.665,6.875,6.897,6.946,6.678,6.771,6.884,5.388,5.353,5.384,5.287,5.119,5.221,5.269,5.289,5.256,5.07,4.757,4.317,4.233,4.526,4.659,4.778,4.846,4.95,4.784,4.89,5.0,5.041,5.11,5.003,4.862,4.531,4.545,4.611,4.626,4.513,5.37,5.272,5.104,5.157,5.124,5.351,5.504,5.594,5.523,5.337,5.609,5.708,5.72,5.664,5.738,5.728,5.436,5.479,5.699,5.822,5.86,6.005,5.854,5.583,5.786,5.9,5.886,5.829,5.942,6.028,5.825
Guntur_22,2.719,2.738,2.79,2.796,2.693,2.708,2.767,2.771,2.715,2.685,2.734,2.735,2.768,2.719,2.64,2.626,2.748,2.736,2.625,2.737,2.757,2.695,2.726,2.792,2.822,2.693,2.78,2.82,2.842,2.861,2.837,4.136,3.938,4.064,4.169,4.17,4.166,4.213,4.068,3.978,4.046,4.065,4.107,4.253,4.246,4.288,4.108,4.209,4.295,4.277,4.184,4.039,4.073,3.966,4.099,4.172,4.217,4.167,4.142,4.095,2.759,2.837,2.869,2.824,2.779,2.796,2.834,2.751,2.73,2.532,2.631,2.791,2.808,2.79,2.683,2.776,2.864,2.852,3.162,3.115,3.005,2.957,2.904,3.022,3.13,3.164,3.152,3.135,3.038,2.958,2.952,3.344,3.418,3.441,3.419,3.287,3.452,3.469,3.451,3.473,3.5,3.434,3.353,3.544,3.479,3.454,3.353,3.329,3.296,3.186,3.385,3.403,3.319,3.371,3.407,3.374,3.308,3.43,3.434,3.44,3.381,2.868,2.874,2.832,2.915,2.904,2.94,3.018,3.014,2.996,2.877,2.831,2.855,2.844,2.821,2.837,2.804,2.813,2.634,2.757,2.84,2.753,2.715,2.786,2.83,2.705,2.77,2.817,2.898,2.89,2.824,2.758,2.2,2.228,2.222,2.283,2.266,2.28,2.237,2.378,2.42,2.452,2.421,2.428,2.357,2.277,2.391,2.389,2.427,2.46,2.41,2.394,2.301,2.433,2.496,2.465,2.465,2.381,2.33,2.259,2.366,2.484,136.108,137.255,136.714,128.411,115.813,121.81,130.014,129.486,132.022,131.848,124.133,115.856,133.839,140.287,135.533,133.793,135.62,137.411,130.003,128.04,124.731,132.815,133.943,134.87,132.642,128.905,134.141,138.401,136.182,134.616,137.044,133.272,128.766,126.304,126.357,125.192,121.7,129.439,135.281,131.62,131.69,129.682,122.741,123.398,122.025,121.627,118.636,127.936,130.011,124.717,123.413,123.851,123.067,118.81,123.842,127.888,131.177,128.155,127.638,126.326,119.457,127.049,3.362,3.374,3.375,3.44,3.467,3.285,3.321,3.413,3.566,3.516,3.47,3.359,3.256,3.292,3.348,3.395,3.331,3.307,3.396,3.246,3.304,3.26,3.202,3.304,3.32,3.172,3.067,3.303,3.374,3.346,3.386,3.365,3.464,3.356,3.419,3.521,3.638,3.689,3.69,3.581,3.383,3.418,3.471,3.323,3.38,3.418,3.495,3.404,3.484,3.488,3.474,3.408,3.322,3.318,3.149,3.212,3.378,3.444,3.521,3.587,3.559,1.347,1.394,1.409,1.404,1.39,1.421,1.401,1.344,1.372,1.367,1.358,1.381,1.356,1.235,1.199,1.208,1.288,1.325,1.347,1.357,1.347,1.324,1.388,1.383,1.345,1.267,1.27,1.295,1.318,1.364,3.033,3.077,3.045,3.075,3.056,2.924,2.983,3.034,2.98,3.028,3.054,2.995,2.915,2.998,3.078,3.081,3.11,3.153,3.1,3.057,3.139,3.216,3.257,3.208,3.204,3.254,3.13,3.224,3.258,3.241,3.241,3.223,3.129,3.021,3.103,3.128,3.14,3.098,3.135,3.074,3.063,3.187,3.205,3.193,3.156,3.162,3.225,3.186,3.22,3.327,3.394,3.452,3.434,3.381,3.263,3.292,3.179,3.263,3.304,3.366,3.359,3.261,3.775,3.821,3.852,3.781,3.795,3.767,3.662,3.702,3.788,3.859,3.877,3.879,3.861,3.77,3.83,3.83,3.817,3.783,3.74,3.741,3.679,3.822,3.885,3.942,3.955,3.981,3.963,3.9,3.242,3.259,3.248,3.236,3.309,3.29,3.161,3.236,3.298,3.333,3.299,3.185,3.127,3.126,3.242,3.266,3.316,3.364,3.354,3.319,3.214,3.248,3.167,3.243,3.294,3.249,3.265,3.143,2.963,3.012,3.152,3.901,4.001,4.033,3.946,4.051,4.05,4.054,4.148,4.108,4.098,3.951,4.079,4.105,3.953,3.97,4.003,3.905,3.878,3.955,4.029,3.901,3.824,3.784,3.844,3.767,3.909,3.967,3.95,3.967,3.944,3.221,3.16,3.18,3.195,3.133,3.169,3.236,3.213,3.144,3.206,3.128,3.025,2.938,3.037,3.015,2.79,2.805,2.74,2.747,2.727,2.765,2.861,2.919,2.986,2.938,2.883,2.894,3.005,3.076,2.901,3.045,3.141,3.382,3.448,3.458,3.376,3.219,3.317,3.264,3.254,3.184,3.079,3.071,2.922,3.186,3.201,3.283,3.304,3.328,3.187,3.025,3.277,3.401,3.588,3.447,3.432,3.337,3.418,3.673,3.797,3.716,1.731,1.672,1.677,1.697,1.794,1.827,1.814,1.78,1.753,1.785,1.666,1.648,1.63,1.608,1.636,1.714,1.729,1.569,1.45,1.451,1.421,1.464,1.541,1.509,1.485,1.533,1.52,1.431,1.459,1.451,1.429,5.259,5.743,5.903,5.999,6.207,6.294,6.5,6.46,6.585,6.596,6.607,6.701,6.757,6.589,6.421,6.037,6.879,6.765,6.587,6.538,6.412,6.138,6.4,6.444,6.474,6.529,6.618,6.559,6.322,6.429,6.388,0.0,0.0,0.0,0.0,0.0,0.0,0.0,0.0,0.0,0.0,0.0,0.0,0.0,0.0,0.0,0.0,0.0,0.0,0.0,0.0,0.0,0.0,0.0,0.0,0.0,0.0,0.0,0.0,0.0,0.0,4.544,4.38,4.273,4.47,4.567,4.657,4.659,4.705,4.638,4.491,4.704,4.753,4.761,4.694,4.548,4.606,4.364,4.261,4.448,4.49,4.462,4.434,4.492,4.22,4.392,4.429,4.418,4.386,4.443,4.398,4.327,3.611,3.61,3.57,3.298,3.194,3.417,3.349,3.531,3.626,3.753,3.65,3.729,3.701,3.641,3.69,3.683,3.726,3.758,3.663,3.665,3.508,3.71,3.767,3.789,3.755,3.727,3.675,3.476,3.541,3.557,2.606,2.532,2.582,2.588,2.533,2.617,2.669,2.662,2.691,2.649,2.626,2.517,2.641,2.729,2.721,2.695,2.681,2.677,2.543,2.726,2.807,2.855,2.884,2.905,2.876,2.79,2.849,2.79,2.723,2.694,2.741,3.095,2.977,3.144,3.231,3.28,3.217,3.204,3.093,2.953,3.052,3.069,3.084,3.146,3.086,3.008,3.007,3.151,3.248,3.25,3.235,3.264,3.09,3.04,3.209,3.228,3.126,3.179,3.225,3.238,3.234,3.294,3.283,3.296,3.17,3.224,3.263,3.216,3.273,3.364,3.303,3.234,3.251,3.244,3.204,3.225,3.247,3.294,3.266,3.283,3.254,3.2,3.282,3.273,3.277,3.369,3.297,3.244,3.123,3.261,3.598,3.524,3.503,3.601,3.659,3.569,3.555,3.581,3.617,3.681,3.729,3.72,3.629,3.71,3.735,3.785,3.771,3.561,3.587,3.657,3.761,3.792,3.813,3.848,3.831,3.806,3.688,3.756,3.792,3.862,3.885,3.945,3.941,3.819,3.955,3.995,3.922,3.984,3.961,3.976,3.85,3.928,3.985,3.993,3.954,3.913,3.97,3.789,3.892,3.96,3.93,3.946,3.954,3.95,3.825,3.958,4.005,4.046,4.019,3.983,3.88,3.958,4.056,4.042,4.138,4.134,4.243,4.217,4.028,4.09,4.027,4.045,4.04,4.002,3.963,3.854,4.01,4.106,4.221,4.181,4.006,3.653,3.395,3.354,3.651,3.923,3.948,3.889,3.855,3.822,4.036,4.095,3.186,3.219,3.215,3.178,3.101,3.186,3.207,3.139,3.11,3.185,3.154,3.062,3.212,3.257,3.17,3.1,3.054,2.981,2.767,2.775,2.799,3.021,3.139,3.102,3.04,2.952,3.124,3.168,3.042,2.832,2.802,2.85,2.777,2.986,2.998,2.995,3.005,2.948,2.825,2.646,2.747,2.753,2.796,2.755,2.761,2.767,2.647,2.848,2.892,2.84,2.666,2.747,2.676,2.487,2.676,2.852,2.884,2.862,2.912,2.818,2.65,2.378,2.438,2.539,2.537,2.448,2.376,2.26,2.316,2.313,2.312,2.179,2.298,2.385,2.223,2.108,2.258,2.388,2.47,2.441,2.41,2.306,2.431,2.492,2.47,2.511,2.593,2.508,2.402,2.576,2.643,2.626,4.718,4.763,4.738,4.46,4.688,4.762,4.781,4.716,4.594,4.478,4.182,4.248,4.266,4.268,4.203,3.994,4.13,4.16,4.394,4.387,4.333,4.152,4.086,4.032,4.046,4.404,4.438,4.423,4.487,4.498,2.897,2.767,2.937,3.025,2.868,2.909,2.895,2.912,2.814,2.904,2.878,2.927,2.93,2.905,2.863,2.764,2.985,3.014,3.019,3.009,2.97,2.892,2.72,2.565,2.511,2.691,2.839,2.897,2.912,2.832,2.862,3.649,3.696,3.664,3.723,3.71,3.633,3.686,3.715,3.716,3.714,3.718,3.607,3.519,3.545,3.639,3.694,3.721,3.754,3.766,3.62,3.752,3.805,3.796,3.795,3.796,3.799,3.716,3.811,3.764,3.768,3.025,3.069,3.075,2.967,3.03,3.099,3.136,3.06,3.038,2.92,2.843,2.993,2.997,3.016,3.072,3.133,3.156,3.086,3.207,3.218,3.193,3.206,3.259,3.238,3.127,3.19,3.25,3.302,3.314,3.276,3.241,3.612,3.71,3.695,3.633,3.679,3.706,3.727,3.694,3.753,3.759,3.792,3.802,3.824,3.688,3.542,3.642,3.715,3.786,3.752,3.799,3.754,3.645,3.673,3.738,3.71,3.467,3.579,3.685,3.591,3.639,3.643,3.113,3.155,3.256,3.246,3.172,3.193,3.248,3.328,3.283,3.288,3.303,3.15,3.3,3.355,3.312,3.305,3.349,3.328,3.24,3.331,3.362,3.351,3.406,3.434,3.367,3.295,3.437,3.401,4.071,4.086,4.17,4.13,3.968,4.049,3.823,3.73,3.872,4.095,4.143,4.038,4.25,4.27,4.259,4.167,3.937,3.724,3.457,3.723,3.867,3.969,4.049,4.072,4.167,4.008,4.16,4.209,4.231,4.21,4.05,3.696,3.648,3.806,3.965,3.979,4.003,4.063,3.972,3.871,4.033,4.113,4.143,4.194,4.152,4.112,3.963,4.067,4.177,4.135,4.083,3.999,3.89,3.574,3.804,3.982,3.986,4.022,4.017,3.865,3.525,3.42,3.552,3.699,3.707,3.824,3.88,3.736,3.889,4.017,4.062,4.124,4.094,4.034,3.821,3.893,4.039,4.144,4.043,4.224,4.179,4.03,4.137,4.165,3.905,3.718,3.562,3.661,3.811,3.995,4.065,3.973,2.998,3.053,3.173,2.942,3.09,3.121,3.187,3.23,3.204,3.083,2.951,3.072,3.056,3.0,3.041,3.123,3.066,2.92,3.015,3.033,3.083,3.102,3.097,2.998,2.748,2.761,2.845,2.816,2.745,2.683,2.73,2.704,2.889,2.906,2.832,2.734,2.779,2.683,2.653,2.877,2.878,2.927,2.883,2.864,2.808,2.73,2.825,2.807,2.742,2.817,2.849,2.717,2.585,2.734,2.758,2.638,2.579,2.508,2.434,2.452,2.615,3.358,3.308,3.353,3.475,3.571,3.375,3.415,3.54,3.642,3.722,3.86,3.712,3.6,3.746,3.679,3.838,3.875,3.844,3.748,3.722,3.842,3.873,3.697,3.671,3.785,3.795,3.707,3.794,3.976,4.044,4.082,4.885,4.799,4.651,4.571,4.662,4.589,4.335,4.264,4.2,4.002,4.232,4.419,4.563,4.739,4.594,4.316,3.992,4.116,4.211,4.369,4.428,4.352,4.176,3.876,4.137,4.345,4.408,4.401,4.453,4.391,3.167,3.142,3.277,3.36,3.4,3.436,3.491,3.479,3.532,3.581,3.647,3.669,3.675,3.644,3.526,3.55,3.452,3.579,3.618,3.627,3.579,3.444,3.424,3.346,3.461,3.571,3.582,3.607,3.468,3.517,3.575,2.756,2.738,2.754,2.705,2.619,2.671,2.695,2.706,2.689,2.593,2.434,2.208,2.165,2.316,2.383,2.444,2.479,2.532,2.448,2.501,2.558,2.579,2.614,2.559,2.487,2.318,2.325,2.359,2.366,2.309,3.069,3.013,2.917,2.948,2.929,3.059,3.146,3.197,3.157,3.05,3.206,3.263,3.269,3.237,3.28,3.274,3.107,3.132,3.257,3.327,3.349,3.432,3.346,3.191,3.307,3.372,3.364,3.331,3.396,3.445,3.329,3.078,3.133,3.214,3.211,3.222,3.138,3.002,3.104,3.101,3.155,3.174,3.221,3.265,3.119,3.146,3.254,3.287,3.29,3.305,3.329,3.258,3.269,3.315,3.294,3.073,2.872,2.964,3.052,2.975,3.014,3.017,3.693,3.743,3.863,3.851,3.763,3.788,3.853,3.948,3.894,3.9,3.919,3.737,3.915,3.98,3.93,3.921,3.974,3.948,3.844,3.951,3.988,3.975,4.041,4.074,3.994,3.909,4.078,4.035,3.564,5.383,5.403,5.514,5.461,5.248,5.354,5.056,4.933,5.12,5.416,5.479,5.34,5.62,5.647,5.632,5.51,5.206,4.924,4.572,4.923,5.113,5.248,5.355,5.385,5.51,5.3,5.502,5.566,5.594,5.567,5.355,4.386,4.329,4.517,4.706,4.722,4.751,4.822,4.715,4.595,4.786,4.882,4.917,4.977,4.928,4.881,4.703,4.827,4.958,4.908,4.845,4.747,4.617,4.242,4.514,4.726,4.731,4.773,4.767,4.588,4.184,3.679,3.821,3.979,3.988,4.114,4.174,4.02,4.184,4.322,4.37,4.437,4.405,4.34,4.111,4.189,4.346,4.459,4.35,4.545,4.496,4.336,4.451,4.482,4.202,4.0,3.832,3.939,4.101,4.298,4.373,4.275,2.998,3.053,3.173,2.942,3.09,3.121,3.187,3.23,3.204,3.083,2.951,3.072,3.056,3.0,3.041,3.123,3.066,2.92,3.015,3.033,3.083,3.102,3.097,2.998,2.748,2.761,2.845,2.816,2.745,2.683,3.904,3.868,4.133,4.156,4.051,3.911,3.974,3.838,3.795,4.115,4.117,4.187,4.124,4.097,4.016,3.905,4.041,4.016,3.923,4.03,4.075,3.887,3.698,3.911,3.944,3.774,3.688,3.587,3.482,3.508,3.74,1.693,1.668,1.69,1.752,1.8,1.701,1.722,1.785,1.836,1.877,1.946,1.871,1.815,1.888,1.855,1.935,1.954,1.938,1.889,1.876,1.937,1.952,1.864,1.851,1.908,1.913,1.868,1.913,2.004,2.039,2.058,9.612,9.442,9.151,8.995,9.174,9.03,8.53,8.39,8.263,7.875,8.328,8.695,8.979,9.325,9.039,8.493,7.855,8.099,8.286,8.597,8.712,8.563,8.217,7.627,8.14,8.549,8.673,8.66,8.762,8.641,3.167,3.142,3.277,3.36,3.4,3.436,3.491,3.479,3.532,3.581,3.647,3.669,3.675,3.644,3.526,3.55,3.452,3.579,3.618,3.627,3.579,3.444,3.424,3.346,3.461,3.571,3.582,3.607,3.468,3.517,3.575,2.756,2.738,2.754,2.705,2.619,2.671,2.695,2.706,2.689,2.593,2.434,2.208,2.165,2.316,2.383,2.444,2.479,2.532,2.448,2.501,2.558,2.579,2.614,2.559,2.487,2.318,2.325,2.359,2.366,2.309,3.069,3.013,2.917,2.948,2.929,3.059,3.146,3.197,3.157,3.05,3.206,3.263,3.269,3.237,3.28,3.274,3.107,3.132,3.257,3.327,3.349,3.432,3.346,3.191,3.307,3.372,3.364,3.331,3.396,3.445,3.329
Guntur_23,9.016,9.078,9.249,9.272,8.928,8.978,9.174,9.186,9.002,8.902,9.064,9.068,9.178,9.015,8.753,8.705,9.112,9.071,8.704,9.075,9.141,8.937,9.037,9.256,9.356,8.929,9.216,9.351,9.422,9.485,9.407,10.414,9.914,10.232,10.497,10.498,10.489,10.606,10.241,10.016,10.188,10.235,10.341,10.707,10.69,10.795,10.343,10.596,10.813,10.769,10.534,10.169,10.255,9.985,10.321,10.504,10.619,10.491,10.429,10.311,9.385,9.652,9.759,9.606,9.454,9.512,9.641,9.358,9.288,8.614,8.949,9.494,9.552,9.49,9.125,9.444,9.744,9.703,10.755,10.598,10.222,10.058,9.88,10.281,10.646,10.764,10.721,10.665,10.333,10.063,10.041,9.892,10.111,10.181,10.116,9.723,10.213,10.262,10.209,10.276,10.353,10.16,9.919,10.483,10.291,10.218,9.92,9.847,9.751,9.424,10.013,10.066,9.818,9.974,10.078,9.98,9.786,10.147,10.158,10.177,10.001,10.2,10.223,10.074,10.369,10.33,10.457,10.734,10.722,10.656,10.233,10.069,10.154,10.116,10.034,10.092,9.974,10.006,9.367,9.808,10.102,9.79,9.657,9.91,10.066,9.623,9.852,10.019,10.306,10.278,10.043,9.81,9.896,10.021,9.994,10.267,10.189,10.252,10.059,10.693,10.885,11.025,10.89,10.92,10.601,10.239,10.756,10.746,10.915,11.064,10.837,10.767,10.35,10.944,11.227,11.087,11.084,10.707,10.478,10.16,10.64,11.172,0.0,0.0,0.0,0.0,0.0,0.0,0.0,0.0,0.0,0.0,0.0,0.0,0.0,0.0,0.0,0.0,0.0,0.0,0.0,0.0,0.0,0.0,0.0,0.0,0.0,0.0,0.0,0.0,0.0,0.0,0.0,0.0,0.0,0.0,0.0,0.0,0.0,0.0,0.0,0.0,0.0,0.0,0.0,0.0,0.0,0.0,0.0,0.0,0.0,0.0,0.0,0.0,0.0,0.0,0.0,0.0,0.0,0.0,0.0,0.0,0.0,0.0,11.646,11.686,11.691,11.916,12.009,11.379,11.503,11.822,12.352,12.177,12.018,11.634,11.28,11.405,11.597,11.761,11.538,11.454,11.762,11.245,11.446,11.291,11.091,11.443,11.499,10.987,10.624,11.443,11.686,11.59,7.465,7.418,7.637,7.398,7.537,7.763,8.021,8.132,8.135,7.894,7.459,7.536,7.653,7.325,7.452,7.536,7.704,7.505,7.681,7.689,7.659,7.513,7.324,7.314,6.941,7.081,7.447,7.592,7.763,7.909,7.846,8.376,8.668,8.761,8.732,8.644,8.839,8.71,8.36,8.531,8.502,8.441,8.59,8.433,7.676,7.458,7.513,8.006,8.237,8.377,8.44,8.373,8.232,8.634,8.599,8.363,7.88,7.897,8.052,8.194,8.481,8.154,8.273,8.187,8.267,8.217,7.862,8.019,8.157,8.011,8.14,8.21,8.053,7.837,8.059,8.276,8.284,8.362,8.478,8.335,8.218,8.438,8.647,8.757,8.626,8.613,8.747,8.415,8.667,8.76,8.713,8.713,8.065,7.83,7.558,7.765,7.826,7.857,7.751,7.844,7.692,7.663,7.974,8.018,7.99,7.896,7.911,8.07,7.972,8.057,8.325,8.491,8.637,8.592,8.459,8.163,8.237,7.954,8.164,8.266,8.422,8.405,8.158,7.653,7.748,7.809,7.666,7.694,7.637,7.424,7.505,7.679,7.825,7.86,7.865,7.829,7.643,7.766,7.766,7.739,7.669,7.583,7.585,7.459,7.749,7.876,7.993,8.02,8.072,8.034,7.907,9.756,9.806,9.773,9.737,9.955,9.898,9.513,9.736,9.922,10.027,9.925,9.583,9.409,9.405,9.756,9.828,9.977,10.123,10.093,9.986,9.67,9.772,9.529,9.757,9.913,9.775,9.825,9.456,8.915,9.062,9.484,9.587,9.833,9.91,9.698,9.957,9.953,9.962,10.194,10.096,10.072,9.71,10.024,10.088,9.714,9.756,9.837,9.597,9.531,9.72,9.901,9.586,9.397,9.3,9.446,9.257,9.605,9.749,9.708,9.749,9.692,9.116,8.945,8.999,9.042,8.868,8.969,9.16,9.094,8.899,9.072,8.852,8.563,8.315,8.596,8.533,7.896,7.938,7.756,7.775,7.718,7.826,8.096,8.263,8.45,8.316,8.16,8.192,8.504,8.706,8.21,8.619,7.071,7.612,7.76,7.784,7.598,7.246,7.467,7.347,7.325,7.168,6.93,6.913,6.577,7.17,7.205,7.389,7.438,7.491,7.173,6.809,7.377,7.656,8.076,7.758,7.725,7.512,7.694,8.268,8.547,8.364,6.687,6.456,6.475,6.554,6.928,7.057,7.007,6.874,6.772,6.895,6.433,6.364,6.295,6.211,6.318,6.62,6.679,6.059,5.6,5.606,5.49,5.654,5.953,5.827,5.735,5.922,5.869,5.526,5.634,5.604,5.52,11.725,12.804,13.159,13.375,13.837,14.032,14.49,14.401,14.681,14.704,14.73,14.938,15.064,14.689,14.315,13.459,15.337,15.082,14.684,14.576,14.295,13.684,14.268,14.366,14.433,14.556,14.754,14.622,14.093,14.333,14.24,0.0,0.0,0.0,0.0,0.0,0.0,0.0,0.0,0.0,0.0,0.0,0.0,0.0,0.0,0.0,0.0,0.0,0.0,0.0,0.0,0.0,0.0,0.0,0.0,0.0,0.0,0.0,0.0,0.0,0.0,7.601,7.326,7.148,7.477,7.639,7.79,7.794,7.871,7.758,7.512,7.869,7.951,7.965,7.852,7.607,7.705,7.301,7.128,7.44,7.51,7.463,7.417,7.514,7.06,7.346,7.409,7.391,7.337,7.431,7.357,7.238,7.339,7.338,7.257,6.704,6.493,6.945,6.808,7.176,7.37,7.629,7.42,7.58,7.523,7.4,7.5,7.487,7.573,7.639,7.446,7.45,7.131,7.542,7.657,7.702,7.633,7.575,7.47,7.065,7.197,7.23,6.644,6.456,6.585,6.598,6.458,6.673,6.805,6.787,6.86,6.755,6.696,6.419,6.735,6.958,6.938,6.871,6.836,6.825,6.484,6.949,7.157,7.28,7.353,7.407,7.333,7.113,7.264,7.114,6.942,6.87,6.989,6.877,6.615,6.987,7.179,7.288,7.149,7.12,6.872,6.563,6.782,6.82,6.854,6.99,6.858,6.685,6.682,7.001,7.219,7.223,7.188,7.254,6.867,6.756,7.131,7.174,6.946,7.065,7.166,7.195,7.188,7.319,8.525,8.558,8.23,8.372,8.472,8.351,8.499,8.734,8.577,8.396,8.442,8.421,8.32,8.374,8.431,8.553,8.48,8.523,8.449,8.308,8.522,8.497,8.508,8.747,8.562,8.423,8.108,8.467,8.899,8.717,8.666,8.908,9.051,8.83,8.795,8.86,8.947,9.106,9.224,9.202,8.977,9.178,9.239,9.364,9.329,8.81,8.874,9.047,9.304,9.38,9.433,9.518,9.478,9.414,9.122,9.292,9.38,9.553,9.611,9.723,9.712,9.41,9.745,9.846,9.664,9.818,9.761,9.798,9.489,9.679,9.821,9.841,9.745,9.644,9.783,9.336,9.591,9.759,9.686,9.723,9.745,9.734,9.425,9.755,9.871,9.972,9.905,9.817,9.563,6.894,7.064,7.04,7.207,7.2,7.391,7.345,7.016,7.124,7.014,7.046,7.037,6.97,6.903,6.713,6.985,7.152,7.352,7.282,6.978,6.363,5.913,5.842,6.36,6.833,6.877,6.774,6.715,6.658,7.03,7.132,7.619,7.696,7.686,7.6,7.414,7.618,7.669,7.507,7.436,7.617,7.54,7.321,7.68,7.789,7.58,7.411,7.304,7.128,6.616,6.636,6.692,7.224,7.504,7.417,7.27,7.058,7.47,7.575,7.273,6.772,6.7,6.813,6.641,7.139,7.17,7.161,7.185,7.05,6.754,6.328,6.568,6.583,6.686,6.587,6.603,6.616,6.33,6.809,6.914,6.791,6.375,6.568,6.399,5.947,6.399,6.818,6.896,6.843,6.964,6.737,6.336,5.074,5.203,5.418,5.414,5.225,5.07,4.823,4.942,4.937,4.934,4.651,4.903,5.089,4.744,4.499,4.818,5.096,5.271,5.208,5.142,4.92,5.188,5.319,5.271,5.359,5.534,5.353,5.126,5.496,5.64,5.603,6.696,6.76,6.726,6.331,6.654,6.759,6.786,6.694,6.521,6.356,5.935,6.03,6.055,6.058,5.966,5.669,5.862,5.905,6.237,6.227,6.15,5.894,5.8,5.723,5.742,6.251,6.3,6.278,6.368,6.385,6.968,6.656,7.063,7.276,6.897,6.997,6.963,7.003,6.769,6.985,6.921,7.039,7.047,6.988,6.887,6.649,7.179,7.249,7.261,7.238,7.145,6.956,6.541,6.169,6.04,6.472,6.829,6.969,7.005,6.812,6.883,6.78,6.867,6.808,6.918,6.894,6.751,6.85,6.903,6.905,6.902,6.908,6.702,6.538,6.588,6.762,6.863,6.914,6.975,6.998,6.726,6.972,7.07,7.054,7.051,7.053,7.059,6.904,7.081,6.994,7.002,6.152,6.242,6.253,6.034,6.162,6.304,6.379,6.224,6.178,5.939,5.781,6.087,6.096,6.133,6.247,6.373,6.42,6.276,6.523,6.545,6.494,6.521,6.627,6.585,6.359,6.487,6.61,6.715,6.739,6.662,6.592,7.622,7.829,7.797,7.666,7.762,7.819,7.865,7.793,7.919,7.931,8.002,8.023,8.069,7.783,7.473,7.684,7.839,7.988,7.917,8.016,7.921,7.692,7.749,7.886,7.827,7.315,7.552,7.775,7.578,7.678,7.687,7.94,8.048,8.306,8.282,8.091,8.145,8.286,8.49,8.374,8.387,8.426,8.036,8.419,8.559,8.45,8.431,8.544,8.489,8.266,8.497,8.576,8.547,8.69,8.761,8.588,8.406,8.769,8.676,8.69,8.723,8.902,8.816,8.472,8.644,8.162,7.964,8.266,8.744,8.846,8.622,9.073,9.117,9.093,8.896,8.405,7.95,7.381,7.948,8.255,8.474,8.645,8.694,8.896,8.557,8.882,8.987,9.032,8.988,8.646,8.668,8.555,8.926,9.299,9.332,9.39,9.529,9.317,9.08,9.459,9.647,9.717,9.836,9.739,9.645,9.294,9.539,9.798,9.699,9.576,9.38,9.124,8.383,8.921,9.34,9.35,9.433,9.421,9.066,8.268,7.261,7.541,7.852,7.87,8.119,8.237,7.932,8.257,8.528,8.623,8.755,8.692,8.565,8.112,8.266,8.576,8.799,8.584,8.969,8.872,8.556,8.783,8.844,8.291,7.894,7.562,7.773,8.092,8.482,8.63,8.436,6.669,6.792,7.06,6.546,6.874,6.944,7.09,7.185,7.128,6.858,6.564,6.834,6.799,6.674,6.765,6.947,6.821,6.495,6.707,6.748,6.86,6.902,6.89,6.671,6.112,6.143,6.329,6.264,6.107,5.969,7.294,7.226,7.721,7.765,7.568,7.305,7.424,7.17,7.09,7.687,7.692,7.821,7.704,7.653,7.502,7.294,7.55,7.501,7.328,7.529,7.612,7.261,6.907,7.306,7.369,7.05,6.89,6.701,6.504,6.553,6.987,11.473,11.303,11.455,11.871,12.199,11.531,11.669,12.094,12.442,12.718,13.187,12.681,12.299,12.798,12.571,13.114,13.24,13.134,12.804,12.717,13.127,13.231,12.63,12.542,12.932,12.966,12.663,12.962,13.584,13.817,13.947,7.841,7.702,7.464,7.337,7.483,7.366,6.958,6.844,6.74,6.423,6.793,7.093,7.324,7.606,7.373,6.928,6.407,6.606,6.759,7.012,7.106,6.985,6.702,6.221,6.64,6.973,7.075,7.064,7.147,7.048,7.143,7.087,7.391,7.578,7.67,7.751,7.874,7.847,7.967,8.077,8.227,8.275,8.289,8.219,7.954,8.007,7.787,8.072,8.161,8.181,8.072,7.769,7.723,7.547,7.807,8.053,8.079,8.136,7.822,7.932,8.064,7.853,7.802,7.848,7.707,7.461,7.611,7.68,7.709,7.661,7.389,6.934,6.292,6.169,6.597,6.791,6.965,7.063,7.215,6.974,7.127,7.288,7.347,7.449,7.292,7.086,6.605,6.624,6.721,6.743,6.578,6.223,6.109,5.914,5.976,5.938,6.201,6.378,6.483,6.401,6.184,6.5,6.615,6.628,6.564,6.649,6.638,6.299,6.349,6.604,6.746,6.791,6.959,6.784,6.47,6.705,6.837,6.821,6.754,6.886,6.985,6.75,6.84,6.964,7.144,7.138,7.161,6.976,6.673,6.9,6.892,7.013,7.055,7.158,7.257,6.932,6.993,7.233,7.306,7.311,7.347,7.4,7.241,7.265,7.367,7.322,6.829,6.383,6.589,6.784,6.612,6.699,6.707,6.769,6.861,7.08,7.06,6.898,6.943,7.063,7.238,7.139,7.15,7.183,6.851,7.177,7.296,7.203,7.187,7.284,7.236,7.047,7.243,7.311,7.286,7.408,7.468,7.321,7.166,7.475,7.396,6.533,9.128,9.162,9.35,9.26,8.898,9.079,8.573,8.365,8.681,9.183,9.291,9.055,9.529,9.576,9.551,9.343,8.828,8.35,7.753,8.347,8.67,8.9,9.08,9.131,9.344,8.987,9.329,9.439,9.486,9.441,9.081,8.392,8.283,8.642,9.003,9.034,9.09,9.226,9.02,8.791,9.157,9.339,9.407,9.523,9.428,9.338,8.998,9.235,9.485,9.39,9.27,9.081,8.833,8.116,8.637,9.042,9.052,9.132,9.12,8.777,8.005,7.962,8.269,8.611,8.63,8.903,9.033,8.698,9.055,9.352,9.456,9.601,9.531,9.392,8.896,9.064,9.405,9.649,9.414,9.836,9.729,9.383,9.632,9.698,9.093,8.656,8.292,8.523,8.874,9.301,9.464,9.251,6.669,6.792,7.06,6.546,6.874,6.944,7.09,7.185,7.128,6.858,6.564,6.834,6.799,6.674,6.765,6.947,6.821,6.495,6.707,6.748,6.86,6.902,6.89,6.671,6.112,6.143,6.329,6.264,6.107,5.969,8.449,8.37,8.943,8.994,8.767,8.462,8.6,8.305,8.213,8.904,8.91,9.06,8.925,8.865,8.691,8.449,8.746,8.69,8.489,8.721,8.818,8.411,8.001,8.463,8.536,8.166,7.981,7.763,7.535,7.591,8.093,5.285,5.207,5.277,5.468,5.619,5.312,5.375,5.571,5.731,5.858,6.075,5.841,5.665,5.895,5.791,6.041,6.099,6.05,5.898,5.858,6.047,6.094,5.818,5.777,5.957,5.973,5.833,5.971,6.257,6.365,6.424,7.142,7.016,6.799,6.683,6.816,6.71,6.338,6.234,6.14,5.851,6.188,6.461,6.672,6.929,6.716,6.311,5.836,6.018,6.157,6.388,6.473,6.362,6.105,5.667,6.048,6.352,6.444,6.435,6.51,6.42,7.143,7.087,7.391,7.578,7.67,7.751,7.874,7.847,7.967,8.077,8.227,8.275,8.289,8.219,7.954,8.007,7.787,8.072,8.161,8.181,8.072,7.769,7.723,7.547,7.807,8.053,8.079,8.136,7.822,7.932,8.064,7.853,7.802,7.848,7.707,7.461,7.611,7.68,7.709,7.661,7.389,6.934,6.292,6.169,6.597,6.791,6.965,7.063,7.215,6.974,7.127,7.288,7.347,7.449,7.292,7.086,6.605,6.624,6.721,6.743,6.578,6.223,6.109,5.914,5.976,5.938,6.201,6.378,6.483,6.401,6.184,6.5,6.615,6.628,6.564,6.649,6.638,6.299,6.349,6.604,6.746,6.791,6.959,6.784,6.47,6.705,6.837,6.821,6.754,6.886,6.985,6.75
Guntur_24,8.845,8.906,9.074,9.097,8.759,8.809,9.0,9.012,8.832,8.733,8.893,8.897,9.005,8.845,8.588,8.541,8.939,8.9,8.54,8.903,8.968,8.768,8.866,9.081,9.179,8.76,9.042,9.174,9.244,9.306,9.23,11.214,10.676,11.018,11.303,11.305,11.295,11.421,11.028,10.786,10.971,11.022,11.136,11.53,11.511,11.624,11.137,11.411,11.644,11.596,11.344,10.95,11.043,10.753,11.114,11.311,11.435,11.297,11.231,11.103,10.488,10.786,10.905,10.734,10.565,10.629,10.774,10.458,10.379,9.625,10.0,10.609,10.674,10.605,10.197,10.553,10.888,10.843,12.018,11.842,11.423,11.239,11.04,11.489,11.896,12.028,11.98,11.917,11.547,11.245,11.22,11.048,11.292,11.37,11.297,10.859,11.406,11.461,11.402,11.476,11.562,11.347,11.077,11.708,11.493,11.412,11.079,10.997,10.89,10.525,11.183,11.242,10.965,11.139,11.255,11.146,10.929,11.333,11.345,11.365,11.169,10.672,10.697,10.541,10.85,10.808,10.941,11.232,11.218,11.149,10.707,10.535,10.625,10.585,10.499,10.559,10.436,10.47,9.801,10.262,10.57,10.244,10.105,10.37,10.532,10.069,10.308,10.484,10.784,10.754,10.509,10.265,7.946,8.047,8.025,8.245,8.182,8.233,8.077,8.586,8.74,8.853,8.745,8.768,8.513,8.222,8.637,8.629,8.764,8.885,8.702,8.646,8.311,8.788,9.015,8.902,8.901,8.598,8.414,8.159,8.544,8.971,0.0,0.0,0.0,0.0,0.0,0.0,0.0,0.0,0.0,0.0,0.0,0.0,0.0,0.0,0.0,0.0,0.0,0.0,0.0,0.0,0.0,0.0,0.0,0.0,0.0,0.0,0.0,0.0,0.0,0.0,0.0,0.0,0.0,0.0,0.0,0.0,0.0,0.0,0.0,0.0,0.0,0.0,0.0,0.0,0.0,0.0,0.0,0.0,0.0,0.0,0.0,0.0,0.0,0.0,0.0,0.0,0.0,0.0,0.0,0.0,0.0,0.0,10.142,10.177,10.181,10.378,10.459,9.91,10.018,10.296,10.757,10.605,10.467,10.132,9.823,9.932,10.1,10.243,10.049,9.975,10.244,9.793,9.968,9.833,9.659,9.966,10.014,9.569,9.253,9.965,10.177,10.093,8.426,8.373,8.62,8.351,8.508,8.762,9.054,9.179,9.182,8.911,8.42,8.507,8.639,8.268,8.412,8.506,8.696,8.471,8.67,8.679,8.646,8.481,8.267,8.256,7.835,7.993,8.406,8.57,8.763,8.927,8.856,8.759,9.065,9.162,9.132,9.039,9.243,9.108,8.742,8.921,8.89,8.827,8.982,8.818,8.027,7.799,7.856,8.372,8.613,8.76,8.826,8.756,8.609,9.028,8.992,8.745,8.24,8.258,8.42,8.569,8.869,7.681,7.794,7.713,7.788,7.741,7.407,7.554,7.684,7.547,7.668,7.734,7.586,7.383,7.592,7.797,7.804,7.877,7.987,7.852,7.741,7.95,8.146,8.249,8.126,8.114,8.241,7.928,8.165,8.252,8.208,8.208,8.954,8.693,8.391,8.62,8.689,8.723,8.605,8.708,8.54,8.508,8.853,8.902,8.87,8.766,8.783,8.959,8.851,8.945,9.243,9.426,9.589,9.539,9.392,9.063,9.145,8.83,9.063,9.177,9.351,9.332,9.058,8.918,9.028,9.1,8.933,8.966,8.9,8.651,8.745,8.948,9.118,9.159,9.164,9.122,8.906,9.049,9.05,9.017,8.937,8.836,8.839,8.691,9.03,9.178,9.314,9.345,9.406,9.362,9.214,11.088,11.144,11.107,11.066,11.314,11.249,10.811,11.065,11.276,11.396,11.28,10.891,10.694,10.688,11.088,11.17,11.339,11.505,11.471,11.349,10.99,11.106,10.83,11.088,11.266,11.11,11.166,10.747,10.131,10.299,10.779,11.123,11.408,11.498,11.252,11.552,11.548,11.558,11.828,11.713,11.686,11.266,11.63,11.704,11.271,11.32,11.413,11.135,11.059,11.277,11.488,11.122,10.902,10.79,10.96,10.741,11.145,11.312,11.264,11.311,11.245,9.768,9.585,9.643,9.689,9.502,9.611,9.815,9.745,9.535,9.721,9.485,9.175,8.91,9.211,9.144,8.461,8.506,8.311,8.331,8.27,8.385,8.675,8.854,9.055,8.911,8.744,8.777,9.112,9.328,8.798,9.235,7.607,8.19,8.349,8.375,8.175,7.796,8.033,7.904,7.881,7.711,7.456,7.437,7.076,7.715,7.752,7.95,8.002,8.059,7.718,7.326,7.937,8.237,8.689,8.347,8.311,8.082,8.278,8.895,9.195,8.998,12.035,11.62,11.654,11.797,12.469,12.702,12.611,12.371,12.188,12.41,11.578,11.453,11.329,11.178,11.37,11.914,12.021,10.905,10.078,10.089,9.881,10.175,10.715,10.487,10.321,10.658,10.563,9.946,10.139,10.087,9.934,11.725,12.804,13.159,13.375,13.837,14.032,14.49,14.401,14.681,14.704,14.73,14.938,15.064,14.689,14.315,13.459,15.337,15.082,14.684,14.576,14.295,13.684,14.268,14.366,14.433,14.556,14.754,14.622,14.093,14.333,14.24,0.0,0.0,0.0,0.0,0.0,0.0,0.0,0.0,0.0,0.0,0.0,0.0,0.0,0.0,0.0,0.0,0.0,0.0,0.0,0.0,0.0,0.0,0.0,0.0,0.0,0.0,0.0,0.0,0.0,0.0,9.77,9.417,9.188,9.611,9.819,10.014,10.018,10.118,9.972,9.656,10.115,10.22,10.238,10.093,9.778,9.904,9.384,9.162,9.563,9.654,9.593,9.534,9.659,9.074,9.443,9.523,9.5,9.43,9.552,9.456,9.304,7.866,7.865,7.778,7.185,6.959,7.443,7.297,7.691,7.899,8.177,7.953,8.124,8.063,7.931,8.038,8.024,8.116,8.187,7.98,7.985,7.643,8.083,8.206,8.255,8.181,8.119,8.006,7.572,7.714,7.749,8.087,7.858,8.015,8.032,7.861,8.122,8.283,8.261,8.35,8.223,8.15,7.813,8.197,8.469,8.445,8.363,8.32,8.307,7.892,8.459,8.711,8.861,8.95,9.016,8.926,8.658,8.841,8.66,8.45,8.362,8.507,8.514,8.189,8.649,8.887,9.022,8.851,8.814,8.507,8.124,8.395,8.443,8.484,8.653,8.49,8.276,8.272,8.667,8.936,8.942,8.899,8.979,8.501,8.363,8.828,8.881,8.599,8.745,8.871,8.907,8.898,9.061,10.311,10.352,9.955,10.126,10.248,10.101,10.28,10.564,10.375,10.155,10.211,10.186,10.063,10.128,10.198,10.346,10.257,10.309,10.22,10.049,10.308,10.278,10.291,10.58,10.356,10.188,9.808,10.241,10.618,10.4,10.339,10.628,10.799,10.535,10.494,10.57,10.675,10.864,11.006,10.979,10.711,10.951,11.022,11.172,11.131,10.511,10.587,10.794,11.1,11.191,11.254,11.356,11.308,11.232,10.884,11.086,11.191,11.398,11.466,10.217,10.206,9.889,10.241,10.346,10.156,10.317,10.258,10.296,9.971,10.172,10.32,10.341,10.24,10.134,10.28,9.811,10.078,10.255,10.178,10.218,10.241,10.228,9.905,10.251,10.372,10.478,10.409,10.316,10.049,8.416,8.623,8.594,8.798,8.789,9.022,8.966,8.565,8.697,8.562,8.601,8.59,8.509,8.426,8.195,8.527,8.731,8.975,8.889,8.518,7.768,7.218,7.131,7.764,8.342,8.395,8.269,8.197,8.127,8.582,8.707,10.561,10.667,10.654,10.535,10.277,10.56,10.631,10.405,10.307,10.558,10.452,10.148,10.646,10.796,10.507,10.273,10.124,9.881,9.171,9.198,9.275,10.013,10.402,10.281,10.077,9.784,10.354,10.5,10.081,9.386,9.287,9.444,9.205,9.895,9.938,9.926,9.959,9.772,9.363,8.771,9.104,9.125,9.267,9.13,9.152,9.171,8.774,9.439,9.584,9.414,8.837,9.104,8.87,8.243,8.87,9.451,9.559,9.485,9.653,9.338,8.783,6.39,6.553,6.823,6.818,6.58,6.386,6.075,6.224,6.217,6.215,5.857,6.175,6.409,5.975,5.666,6.068,6.418,6.639,6.559,6.476,6.197,6.534,6.698,6.638,6.749,6.969,6.741,6.455,6.922,7.103,7.057,8.772,8.855,8.81,8.293,8.716,8.853,8.889,8.769,8.541,8.326,7.775,7.898,7.932,7.936,7.815,7.426,7.678,7.734,8.17,8.156,8.056,7.72,7.597,7.497,7.522,8.189,8.252,8.224,8.342,8.364,8.06,7.7,8.17,8.416,7.978,8.093,8.054,8.101,7.83,8.079,8.006,8.142,8.151,8.083,7.966,7.691,8.304,8.385,8.399,8.372,8.264,8.046,7.566,7.136,6.986,7.486,7.899,8.061,8.103,7.879,7.962,7.686,7.785,7.717,7.842,7.815,7.653,7.765,7.826,7.828,7.824,7.832,7.597,7.412,7.468,7.666,7.781,7.839,7.908,7.933,7.625,7.904,8.015,7.996,7.993,7.995,8.003,7.827,8.027,7.929,7.938,7.734,7.848,7.861,7.586,7.747,7.925,8.019,7.825,7.767,7.467,7.269,7.652,7.664,7.711,7.854,8.012,8.071,7.891,8.201,8.228,8.164,8.198,8.332,8.278,7.995,8.156,8.31,8.442,8.473,8.375,8.287,9.591,9.851,9.811,9.646,9.768,9.839,9.897,9.807,9.965,9.98,10.07,10.096,10.153,9.793,9.403,9.669,9.865,10.052,9.963,10.087,9.968,9.679,9.752,9.924,9.85,9.205,9.503,9.784,9.536,9.661,9.673,11.126,11.277,11.637,11.603,11.337,11.412,11.609,11.896,11.733,11.752,11.807,11.26,11.796,11.992,11.839,11.812,11.972,11.894,11.582,11.905,12.016,11.976,12.175,12.275,12.033,11.778,12.286,12.156,10.669,10.709,10.929,10.824,10.402,10.612,10.021,9.778,10.148,10.735,10.86,10.585,11.139,11.193,11.164,10.921,10.319,9.761,9.062,9.757,10.135,10.403,10.614,10.673,10.922,10.505,10.905,11.033,11.089,11.035,10.615,10.576,10.439,10.891,11.347,11.386,11.457,11.627,11.368,11.079,11.541,11.771,11.857,12.002,11.883,11.769,11.34,11.639,11.955,11.834,11.684,11.445,11.132,10.229,10.885,11.396,11.409,11.509,11.495,11.062,10.088,8.613,8.946,9.315,9.336,9.631,9.772,9.41,9.795,10.117,10.23,10.386,10.311,10.16,9.624,9.805,10.174,10.438,10.183,10.64,10.525,10.15,10.419,10.491,9.836,9.364,8.97,9.221,9.6,10.062,10.238,10.007,10.111,10.297,10.704,9.924,10.423,10.529,10.75,10.894,10.808,10.398,9.953,10.362,10.309,10.119,10.257,10.534,10.342,9.848,10.169,10.232,10.4,10.464,10.447,10.114,9.268,9.313,9.596,9.497,9.259,9.05,7.294,7.226,7.721,7.765,7.568,7.305,7.424,7.17,7.09,7.687,7.692,7.821,7.704,7.653,7.502,7.294,7.55,7.501,7.328,7.529,7.612,7.261,6.907,7.306,7.369,7.05,6.89,6.701,6.504,6.553,6.987,16.672,16.425,16.646,17.249,17.726,16.756,16.956,17.574,18.079,18.48,19.163,18.426,17.872,18.596,18.266,19.055,19.239,19.085,18.605,18.478,19.075,19.225,18.352,18.225,18.791,18.841,18.401,18.835,19.738,20.077,20.266,10.424,10.239,9.923,9.754,9.948,9.793,9.25,9.098,8.961,8.539,9.031,9.429,9.737,10.112,9.802,9.21,8.518,8.782,8.985,9.323,9.448,9.286,8.91,8.27,8.827,9.271,9.405,9.391,9.501,9.37,8.647,8.58,8.947,9.173,9.284,9.383,9.532,9.499,9.644,9.777,9.959,10.018,10.034,9.949,9.628,9.693,9.426,9.771,9.879,9.903,9.771,9.404,9.349,9.135,9.451,9.749,9.78,9.849,9.469,9.602,9.762,8.262,8.208,8.256,8.108,7.849,8.007,8.08,8.11,8.059,7.774,7.295,6.62,6.49,6.941,7.144,7.327,7.43,7.591,7.337,7.498,7.668,7.729,7.836,7.671,7.455,6.948,6.969,7.07,7.094,6.92,8.434,8.28,8.016,8.1,8.048,8.405,8.645,8.786,8.675,8.382,8.809,8.966,8.983,8.896,9.012,8.997,8.538,8.606,8.95,9.144,9.204,9.432,9.195,8.769,9.087,9.267,9.244,9.155,9.333,9.468,9.148,9.645,9.819,10.073,10.065,10.097,9.836,9.409,9.729,9.718,9.888,9.948,10.093,10.233,9.774,9.861,10.199,10.302,10.309,10.359,10.434,10.21,10.244,10.388,10.325,9.63,9.0,9.29,9.566,9.323,9.445,9.457,11.622,11.78,12.157,12.122,11.843,11.921,12.128,12.427,12.257,12.276,12.334,11.762,12.322,12.528,12.368,12.34,12.506,12.425,12.099,12.437,12.552,12.511,12.719,12.823,12.571,12.304,12.835,12.699,11.217,14.304,14.358,14.652,14.511,13.945,14.227,13.435,13.108,13.605,14.391,14.56,14.191,14.933,15.006,14.967,14.642,13.835,13.086,12.15,13.081,13.587,13.947,14.229,14.309,14.643,14.084,14.62,14.791,14.866,14.794,14.231,11.977,11.821,12.334,12.849,12.894,12.974,13.167,12.874,12.546,13.069,13.329,13.427,13.591,13.456,13.327,12.842,13.18,13.538,13.401,13.231,12.961,12.606,11.584,12.327,12.906,12.919,13.034,13.017,12.527,11.424,11.108,11.537,12.014,12.041,12.421,12.602,12.135,12.633,13.048,13.193,13.394,13.298,13.103,12.411,12.646,13.121,13.462,13.133,13.722,13.574,13.09,13.437,13.53,12.685,12.077,11.569,11.891,12.38,12.977,13.203,12.906,10.111,10.297,10.704,9.924,10.423,10.529,10.75,10.894,10.808,10.398,9.953,10.362,10.309,10.119,10.257,10.534,10.342,9.848,10.169,10.232,10.4,10.464,10.447,10.114,9.268,9.313,9.596,9.497,9.259,9.05,11.787,11.678,12.477,12.548,12.231,11.806,11.999,11.587,11.458,12.423,12.43,12.639,12.451,12.368,12.124,11.788,12.201,12.123,11.843,12.167,12.302,11.735,11.163,11.807,11.908,11.393,11.135,10.83,10.512,10.59,11.291,5.285,5.207,5.277,5.468,5.619,5.312,5.375,5.571,5.731,5.858,6.075,5.841,5.665,5.895,5.791,6.041,6.099,6.05,5.898,5.858,6.047,6.094,5.818,5.777,5.957,5.973,5.833,5.971,6.257,6.365,6.424,11.859,11.649,11.29,11.097,11.318,11.141,10.524,10.351,10.195,9.715,10.274,10.728,11.078,11.504,11.152,10.478,9.691,9.992,10.222,10.606,10.748,10.564,10.137,9.409,10.043,10.547,10.7,10.684,10.81,10.66,8.647,8.58,8.947,9.173,9.284,9.383,9.532,9.499,9.644,9.777,9.959,10.018,10.034,9.949,9.628,9.693,9.426,9.771,9.879,9.903,9.771,9.404,9.349,9.135,9.451,9.749,9.78,9.849,9.469,9.602,9.762,8.262,8.208,8.256,8.108,7.849,8.007,8.08,8.11,8.059,7.774,7.295,6.62,6.49,6.941,7.144,7.327,7.43,7.591,7.337,7.498,7.668,7.729,7.836,7.671,7.455,6.948,6.969,7.07,7.094,6.92,8.434,8.28,8.016,8.1,8.048,8.405,8.645,8.786,8.675,8.382,8.809,8.966,8.983,8.896,9.012,8.997,8.538,8.606,8.95,9.144,9.204,9.432,9.195,8.769,9.087,9.267,9.244,9.155,9.333,9.468,9.148
Guntur_25,10.732,10.805,11.009,11.037,10.627,10.687,10.92,10.934,10.716,10.596,10.79,10.794,10.926,10.731,10.419,10.362,10.846,10.798,10.361,10.802,10.881,10.638,10.757,11.018,11.137,10.628,10.97,11.131,11.215,11.291,11.198,12.121,11.539,11.908,12.216,12.218,12.208,12.344,11.919,11.658,11.857,11.912,12.035,12.462,12.441,12.564,12.037,12.333,12.585,12.533,12.26,11.835,11.936,11.621,12.012,12.225,12.358,12.21,12.138,12.0,11.633,11.964,12.096,11.906,11.719,11.79,11.95,11.6,11.513,10.677,11.093,11.768,11.84,11.763,11.311,11.705,12.078,12.027,13.331,13.136,12.671,12.467,12.246,12.743,13.196,13.342,13.289,13.219,12.808,12.473,12.445,11.056,11.301,11.378,11.306,10.867,11.414,11.469,11.411,11.485,11.571,11.356,11.085,11.717,11.502,11.42,11.087,11.005,10.898,10.533,11.191,11.25,10.973,11.147,11.264,11.155,10.937,11.341,11.353,11.374,11.178,11.699,11.726,11.555,11.893,11.848,11.993,12.312,12.297,12.222,11.737,11.549,11.647,11.603,11.509,11.575,11.44,11.477,10.744,11.249,11.587,11.229,11.077,11.367,11.545,11.037,11.3,11.492,11.821,11.788,11.519,11.252,9.115,9.23,9.205,9.457,9.385,9.443,9.265,9.849,10.026,10.155,10.031,10.058,9.765,9.431,9.907,9.898,10.053,10.191,9.982,9.918,9.534,10.08,10.341,10.212,10.209,9.862,9.651,9.359,9.8,10.29,0.0,0.0,0.0,0.0,0.0,0.0,0.0,0.0,0.0,0.0,0.0,0.0,0.0,0.0,0.0,0.0,0.0,0.0,0.0,0.0,0.0,0.0,0.0,0.0,0.0,0.0,0.0,0.0,0.0,0.0,0.0,0.0,0.0,0.0,0.0,0.0,0.0,0.0,0.0,0.0,0.0,0.0,0.0,0.0,0.0,0.0,0.0,0.0,0.0,0.0,0.0,0.0,0.0,0.0,0.0,0.0,0.0,0.0,0.0,0.0,0.0,0.0,8.685,8.715,8.719,8.887,8.956,8.487,8.579,8.817,9.212,9.082,8.963,8.676,8.412,8.505,8.649,8.771,8.605,8.542,8.772,8.386,8.537,8.421,8.272,8.534,8.576,8.194,7.923,8.534,8.715,8.643,8.816,8.76,9.019,8.737,8.901,9.167,9.473,9.604,9.607,9.323,8.809,8.9,9.038,8.651,8.801,8.899,9.098,8.863,9.071,9.08,9.046,8.873,8.65,8.638,8.198,8.362,8.794,8.967,9.168,9.34,9.266,8.516,8.814,8.908,8.879,8.789,8.987,8.856,8.5,8.674,8.644,8.583,8.734,8.574,7.805,7.583,7.639,8.14,8.375,8.517,8.582,8.514,8.37,8.778,8.743,8.503,8.012,8.029,8.187,8.332,8.624,8.535,8.66,8.57,8.654,8.601,8.23,8.394,8.538,8.385,8.52,8.594,8.429,8.203,8.436,8.663,8.672,8.753,8.874,8.725,8.602,8.833,9.051,9.166,9.029,9.016,9.156,8.809,9.072,9.169,9.12,9.12,10.015,9.724,9.386,9.643,9.719,9.757,9.625,9.741,9.552,9.516,9.903,9.957,9.922,9.806,9.824,10.022,9.9,10.005,10.339,10.544,10.725,10.67,10.505,10.137,10.229,9.877,10.138,10.265,10.459,10.438,10.132,11.876,12.022,12.118,11.895,11.939,11.851,11.519,11.646,11.916,12.142,12.197,12.203,12.147,11.86,12.05,12.051,12.008,11.9,11.767,11.77,11.573,12.024,12.221,12.403,12.444,12.526,12.467,12.269,13.425,13.494,13.449,13.399,13.699,13.621,13.09,13.398,13.654,13.799,13.658,13.188,12.948,12.942,13.425,13.525,13.73,13.931,13.889,13.742,13.307,13.448,13.113,13.426,13.641,13.452,13.52,13.012,12.267,12.47,13.052,13.88,14.235,14.347,14.04,14.415,14.41,14.422,14.758,14.616,14.582,14.058,14.512,14.605,14.064,14.125,14.241,13.895,13.799,14.072,14.335,13.878,13.604,13.463,13.676,13.402,13.906,14.115,14.055,14.114,14.031,10.696,10.496,10.56,10.611,10.406,10.524,10.749,10.671,10.442,10.646,10.387,10.048,9.757,10.087,10.013,9.266,9.315,9.101,9.123,9.056,9.183,9.5,9.696,9.916,9.758,9.575,9.612,9.978,10.215,9.634,10.113,8.35,8.99,9.165,9.193,8.974,8.558,8.818,8.677,8.651,8.465,8.185,8.164,7.768,8.468,8.509,8.727,8.784,8.847,8.472,8.042,8.712,9.042,9.538,9.163,9.123,8.872,9.086,9.764,10.094,9.878,5.202,5.023,5.037,5.099,5.389,5.49,5.451,5.347,5.268,5.364,5.005,4.95,4.897,4.831,4.915,5.149,5.196,4.714,4.356,4.361,4.271,4.398,4.631,4.533,4.461,4.606,4.566,4.299,4.382,4.36,4.294,20.548,22.44,23.062,23.44,24.25,24.592,25.394,25.239,25.73,25.77,25.815,26.179,26.401,25.744,25.088,23.588,26.878,26.431,25.734,25.545,25.053,23.981,25.005,25.177,25.295,25.509,25.857,25.626,24.699,25.119,24.957,0.0,0.0,0.0,0.0,0.0,0.0,0.0,0.0,0.0,0.0,0.0,0.0,0.0,0.0,0.0,0.0,0.0,0.0,0.0,0.0,0.0,0.0,0.0,0.0,0.0,0.0,0.0,0.0,0.0,0.0,10.047,9.684,9.449,9.883,10.098,10.298,10.303,10.405,10.255,9.931,10.402,10.511,10.528,10.38,10.056,10.185,9.651,9.422,9.835,9.928,9.866,9.805,9.933,9.332,9.711,9.793,9.77,9.698,9.823,9.725,9.569,10.34,10.339,10.224,9.445,9.148,9.784,9.592,10.111,10.383,10.749,10.454,10.679,10.6,10.426,10.566,10.548,10.669,10.762,10.49,10.496,10.047,10.625,10.787,10.851,10.754,10.673,10.524,9.953,10.14,10.187,10.028,9.745,9.939,9.96,9.748,10.072,10.272,10.244,10.355,10.197,10.107,9.689,10.165,10.502,10.472,10.371,10.317,10.302,9.786,10.489,10.802,10.989,11.098,11.18,11.068,10.737,10.964,10.738,10.478,10.37,10.549,11.899,11.445,12.089,12.421,12.61,12.37,12.319,11.89,11.355,11.734,11.801,11.858,12.094,11.865,11.567,11.562,12.114,12.489,12.497,12.437,12.55,11.881,11.689,12.338,12.412,12.018,12.223,12.398,12.448,12.436,12.664,12.453,12.502,12.022,12.229,12.376,12.199,12.415,12.758,12.529,12.264,12.332,12.302,12.153,12.232,12.316,12.494,12.387,12.451,12.342,12.136,12.449,12.412,12.428,12.777,12.507,12.304,11.845,12.368,12.49,12.234,12.162,12.502,12.703,12.393,12.344,12.434,12.557,12.779,12.946,12.915,12.599,12.881,12.966,13.142,13.093,12.364,12.454,12.698,13.057,13.165,13.238,13.359,13.302,13.212,12.803,13.041,13.164,13.407,13.488,12.773,12.759,12.363,12.803,12.935,12.697,12.899,12.824,12.872,12.466,12.717,12.902,12.928,12.802,12.67,12.853,12.266,12.6,12.821,12.725,12.774,12.803,12.787,12.383,12.816,12.968,13.1,13.013,12.897,12.563,9.315,9.545,9.512,9.738,9.728,9.986,9.924,9.48,9.626,9.477,9.52,9.508,9.418,9.327,9.07,9.438,9.664,9.934,9.839,9.428,8.598,7.99,7.893,8.593,9.233,9.292,9.152,9.073,8.996,9.499,9.637,10.561,10.667,10.654,10.535,10.277,10.56,10.631,10.405,10.307,10.558,10.452,10.148,10.646,10.796,10.507,10.273,10.124,9.881,9.171,9.198,9.275,10.013,10.402,10.281,10.077,9.784,10.354,10.5,10.081,9.386,9.287,9.444,9.205,9.895,9.938,9.926,9.959,9.772,9.363,8.771,9.104,9.125,9.267,9.13,9.152,9.171,8.774,9.439,9.584,9.414,8.837,9.104,8.87,8.243,8.87,9.451,9.559,9.485,9.653,9.338,8.783,7.522,7.714,8.032,8.026,7.746,7.517,7.151,7.327,7.319,7.316,6.895,7.269,7.545,7.033,6.67,7.143,7.555,7.815,7.721,7.624,7.295,7.692,7.885,7.814,7.945,8.204,7.936,7.599,8.149,8.361,8.307,8.192,8.27,8.227,7.744,8.14,8.268,8.301,8.189,7.976,7.775,7.261,7.376,7.407,7.411,7.298,6.935,7.171,7.223,7.63,7.617,7.523,7.21,7.095,7.001,7.025,7.647,7.706,7.68,7.79,7.81,8.559,8.176,8.676,8.937,8.472,8.594,8.552,8.602,8.315,8.579,8.501,8.646,8.655,8.583,8.459,8.167,8.818,8.903,8.918,8.89,8.775,8.543,8.034,7.577,7.419,7.949,8.388,8.56,8.604,8.367,8.454,8.888,9.002,8.924,9.069,9.037,8.85,8.979,9.049,9.052,9.047,9.056,8.785,8.571,8.636,8.864,8.997,9.064,9.144,9.173,8.817,9.14,9.268,9.247,9.243,9.245,9.254,9.05,9.283,9.169,9.179,9.322,9.459,9.475,9.143,9.337,9.552,9.666,9.431,9.362,9.0,8.761,9.223,9.238,9.294,9.467,9.657,9.728,9.511,9.884,9.917,9.84,9.881,10.043,9.978,9.636,9.83,10.016,10.176,10.212,10.095,9.988,12.071,12.398,12.348,12.14,12.293,12.383,12.455,12.342,12.541,12.559,12.673,12.705,12.778,12.325,11.834,12.168,12.415,12.651,12.538,12.694,12.544,12.181,12.272,12.489,12.396,11.585,11.959,12.313,12.001,12.159,12.173,16.187,16.407,16.932,16.883,16.495,16.603,16.891,17.308,17.071,17.098,17.178,16.382,17.162,17.448,17.226,17.187,17.418,17.305,16.851,17.322,17.482,17.425,17.714,17.859,17.508,17.137,17.875,17.687,14.022,14.074,14.363,14.225,13.67,13.946,13.169,12.85,13.336,14.107,14.272,13.911,14.638,14.71,14.672,14.353,13.562,12.828,11.91,12.823,13.319,13.672,13.949,14.027,14.354,13.806,14.331,14.499,14.573,14.502,13.95,14.473,14.285,14.905,15.528,15.582,15.679,15.912,15.557,15.162,15.794,16.108,16.226,16.424,16.261,16.105,15.519,15.927,16.36,16.195,15.989,15.663,15.234,13.998,14.896,15.596,15.612,15.751,15.73,15.138,13.806,11.089,11.517,11.993,12.019,12.399,12.58,12.114,12.61,13.025,13.17,13.371,13.274,13.08,12.39,12.624,13.098,13.438,13.11,13.698,13.55,13.068,13.414,13.506,12.663,12.055,11.549,11.871,12.359,12.954,13.18,12.883,14.954,15.23,15.831,14.678,15.415,15.572,15.9,16.112,15.985,15.379,14.72,15.326,15.247,14.966,15.17,15.579,15.296,14.565,15.04,15.133,15.382,15.477,15.451,14.959,13.707,13.775,14.193,14.046,13.694,13.385,13.315,13.191,14.094,14.175,13.816,13.336,13.554,13.089,12.943,14.033,14.041,14.278,14.065,13.971,13.696,13.316,13.783,13.694,13.378,13.744,13.897,13.256,12.61,13.337,13.452,12.87,12.578,12.234,11.874,11.963,12.755,16.672,16.425,16.646,17.249,17.726,16.756,16.956,17.574,18.079,18.48,19.163,18.426,17.872,18.596,18.266,19.055,19.239,19.085,18.605,18.478,19.075,19.225,18.352,18.225,18.791,18.841,18.401,18.835,19.738,20.077,20.266,14.778,14.516,14.068,13.828,14.103,13.883,13.114,12.898,12.704,12.106,12.803,13.368,13.804,14.336,13.896,13.057,12.076,12.451,12.738,13.217,13.394,13.164,12.632,11.725,12.515,13.143,13.334,13.314,13.47,13.284,10.31,10.23,10.667,10.938,11.07,11.187,11.365,11.326,11.499,11.658,11.874,11.944,11.963,11.863,11.48,11.557,11.239,11.65,11.779,11.808,11.651,11.213,11.147,10.893,11.268,11.624,11.661,11.743,11.29,11.448,11.639,10.443,10.375,10.436,10.249,9.922,10.121,10.213,10.251,10.187,9.826,9.221,8.368,8.204,8.773,9.03,9.262,9.392,9.595,9.274,9.478,9.692,9.77,9.906,9.697,9.423,8.783,8.809,8.937,8.967,8.747,11.597,11.386,11.023,11.138,11.067,11.558,11.888,12.082,11.929,11.526,12.114,12.329,12.353,12.233,12.393,12.371,11.74,11.834,12.307,12.573,12.656,12.969,12.643,12.058,12.496,12.742,12.712,12.588,12.833,13.019,12.58,13.82,14.07,14.434,14.421,14.468,14.093,13.481,13.94,13.925,14.169,14.254,14.462,14.662,14.005,14.129,14.614,14.761,14.772,14.843,14.951,14.63,14.678,14.885,14.794,13.798,12.895,13.312,13.706,13.359,13.534,13.55,17.837,18.079,18.657,18.603,18.176,18.295,18.612,19.071,18.81,18.841,18.929,18.052,18.911,19.226,18.981,18.938,19.193,19.068,18.568,19.087,19.264,19.2,19.52,19.679,19.292,18.883,19.697,19.489,17.214,15.992,16.052,16.381,16.224,15.591,15.906,15.02,14.655,15.21,16.09,16.278,15.865,16.695,16.777,16.733,16.37,15.467,14.63,13.583,14.625,15.191,15.593,15.909,15.998,16.371,15.746,16.345,16.537,16.621,16.54,15.91,16.243,16.032,16.728,17.427,17.488,17.596,17.858,17.46,17.016,17.725,18.078,18.21,18.433,18.25,18.075,17.417,17.875,18.36,18.176,17.945,17.579,17.097,15.71,16.718,17.503,17.522,17.677,17.654,16.989,15.494,15.078,15.66,16.307,16.344,16.86,17.106,16.473,17.148,17.711,17.908,18.181,18.051,17.786,16.847,17.165,17.811,18.273,17.827,18.626,18.425,17.769,18.24,18.366,17.219,16.393,15.704,16.142,16.805,17.615,17.923,17.519,14.954,15.23,15.831,14.678,15.415,15.572,15.9,16.112,15.985,15.379,14.72,15.326,15.247,14.966,15.17,15.579,15.296,14.565,15.04,15.133,15.382,15.477,15.451,14.959,13.707,13.775,14.193,14.046,13.694,13.385,16.0,15.852,16.937,17.033,16.602,16.026,16.287,15.729,15.553,16.863,16.873,17.157,16.901,16.788,16.458,16.001,16.562,16.456,16.076,16.516,16.699,15.929,15.153,16.027,16.165,15.465,15.115,14.701,14.269,14.375,15.327,9.528,9.387,9.513,9.858,10.13,9.576,9.69,10.044,10.332,10.561,10.951,10.53,10.214,10.628,10.439,10.89,10.995,10.907,10.633,10.56,10.901,10.987,10.488,10.415,10.739,10.767,10.516,10.764,11.28,11.474,11.582,11.859,11.649,11.29,11.097,11.318,11.141,10.524,10.351,10.195,9.715,10.274,10.728,11.078,11.504,11.152,10.478,9.691,9.992,10.222,10.606,10.748,10.564,10.137,9.409,10.043,10.547,10.7,10.684,10.81,10.66,10.31,10.23,10.667,10.938,11.07,11.187,11.365,11.326,11.499,11.658,11.874,11.944,11.963,11.863,11.48,11.557,11.239,11.65,11.779,11.808,11.651,11.213,11.147,10.893,11.268,11.624,11.661,11.743,11.29,11.448,11.639,10.443,10.375,10.436,10.249,9.922,10.121,10.213,10.251,10.187,9.826,9.221,8.368,8.204,8.773,9.03,9.262,9.392,9.595,9.274,9.478,9.692,9.77,9.906,9.697,9.423,8.783,8.809,8.937,8.967,8.747,11.597,11.386,11.023,11.138,11.067,11.558,11.888,12.082,11.929,11.526,12.114,12.329,12.353,12.233,12.393,12.371,11.74,11.834,12.307,12.573,12.656,12.969,12.643,12.058,12.496,12.742,12.712,12.588,12.833,13.019,12.58
Guntur_26,10.221,10.291,10.485,10.511,10.121,10.179,10.4,10.414,10.206,10.091,10.276,10.28,10.405,10.22,9.923,9.869,10.329,10.284,9.868,10.288,10.363,10.131,10.245,10.493,10.607,10.122,10.448,10.601,10.681,10.753,10.665,11.097,10.564,10.902,11.185,11.186,11.176,11.301,10.913,10.673,10.856,10.906,11.019,11.409,11.39,11.503,11.021,11.291,11.522,11.474,11.225,10.835,10.927,10.64,10.997,11.192,11.315,11.178,11.113,10.987,10.328,10.621,10.739,10.57,10.403,10.467,10.609,10.298,10.221,9.478,9.848,10.447,10.511,10.443,10.042,10.392,10.722,10.677,11.835,11.662,11.249,11.068,10.872,11.313,11.715,11.844,11.797,11.736,11.371,11.073,11.049,10.4,10.63,10.704,10.635,10.223,10.737,10.789,10.734,10.804,10.885,10.682,10.428,11.022,10.82,10.743,10.429,10.353,10.252,9.908,10.528,10.583,10.322,10.486,10.596,10.493,10.289,10.669,10.68,10.699,10.515,10.11,10.134,9.986,10.278,10.239,10.365,10.64,10.628,10.562,10.143,9.98,10.065,10.027,9.946,10.003,9.887,9.918,9.285,9.722,10.013,9.704,9.572,9.823,9.977,9.538,9.765,9.931,10.216,10.187,9.955,9.724,8.574,8.682,8.658,8.895,8.827,8.882,8.715,9.264,9.43,9.552,9.435,9.46,9.185,8.871,9.318,9.31,9.456,9.586,9.389,9.328,8.967,9.481,9.726,9.605,9.603,9.276,9.078,8.803,9.218,9.679,0.0,0.0,0.0,0.0,0.0,0.0,0.0,0.0,0.0,0.0,0.0,0.0,0.0,0.0,0.0,0.0,0.0,0.0,0.0,0.0,0.0,0.0,0.0,0.0,0.0,0.0,0.0,0.0,0.0,0.0,0.0,0.0,0.0,0.0,0.0,0.0,0.0,0.0,0.0,0.0,0.0,0.0,0.0,0.0,0.0,0.0,0.0,0.0,0.0,0.0,0.0,0.0,0.0,0.0,0.0,0.0,0.0,0.0,0.0,0.0,0.0,0.0,8.938,8.968,8.972,9.145,9.216,8.733,8.828,9.073,9.479,9.345,9.223,8.928,8.657,8.752,8.9,9.026,8.855,8.79,9.027,8.63,8.784,8.665,8.512,8.782,8.825,8.432,8.153,8.781,8.968,8.894,8.729,8.674,8.93,8.651,8.814,9.077,9.38,9.51,9.513,9.232,8.722,8.813,8.949,8.566,8.714,8.812,9.009,8.776,8.982,8.991,8.957,8.786,8.565,8.553,8.117,8.28,8.708,8.878,9.078,9.248,9.175,6.831,7.07,7.145,7.122,7.049,7.208,7.103,6.818,6.958,6.933,6.884,7.005,6.877,6.26,6.082,6.127,6.529,6.718,6.832,6.883,6.829,6.714,7.041,7.013,6.82,6.426,6.44,6.566,6.683,6.917,7.993,8.11,8.026,8.104,8.055,7.707,7.861,7.996,7.853,7.979,8.048,7.894,7.682,7.9,8.113,8.121,8.197,8.311,8.17,8.055,8.272,8.476,8.584,8.455,8.443,8.575,8.249,8.496,8.587,8.541,8.541,10.047,9.755,9.416,9.673,9.75,9.788,9.656,9.772,9.583,9.547,9.935,9.989,9.954,9.837,9.856,10.054,9.932,10.037,10.372,10.578,10.76,10.704,10.539,10.17,10.262,9.909,10.17,10.298,10.493,10.472,10.164,12.589,12.744,12.846,12.61,12.657,12.563,12.211,12.345,12.632,12.871,12.93,12.937,12.877,12.572,12.774,12.775,12.729,12.615,12.474,12.477,12.269,12.747,12.955,13.148,13.191,13.278,13.216,13.006,13.078,13.144,13.101,13.052,13.345,13.269,12.752,13.051,13.301,13.442,13.305,12.847,12.613,12.607,13.078,13.175,13.375,13.57,13.53,13.386,12.963,13.1,12.774,13.079,13.288,13.104,13.17,12.676,11.95,12.148,12.714,13.398,13.741,13.849,13.553,13.914,13.909,13.921,14.246,14.108,14.075,13.57,14.008,14.097,13.575,13.634,13.747,13.412,13.32,13.583,13.837,13.396,13.132,12.996,13.201,12.937,13.423,13.625,13.567,13.624,13.544,9.656,9.475,9.532,9.578,9.394,9.501,9.703,9.633,9.426,9.61,9.376,9.07,8.808,9.106,9.039,8.364,8.409,8.216,8.235,8.175,8.289,8.576,8.752,8.951,8.808,8.643,8.677,9.008,9.221,8.697,9.13,7.048,7.588,7.736,7.759,7.574,7.223,7.443,7.323,7.302,7.145,6.908,6.891,6.556,7.148,7.182,7.366,7.414,7.467,7.151,6.788,7.354,7.632,8.051,7.734,7.7,7.488,7.669,8.242,8.52,8.337,5.81,5.609,5.626,5.695,6.019,6.132,6.088,5.972,5.883,5.991,5.589,5.529,5.469,5.396,5.489,5.751,5.803,5.264,4.865,4.871,4.77,4.912,5.172,5.062,4.982,5.145,5.099,4.801,4.895,4.869,4.796,20.548,22.44,23.062,23.44,24.25,24.592,25.394,25.239,25.73,25.77,25.815,26.179,26.401,25.744,25.088,23.588,26.878,26.431,25.734,25.545,25.053,23.981,25.005,25.177,25.295,25.509,25.857,25.626,24.699,25.119,24.957,42.78,43.3,43.059,41.23,40.706,42.021,40.435,39.578,42.11,40.86,39.074,36.3,37.825,38.663,39.636,39.599,40.586,42.541,43.362,43.832,42.943,41.487,41.701,42.091,41.368,41.1,40.503,40.151,39.917,41.349,9.631,9.283,9.057,9.474,9.679,9.872,9.876,9.974,9.83,9.519,9.971,10.075,10.092,9.95,9.639,9.763,9.251,9.032,9.427,9.517,9.457,9.399,9.522,8.946,9.309,9.388,9.365,9.297,9.417,9.322,9.172,9.335,9.334,9.23,8.527,8.259,8.833,8.66,9.128,9.374,9.704,9.438,9.641,9.57,9.413,9.539,9.523,9.632,9.716,9.47,9.476,9.071,9.593,9.739,9.797,9.709,9.635,9.501,8.986,9.154,9.197,8.518,8.277,8.442,8.459,8.28,8.555,8.725,8.701,8.795,8.661,8.585,8.229,8.634,8.92,8.895,8.809,8.763,8.75,8.312,8.909,9.175,9.334,9.427,9.496,9.401,9.12,9.312,9.121,8.9,8.808,8.96,10.02,9.637,10.179,10.459,10.618,10.416,10.373,10.012,9.561,9.88,9.937,9.985,10.184,9.991,9.74,9.736,10.2,10.517,10.524,10.473,10.568,10.004,9.843,10.389,10.451,10.12,10.292,10.44,10.482,10.472,10.664,11.725,11.772,11.32,11.515,11.653,11.486,11.689,12.013,11.797,11.548,11.612,11.583,11.443,11.517,11.596,11.764,11.663,11.723,11.621,11.427,11.721,11.687,11.702,12.031,11.776,11.585,11.152,11.645,11.037,10.811,10.747,11.048,11.226,10.951,10.908,10.987,11.096,11.293,11.44,11.413,11.134,11.383,11.458,11.613,11.57,10.926,11.005,11.22,11.538,11.633,11.698,11.805,11.755,11.675,11.314,11.524,11.633,11.847,11.919,14.128,14.113,13.674,14.161,14.307,14.043,14.267,14.184,14.238,13.788,14.065,14.27,14.299,14.16,14.014,14.216,13.567,13.936,14.181,14.075,14.129,14.161,14.144,13.696,14.175,14.343,14.49,14.394,14.265,13.896,9.377,9.608,9.575,9.802,9.793,10.052,9.99,9.543,9.689,9.54,9.583,9.57,9.48,9.388,9.13,9.5,9.728,10.0,9.904,9.49,8.654,8.042,7.945,8.65,9.294,9.353,9.213,9.133,9.055,9.562,9.7,8.896,8.986,8.975,8.875,8.658,8.896,8.955,8.765,8.683,8.894,8.805,8.549,8.968,9.095,8.852,8.654,8.528,8.324,7.726,7.748,7.814,8.435,8.763,8.661,8.489,8.242,8.722,8.846,8.493,7.907,7.824,7.956,7.754,8.336,8.372,8.362,8.39,8.232,7.887,7.389,7.669,7.687,7.807,7.691,7.71,7.726,7.391,7.951,8.074,7.93,7.445,7.669,7.472,6.944,7.472,7.962,8.053,7.99,8.132,7.867,7.399,7.579,7.772,8.093,8.086,7.805,7.574,7.205,7.382,7.374,7.371,6.947,7.324,7.601,7.086,6.72,7.197,7.612,7.874,7.779,7.681,7.35,7.75,7.944,7.873,8.004,8.266,7.996,7.656,8.21,8.424,8.37,9.042,9.129,9.082,8.549,8.985,9.127,9.164,9.04,8.805,8.583,8.015,8.142,8.176,8.181,8.056,7.655,7.915,7.973,8.422,8.408,8.304,7.958,7.832,7.728,7.754,8.441,8.507,8.478,8.599,8.622,8.06,7.7,8.17,8.416,7.978,8.093,8.054,8.101,7.83,8.079,8.006,8.142,8.151,8.083,7.966,7.691,8.304,8.385,8.399,8.372,8.264,8.046,7.566,7.136,6.986,7.486,7.899,8.061,8.103,7.879,7.962,7.588,7.685,7.618,7.742,7.715,7.555,7.665,7.725,7.727,7.724,7.731,7.5,7.316,7.372,7.567,7.681,7.738,7.806,7.831,7.527,7.802,7.912,7.894,7.891,7.893,7.9,7.726,7.924,7.827,7.836,8.908,9.039,9.054,8.737,8.922,9.127,9.236,9.012,8.946,8.6,8.371,8.813,8.827,8.88,9.046,9.227,9.295,9.088,9.445,9.476,9.402,9.441,9.596,9.534,9.208,9.393,9.571,9.723,9.758,9.646,9.544,11.382,11.691,11.644,11.448,11.592,11.677,11.745,11.639,11.826,11.843,11.95,11.981,12.05,11.623,11.16,11.475,11.707,11.929,11.824,11.971,11.829,11.486,11.573,11.778,11.689,10.924,11.277,11.612,11.317,11.466,11.479,15.586,15.798,16.303,16.255,15.882,15.987,16.263,16.665,16.437,16.463,16.54,15.774,16.524,16.8,16.586,16.548,16.771,16.662,16.225,16.678,16.833,16.777,17.056,17.196,16.857,16.5,17.211,17.029,13.219,13.268,13.541,13.41,12.887,13.148,12.415,12.114,12.573,13.3,13.455,13.114,13.8,13.868,13.831,13.531,12.785,12.093,11.228,12.089,12.557,12.889,13.15,13.224,13.532,13.015,13.511,13.669,13.738,13.672,13.151,13.828,13.649,14.241,14.836,14.888,14.98,15.203,14.864,14.486,15.09,15.39,15.502,15.692,15.536,15.388,14.827,15.217,15.631,15.473,15.277,14.965,14.555,13.374,14.232,14.901,14.917,15.049,15.029,14.463,13.191,10.617,11.026,11.482,11.508,11.871,12.044,11.598,12.073,12.47,12.609,12.801,12.709,12.523,11.862,12.086,12.54,12.866,12.552,13.115,12.973,12.511,12.843,12.931,12.124,11.542,11.057,11.365,11.832,12.402,12.619,12.335,11.317,11.525,11.98,11.108,11.666,11.784,12.032,12.193,12.097,11.638,11.14,11.598,11.538,11.326,11.48,11.79,11.575,11.022,11.381,11.452,11.64,11.712,11.692,11.32,10.373,10.424,10.74,10.629,10.363,10.13,11.54,11.433,12.215,12.285,11.974,11.558,11.747,11.344,11.217,12.162,12.169,12.374,12.19,12.108,11.87,11.541,11.945,11.868,11.594,11.911,12.044,11.488,10.928,11.559,11.658,11.154,10.901,10.603,10.291,10.368,11.054,9.836,9.69,9.82,10.176,10.458,9.885,10.003,10.368,10.666,10.902,11.305,10.87,10.543,10.971,10.776,11.242,11.35,11.259,10.976,10.901,11.253,11.342,10.827,10.752,11.086,11.115,10.856,11.112,11.645,11.845,11.956,10.888,10.695,10.365,10.188,10.391,10.228,9.662,9.503,9.36,8.92,9.433,9.849,10.171,10.562,10.239,9.62,8.897,9.173,9.385,9.738,9.868,9.699,9.307,8.639,9.22,9.683,9.824,9.809,9.924,9.787,9.073,9.003,9.388,9.626,9.743,9.846,10.002,9.968,10.12,10.26,10.45,10.512,10.529,10.44,10.103,10.171,9.892,10.253,10.366,10.392,10.254,9.869,9.811,9.587,9.917,10.23,10.263,10.335,9.937,10.076,10.244,9.799,9.735,9.792,9.617,9.31,9.497,9.583,9.619,9.559,9.22,8.652,7.852,7.698,8.232,8.473,8.691,8.813,9.003,8.702,8.893,9.095,9.168,9.295,9.099,8.842,8.241,8.265,8.386,8.414,8.208,9.778,9.599,9.293,9.39,9.33,9.744,10.023,10.186,10.058,9.718,10.213,10.394,10.415,10.313,10.448,10.43,9.898,9.977,10.376,10.6,10.67,10.934,10.66,10.166,10.535,10.743,10.717,10.613,10.82,10.976,10.606,11.509,11.717,12.02,12.01,12.048,11.737,11.227,11.609,11.597,11.799,11.87,12.044,12.21,11.663,11.767,12.17,12.293,12.302,12.361,12.451,12.183,12.223,12.396,12.32,11.491,10.739,11.086,11.414,11.125,11.271,11.284,14.766,14.966,15.445,15.4,15.046,15.145,15.407,15.788,15.571,15.596,15.669,14.943,15.655,15.916,15.713,15.677,15.889,15.785,15.371,15.8,15.947,15.894,16.159,16.291,15.97,15.632,16.305,16.133,14.25,14.298,14.351,14.646,14.505,13.939,14.221,13.429,13.103,13.599,14.385,14.554,14.185,14.927,15.0,14.96,14.636,13.829,13.08,12.144,13.076,13.582,13.941,14.223,14.303,14.637,14.078,14.614,14.785,14.86,14.788,14.225,12.812,12.645,13.194,13.745,13.793,13.879,14.085,13.771,13.421,13.981,14.259,14.363,14.539,14.394,14.257,13.737,14.099,14.482,14.336,14.154,13.865,13.485,12.391,13.186,13.806,13.82,13.942,13.924,13.4,12.221,9.654,10.026,10.441,10.464,10.794,10.952,10.546,10.978,11.339,11.465,11.64,11.556,11.387,10.786,10.99,11.403,11.699,11.413,11.925,11.796,11.376,11.678,11.758,11.024,10.495,10.054,10.334,10.759,11.277,11.475,11.216,11.317,11.525,11.98,11.108,11.666,11.784,12.032,12.193,12.097,11.638,11.14,11.598,11.538,11.326,11.48,11.79,11.575,11.022,11.381,11.452,11.64,11.712,11.692,11.32,10.373,10.424,10.74,10.629,10.363,10.13,10.244,10.149,10.843,10.905,10.629,10.26,10.427,10.07,9.958,10.796,10.803,10.984,10.821,10.748,10.537,10.245,10.604,10.536,10.292,10.574,10.691,10.198,9.701,10.261,10.349,9.901,9.677,9.412,9.135,9.203,9.813,8.147,8.026,8.134,8.429,8.662,8.188,8.286,8.588,8.835,9.031,9.364,9.004,8.733,9.087,8.926,9.312,9.402,9.326,9.092,9.03,9.321,9.395,8.968,8.906,9.183,9.207,8.992,9.204,9.646,9.811,9.903,8.655,8.502,8.239,8.099,8.26,8.131,7.68,7.554,7.44,7.09,7.498,7.829,8.085,8.396,8.139,7.647,7.072,7.292,7.46,7.741,7.844,7.71,7.398,6.867,7.329,7.697,7.809,7.797,7.889,7.78,9.073,9.003,9.388,9.626,9.743,9.846,10.002,9.968,10.12,10.26,10.45,10.512,10.529,10.44,10.103,10.171,9.892,10.253,10.366,10.392,10.254,9.869,9.811,9.587,9.917,10.23,10.263,10.335,9.937,10.076,10.244,9.799,9.735,9.792,9.617,9.31,9.497,9.583,9.619,9.559,9.22,8.652,7.852,7.698,8.232,8.473,8.691,8.813,9.003,8.702,8.893,9.095,9.168,9.295,9.099,8.842,8.241,8.265,8.386,8.414,8.208,9.778,9.599,9.293,9.39,9.33,9.744,10.023,10.186,10.058,9.718,10.213,10.394,10.415,10.313,10.448,10.43,9.898,9.977,10.376,10.6,10.67,10.934,10.66,10.166,10.535,10.743,10.717,10.613,10.82,10.976,10.606
Guntur_27,7.394,7.445,7.586,7.604,7.322,7.364,7.524,7.534,7.383,7.301,7.434,7.437,7.528,7.394,7.179,7.14,7.473,7.44,7.139,7.443,7.497,7.33,7.412,7.591,7.673,7.323,7.558,7.669,7.727,7.779,7.715,8.431,8.027,8.284,8.498,8.499,8.492,8.587,8.292,8.109,8.248,8.287,8.372,8.669,8.655,8.74,8.374,8.579,8.754,8.718,8.529,8.233,8.303,8.084,8.356,8.504,8.597,8.493,8.444,8.348,8.77,9.019,9.119,8.975,8.834,8.888,9.009,8.744,8.679,8.048,8.362,8.871,8.925,8.868,8.527,8.824,9.105,9.066,10.049,9.902,9.552,9.398,9.232,9.606,9.947,10.058,10.018,9.965,9.655,9.402,9.382,8.638,8.829,8.89,8.833,8.491,8.918,8.961,8.915,8.973,9.041,8.872,8.661,9.154,8.987,8.923,8.662,8.599,8.515,8.229,8.744,8.79,8.573,8.71,8.8,8.715,8.546,8.861,8.87,8.887,8.733,9.466,9.488,9.35,9.624,9.587,9.705,9.963,9.951,9.89,9.497,9.345,9.424,9.389,9.313,9.366,9.257,9.287,8.694,9.103,9.376,9.087,8.963,9.198,9.342,8.931,9.144,9.299,9.565,9.539,9.321,9.105,6.977,7.066,7.046,7.239,7.184,7.229,7.092,7.539,7.675,7.774,7.678,7.699,7.475,7.219,7.583,7.577,7.696,7.801,7.641,7.592,7.298,7.716,7.915,7.817,7.815,7.549,7.388,7.164,7.502,7.877,0.0,0.0,0.0,0.0,0.0,0.0,0.0,0.0,0.0,0.0,0.0,0.0,0.0,0.0,0.0,0.0,0.0,0.0,0.0,0.0,0.0,0.0,0.0,0.0,0.0,0.0,0.0,0.0,0.0,0.0,0.0,0.0,0.0,0.0,0.0,0.0,0.0,0.0,0.0,0.0,0.0,0.0,0.0,0.0,0.0,0.0,0.0,0.0,0.0,0.0,0.0,0.0,0.0,0.0,0.0,0.0,0.0,0.0,0.0,0.0,0.0,0.0,6.472,6.494,6.497,6.622,6.674,6.324,6.392,6.57,6.864,6.767,6.679,6.465,6.269,6.338,6.445,6.536,6.412,6.365,6.537,6.249,6.361,6.275,6.164,6.359,6.39,6.106,5.904,6.359,6.494,6.441,8.08,8.029,8.266,8.008,8.158,8.402,8.682,8.802,8.805,8.545,8.073,8.157,8.284,7.929,8.066,8.156,8.339,8.123,8.314,8.322,8.29,8.132,7.928,7.917,7.513,7.664,8.06,8.218,8.403,8.56,8.492,6.959,7.202,7.279,7.255,7.181,7.343,7.236,6.945,7.088,7.063,7.013,7.136,7.006,6.377,6.196,6.242,6.651,6.843,6.96,7.012,6.956,6.839,7.173,7.144,6.948,6.546,6.561,6.689,6.808,7.046,6.742,6.841,6.77,6.836,6.794,6.501,6.631,6.745,6.624,6.73,6.788,6.658,6.48,6.664,6.843,6.85,6.914,7.01,6.892,6.795,6.977,7.15,7.24,7.132,7.122,7.233,6.958,7.167,7.243,7.204,7.205,8.27,8.029,7.75,7.962,8.025,8.056,7.947,8.043,7.887,7.857,8.177,8.221,8.192,8.096,8.112,8.274,8.174,8.261,8.536,8.706,8.856,8.81,8.674,8.37,8.446,8.156,8.371,8.476,8.636,8.619,8.365,9.696,9.816,9.894,9.713,9.748,9.676,9.406,9.508,9.729,9.913,9.959,9.964,9.918,9.683,9.839,9.839,9.804,9.717,9.608,9.61,9.45,9.818,9.979,10.127,10.16,10.227,10.179,10.018,9.799,9.849,9.816,9.78,9.999,9.942,9.555,9.779,9.966,10.072,9.969,9.626,9.451,9.446,9.8,9.872,10.022,10.168,10.138,10.031,9.713,9.816,9.571,9.8,9.957,9.819,9.869,9.498,8.954,9.102,9.527,10.506,10.775,10.86,10.627,10.911,10.907,10.916,11.171,11.063,11.037,10.641,10.984,11.054,10.645,10.691,10.78,10.517,10.445,10.651,10.85,10.505,10.297,10.191,10.351,10.144,10.526,10.684,10.639,10.683,10.621,7.555,7.413,7.458,7.494,7.35,7.433,7.591,7.537,7.375,7.519,7.336,7.097,6.891,7.124,7.072,6.544,6.579,6.428,6.443,6.396,6.486,6.71,6.848,7.003,6.892,6.763,6.789,7.048,7.215,6.804,7.143,6.495,6.992,7.128,7.15,6.98,6.656,6.859,6.748,6.729,6.584,6.366,6.35,6.041,6.587,6.618,6.788,6.832,6.881,6.589,6.255,6.776,7.033,7.419,7.127,7.096,6.9,7.067,7.595,7.851,7.683,5.81,5.609,5.626,5.695,6.019,6.132,6.088,5.972,5.883,5.991,5.589,5.529,5.469,5.396,5.489,5.751,5.803,5.264,4.865,4.871,4.77,4.912,5.172,5.062,4.982,5.145,5.099,4.801,4.895,4.869,4.796,14.713,16.067,16.513,16.783,17.364,17.608,18.183,18.072,18.423,18.452,18.484,18.745,18.904,18.433,17.963,16.889,19.245,18.925,18.426,18.291,17.939,17.171,17.904,18.027,18.112,18.265,18.514,18.349,17.685,17.985,17.87,43.661,44.192,43.946,42.079,41.544,42.887,41.268,40.394,42.978,41.702,39.879,37.048,38.605,39.46,40.453,40.415,41.423,43.417,44.256,44.735,43.827,42.342,42.56,42.958,42.22,41.947,41.338,40.978,40.739,42.201,8.966,8.642,8.431,8.819,9.01,9.189,9.193,9.284,9.151,8.861,9.282,9.379,9.395,9.262,8.973,9.088,8.612,8.407,8.776,8.859,8.803,8.749,8.864,8.327,8.666,8.739,8.718,8.654,8.766,8.678,8.538,7.886,7.886,7.798,7.204,6.978,7.463,7.316,7.712,7.92,8.198,7.974,8.145,8.085,7.952,8.059,8.046,8.138,8.209,8.001,8.006,7.663,8.104,8.228,8.277,8.202,8.14,8.027,7.592,7.734,7.77,7.111,6.91,7.048,7.062,6.912,7.142,7.284,7.264,7.343,7.23,7.167,6.87,7.208,7.447,7.426,7.354,7.316,7.305,6.94,7.438,7.66,7.792,7.87,7.928,7.849,7.614,7.775,7.615,7.43,7.353,7.48,8.508,8.183,8.643,8.881,9.016,8.844,8.808,8.501,8.119,8.39,8.437,8.479,8.647,8.484,8.27,8.267,8.661,8.93,8.936,8.892,8.973,8.495,8.357,8.822,8.874,8.593,8.739,8.865,8.901,8.892,9.055,9.607,9.645,9.275,9.435,9.548,9.411,9.578,9.843,9.666,9.462,9.514,9.491,9.376,9.437,9.502,9.639,9.556,9.606,9.522,9.363,9.604,9.576,9.588,9.858,9.649,9.493,9.138,9.542,9.053,8.868,8.816,9.062,9.208,8.983,8.947,9.013,9.102,9.263,9.384,9.361,9.132,9.337,9.398,9.526,9.49,8.962,9.027,9.204,9.464,9.542,9.596,9.683,9.642,9.577,9.28,9.452,9.542,9.718,9.777,12.901,12.887,12.487,12.931,13.064,12.824,13.028,12.953,13.001,12.591,12.844,13.031,13.058,12.93,12.797,12.981,12.389,12.726,12.949,12.852,12.902,12.931,12.915,12.507,12.944,13.098,13.231,13.144,13.026,12.689,8.762,8.978,8.947,9.159,9.15,9.393,9.335,8.917,9.054,8.914,8.954,8.943,8.859,8.773,8.531,8.877,9.09,9.344,9.254,8.868,8.087,7.515,7.424,8.083,8.685,8.74,8.608,8.534,8.461,8.935,9.064,8.896,8.986,8.975,8.875,8.658,8.896,8.955,8.765,8.683,8.894,8.805,8.549,8.968,9.095,8.852,8.654,8.528,8.324,7.726,7.748,7.814,8.435,8.763,8.661,8.489,8.242,8.722,8.846,8.493,7.907,7.824,7.956,7.754,8.336,8.372,8.362,8.39,8.232,7.887,7.389,7.669,7.687,7.807,7.691,7.71,7.726,7.391,7.951,8.074,7.93,7.445,7.669,7.472,6.944,7.472,7.962,8.053,7.99,8.132,7.867,7.399,7.692,7.888,8.214,8.207,7.921,7.687,7.312,7.492,7.484,7.481,7.05,7.433,7.715,7.192,6.821,7.305,7.726,7.991,7.895,7.796,7.46,7.866,8.063,7.99,8.124,8.389,8.115,7.771,8.333,8.55,8.495,7.496,7.567,7.528,7.086,7.448,7.565,7.596,7.493,7.299,7.114,6.644,6.749,6.778,6.781,6.678,6.346,6.561,6.609,6.982,6.97,6.884,6.597,6.492,6.406,6.428,6.997,7.051,7.028,7.128,7.147,6.836,6.53,6.929,7.138,6.766,6.864,6.83,6.87,6.641,6.852,6.789,6.905,6.913,6.855,6.756,6.523,7.043,7.111,7.123,7.1,7.009,6.823,6.417,6.052,5.925,6.349,6.699,6.837,6.872,6.682,6.752,7.058,7.148,7.086,7.201,7.176,7.027,7.13,7.186,7.187,7.184,7.191,6.976,6.805,6.857,7.039,7.144,7.197,7.261,7.284,7.001,7.257,7.359,7.342,7.339,7.341,7.348,7.186,7.371,7.28,7.289,8.208,8.329,8.343,8.05,8.221,8.41,8.51,8.304,8.243,7.924,7.714,8.121,8.134,8.183,8.335,8.503,8.565,8.374,8.703,8.732,8.664,8.7,8.842,8.785,8.485,8.655,8.819,8.959,8.992,8.888,8.794,8.707,8.943,8.907,8.758,8.868,8.933,8.985,8.903,9.047,9.06,9.142,9.165,9.218,8.891,8.537,8.778,8.956,9.126,9.045,9.157,9.049,8.787,8.853,9.01,8.942,8.357,8.627,8.883,8.657,8.771,8.781,11.215,11.367,11.731,11.696,11.428,11.503,11.702,11.991,11.827,11.846,11.901,11.35,11.89,12.088,11.934,11.907,12.068,11.989,11.674,12.001,12.112,12.072,12.273,12.373,12.13,11.873,12.384,12.253,9.613,9.649,9.847,9.752,9.372,9.561,9.029,8.809,9.143,9.672,9.785,9.537,10.036,10.085,10.059,9.84,9.298,8.794,8.165,8.791,9.131,9.373,9.563,9.617,9.841,9.465,9.825,9.941,9.991,9.943,9.564,9.219,9.099,9.494,9.891,9.925,9.987,10.135,9.909,9.657,10.06,10.26,10.335,10.461,10.358,10.258,9.885,10.145,10.42,10.315,10.184,9.977,9.703,8.916,9.488,9.934,9.944,10.032,10.019,9.642,8.794,8.128,8.442,8.791,8.811,9.089,9.222,8.88,9.244,9.548,9.654,9.801,9.731,9.588,9.082,9.253,9.601,9.85,9.61,10.041,9.932,9.579,9.833,9.901,9.282,8.837,8.465,8.701,9.059,9.496,9.662,9.444,8.521,8.678,9.021,8.364,8.784,8.873,9.06,9.181,9.109,8.763,8.388,8.733,8.688,8.528,8.644,8.877,8.716,8.3,8.57,8.623,8.765,8.819,8.804,8.524,7.81,7.849,8.087,8.004,7.803,7.627,11.54,11.433,12.215,12.285,11.974,11.558,11.747,11.344,11.217,12.162,12.169,12.374,12.19,12.108,11.87,11.541,11.945,11.868,11.594,11.911,12.044,11.488,10.928,11.559,11.658,11.154,10.901,10.603,10.291,10.368,11.054,7.655,7.542,7.643,7.92,8.139,7.693,7.785,8.069,8.301,8.485,8.799,8.46,8.206,8.539,8.387,8.75,8.834,8.763,8.543,8.485,8.758,8.827,8.427,8.368,8.628,8.651,8.449,8.648,9.063,9.219,9.305,10.888,10.695,10.365,10.188,10.391,10.228,9.662,9.503,9.36,8.92,9.433,9.849,10.171,10.562,10.239,9.62,8.897,9.173,9.385,9.738,9.868,9.699,9.307,8.639,9.22,9.683,9.824,9.809,9.924,9.787,7.85,7.789,8.123,8.328,8.429,8.518,8.654,8.624,8.756,8.876,9.041,9.095,9.109,9.033,8.741,8.8,8.558,8.871,8.969,8.991,8.871,8.538,8.488,8.294,8.58,8.851,8.879,8.942,8.597,8.717,8.862,8.213,8.16,8.208,8.06,7.803,7.96,8.032,8.062,8.012,7.728,7.252,6.581,6.452,6.9,7.102,7.284,7.387,7.546,7.294,7.454,7.623,7.684,7.791,7.626,7.411,6.907,6.928,7.029,7.052,6.88,6.818,6.693,6.48,6.547,6.506,6.794,6.988,7.102,7.013,6.776,7.121,7.248,7.262,7.191,7.285,7.272,6.902,6.957,7.235,7.391,7.44,7.624,7.432,7.088,7.346,7.491,7.473,7.4,7.544,7.653,7.395,8.519,8.672,8.897,8.889,8.918,8.687,8.31,8.592,8.583,8.734,8.786,8.914,9.038,8.633,8.709,9.008,9.098,9.105,9.149,9.216,9.018,9.047,9.175,9.119,8.505,7.948,8.205,8.448,8.234,8.342,8.352,10.508,10.651,10.991,10.959,10.708,10.778,10.965,11.235,11.081,11.099,11.151,10.634,11.141,11.326,11.182,11.157,11.307,11.233,10.939,11.244,11.348,11.311,11.499,11.593,11.365,11.124,11.604,11.481,10.141,9.253,9.287,9.478,9.387,9.02,9.203,8.69,8.479,8.8,9.309,9.418,9.179,9.66,9.707,9.681,9.471,8.949,8.465,7.859,8.462,8.789,9.022,9.204,9.256,9.472,9.11,9.457,9.568,9.616,9.57,9.205,8.608,8.496,8.864,9.235,9.267,9.324,9.463,9.252,9.017,9.393,9.58,9.65,9.768,9.671,9.578,9.229,9.472,9.729,9.631,9.509,9.315,9.06,8.325,8.859,9.275,9.285,9.367,9.355,9.003,8.211,7.256,7.536,7.848,7.865,8.114,8.232,7.927,8.252,8.523,8.618,8.75,8.687,8.56,8.108,8.261,8.571,8.794,8.579,8.964,8.867,8.551,8.778,8.839,8.287,7.889,7.557,7.768,8.087,8.477,8.625,8.431,8.521,8.678,9.021,8.364,8.784,8.873,9.06,9.181,9.109,8.763,8.388,8.733,8.688,8.528,8.644,8.877,8.716,8.3,8.57,8.623,8.765,8.819,8.804,8.524,7.81,7.849,8.087,8.004,7.803,7.627,7.7,7.629,8.151,8.197,7.99,7.712,7.838,7.569,7.485,8.115,8.12,8.257,8.134,8.079,7.92,7.701,7.971,7.919,7.736,7.948,8.036,7.666,7.292,7.713,7.779,7.442,7.274,7.075,6.867,6.918,7.376,6.131,6.041,6.122,6.344,6.519,6.162,6.236,6.463,6.649,6.796,7.048,6.777,6.573,6.839,6.718,7.008,7.076,7.019,6.843,6.796,7.015,7.071,6.749,6.703,6.911,6.929,6.767,6.927,7.259,7.384,7.453,7.174,7.047,6.83,6.713,6.847,6.74,6.366,6.262,6.167,5.877,6.215,6.49,6.702,6.96,6.746,6.339,5.862,6.045,6.184,6.416,6.502,6.391,6.132,5.692,6.075,6.38,6.473,6.463,6.539,6.449,7.85,7.789,8.123,8.328,8.429,8.518,8.654,8.624,8.756,8.876,9.041,9.095,9.109,9.033,8.741,8.8,8.558,8.871,8.969,8.991,8.871,8.538,8.488,8.294,8.58,8.851,8.879,8.942,8.597,8.717,8.862,8.213,8.16,8.208,8.06,7.803,7.96,8.032,8.062,8.012,7.728,7.252,6.581,6.452,6.9,7.102,7.284,7.387,7.546,7.294,7.454,7.623,7.684,7.791,7.626,7.411,6.907,6.928,7.029,7.052,6.88,6.818,6.693,6.48,6.547,6.506,6.794,6.988,7.102,7.013,6.776,7.121,7.248,7.262,7.191,7.285,7.272,6.902,6.957,7.235,7.391,7.44,7.624,7.432,7.088,7.346,7.491,7.473,7.4,7.544,7.653,7.395
Guntur_28,7.394,7.445,7.586,7.604,7.322,7.364,7.524,7.534,7.383,7.301,7.434,7.437,7.528,7.394,7.179,7.14,7.473,7.44,7.139,7.443,7.497,7.33,7.412,7.591,7.673,7.323,7.558,7.669,7.727,7.779,7.715,8.431,8.027,8.284,8.498,8.499,8.492,8.587,8.292,8.109,8.248,8.287,8.372,8.669,8.655,8.74,8.374,8.579,8.754,8.718,8.529,8.233,8.303,8.084,8.356,8.504,8.597,8.493,8.444,8.348,8.77,9.019,9.119,8.975,8.834,8.888,9.009,8.744,8.679,8.048,8.362,8.871,8.925,8.868,8.527,8.824,9.105,9.066,10.049,9.902,9.552,9.398,9.232,9.606,9.947,10.058,10.018,9.965,9.655,9.402,9.382,8.638,8.829,8.89,8.833,8.491,8.918,8.961,8.915,8.973,9.041,8.872,8.661,9.154,8.987,8.923,8.662,8.599,8.515,8.229,8.744,8.79,8.573,8.71,8.8,8.715,8.546,8.861,8.87,8.887,8.733,9.466,9.488,9.35,9.624,9.587,9.705,9.963,9.951,9.89,9.497,9.345,9.424,9.389,9.313,9.366,9.257,9.287,8.694,9.103,9.376,9.087,8.963,9.198,9.342,8.931,9.144,9.299,9.565,9.539,9.321,9.105,6.977,7.066,7.046,7.239,7.184,7.229,7.092,7.539,7.675,7.774,7.678,7.699,7.475,7.219,7.583,7.577,7.696,7.801,7.641,7.592,7.298,7.716,7.915,7.817,7.815,7.549,7.388,7.164,7.502,7.877,0.0,0.0,0.0,0.0,0.0,0.0,0.0,0.0,0.0,0.0,0.0,0.0,0.0,0.0,0.0,0.0,0.0,0.0,0.0,0.0,0.0,0.0,0.0,0.0,0.0,0.0,0.0,0.0,0.0,0.0,0.0,0.0,0.0,0.0,0.0,0.0,0.0,0.0,0.0,0.0,0.0,0.0,0.0,0.0,0.0,0.0,0.0,0.0,0.0,0.0,0.0,0.0,0.0,0.0,0.0,0.0,0.0,0.0,0.0,0.0,0.0,0.0,6.472,6.494,6.497,6.622,6.674,6.324,6.392,6.57,6.864,6.767,6.679,6.465,6.269,6.338,6.445,6.536,6.412,6.365,6.537,6.249,6.361,6.275,6.164,6.359,6.39,6.106,5.904,6.359,6.494,6.441,8.08,8.029,8.266,8.008,8.158,8.402,8.682,8.802,8.805,8.545,8.073,8.157,8.284,7.929,8.066,8.156,8.339,8.123,8.314,8.322,8.29,8.132,7.928,7.917,7.513,7.664,8.06,8.218,8.403,8.56,8.492,6.959,7.202,7.279,7.255,7.181,7.343,7.236,6.945,7.088,7.063,7.013,7.136,7.006,6.377,6.196,6.242,6.651,6.843,6.96,7.012,6.956,6.839,7.173,7.144,6.948,6.546,6.561,6.689,6.808,7.046,6.742,6.841,6.77,6.836,6.794,6.501,6.631,6.745,6.624,6.73,6.788,6.658,6.48,6.664,6.843,6.85,6.914,7.01,6.892,6.795,6.977,7.15,7.24,7.132,7.122,7.233,6.958,7.167,7.243,7.204,7.205,8.27,8.029,7.75,7.962,8.025,8.056,7.947,8.043,7.887,7.857,8.177,8.221,8.192,8.096,8.112,8.274,8.174,8.261,8.536,8.706,8.856,8.81,8.674,8.37,8.446,8.156,8.371,8.476,8.636,8.619,8.365,9.696,9.816,9.894,9.713,9.748,9.676,9.406,9.508,9.729,9.913,9.959,9.964,9.918,9.683,9.839,9.839,9.804,9.717,9.608,9.61,9.45,9.818,9.979,10.127,10.16,10.227,10.179,10.018,9.799,9.849,9.816,9.78,9.999,9.942,9.555,9.779,9.966,10.072,9.969,9.626,9.451,9.446,9.8,9.872,10.022,10.168,10.138,10.031,9.713,9.816,9.571,9.8,9.957,9.819,9.869,9.498,8.954,9.102,9.527,10.506,10.775,10.86,10.627,10.911,10.907,10.916,11.171,11.063,11.037,10.641,10.984,11.054,10.645,10.691,10.78,10.517,10.445,10.651,10.85,10.505,10.297,10.191,10.351,10.144,10.526,10.684,10.639,10.683,10.621,7.555,7.413,7.458,7.494,7.35,7.433,7.591,7.537,7.375,7.519,7.336,7.097,6.891,7.124,7.072,6.544,6.579,6.428,6.443,6.396,6.486,6.71,6.848,7.003,6.892,6.763,6.789,7.048,7.215,6.804,7.143,6.495,6.992,7.128,7.15,6.98,6.656,6.859,6.748,6.729,6.584,6.366,6.35,6.041,6.587,6.618,6.788,6.832,6.881,6.589,6.255,6.776,7.033,7.419,7.127,7.096,6.9,7.067,7.595,7.851,7.683,5.81,5.609,5.626,5.695,6.019,6.132,6.088,5.972,5.883,5.991,5.589,5.529,5.469,5.396,5.489,5.751,5.803,5.264,4.865,4.871,4.77,4.912,5.172,5.062,4.982,5.145,5.099,4.801,4.895,4.869,4.796,14.713,16.067,16.513,16.783,17.364,17.608,18.183,18.072,18.423,18.452,18.484,18.745,18.904,18.433,17.963,16.889,19.245,18.925,18.426,18.291,17.939,17.171,17.904,18.027,18.112,18.265,18.514,18.349,17.685,17.985,17.87,43.661,44.192,43.946,42.079,41.544,42.887,41.268,40.394,42.978,41.702,39.879,37.048,38.605,39.46,40.453,40.415,41.423,43.417,44.256,44.735,43.827,42.342,42.56,42.958,42.22,41.947,41.338,40.978,40.739,42.201,8.966,8.642,8.431,8.819,9.01,9.189,9.193,9.284,9.151,8.861,9.282,9.379,9.395,9.262,8.973,9.088,8.612,8.407,8.776,8.859,8.803,8.749,8.864,8.327,8.666,8.739,8.718,8.654,8.766,8.678,8.538,7.886,7.886,7.798,7.204,6.978,7.463,7.316,7.712,7.92,8.198,7.974,8.145,8.085,7.952,8.059,8.046,8.138,8.209,8.001,8.006,7.663,8.104,8.228,8.277,8.202,8.14,8.027,7.592,7.734,7.77,7.111,6.91,7.048,7.062,6.912,7.142,7.284,7.264,7.343,7.23,7.167,6.87,7.208,7.447,7.426,7.354,7.316,7.305,6.94,7.438,7.66,7.792,7.87,7.928,7.849,7.614,7.775,7.615,7.43,7.353,7.48,8.508,8.183,8.643,8.881,9.016,8.844,8.808,8.501,8.119,8.39,8.437,8.479,8.647,8.484,8.27,8.267,8.661,8.93,8.936,8.892,8.973,8.495,8.357,8.822,8.874,8.593,8.739,8.865,8.901,8.892,9.055,9.607,9.645,9.275,9.435,9.548,9.411,9.578,9.843,9.666,9.462,9.514,9.491,9.376,9.437,9.502,9.639,9.556,9.606,9.522,9.363,9.604,9.576,9.588,9.858,9.649,9.493,9.138,9.542,9.053,8.868,8.816,9.062,9.208,8.983,8.947,9.013,9.102,9.263,9.384,9.361,9.132,9.337,9.398,9.526,9.49,8.962,9.027,9.204,9.464,9.542,9.596,9.683,9.642,9.577,9.28,9.452,9.542,9.718,9.777,12.901,12.887,12.487,12.931,13.064,12.824,13.028,12.953,13.001,12.591,12.844,13.031,13.058,12.93,12.797,12.981,12.389,12.726,12.949,12.852,12.902,12.931,12.915,12.507,12.944,13.098,13.231,13.144,13.026,12.689,8.762,8.978,8.947,9.159,9.15,9.393,9.335,8.917,9.054,8.914,8.954,8.943,8.859,8.773,8.531,8.877,9.09,9.344,9.254,8.868,8.087,7.515,7.424,8.083,8.685,8.74,8.608,8.534,8.461,8.935,9.064,8.896,8.986,8.975,8.875,8.658,8.896,8.955,8.765,8.683,8.894,8.805,8.549,8.968,9.095,8.852,8.654,8.528,8.324,7.726,7.748,7.814,8.435,8.763,8.661,8.489,8.242,8.722,8.846,8.493,7.907,7.824,7.956,7.754,8.336,8.372,8.362,8.39,8.232,7.887,7.389,7.669,7.687,7.807,7.691,7.71,7.726,7.391,7.951,8.074,7.93,7.445,7.669,7.472,6.944,7.472,7.962,8.053,7.99,8.132,7.867,7.399,7.692,7.888,8.214,8.207,7.921,7.687,7.312,7.492,7.484,7.481,7.05,7.433,7.715,7.192,6.821,7.305,7.726,7.991,7.895,7.796,7.46,7.866,8.063,7.99,8.124,8.389,8.115,7.771,8.333,8.55,8.495,7.496,7.567,7.528,7.086,7.448,7.565,7.596,7.493,7.299,7.114,6.644,6.749,6.778,6.781,6.678,6.346,6.561,6.609,6.982,6.97,6.884,6.597,6.492,6.406,6.428,6.997,7.051,7.028,7.128,7.147,6.836,6.53,6.929,7.138,6.766,6.864,6.83,6.87,6.641,6.852,6.789,6.905,6.913,6.855,6.756,6.523,7.043,7.111,7.123,7.1,7.009,6.823,6.417,6.052,5.925,6.349,6.699,6.837,6.872,6.682,6.752,7.058,7.148,7.086,7.201,7.176,7.027,7.13,7.186,7.187,7.184,7.191,6.976,6.805,6.857,7.039,7.144,7.197,7.261,7.284,7.001,7.257,7.359,7.342,7.339,7.341,7.348,7.186,7.371,7.28,7.289,8.208,8.329,8.343,8.05,8.221,8.41,8.51,8.304,8.243,7.924,7.714,8.121,8.134,8.183,8.335,8.503,8.565,8.374,8.703,8.732,8.664,8.7,8.842,8.785,8.485,8.655,8.819,8.959,8.992,8.888,8.794,8.707,8.943,8.907,8.758,8.868,8.933,8.985,8.903,9.047,9.06,9.142,9.165,9.218,8.891,8.537,8.778,8.956,9.126,9.045,9.157,9.049,8.787,8.853,9.01,8.942,8.357,8.627,8.883,8.657,8.771,8.781,11.215,11.367,11.731,11.696,11.428,11.503,11.702,11.991,11.827,11.846,11.901,11.35,11.89,12.088,11.934,11.907,12.068,11.989,11.674,12.001,12.112,12.072,12.273,12.373,12.13,11.873,12.384,12.253,9.613,9.649,9.847,9.752,9.372,9.561,9.029,8.809,9.143,9.672,9.785,9.537,10.036,10.085,10.059,9.84,9.298,8.794,8.165,8.791,9.131,9.373,9.563,9.617,9.841,9.465,9.825,9.941,9.991,9.943,9.564,9.219,9.099,9.494,9.891,9.925,9.987,10.135,9.909,9.657,10.06,10.26,10.335,10.461,10.358,10.258,9.885,10.145,10.42,10.315,10.184,9.977,9.703,8.916,9.488,9.934,9.944,10.032,10.019,9.642,8.794,8.128,8.442,8.791,8.811,9.089,9.222,8.88,9.244,9.548,9.654,9.801,9.731,9.588,9.082,9.253,9.601,9.85,9.61,10.041,9.932,9.579,9.833,9.901,9.282,8.837,8.465,8.701,9.059,9.496,9.662,9.444,8.521,8.678,9.021,8.364,8.784,8.873,9.06,9.181,9.109,8.763,8.388,8.733,8.688,8.528,8.644,8.877,8.716,8.3,8.57,8.623,8.765,8.819,8.804,8.524,7.81,7.849,8.087,8.004,7.803,7.627,11.54,11.433,12.215,12.285,11.974,11.558,11.747,11.344,11.217,12.162,12.169,12.374,12.19,12.108,11.87,11.541,11.945,11.868,11.594,11.911,12.044,11.488,10.928,11.559,11.658,11.154,10.901,10.603,10.291,10.368,11.054,7.655,7.542,7.643,7.92,8.139,7.693,7.785,8.069,8.301,8.485,8.799,8.46,8.206,8.539,8.387,8.75,8.834,8.763,8.543,8.485,8.758,8.827,8.427,8.368,8.628,8.651,8.449,8.648,9.063,9.219,9.305,10.888,10.695,10.365,10.188,10.391,10.228,9.662,9.503,9.36,8.92,9.433,9.849,10.171,10.562,10.239,9.62,8.897,9.173,9.385,9.738,9.868,9.699,9.307,8.639,9.22,9.683,9.824,9.809,9.924,9.787,7.85,7.789,8.123,8.328,8.429,8.518,8.654,8.624,8.756,8.876,9.041,9.095,9.109,9.033,8.741,8.8,8.558,8.871,8.969,8.991,8.871,8.538,8.488,8.294,8.58,8.851,8.879,8.942,8.597,8.717,8.862,8.213,8.16,8.208,8.06,7.803,7.96,8.032,8.062,8.012,7.728,7.252,6.581,6.452,6.9,7.102,7.284,7.387,7.546,7.294,7.454,7.623,7.684,7.791,7.626,7.411,6.907,6.928,7.029,7.052,6.88,6.818,6.693,6.48,6.547,6.506,6.794,6.988,7.102,7.013,6.776,7.121,7.248,7.262,7.191,7.285,7.272,6.902,6.957,7.235,7.391,7.44,7.624,7.432,7.088,7.346,7.491,7.473,7.4,7.544,7.653,7.395,8.519,8.672,8.897,8.889,8.918,8.687,8.31,8.592,8.583,8.734,8.786,8.914,9.038,8.633,8.709,9.008,9.098,9.105,9.149,9.216,9.018,9.047,9.175,9.119,8.505,7.948,8.205,8.448,8.234,8.342,8.352,10.508,10.651,10.991,10.959,10.708,10.778,10.965,11.235,11.081,11.099,11.151,10.634,11.141,11.326,11.182,11.157,11.307,11.233,10.939,11.244,11.348,11.311,11.499,11.593,11.365,11.124,11.604,11.481,10.141,9.253,9.287,9.478,9.387,9.02,9.203,8.69,8.479,8.8,9.309,9.418,9.179,9.66,9.707,9.681,9.471,8.949,8.465,7.859,8.462,8.789,9.022,9.204,9.256,9.472,9.11,9.457,9.568,9.616,9.57,9.205,8.608,8.496,8.864,9.235,9.267,9.324,9.463,9.252,9.017,9.393,9.58,9.65,9.768,9.671,9.578,9.229,9.472,9.729,9.631,9.509,9.315,9.06,8.325,8.859,9.275,9.285,9.367,9.355,9.003,8.211,7.256,7.536,7.848,7.865,8.114,8.232,7.927,8.252,8.523,8.618,8.75,8.687,8.56,8.108,8.261,8.571,8.794,8.579,8.964,8.867,8.551,8.778,8.839,8.287,7.889,7.557,7.768,8.087,8.477,8.625,8.431,8.521,8.678,9.021,8.364,8.784,8.873,9.06,9.181,9.109,8.763,8.388,8.733,8.688,8.528,8.644,8.877,8.716,8.3,8.57,8.623,8.765,8.819,8.804,8.524,7.81,7.849,8.087,8.004,7.803,7.627,7.7,7.629,8.151,8.197,7.99,7.712,7.838,7.569,7.485,8.115,8.12,8.257,8.134,8.079,7.92,7.701,7.971,7.919,7.736,7.948,8.036,7.666,7.292,7.713,7.779,7.442,7.274,7.075,6.867,6.918,7.376,6.131,6.041,6.122,6.344,6.519,6.162,6.236,6.463,6.649,6.796,7.048,6.777,6.573,6.839,6.718,7.008,7.076,7.019,6.843,6.796,7.015,7.071,6.749,6.703,6.911,6.929,6.767,6.927,7.259,7.384,7.453,7.174,7.047,6.83,6.713,6.847,6.74,6.366,6.262,6.167,5.877,6.215,6.49,6.702,6.96,6.746,6.339,5.862,6.045,6.184,6.416,6.502,6.391,6.132,5.692,6.075,6.38,6.473,6.463,6.539,6.449,7.85,7.789,8.123,8.328,8.429,8.518,8.654,8.624,8.756,8.876,9.041,9.095,9.109,9.033,8.741,8.8,8.558,8.871,8.969,8.991,8.871,8.538,8.488,8.294,8.58,8.851,8.879,8.942,8.597,8.717,8.862,8.213,8.16,8.208,8.06,7.803,7.96,8.032,8.062,8.012,7.728,7.252,6.581,6.452,6.9,7.102,7.284,7.387,7.546,7.294,7.454,7.623,7.684,7.791,7.626,7.411,6.907,6.928,7.029,7.052,6.88,6.818,6.693,6.48,6.547,6.506,6.794,6.988,7.102,7.013,6.776,7.121,7.248,7.262,7.191,7.285,7.272,6.902,6.957,7.235,7.391,7.44,7.624,7.432,7.088,7.346,7.491,7.473,7.4,7.544,7.653,7.395
Guntur_29,6.114,6.155,6.272,6.287,6.054,6.088,6.221,6.229,6.104,6.036,6.146,6.149,6.224,6.113,5.935,5.903,6.179,6.151,5.902,6.154,6.198,6.06,6.128,6.276,6.344,6.054,6.249,6.341,6.389,6.432,6.379,6.913,6.582,6.792,6.968,6.969,6.963,7.041,6.799,6.649,6.763,6.795,6.865,7.108,7.096,7.166,6.866,7.034,7.178,7.149,6.993,6.75,6.808,6.629,6.851,6.973,7.049,6.964,6.923,6.845,6.029,6.201,6.269,6.171,6.073,6.111,6.193,6.012,5.967,5.533,5.749,6.099,6.136,6.097,5.862,6.066,6.259,6.233,6.909,6.808,6.567,6.461,6.347,6.604,6.839,6.915,6.887,6.851,6.638,6.464,6.45,6.852,7.003,7.051,7.006,6.735,7.074,7.108,7.071,7.117,7.171,7.037,6.87,7.261,7.128,7.077,6.871,6.82,6.754,6.527,6.936,6.972,6.8,6.908,6.98,6.913,6.778,7.028,7.036,7.049,6.927,6.411,6.426,6.333,6.518,6.493,6.573,6.748,6.74,6.698,6.432,6.329,6.383,6.359,6.308,6.344,6.27,6.29,5.888,6.165,6.35,6.154,6.07,6.23,6.327,6.049,6.193,6.298,6.478,6.461,6.313,6.167,4.674,4.734,4.721,4.85,4.813,4.843,4.751,5.051,5.141,5.208,5.144,5.158,5.008,4.836,5.08,5.076,5.156,5.226,5.119,5.086,4.889,5.169,5.303,5.237,5.236,5.057,4.949,4.799,5.026,5.277,0.0,0.0,0.0,0.0,0.0,0.0,0.0,0.0,0.0,0.0,0.0,0.0,0.0,0.0,0.0,0.0,0.0,0.0,0.0,0.0,0.0,0.0,0.0,0.0,0.0,0.0,0.0,0.0,0.0,0.0,0.0,0.0,0.0,0.0,0.0,0.0,0.0,0.0,0.0,0.0,0.0,0.0,0.0,0.0,0.0,0.0,0.0,0.0,0.0,0.0,0.0,0.0,0.0,0.0,0.0,0.0,0.0,0.0,0.0,0.0,0.0,0.0,6.463,6.485,6.487,6.613,6.664,6.315,6.383,6.561,6.855,6.758,6.669,6.456,6.26,6.329,6.436,6.527,6.403,6.356,6.527,6.24,6.352,6.266,6.155,6.35,6.381,6.097,5.896,6.35,6.485,6.431,6.391,6.351,6.538,6.334,6.453,6.646,6.867,6.962,6.965,6.759,6.386,6.452,6.552,6.271,6.38,6.452,6.596,6.425,6.576,6.583,6.558,6.432,6.271,6.262,5.943,6.062,6.375,6.5,6.647,6.771,6.717,4.616,4.777,4.828,4.812,4.763,4.871,4.8,4.607,4.701,4.685,4.652,4.733,4.647,4.23,4.11,4.14,4.412,4.539,4.616,4.651,4.614,4.537,4.758,4.738,4.608,4.342,4.352,4.437,4.516,4.674,5.497,5.577,5.519,5.573,5.539,5.3,5.406,5.499,5.4,5.487,5.534,5.429,5.283,5.433,5.579,5.585,5.637,5.715,5.619,5.54,5.689,5.829,5.903,5.815,5.807,5.897,5.673,5.843,5.905,5.873,5.874,5.833,5.663,5.466,5.616,5.66,5.682,5.605,5.673,5.563,5.542,5.767,5.799,5.778,5.711,5.721,5.836,5.766,5.827,6.021,6.141,6.246,6.214,6.118,5.904,5.957,5.752,5.904,5.978,6.091,6.079,5.9,6.006,6.08,6.128,6.016,6.038,5.993,5.826,5.89,6.026,6.14,6.168,6.172,6.143,5.998,6.094,6.094,6.073,6.018,5.951,5.953,5.853,6.081,6.181,6.273,6.293,6.335,6.305,6.205,6.637,6.67,6.648,6.624,6.772,6.734,6.471,6.623,6.75,6.821,6.752,6.519,6.401,6.398,6.637,6.686,6.787,6.887,6.866,6.793,6.578,6.648,6.482,6.637,6.743,6.65,6.684,6.433,6.064,6.165,6.452,6.635,6.805,6.858,6.712,6.891,6.888,6.894,7.055,6.987,6.97,6.72,6.937,6.981,6.723,6.752,6.808,6.642,6.596,6.727,6.852,6.634,6.503,6.436,6.537,6.406,6.648,6.747,6.719,6.747,6.707,5.862,5.752,5.787,5.815,5.703,5.768,5.891,5.848,5.723,5.834,5.692,5.506,5.347,5.528,5.487,5.078,5.105,4.988,5.0,4.963,5.032,5.206,5.313,5.434,5.348,5.247,5.268,5.468,5.598,5.28,5.542,5.053,5.44,5.546,5.563,5.43,5.178,5.336,5.25,5.235,5.122,4.952,4.94,4.7,5.124,5.149,5.28,5.315,5.353,5.126,4.866,5.272,5.471,5.771,5.544,5.52,5.368,5.498,5.908,6.108,5.977,4.902,4.733,4.747,4.805,5.078,5.173,5.136,5.039,4.964,5.054,4.716,4.665,4.614,4.553,4.631,4.852,4.896,4.442,4.105,4.109,4.024,4.144,4.364,4.271,4.204,4.341,4.302,4.051,4.13,4.108,4.046,0.0,0.0,0.0,0.0,0.0,0.0,0.0,0.0,0.0,0.0,0.0,0.0,0.0,0.0,0.0,0.0,0.0,0.0,0.0,0.0,0.0,0.0,0.0,0.0,0.0,0.0,0.0,0.0,0.0,0.0,0.0,0.0,0.0,0.0,0.0,0.0,0.0,0.0,0.0,0.0,0.0,0.0,0.0,0.0,0.0,0.0,0.0,0.0,0.0,0.0,0.0,0.0,0.0,0.0,0.0,0.0,0.0,0.0,0.0,0.0,0.0,5.298,5.107,4.983,5.212,5.325,5.431,5.433,5.487,5.408,5.237,5.485,5.543,5.552,5.474,5.303,5.371,5.089,4.969,5.186,5.235,5.202,5.171,5.238,4.921,5.121,5.164,5.152,5.114,5.18,5.128,5.046,5.78,5.779,5.715,5.279,5.114,5.469,5.362,5.652,5.804,6.008,5.844,5.969,5.925,5.828,5.906,5.896,5.964,6.016,5.864,5.867,5.616,5.939,6.03,6.066,6.011,5.966,5.883,5.564,5.668,5.694,5.627,5.468,5.577,5.588,5.469,5.651,5.763,5.747,5.81,5.721,5.671,5.436,5.703,5.892,5.875,5.819,5.789,5.78,5.491,5.885,6.061,6.165,6.227,6.273,6.21,6.024,6.152,6.025,5.879,5.818,5.919,5.727,5.509,5.818,5.978,6.069,5.954,5.929,5.723,5.465,5.648,5.68,5.707,5.821,5.711,5.567,5.565,5.831,6.011,6.015,5.986,6.04,5.718,5.626,5.938,5.974,5.785,5.883,5.967,5.992,5.986,6.095,6.987,7.014,6.745,6.861,6.944,6.844,6.965,7.158,7.03,6.881,6.919,6.902,6.819,6.863,6.91,7.01,6.95,6.985,6.925,6.809,6.984,6.964,6.973,7.169,7.017,6.903,6.645,6.939,7.209,7.061,7.02,7.216,7.332,7.153,7.125,7.177,7.248,7.376,7.472,7.454,7.272,7.435,7.484,7.586,7.557,7.136,7.188,7.329,7.536,7.598,7.641,7.71,7.678,7.626,7.39,7.527,7.598,7.738,7.785,7.771,7.763,7.522,7.789,7.87,7.725,7.848,7.802,7.832,7.585,7.737,7.85,7.866,7.789,7.708,7.82,7.463,7.666,7.8,7.742,7.772,7.789,7.78,7.534,7.797,7.89,7.97,7.917,7.846,7.644,6.295,6.45,6.428,6.58,6.574,6.748,6.706,6.406,6.505,6.404,6.433,6.425,6.364,6.302,6.129,6.378,6.53,6.713,6.649,6.371,5.81,5.399,5.334,5.807,6.239,6.279,6.185,6.131,6.079,6.419,6.512,7.974,8.054,8.044,7.954,7.76,7.973,8.026,7.856,7.782,7.972,7.892,7.662,8.038,8.151,7.933,7.757,7.644,7.46,6.925,6.945,7.003,7.561,7.854,7.763,7.609,7.387,7.818,7.928,7.612,7.087,7.012,7.131,6.95,7.472,7.504,7.495,7.519,7.378,7.069,6.622,6.874,6.89,6.997,6.893,6.91,6.924,6.625,7.127,7.237,7.108,6.672,6.874,6.697,6.224,6.697,7.136,7.218,7.162,7.288,7.051,6.631,7.034,7.213,7.511,7.505,7.243,7.029,6.687,6.851,6.844,6.841,6.447,6.797,7.055,6.577,6.237,6.68,7.065,7.308,7.22,7.129,6.821,7.193,7.373,7.307,7.429,7.672,7.421,7.106,7.62,7.819,7.768,6.909,6.975,6.939,6.532,6.865,6.973,7.002,6.907,6.728,6.558,6.124,6.221,6.247,6.251,6.155,5.849,6.048,6.092,6.435,6.424,6.345,6.081,5.984,5.905,5.925,6.45,6.5,6.478,6.57,6.588,5.807,5.547,5.886,6.063,5.748,5.831,5.802,5.836,5.641,5.82,5.768,5.866,5.872,5.823,5.739,5.541,5.983,6.041,6.051,6.031,5.954,5.796,5.451,5.141,5.033,5.393,5.691,5.808,5.837,5.676,5.736,6.38,6.461,6.405,6.509,6.486,6.352,6.445,6.495,6.497,6.494,6.5,6.306,6.152,6.198,6.362,6.458,6.506,6.563,6.584,6.328,6.56,6.652,6.637,6.634,6.636,6.642,6.496,6.663,6.581,6.588,6.346,6.439,6.45,6.224,6.356,6.502,6.579,6.42,6.373,6.127,5.964,6.278,6.288,6.326,6.444,6.574,6.622,6.474,6.728,6.751,6.698,6.726,6.836,6.792,6.56,6.692,6.818,6.927,6.951,6.872,6.799,6.703,6.884,6.856,6.741,6.826,6.876,6.916,6.853,6.964,6.974,7.037,7.055,7.096,6.844,6.571,6.757,6.894,7.025,6.962,7.049,6.966,6.764,6.815,6.935,6.883,6.433,6.641,6.837,6.664,6.751,6.759,8.052,8.161,8.422,8.398,8.205,8.259,8.402,8.609,8.491,8.505,8.545,8.149,8.537,8.679,8.568,8.549,8.664,8.608,8.382,8.616,8.696,8.667,8.812,8.884,8.709,8.524,8.892,8.798,7.268,7.295,7.445,7.373,7.085,7.229,6.826,6.66,6.913,7.312,7.398,7.21,7.588,7.625,7.605,7.44,7.029,6.649,6.173,6.647,6.904,7.086,7.23,7.271,7.44,7.156,7.428,7.515,7.554,7.517,7.231,7.062,6.97,7.272,7.577,7.603,7.65,7.764,7.591,7.398,7.706,7.86,7.917,8.014,7.934,7.858,7.572,7.771,7.982,7.902,7.802,7.642,7.433,6.83,7.268,7.61,7.618,7.685,7.675,7.386,6.736,7.031,7.302,7.604,7.621,7.862,7.977,7.681,7.996,8.259,8.35,8.478,8.417,8.294,7.856,8.004,8.305,8.521,8.313,8.685,8.591,8.286,8.505,8.564,8.029,7.644,7.323,7.527,7.836,8.214,8.357,8.169,6.312,6.428,6.682,6.195,6.506,6.573,6.711,6.8,6.747,6.491,6.213,6.469,6.435,6.317,6.403,6.576,6.456,6.148,6.348,6.387,6.492,6.532,6.521,6.314,5.785,5.814,5.99,5.928,5.78,5.65,6.754,6.691,7.149,7.19,7.008,6.765,6.875,6.639,6.565,7.118,7.122,7.242,7.134,7.086,6.947,6.754,6.991,6.946,6.786,6.971,7.049,6.724,6.396,6.765,6.823,6.528,6.38,6.205,6.023,6.068,6.47,0.0,0.0,0.0,0.0,0.0,0.0,0.0,0.0,0.0,0.0,0.0,0.0,0.0,0.0,0.0,0.0,0.0,0.0,0.0,0.0,0.0,0.0,0.0,0.0,0.0,0.0,0.0,0.0,0.0,0.0,0.0,6.925,6.802,6.592,6.48,6.609,6.505,6.145,6.044,5.953,5.673,5.999,6.264,6.469,6.718,6.512,6.118,5.659,5.834,5.969,6.193,6.276,6.169,5.919,5.494,5.864,6.159,6.248,6.239,6.312,6.225,6.722,6.67,6.956,7.132,7.218,7.295,7.411,7.385,7.498,7.601,7.742,7.788,7.801,7.735,7.485,7.536,7.328,7.596,7.68,7.699,7.597,7.311,7.268,7.102,7.347,7.579,7.603,7.657,7.362,7.465,7.589,7.742,7.692,7.737,7.598,7.356,7.503,7.572,7.6,7.553,7.285,6.836,6.204,6.082,6.504,6.695,6.866,6.963,7.113,6.875,7.027,7.186,7.243,7.344,7.189,6.986,6.511,6.531,6.626,6.648,6.485,5.99,5.88,5.693,5.752,5.715,5.969,6.14,6.24,6.161,5.953,6.256,6.367,6.38,6.318,6.4,6.389,6.063,6.112,6.356,6.494,6.536,6.698,6.53,6.227,6.454,6.581,6.565,6.501,6.628,6.724,6.497,6.538,6.656,6.829,6.823,6.845,6.668,6.378,6.595,6.588,6.703,6.744,6.842,6.937,6.626,6.685,6.914,6.984,6.989,7.022,7.073,6.921,6.944,7.042,6.999,6.528,6.101,6.298,6.485,6.32,6.403,6.411,6.307,6.393,6.597,6.578,6.427,6.469,6.581,6.743,6.651,6.662,6.693,6.383,6.687,6.798,6.711,6.696,6.787,6.742,6.565,6.749,6.811,6.789,6.902,6.958,6.821,6.677,6.965,6.891,6.087,7.146,7.173,7.32,7.249,6.966,7.107,6.711,6.548,6.796,7.189,7.274,7.089,7.46,7.497,7.477,7.315,6.911,6.537,6.069,6.535,6.788,6.967,7.109,7.148,7.315,7.036,7.304,7.389,7.427,7.391,7.109,6.545,6.46,6.74,7.022,7.047,7.09,7.196,7.035,6.856,7.142,7.284,7.337,7.427,7.354,7.283,7.018,7.203,7.398,7.324,7.231,7.083,6.889,6.33,6.736,7.053,7.06,7.123,7.113,6.846,6.243,5.489,5.701,5.937,5.95,6.138,6.228,5.997,6.243,6.448,6.52,6.619,6.571,6.475,6.133,6.249,6.484,6.652,6.49,6.781,6.708,6.469,6.64,6.686,6.269,5.968,5.717,5.876,6.118,6.413,6.525,6.378,6.312,6.428,6.682,6.195,6.506,6.573,6.711,6.8,6.747,6.491,6.213,6.469,6.435,6.317,6.403,6.576,6.456,6.148,6.348,6.387,6.492,6.532,6.521,6.314,5.785,5.814,5.99,5.928,5.78,5.65,5.825,5.771,6.166,6.201,6.044,5.834,5.929,5.726,5.662,6.139,6.143,6.246,6.153,6.112,5.992,5.825,6.03,5.991,5.852,6.013,6.079,5.799,5.516,5.835,5.885,5.63,5.503,5.352,5.195,5.233,5.58,5.243,5.165,5.234,5.424,5.574,5.269,5.332,5.526,5.685,5.811,6.026,5.794,5.62,5.848,5.744,5.992,6.05,6.001,5.851,5.811,5.998,6.046,5.771,5.731,5.909,5.925,5.786,5.923,6.207,6.314,6.373,6.925,6.803,6.593,6.48,6.609,6.506,6.145,6.045,5.953,5.673,6.0,6.265,6.469,6.718,6.512,6.119,5.659,5.835,5.969,6.194,6.277,6.169,5.92,5.495,5.865,6.159,6.249,6.239,6.312,6.225,6.722,6.67,6.956,7.132,7.218,7.295,7.411,7.385,7.498,7.601,7.742,7.788,7.801,7.735,7.485,7.536,7.328,7.596,7.68,7.699,7.597,7.311,7.268,7.102,7.347,7.579,7.603,7.657,7.362,7.465,7.589,7.742,7.692,7.737,7.598,7.356,7.503,7.572,7.6,7.553,7.285,6.836,6.204,6.082,6.504,6.695,6.866,6.963,7.113,6.875,7.027,7.186,7.243,7.344,7.189,6.986,6.511,6.531,6.626,6.648,6.485,5.99,5.88,5.693,5.752,5.715,5.969,6.14,6.24,6.161,5.953,6.256,6.367,6.38,6.318,6.4,6.389,6.063,6.112,6.356,6.494,6.536,6.698,6.53,6.227,6.454,6.581,6.565,6.501,6.628,6.724,6.497
Guntur_30,6.789,6.835,6.964,6.981,6.722,6.761,6.908,6.917,6.779,6.703,6.825,6.828,6.911,6.788,6.591,6.555,6.861,6.83,6.554,6.833,6.883,6.729,6.805,6.969,7.045,6.723,6.939,7.041,7.094,7.142,7.083,6.837,6.509,6.717,6.891,6.892,6.886,6.963,6.724,6.576,6.688,6.719,6.789,7.029,7.018,7.087,6.79,6.957,7.099,7.07,6.916,6.676,6.733,6.555,6.776,6.896,6.971,6.887,6.847,6.769,6.546,6.733,6.807,6.7,6.594,6.635,6.725,6.528,6.479,6.008,6.242,6.622,6.663,6.62,6.365,6.587,6.796,6.768,7.502,7.392,7.13,7.015,6.891,7.171,7.426,7.508,7.478,7.439,7.208,7.019,7.003,6.925,7.079,7.127,7.082,6.807,7.15,7.184,7.147,7.194,7.248,7.113,6.944,7.339,7.205,7.153,6.945,6.894,6.827,6.598,7.01,7.047,6.873,6.983,7.055,6.987,6.851,7.104,7.112,7.124,7.002,6.46,6.475,6.381,6.568,6.543,6.623,6.799,6.791,6.749,6.481,6.377,6.432,6.408,6.356,6.392,6.317,6.338,5.933,6.212,6.399,6.201,6.117,6.277,6.375,6.095,6.24,6.346,6.528,6.51,6.361,6.214,4.674,4.734,4.721,4.85,4.813,4.843,4.751,5.051,5.141,5.208,5.144,5.158,5.008,4.836,5.08,5.076,5.156,5.226,5.119,5.086,4.889,5.169,5.303,5.237,5.236,5.057,4.949,4.799,5.026,5.277,0.0,0.0,0.0,0.0,0.0,0.0,0.0,0.0,0.0,0.0,0.0,0.0,0.0,0.0,0.0,0.0,0.0,0.0,0.0,0.0,0.0,0.0,0.0,0.0,0.0,0.0,0.0,0.0,0.0,0.0,0.0,0.0,0.0,0.0,0.0,0.0,0.0,0.0,0.0,0.0,0.0,0.0,0.0,0.0,0.0,0.0,0.0,0.0,0.0,0.0,0.0,0.0,0.0,0.0,0.0,0.0,0.0,0.0,0.0,0.0,0.0,0.0,6.024,6.044,6.047,6.164,6.212,5.886,5.95,6.115,6.389,6.299,6.216,6.018,5.834,5.899,5.999,6.083,5.968,5.924,6.084,5.816,5.921,5.84,5.737,5.919,5.948,5.683,5.495,5.919,6.045,5.995,6.019,5.981,6.157,5.965,6.077,6.259,6.467,6.557,6.559,6.365,6.014,6.076,6.17,5.906,6.008,6.076,6.212,6.051,6.193,6.199,6.176,6.058,5.905,5.897,5.597,5.709,6.004,6.122,6.259,6.376,6.326,5.28,5.464,5.523,5.504,5.448,5.571,5.49,5.269,5.378,5.359,5.321,5.414,5.315,4.839,4.701,4.736,5.046,5.192,5.28,5.32,5.278,5.189,5.442,5.42,5.271,4.967,4.978,5.075,5.165,5.346,6.302,6.394,6.328,6.39,6.351,6.077,6.198,6.304,6.191,6.291,6.345,6.224,6.057,6.229,6.397,6.403,6.463,6.552,6.442,6.351,6.522,6.683,6.768,6.667,6.657,6.761,6.504,6.699,6.77,6.734,6.734,5.91,5.737,5.538,5.689,5.735,5.757,5.679,5.748,5.636,5.615,5.843,5.875,5.854,5.786,5.797,5.913,5.841,5.903,6.1,6.221,6.328,6.296,6.199,5.981,6.036,5.828,5.982,6.057,6.171,6.159,5.978,6.2,6.277,6.327,6.211,6.234,6.188,6.014,6.08,6.222,6.339,6.368,6.372,6.342,6.192,6.292,6.292,6.27,6.213,6.144,6.146,6.043,6.278,6.381,6.476,6.497,6.54,6.509,6.406,6.883,6.918,6.895,6.869,7.023,6.983,6.711,6.869,7.0,7.074,7.002,6.761,6.638,6.635,6.883,6.934,7.039,7.142,7.121,7.045,6.822,6.894,6.723,6.883,6.993,6.896,6.931,6.671,6.289,6.393,6.691,7.252,7.438,7.497,7.336,7.532,7.529,7.536,7.712,7.637,7.619,7.346,7.583,7.631,7.349,7.38,7.441,7.26,7.21,7.353,7.49,7.252,7.108,7.035,7.146,7.003,7.266,7.375,7.344,7.375,7.332,6.218,6.101,6.138,6.168,6.049,6.118,6.248,6.203,6.07,6.188,6.038,5.841,5.672,5.863,5.82,5.386,5.415,5.29,5.303,5.264,5.338,5.522,5.636,5.764,5.672,5.566,5.587,5.8,5.938,5.6,5.879,5.908,6.36,6.484,6.504,6.349,6.055,6.239,6.139,6.121,5.989,5.791,5.776,5.496,5.991,6.02,6.174,6.215,6.259,5.994,5.69,6.164,6.397,6.748,6.483,6.455,6.277,6.429,6.908,7.141,6.988,4.902,4.733,4.747,4.805,5.078,5.173,5.136,5.039,4.964,5.054,4.716,4.665,4.614,4.553,4.631,4.852,4.896,4.442,4.105,4.109,4.024,4.144,4.364,4.271,4.204,4.341,4.302,4.051,4.13,4.108,4.046,0.0,0.0,0.0,0.0,0.0,0.0,0.0,0.0,0.0,0.0,0.0,0.0,0.0,0.0,0.0,0.0,0.0,0.0,0.0,0.0,0.0,0.0,0.0,0.0,0.0,0.0,0.0,0.0,0.0,0.0,0.0,0.0,0.0,0.0,0.0,0.0,0.0,0.0,0.0,0.0,0.0,0.0,0.0,0.0,0.0,0.0,0.0,0.0,0.0,0.0,0.0,0.0,0.0,0.0,0.0,0.0,0.0,0.0,0.0,0.0,0.0,5.509,5.31,5.181,5.419,5.537,5.647,5.649,5.705,5.623,5.445,5.703,5.763,5.773,5.691,5.514,5.585,5.292,5.166,5.393,5.444,5.409,5.376,5.447,5.117,5.325,5.37,5.357,5.318,5.386,5.332,5.247,6.611,6.611,6.537,6.039,5.849,6.256,6.133,6.465,6.639,6.873,6.684,6.828,6.778,6.667,6.756,6.745,6.822,6.881,6.707,6.711,6.424,6.794,6.898,6.938,6.876,6.824,6.729,6.364,6.483,6.513,5.99,5.821,5.937,5.949,5.822,6.016,6.136,6.119,6.185,6.09,6.037,5.787,6.072,6.273,6.255,6.194,6.163,6.153,5.845,6.265,6.452,6.564,6.629,6.678,6.611,6.413,6.549,6.414,6.259,6.194,6.301,6.19,5.953,6.288,6.461,6.559,6.434,6.408,6.185,5.906,6.104,6.138,6.168,6.291,6.172,6.017,6.014,6.301,6.497,6.501,6.469,6.528,6.18,6.08,6.418,6.456,6.252,6.358,6.449,6.475,6.469,6.587,7.33,7.359,7.076,7.198,7.285,7.18,7.307,7.51,7.375,7.219,7.259,7.241,7.153,7.2,7.249,7.354,7.291,7.328,7.265,7.143,7.327,7.306,7.315,7.521,7.361,7.242,6.972,7.28,7.181,7.034,6.993,7.188,7.304,7.125,7.097,7.149,7.22,7.347,7.443,7.425,7.244,7.406,7.455,7.556,7.528,7.109,7.16,7.3,7.507,7.569,7.611,7.681,7.648,7.596,7.361,7.498,7.569,7.708,7.755,7.942,7.933,7.687,7.96,8.042,7.894,8.02,7.973,8.003,7.751,7.906,8.022,8.038,7.96,7.877,7.991,7.626,7.834,7.971,7.912,7.942,7.96,7.951,7.699,7.968,8.063,8.145,8.091,8.019,7.811,6.541,6.702,6.679,6.837,6.831,7.012,6.968,6.657,6.759,6.654,6.684,6.676,6.613,6.549,6.369,6.627,6.785,6.975,6.908,6.62,6.037,5.61,5.542,6.034,6.483,6.524,6.426,6.371,6.316,6.67,6.766,7.974,8.054,8.044,7.954,7.76,7.973,8.026,7.856,7.782,7.972,7.892,7.662,8.038,8.151,7.933,7.757,7.644,7.46,6.925,6.945,7.003,7.561,7.854,7.763,7.609,7.387,7.818,7.928,7.612,7.087,7.012,7.131,6.95,7.472,7.504,7.495,7.519,7.378,7.069,6.622,6.874,6.89,6.997,6.893,6.91,6.924,6.625,7.127,7.237,7.108,6.672,6.874,6.697,6.224,6.697,7.136,7.218,7.162,7.288,7.051,6.631,7.65,7.845,8.168,8.162,7.877,7.645,7.272,7.451,7.443,7.44,7.012,7.392,7.672,7.152,6.783,7.264,7.683,7.947,7.852,7.753,7.418,7.822,8.019,7.946,8.079,8.343,8.07,7.728,8.287,8.503,8.448,7.044,7.112,7.075,6.66,7.0,7.11,7.139,7.042,6.859,6.686,6.244,6.343,6.37,6.373,6.276,5.964,6.166,6.211,6.561,6.55,6.47,6.2,6.101,6.021,6.041,6.576,6.627,6.605,6.699,6.717,6.356,6.072,6.443,6.637,6.291,6.382,6.351,6.388,6.175,6.371,6.313,6.421,6.428,6.374,6.282,6.065,6.549,6.612,6.623,6.602,6.517,6.344,5.967,5.627,5.509,5.903,6.229,6.357,6.389,6.213,6.278,7.064,7.154,7.092,7.207,7.182,7.033,7.136,7.192,7.194,7.19,7.197,6.982,6.811,6.863,7.045,7.151,7.204,7.267,7.29,7.007,7.264,7.366,7.349,7.346,7.348,7.355,7.193,7.377,7.287,7.295,6.442,6.537,6.548,6.319,6.453,6.601,6.68,6.518,6.47,6.22,6.055,6.374,6.384,6.423,6.543,6.674,6.723,6.573,6.831,6.854,6.8,6.829,6.94,6.896,6.66,6.794,6.922,7.032,7.058,6.977,6.903,6.969,7.158,7.129,7.01,7.098,7.15,7.192,7.126,7.241,7.252,7.317,7.336,7.378,7.116,6.833,7.026,7.168,7.304,7.24,7.33,7.243,7.033,7.086,7.211,7.157,6.689,6.905,7.11,6.929,7.02,7.029,7.345,7.445,7.683,7.66,7.484,7.534,7.664,7.853,7.746,7.758,7.794,7.433,7.787,7.917,7.816,7.798,7.903,7.852,7.646,7.859,7.932,7.906,8.038,8.103,7.944,7.776,8.111,8.025,7.655,7.684,7.842,7.766,7.463,7.614,7.19,7.015,7.281,7.702,7.792,7.595,7.992,8.031,8.01,7.836,7.404,7.003,6.502,7.001,7.272,7.464,7.615,7.658,7.837,7.537,7.824,7.916,7.956,7.918,7.616,7.102,7.01,7.314,7.62,7.646,7.694,7.808,7.634,7.44,7.75,7.904,7.962,8.06,7.98,7.903,7.615,7.816,8.028,7.947,7.846,7.686,7.476,6.869,7.31,7.653,7.661,7.729,7.719,7.428,6.775,6.916,7.183,7.48,7.497,7.733,7.846,7.556,7.865,8.124,8.214,8.339,8.279,8.158,7.728,7.873,8.169,8.381,8.177,8.543,8.451,8.15,8.366,8.424,7.898,7.519,7.203,7.404,7.708,8.079,8.221,8.035,7.255,7.388,7.68,7.121,7.479,7.555,7.714,7.816,7.755,7.461,7.141,7.435,7.397,7.261,7.359,7.558,7.42,7.066,7.296,7.341,7.462,7.508,7.496,7.257,6.65,6.683,6.885,6.814,6.643,6.494,7.508,7.439,7.948,7.993,7.791,7.52,7.643,7.381,7.299,7.913,7.918,8.051,7.931,7.878,7.723,7.509,7.772,7.722,7.544,7.75,7.836,7.475,7.11,7.521,7.585,7.257,7.093,6.898,6.696,6.746,7.192,0.0,0.0,0.0,0.0,0.0,0.0,0.0,0.0,0.0,0.0,0.0,0.0,0.0,0.0,0.0,0.0,0.0,0.0,0.0,0.0,0.0,0.0,0.0,0.0,0.0,0.0,0.0,0.0,0.0,0.0,0.0,7.59,7.456,7.226,7.103,7.244,7.131,6.736,6.625,6.525,6.218,6.576,6.866,7.09,7.363,7.138,6.707,6.203,6.395,6.543,6.789,6.88,6.762,6.488,6.022,6.428,6.751,6.849,6.838,6.919,6.823,7.251,7.195,7.503,7.693,7.786,7.868,7.994,7.966,8.088,8.199,8.351,8.401,8.414,8.344,8.074,8.129,7.905,8.194,8.284,8.305,8.194,7.887,7.84,7.661,7.926,8.176,8.202,8.26,7.941,8.052,8.186,7.341,7.293,7.336,7.204,6.974,7.114,7.179,7.206,7.161,6.907,6.481,5.882,5.767,6.167,6.347,6.51,6.602,6.744,6.519,6.662,6.813,6.868,6.963,6.816,6.624,6.174,6.192,6.282,6.303,6.149,6.535,6.416,6.211,6.276,6.236,6.513,6.699,6.808,6.722,6.495,6.826,6.947,6.961,6.893,6.983,6.971,6.616,6.668,6.935,7.085,7.132,7.308,7.124,6.795,7.041,7.18,7.163,7.093,7.231,7.336,7.089,6.393,6.509,6.677,6.671,6.693,6.52,6.237,6.449,6.442,6.555,6.594,6.69,6.783,6.479,6.536,6.76,6.829,6.834,6.866,6.916,6.768,6.79,6.886,6.844,6.383,5.965,6.158,6.341,6.18,6.261,6.268,6.517,6.606,6.817,6.797,6.641,6.685,6.801,6.968,6.873,6.884,6.916,6.596,6.91,7.025,6.935,6.92,7.013,6.967,6.785,6.974,7.039,7.016,7.132,7.191,7.049,6.9,7.197,7.121,6.29,7.146,7.173,7.32,7.249,6.966,7.107,6.711,6.548,6.796,7.189,7.274,7.089,7.46,7.497,7.477,7.315,6.911,6.537,6.069,6.535,6.788,6.967,7.109,7.148,7.315,7.036,7.304,7.389,7.427,7.391,7.109,7.091,6.998,7.302,7.607,7.634,7.681,7.795,7.622,7.428,7.737,7.891,7.949,8.046,7.966,7.89,7.603,7.803,8.015,7.934,7.833,7.673,7.463,6.858,7.298,7.64,7.649,7.716,7.706,7.416,6.764,5.511,5.724,5.96,5.974,6.162,6.252,6.021,6.267,6.473,6.545,6.645,6.597,6.501,6.158,6.274,6.51,6.679,6.516,6.808,6.734,6.494,6.667,6.713,6.293,5.991,5.74,5.9,6.142,6.438,6.55,6.403,7.255,7.388,7.68,7.121,7.479,7.555,7.714,7.816,7.755,7.461,7.141,7.435,7.397,7.261,7.359,7.558,7.42,7.066,7.296,7.341,7.462,7.508,7.496,7.257,6.65,6.683,6.885,6.814,6.643,6.494,5.848,5.794,6.19,6.226,6.068,5.857,5.953,5.749,5.685,6.163,6.167,6.271,6.177,6.136,6.015,5.848,6.053,6.015,5.875,6.036,6.103,5.822,5.538,5.858,5.908,5.652,5.524,5.373,5.215,5.254,5.602,6.253,6.16,6.243,6.47,6.649,6.285,6.36,6.592,6.781,6.931,7.187,6.911,6.703,6.975,6.851,7.147,7.216,7.158,6.978,6.931,7.154,7.211,6.883,6.836,7.048,7.067,6.902,7.064,7.403,7.53,7.601,6.925,6.803,6.593,6.48,6.609,6.506,6.145,6.045,5.953,5.673,6.0,6.265,6.469,6.718,6.512,6.119,5.659,5.835,5.969,6.194,6.277,6.169,5.92,5.495,5.865,6.159,6.249,6.239,6.312,6.225,7.251,7.195,7.503,7.693,7.786,7.868,7.994,7.966,8.088,8.199,8.351,8.401,8.414,8.344,8.074,8.129,7.905,8.194,8.284,8.305,8.194,7.887,7.84,7.661,7.926,8.176,8.202,8.26,7.941,8.052,8.186,7.341,7.293,7.336,7.204,6.974,7.114,7.179,7.206,7.161,6.907,6.481,5.882,5.767,6.167,6.347,6.51,6.602,6.744,6.519,6.662,6.813,6.868,6.963,6.816,6.624,6.174,6.192,6.282,6.303,6.149,6.535,6.416,6.211,6.276,6.236,6.513,6.699,6.808,6.722,6.495,6.826,6.947,6.961,6.893,6.983,6.971,6.616,6.668,6.935,7.085,7.132,7.308,7.124,6.795,7.041,7.18,7.163,7.093,7.231,7.336,7.089
Guntur_31,7.615,7.667,7.812,7.831,7.541,7.584,7.749,7.759,7.604,7.519,7.656,7.659,7.753,7.615,7.393,7.353,7.696,7.662,7.352,7.665,7.721,7.549,7.633,7.818,7.903,7.542,7.784,7.898,7.958,8.012,7.946,7.584,7.22,7.451,7.644,7.645,7.639,7.724,7.458,7.294,7.419,7.454,7.531,7.798,7.785,7.861,7.532,7.717,7.875,7.842,7.672,7.405,7.468,7.272,7.516,7.649,7.733,7.64,7.595,7.509,7.519,7.733,7.819,7.696,7.575,7.621,7.724,7.498,7.442,6.901,7.17,7.607,7.653,7.604,7.311,7.566,7.807,7.774,8.617,8.491,8.19,8.058,7.916,8.237,8.529,8.624,8.589,8.544,8.279,8.062,8.044,8.163,8.344,8.401,8.347,8.023,8.427,8.468,8.425,8.479,8.543,8.384,8.185,8.651,8.492,8.432,8.186,8.126,8.047,7.777,8.263,8.306,8.102,8.23,8.316,8.236,8.075,8.374,8.382,8.398,8.253,7.316,7.333,7.226,7.437,7.409,7.5,7.699,7.69,7.643,7.339,7.222,7.283,7.256,7.197,7.238,7.154,7.177,6.718,7.035,7.246,7.022,6.927,7.108,7.22,6.902,7.066,7.186,7.392,7.372,7.204,7.037,6.333,6.413,6.396,6.571,6.521,6.561,6.438,6.843,6.966,7.056,6.969,6.988,6.785,6.553,6.883,6.877,6.985,7.081,6.935,6.891,6.624,7.004,7.185,7.095,7.094,6.852,6.706,6.502,6.809,7.15,0.0,0.0,0.0,0.0,0.0,0.0,0.0,0.0,0.0,0.0,0.0,0.0,0.0,0.0,0.0,0.0,0.0,0.0,0.0,0.0,0.0,0.0,0.0,0.0,0.0,0.0,0.0,0.0,0.0,0.0,0.0,0.0,0.0,0.0,0.0,0.0,0.0,0.0,0.0,0.0,0.0,0.0,0.0,0.0,0.0,0.0,0.0,0.0,0.0,0.0,0.0,0.0,0.0,0.0,0.0,0.0,0.0,0.0,0.0,0.0,0.0,0.0,8.256,8.284,8.287,8.448,8.513,8.067,8.154,8.381,8.756,8.633,8.52,8.247,7.996,8.085,8.221,8.337,8.179,8.12,8.338,7.972,8.114,8.004,7.863,8.112,8.152,7.789,7.532,8.112,8.284,8.216,6.434,6.394,6.582,6.377,6.496,6.691,6.914,7.01,7.012,6.805,6.429,6.496,6.597,6.314,6.423,6.495,6.641,6.469,6.621,6.627,6.602,6.476,6.313,6.304,5.983,6.103,6.419,6.544,6.692,6.817,6.763,6.908,7.149,7.225,7.201,7.128,7.289,7.183,6.894,7.036,7.011,6.962,7.084,6.954,6.331,6.15,6.196,6.603,6.793,6.908,6.96,6.905,6.789,7.12,7.091,6.897,6.498,6.513,6.64,6.758,6.995,6.688,6.787,6.716,6.782,6.74,6.449,6.578,6.691,6.571,6.677,6.734,6.605,6.428,6.611,6.789,6.795,6.859,6.954,6.837,6.741,6.922,7.093,7.183,7.076,7.065,7.175,6.903,7.109,7.185,7.147,7.147,6.767,6.569,6.341,6.515,6.566,6.592,6.503,6.581,6.453,6.429,6.691,6.727,6.703,6.625,6.637,6.771,6.689,6.76,6.985,7.124,7.246,7.209,7.097,6.849,6.911,6.673,6.849,6.935,7.066,7.052,6.845,6.998,7.084,7.141,7.01,7.036,6.984,6.788,6.863,7.022,7.155,7.188,7.191,7.158,6.989,7.101,7.101,7.076,7.013,6.934,6.936,6.82,7.086,7.202,7.309,7.333,7.381,7.347,7.23,7.295,7.332,7.308,7.281,7.444,7.402,7.113,7.28,7.419,7.498,7.422,7.166,7.036,7.033,7.295,7.349,7.461,7.57,7.547,7.467,7.231,7.308,7.126,7.296,7.412,7.31,7.347,7.071,6.666,6.776,7.092,7.667,7.863,7.925,7.755,7.962,7.959,7.966,8.152,8.073,8.054,7.765,8.016,8.067,7.768,7.802,7.866,7.675,7.622,7.773,7.918,7.666,7.514,7.437,7.554,7.403,7.681,7.797,7.764,7.796,7.75,6.929,6.799,6.84,6.873,6.741,6.818,6.963,6.913,6.764,6.896,6.728,6.509,6.32,6.534,6.486,6.002,6.034,5.896,5.91,5.867,5.948,6.154,6.281,6.423,6.321,6.203,6.227,6.464,6.617,6.241,6.551,7.048,7.588,7.736,7.759,7.574,7.223,7.443,7.323,7.302,7.145,6.908,6.891,6.556,7.148,7.182,7.366,7.414,7.467,7.151,6.788,7.354,7.632,8.051,7.734,7.7,7.488,7.669,8.242,8.52,8.337,8.218,7.935,7.958,8.055,8.514,8.674,8.612,8.448,8.322,8.474,7.907,7.821,7.736,7.633,7.764,8.136,8.209,7.447,6.882,6.89,6.747,6.948,7.317,7.161,7.048,7.278,7.213,6.792,6.924,6.888,6.784,0.0,0.0,0.0,0.0,0.0,0.0,0.0,0.0,0.0,0.0,0.0,0.0,0.0,0.0,0.0,0.0,0.0,0.0,0.0,0.0,0.0,0.0,0.0,0.0,0.0,0.0,0.0,0.0,0.0,0.0,0.0,0.0,0.0,0.0,0.0,0.0,0.0,0.0,0.0,0.0,0.0,0.0,0.0,0.0,0.0,0.0,0.0,0.0,0.0,0.0,0.0,0.0,0.0,0.0,0.0,0.0,0.0,0.0,0.0,0.0,0.0,6.702,6.46,6.303,6.593,6.735,6.869,6.872,6.94,6.84,6.624,6.938,7.011,7.023,6.924,6.708,6.794,6.437,6.285,6.56,6.622,6.581,6.54,6.626,6.225,6.478,6.532,6.517,6.469,6.553,6.487,6.383,6.445,6.445,6.373,5.887,5.702,6.099,5.979,6.302,6.472,6.7,6.516,6.656,6.607,6.499,6.586,6.575,6.65,6.708,6.539,6.543,6.263,6.623,6.724,6.764,6.703,6.653,6.56,6.204,6.32,6.35,6.696,6.507,6.636,6.65,6.509,6.725,6.859,6.84,6.914,6.808,6.748,6.469,6.787,7.012,6.992,6.924,6.889,6.878,6.534,7.004,7.213,7.337,7.41,7.465,7.39,7.169,7.321,7.17,6.996,6.924,7.044,6.368,6.124,6.469,6.647,6.748,6.619,6.592,6.363,6.076,6.279,6.315,6.346,6.472,6.349,6.19,6.187,6.482,6.683,6.688,6.655,6.716,6.358,6.255,6.602,6.642,6.431,6.541,6.635,6.661,6.655,6.777,8.341,8.374,8.053,8.192,8.29,8.171,8.316,8.546,8.393,8.215,8.261,8.24,8.141,8.193,8.25,8.369,8.297,8.34,8.267,8.129,8.339,8.314,8.325,8.559,8.377,8.242,7.934,8.284,7.991,7.828,7.782,7.999,8.128,7.929,7.898,7.955,8.034,8.176,8.283,8.263,8.061,8.242,8.296,8.409,8.377,7.911,7.968,8.124,8.354,8.423,8.47,8.547,8.511,8.454,8.192,8.344,8.423,8.578,8.63,8.691,8.682,8.412,8.712,8.801,8.639,8.777,8.726,8.759,8.483,8.653,8.779,8.797,8.711,8.621,8.746,8.346,8.574,8.724,8.659,8.692,8.712,8.701,8.426,8.72,8.824,8.914,8.855,8.776,8.549,7.84,8.033,8.005,8.195,8.187,8.404,8.352,7.979,8.101,7.976,8.012,8.002,7.926,7.849,7.633,7.943,8.133,8.361,8.28,7.934,7.236,6.724,6.643,7.232,7.77,7.82,7.702,7.636,7.571,7.994,8.11,9.18,9.273,9.262,9.158,8.934,9.18,9.241,9.045,8.96,9.178,9.086,8.822,9.255,9.385,9.134,8.93,8.801,8.589,7.973,7.996,8.063,8.705,9.043,8.937,8.76,8.505,9.001,9.128,8.764,8.16,8.073,8.21,8.002,8.602,8.639,8.629,8.657,8.495,8.139,7.625,7.914,7.933,8.056,7.937,7.956,7.972,7.627,8.205,8.332,8.184,7.682,7.914,7.71,7.166,7.71,8.216,8.31,8.245,8.391,8.118,7.635,7.246,7.431,7.738,7.732,7.462,7.241,6.889,7.058,7.051,7.047,6.642,7.002,7.268,6.775,6.425,6.881,7.278,7.528,7.438,7.344,7.027,7.41,7.596,7.527,7.653,7.903,7.645,7.32,7.85,8.055,8.002,6.767,6.832,6.797,6.398,6.724,6.83,6.858,6.765,6.59,6.423,5.998,6.093,6.119,6.123,6.029,5.729,5.924,5.967,6.303,6.293,6.215,5.956,5.861,5.784,5.803,6.318,6.366,6.345,6.436,6.452,7.076,6.759,7.172,7.388,7.004,7.105,7.07,7.111,6.874,7.092,7.028,7.148,7.155,7.095,6.993,6.751,7.29,7.36,7.373,7.349,7.255,7.063,6.642,6.264,6.133,6.572,6.934,7.076,7.113,6.917,6.989,6.86,6.948,6.888,7.0,6.975,6.831,6.93,6.985,6.987,6.983,6.99,6.781,6.615,6.666,6.842,6.945,6.996,7.058,7.08,6.805,7.054,7.154,7.137,7.134,7.136,7.143,6.985,7.165,7.077,7.085,7.314,7.422,7.435,7.174,7.326,7.495,7.584,7.4,7.346,7.062,6.874,7.237,7.248,7.292,7.428,7.577,7.633,7.462,7.756,7.781,7.721,7.753,7.88,7.829,7.561,7.713,7.859,7.984,8.013,7.921,7.837,7.219,7.414,7.384,7.26,7.351,7.405,7.449,7.381,7.5,7.511,7.579,7.598,7.642,7.371,7.077,7.277,7.424,7.565,7.498,7.592,7.502,7.285,7.339,7.469,7.413,6.928,7.152,7.364,7.177,7.271,7.28,7.562,7.665,7.91,7.887,7.705,7.756,7.891,8.085,7.975,7.987,8.025,7.653,8.017,8.151,8.047,8.029,8.137,8.084,7.872,8.092,8.167,8.14,8.275,8.343,8.179,8.005,8.35,8.262,8.507,8.539,8.714,8.631,8.294,8.462,7.99,7.796,8.091,8.559,8.66,8.44,8.882,8.925,8.902,8.708,8.228,7.783,7.226,7.78,8.081,8.295,8.463,8.511,8.709,8.376,8.695,8.797,8.842,8.799,8.464,7.29,7.196,7.508,7.822,7.849,7.898,8.015,7.836,7.637,7.956,8.114,8.173,8.273,8.191,8.113,7.817,8.023,8.241,8.158,8.054,7.89,7.674,7.051,7.503,7.856,7.864,7.934,7.924,7.625,6.954,7.12,7.395,7.701,7.718,7.962,8.078,7.779,8.097,8.364,8.457,8.586,8.524,8.399,7.956,8.106,8.411,8.629,8.418,8.796,8.701,8.391,8.613,8.673,8.131,7.741,7.416,7.622,7.936,8.318,8.463,8.273,7.571,7.711,8.015,7.431,7.805,7.884,8.05,8.157,8.093,7.786,7.453,7.76,7.72,7.578,7.68,7.888,7.744,7.374,7.615,7.662,7.788,7.836,7.823,7.574,6.94,6.974,7.186,7.112,6.933,6.777,9.572,9.483,10.132,10.19,9.932,9.587,9.744,9.41,9.305,10.088,10.094,10.264,10.111,10.043,9.846,9.573,9.908,9.845,9.617,9.88,9.99,9.529,9.065,9.588,9.67,9.252,9.042,8.795,8.536,8.6,9.169,0.0,0.0,0.0,0.0,0.0,0.0,0.0,0.0,0.0,0.0,0.0,0.0,0.0,0.0,0.0,0.0,0.0,0.0,0.0,0.0,0.0,0.0,0.0,0.0,0.0,0.0,0.0,0.0,0.0,0.0,0.0,6.937,6.814,6.604,6.491,6.62,6.517,6.156,6.055,5.963,5.683,6.01,6.275,6.48,6.729,6.523,6.129,5.669,5.845,5.98,6.204,6.287,6.179,5.93,5.504,5.875,6.17,6.259,6.25,6.323,6.236,7.754,7.694,8.024,8.227,8.326,8.415,8.548,8.519,8.649,8.768,8.931,8.984,8.998,8.923,8.635,8.693,8.454,8.763,8.859,8.882,8.763,8.434,8.384,8.193,8.476,8.743,8.771,8.833,8.492,8.611,8.755,8.31,8.256,8.304,8.155,7.895,8.054,8.127,8.157,8.107,7.819,7.337,6.659,6.529,6.981,7.186,7.37,7.474,7.635,7.38,7.542,7.713,7.775,7.882,7.716,7.499,6.989,7.01,7.112,7.135,6.961,6.778,6.654,6.442,6.509,6.468,6.755,6.948,7.061,6.972,6.736,7.08,7.205,7.219,7.149,7.243,7.23,6.862,6.916,7.193,7.348,7.397,7.58,7.389,7.047,7.303,7.447,7.429,7.357,7.5,7.609,7.352,6.835,6.958,7.138,7.132,7.155,6.97,6.667,6.894,6.887,7.007,7.049,7.152,7.251,6.926,6.988,7.227,7.3,7.305,7.34,7.394,7.235,7.259,7.361,7.316,6.824,6.377,6.583,6.778,6.606,6.693,6.701,6.846,6.939,7.161,7.14,6.976,7.022,7.144,7.32,7.22,7.231,7.265,6.929,7.258,7.379,7.285,7.269,7.367,7.319,7.127,7.326,7.394,7.369,7.492,7.553,7.405,7.248,7.56,7.48,6.607,7.602,7.631,7.787,7.712,7.411,7.561,7.14,6.967,7.231,7.649,7.738,7.542,7.937,7.975,7.955,7.782,7.353,6.955,6.457,6.952,7.221,7.412,7.563,7.605,7.782,7.485,7.77,7.861,7.901,7.863,7.563,6.591,6.505,6.787,7.071,7.095,7.139,7.246,7.084,6.904,7.192,7.335,7.388,7.479,7.405,7.334,7.067,7.253,7.45,7.374,7.281,7.132,6.937,6.374,6.783,7.102,7.109,7.172,7.163,6.893,6.287,6.75,7.01,7.3,7.317,7.548,7.658,7.374,7.676,7.929,8.017,8.139,8.08,7.962,7.542,7.684,7.973,8.18,7.98,8.338,8.248,7.955,8.165,8.222,7.708,7.338,7.03,7.226,7.523,7.885,8.023,7.842,7.571,7.711,8.015,7.431,7.805,7.884,8.05,8.157,8.093,7.786,7.453,7.76,7.72,7.578,7.68,7.888,7.744,7.374,7.615,7.662,7.788,7.836,7.823,7.574,6.94,6.974,7.186,7.112,6.933,6.777,7.163,7.096,7.582,7.625,7.432,7.174,7.291,7.041,6.963,7.549,7.553,7.681,7.566,7.515,7.368,7.163,7.414,7.367,7.196,7.393,7.475,7.131,6.783,7.175,7.236,6.923,6.766,6.581,6.388,6.435,6.861,7.19,7.083,7.178,7.439,7.644,7.226,7.312,7.579,7.796,7.969,8.264,7.946,7.707,8.019,7.877,8.217,8.297,8.23,8.023,7.969,8.226,8.291,7.914,7.859,8.104,8.125,7.935,8.122,8.512,8.658,8.739,10.704,10.514,10.19,10.016,10.215,10.056,9.499,9.343,9.202,8.769,9.273,9.683,9.999,10.384,10.066,9.458,8.747,9.018,9.227,9.573,9.701,9.535,9.15,8.493,9.065,9.52,9.658,9.643,9.757,9.622,7.754,7.694,8.024,8.227,8.326,8.415,8.548,8.519,8.649,8.768,8.931,8.984,8.998,8.923,8.635,8.693,8.454,8.763,8.859,8.882,8.763,8.434,8.384,8.193,8.476,8.743,8.771,8.833,8.492,8.611,8.755,8.31,8.256,8.304,8.155,7.895,8.054,8.127,8.157,8.107,7.819,7.337,6.659,6.529,6.981,7.186,7.37,7.474,7.635,7.38,7.542,7.713,7.775,7.882,7.716,7.499,6.989,7.01,7.112,7.135,6.961,6.778,6.654,6.442,6.509,6.468,6.755,6.948,7.061,6.972,6.736,7.08,7.205,7.219,7.149,7.243,7.23,6.862,6.916,7.193,7.348,7.397,7.58,7.389,7.047,7.303,7.447,7.429,7.357,7.5,7.609,7.352
Guntur_32,8.934,8.995,9.165,9.187,8.846,8.897,9.09,9.102,8.92,8.821,8.982,8.985,9.095,8.933,8.673,8.626,9.029,8.989,8.625,8.992,9.058,8.856,8.955,9.172,9.271,8.847,9.132,9.266,9.336,9.399,9.322,9.014,8.581,8.856,9.085,9.087,9.079,9.18,8.864,8.67,8.818,8.859,8.951,9.268,9.252,9.344,8.952,9.172,9.359,9.321,9.118,8.801,8.876,8.643,8.933,9.092,9.191,9.08,9.027,8.925,8.462,8.702,8.799,8.66,8.524,8.576,8.692,8.437,8.374,7.766,8.068,8.56,8.612,8.556,8.227,8.514,8.785,8.748,9.696,9.555,9.216,9.068,8.907,9.269,9.598,9.704,9.666,9.615,9.316,9.072,9.052,9.646,9.86,9.928,9.864,9.482,9.959,10.007,9.956,10.02,10.096,9.908,9.672,10.223,10.035,9.964,9.673,9.602,9.509,9.19,9.764,9.816,9.574,9.726,9.827,9.732,9.543,9.895,9.906,9.924,9.753,8.35,8.37,8.248,8.489,8.457,8.561,8.788,8.778,8.724,8.377,8.243,8.313,8.282,8.215,8.262,8.166,8.192,7.669,8.03,8.271,8.015,7.906,8.114,8.241,7.878,8.066,8.203,8.438,8.414,8.222,8.032,6.333,6.413,6.396,6.571,6.521,6.561,6.438,6.843,6.966,7.056,6.969,6.988,6.785,6.553,6.883,6.877,6.985,7.081,6.935,6.891,6.624,7.004,7.185,7.095,7.094,6.852,6.706,6.502,6.809,7.15,0.0,0.0,0.0,0.0,0.0,0.0,0.0,0.0,0.0,0.0,0.0,0.0,0.0,0.0,0.0,0.0,0.0,0.0,0.0,0.0,0.0,0.0,0.0,0.0,0.0,0.0,0.0,0.0,0.0,0.0,0.0,0.0,0.0,0.0,0.0,0.0,0.0,0.0,0.0,0.0,0.0,0.0,0.0,0.0,0.0,0.0,0.0,0.0,0.0,0.0,0.0,0.0,0.0,0.0,0.0,0.0,0.0,0.0,0.0,0.0,0.0,0.0,8.237,8.265,8.269,8.428,8.494,8.049,8.136,8.362,8.737,8.613,8.501,8.229,7.978,8.066,8.203,8.319,8.161,8.101,8.319,7.954,8.096,7.986,7.845,8.094,8.133,7.771,7.514,8.093,8.266,8.197,6.633,6.592,6.786,6.574,6.698,6.898,7.128,7.227,7.229,7.015,6.628,6.697,6.801,6.509,6.622,6.696,6.846,6.669,6.826,6.833,6.806,6.676,6.509,6.5,6.168,6.292,6.617,6.747,6.899,7.028,6.972,7.195,7.446,7.526,7.501,7.425,7.592,7.482,7.181,7.328,7.303,7.251,7.378,7.244,6.594,6.406,6.453,6.877,7.075,7.196,7.25,7.193,7.072,7.416,7.386,7.184,6.768,6.783,6.916,7.039,7.285,7.735,7.849,7.767,7.843,7.795,7.459,7.607,7.738,7.6,7.722,7.788,7.639,7.434,7.645,7.851,7.859,7.932,8.043,7.907,7.796,8.005,8.203,8.307,8.183,8.171,8.298,7.983,8.222,8.31,8.265,8.266,8.589,8.339,8.05,8.269,8.335,8.368,8.255,8.354,8.192,8.161,8.493,8.539,8.509,8.409,8.425,8.594,8.49,8.58,8.867,9.043,9.198,9.151,9.009,8.694,8.772,8.471,8.694,8.803,8.97,8.952,8.689,7.601,7.695,7.756,7.614,7.642,7.586,7.373,7.454,7.627,7.772,7.807,7.811,7.775,7.591,7.713,7.713,7.686,7.617,7.532,7.534,7.408,7.696,7.823,7.939,7.965,8.018,7.98,7.853,8.62,8.664,8.635,8.603,8.796,8.746,8.405,8.602,8.766,8.86,8.769,8.467,8.313,8.309,8.62,8.683,8.815,8.944,8.918,8.823,8.544,8.634,8.419,8.62,8.758,8.637,8.681,8.355,7.876,8.007,8.38,8.57,8.79,8.859,8.669,8.901,8.898,8.905,9.113,9.025,9.004,8.68,8.961,9.018,8.684,8.722,8.794,8.58,8.52,8.689,8.851,8.569,8.4,8.313,8.444,8.275,8.587,8.716,8.679,8.715,8.664,9.465,9.287,9.344,9.389,9.208,9.313,9.511,9.443,9.24,9.42,9.191,8.891,8.634,8.926,8.86,8.199,8.242,8.053,8.072,8.014,8.125,8.406,8.579,8.774,8.634,8.473,8.505,8.829,9.039,8.525,8.949,8.133,8.755,8.926,8.953,8.74,8.335,8.588,8.45,8.425,8.244,7.971,7.951,7.565,8.247,8.287,8.499,8.555,8.616,8.251,7.832,8.485,8.806,9.289,8.924,8.885,8.64,8.849,9.51,9.83,9.62,8.218,7.935,7.958,8.055,8.514,8.674,8.612,8.448,8.322,8.474,7.907,7.821,7.736,7.633,7.764,8.136,8.209,7.447,6.882,6.89,6.747,6.948,7.317,7.161,7.048,7.278,7.213,6.792,6.924,6.888,6.784,13.431,14.667,15.074,15.321,15.85,16.074,16.598,16.497,16.817,16.844,16.874,17.111,17.256,16.827,16.398,15.417,17.568,17.276,16.82,16.697,16.375,15.675,16.344,16.456,16.533,16.673,16.901,16.75,16.144,16.418,16.313,0.0,0.0,0.0,0.0,0.0,0.0,0.0,0.0,0.0,0.0,0.0,0.0,0.0,0.0,0.0,0.0,0.0,0.0,0.0,0.0,0.0,0.0,0.0,0.0,0.0,0.0,0.0,0.0,0.0,0.0,8.095,7.802,7.612,7.962,8.135,8.296,8.3,8.382,8.262,8.0,8.38,8.468,8.482,8.362,8.101,8.205,7.775,7.591,7.923,7.998,7.948,7.899,8.002,7.518,7.824,7.89,7.871,7.813,7.914,7.835,7.709,7.692,7.692,7.606,7.026,6.806,7.279,7.136,7.522,7.725,7.997,7.777,7.945,7.886,7.757,7.861,7.848,7.937,8.007,7.804,7.809,7.475,7.905,8.025,8.073,8.0,7.94,7.829,7.405,7.544,7.579,7.236,7.031,7.171,7.186,7.033,7.267,7.412,7.391,7.471,7.357,7.292,6.991,7.335,7.577,7.556,7.483,7.444,7.433,7.061,7.568,7.794,7.929,8.008,8.067,7.986,7.747,7.911,7.748,7.56,7.482,7.612,6.765,6.506,6.872,7.061,7.169,7.032,7.003,6.76,6.455,6.671,6.709,6.741,6.876,6.746,6.576,6.573,6.887,7.1,7.105,7.071,7.135,6.754,6.645,7.014,7.056,6.833,6.949,7.048,7.077,7.07,7.199,8.495,8.529,8.201,8.343,8.443,8.322,8.469,8.704,8.547,8.367,8.413,8.392,8.291,8.344,8.402,8.523,8.45,8.494,8.42,8.279,8.492,8.467,8.478,8.716,8.532,8.394,8.08,8.437,8.166,7.999,7.952,8.174,8.305,8.102,8.071,8.129,8.21,8.355,8.464,8.444,8.237,8.422,8.477,8.593,8.56,8.084,8.142,8.302,8.537,8.607,8.655,8.734,8.697,8.638,8.371,8.526,8.607,8.766,8.819,9.169,9.159,8.874,9.19,9.285,9.114,9.259,9.205,9.24,8.948,9.128,9.261,9.28,9.19,9.094,9.226,8.805,9.044,9.203,9.134,9.169,9.19,9.179,8.888,9.199,9.308,9.403,9.341,9.257,9.018,8.516,8.726,8.696,8.902,8.894,9.129,9.073,8.667,8.8,8.664,8.703,8.692,8.61,8.526,8.292,8.628,8.835,9.082,8.995,8.619,7.86,7.304,7.216,7.856,8.441,8.494,8.367,8.294,8.224,8.684,8.81,9.18,9.273,9.262,9.158,8.934,9.18,9.241,9.045,8.96,9.178,9.086,8.822,9.255,9.385,9.134,8.93,8.801,8.589,7.973,7.996,8.063,8.705,9.043,8.937,8.76,8.505,9.001,9.128,8.764,8.16,8.073,8.21,8.002,8.602,8.639,8.629,8.657,8.495,8.139,7.625,7.914,7.933,8.056,7.937,7.956,7.972,7.627,8.205,8.332,8.184,7.682,7.914,7.71,7.166,7.71,8.216,8.31,8.245,8.391,8.118,7.635,7.466,7.656,7.972,7.966,7.688,7.461,7.097,7.272,7.264,7.261,6.843,7.214,7.488,6.98,6.62,7.09,7.498,7.756,7.663,7.566,7.24,7.634,7.826,7.755,7.885,8.142,7.876,7.542,8.087,8.298,8.245,8.888,8.973,8.926,8.402,8.831,8.971,9.007,8.885,8.654,8.436,7.877,8.003,8.036,8.041,7.918,7.524,7.78,7.837,8.278,8.264,8.162,7.822,7.698,7.596,7.621,8.297,8.361,8.333,8.452,8.474,8.212,7.844,8.324,8.574,8.128,8.245,8.205,8.253,7.977,8.231,8.156,8.295,8.304,8.235,8.116,7.835,8.461,8.542,8.556,8.529,8.42,8.197,7.708,7.27,7.118,7.627,8.048,8.213,8.255,8.027,8.111,8.562,8.671,8.596,8.735,8.705,8.525,8.649,8.717,8.719,8.715,8.724,8.462,8.256,8.318,8.539,8.667,8.731,8.808,8.836,8.493,8.804,8.928,8.907,8.903,8.906,8.914,8.718,8.941,8.832,8.842,8.014,8.132,8.146,7.86,8.027,8.212,8.309,8.108,8.049,7.737,7.532,7.929,7.942,7.99,8.139,8.302,8.363,8.176,8.497,8.526,8.459,8.494,8.634,8.578,8.284,8.451,8.611,8.748,8.779,8.679,8.587,8.482,8.712,8.677,8.531,8.638,8.702,8.752,8.673,8.813,8.825,8.905,8.928,8.979,8.661,8.316,8.551,8.724,8.89,8.811,8.92,8.815,8.559,8.624,8.776,8.711,8.141,8.404,8.653,8.433,8.544,8.554,8.831,8.951,9.238,9.211,8.999,9.058,9.215,9.443,9.313,9.328,9.372,8.938,9.363,9.519,9.398,9.377,9.503,9.441,9.194,9.45,9.538,9.506,9.665,9.744,9.552,9.349,9.752,9.649,8.937,8.97,9.154,9.067,8.713,8.889,8.394,8.19,8.5,8.992,9.097,8.866,9.33,9.376,9.351,9.148,8.644,8.176,7.591,8.173,8.489,8.714,8.89,8.94,9.149,8.799,9.134,9.241,9.288,9.243,8.891,8.426,8.317,8.677,9.04,9.072,9.128,9.264,9.057,8.827,9.195,9.378,9.446,9.562,9.467,9.376,9.035,9.272,9.524,9.428,9.308,9.119,8.869,8.149,8.672,9.08,9.089,9.17,9.158,8.813,8.037,8.307,8.628,8.984,9.004,9.289,9.424,9.075,9.447,9.757,9.866,10.016,9.944,9.799,9.282,9.457,9.812,10.067,9.821,10.262,10.151,9.789,10.049,10.118,9.486,9.031,8.652,8.893,9.258,9.704,9.874,9.651,8.582,8.74,9.085,8.423,8.847,8.936,9.124,9.246,9.173,8.826,8.448,8.795,8.75,8.589,8.705,8.94,8.778,8.359,8.631,8.684,8.827,8.882,8.867,8.584,7.866,7.905,8.145,8.061,7.859,7.682,9.572,9.483,10.132,10.19,9.932,9.587,9.744,9.41,9.305,10.088,10.094,10.264,10.111,10.043,9.846,9.573,9.908,9.845,9.617,9.88,9.99,9.529,9.065,9.588,9.67,9.252,9.042,8.795,8.536,8.6,9.169,0.0,0.0,0.0,0.0,0.0,0.0,0.0,0.0,0.0,0.0,0.0,0.0,0.0,0.0,0.0,0.0,0.0,0.0,0.0,0.0,0.0,0.0,0.0,0.0,0.0,0.0,0.0,0.0,0.0,0.0,0.0,6.937,6.814,6.604,6.491,6.62,6.517,6.156,6.055,5.963,5.683,6.01,6.275,6.48,6.729,6.523,6.129,5.669,5.845,5.98,6.204,6.287,6.179,5.93,5.504,5.875,6.17,6.259,6.25,6.323,6.236,8.309,8.245,8.597,8.815,8.922,9.016,9.16,9.128,9.268,9.395,9.57,9.626,9.642,9.561,9.252,9.314,9.058,9.389,9.493,9.517,9.39,9.037,8.984,8.779,9.082,9.368,9.398,9.464,9.099,9.227,9.38,8.67,8.614,8.664,8.509,8.238,8.403,8.479,8.511,8.458,8.158,7.655,6.947,6.811,7.284,7.497,7.689,7.798,7.966,7.699,7.869,8.047,8.111,8.224,8.051,7.824,7.292,7.313,7.42,7.444,7.262,7.308,7.175,6.947,7.019,6.974,7.284,7.492,7.614,7.518,7.264,7.634,7.769,7.785,7.709,7.81,7.796,7.399,7.457,7.756,7.923,7.976,8.173,7.968,7.599,7.875,8.03,8.011,7.933,8.087,8.204,7.928,8.234,8.383,8.599,8.592,8.62,8.397,8.032,8.305,8.297,8.442,8.492,8.617,8.736,8.344,8.418,8.707,8.795,8.801,8.843,8.908,8.716,8.745,8.868,8.814,8.221,7.683,7.931,8.166,7.959,8.063,8.073,7.509,7.611,7.854,7.831,7.651,7.702,7.835,8.028,7.918,7.931,7.968,7.599,7.961,8.093,7.99,7.972,8.08,8.027,7.816,8.035,8.109,8.083,8.217,8.284,8.121,7.949,8.292,8.204,7.246,8.753,8.785,8.966,8.879,8.533,8.706,8.221,8.021,8.325,8.806,8.909,8.683,9.137,9.182,9.158,8.959,8.465,8.007,7.434,8.004,8.314,8.534,8.707,8.756,8.96,8.618,8.946,9.051,9.097,9.053,8.708,7.926,7.823,8.162,8.503,8.533,8.586,8.714,8.519,8.303,8.649,8.821,8.885,8.994,8.905,8.819,8.498,8.722,8.959,8.868,8.756,8.577,8.342,7.666,8.157,8.54,8.55,8.625,8.614,8.29,7.56,7.073,7.346,7.65,7.667,7.909,8.025,7.727,8.044,8.308,8.401,8.529,8.467,8.343,7.903,8.052,8.355,8.572,8.363,8.738,8.643,8.335,8.556,8.615,8.077,7.69,7.367,7.572,7.883,8.263,8.407,8.218,8.582,8.74,9.085,8.423,8.847,8.936,9.124,9.246,9.173,8.826,8.448,8.795,8.75,8.589,8.705,8.94,8.778,8.359,8.631,8.684,8.827,8.882,8.867,8.584,7.866,7.905,8.145,8.061,7.859,7.682,7.506,7.436,7.945,7.99,7.788,7.518,7.64,7.378,7.296,7.91,7.915,8.048,7.928,7.875,7.72,7.506,7.769,7.72,7.541,7.747,7.833,7.472,7.108,7.518,7.583,7.255,7.09,6.896,6.693,6.743,7.19,10.66,10.502,10.643,11.029,11.334,10.714,10.841,11.237,11.56,11.816,12.253,11.782,11.427,11.89,11.68,12.184,12.302,12.203,11.896,11.815,12.196,12.293,11.734,11.653,12.015,12.047,11.765,12.043,12.621,12.837,12.958,15.325,15.053,14.589,14.34,14.625,14.397,13.599,13.376,13.174,12.555,13.277,13.863,14.315,14.866,14.411,13.541,12.523,12.912,13.21,13.706,13.89,13.651,13.1,12.159,12.978,13.629,13.827,13.807,13.969,13.776,8.309,8.245,8.597,8.815,8.922,9.016,9.16,9.128,9.268,9.395,9.57,9.626,9.642,9.561,9.252,9.314,9.058,9.389,9.493,9.517,9.39,9.037,8.984,8.779,9.082,9.368,9.398,9.464,9.099,9.227,9.38,8.67,8.614,8.664,8.509,8.238,8.403,8.479,8.511,8.458,8.158,7.655,6.947,6.811,7.284,7.497,7.689,7.798,7.966,7.699,7.869,8.047,8.111,8.224,8.051,7.824,7.292,7.313,7.42,7.444,7.262,7.308,7.175,6.947,7.019,6.974,7.284,7.492,7.614,7.518,7.264,7.634,7.769,7.785,7.709,7.81,7.796,7.399,7.457,7.756,7.923,7.976,8.173,7.968,7.599,7.875,8.03,8.011,7.933,8.087,8.204,7.928
Guntur_33,9.312,9.376,9.553,9.577,9.221,9.274,9.475,9.488,9.298,9.194,9.362,9.366,9.48,9.312,9.041,8.992,9.411,9.37,8.991,9.373,9.441,9.231,9.334,9.56,9.664,9.222,9.519,9.658,9.732,9.797,9.717,9.338,8.889,9.174,9.411,9.413,9.405,9.51,9.183,8.981,9.135,9.177,9.272,9.6,9.585,9.679,9.273,9.501,9.695,9.655,9.445,9.117,9.195,8.953,9.254,9.418,9.521,9.406,9.351,9.245,9.127,9.386,9.49,9.341,9.194,9.25,9.375,9.101,9.032,8.376,8.703,9.232,9.289,9.229,8.874,9.183,9.475,9.436,10.459,10.306,9.941,9.781,9.608,9.998,10.353,10.467,10.426,10.371,10.049,9.785,9.764,10.31,10.538,10.611,10.543,10.134,10.644,10.696,10.641,10.71,10.79,10.59,10.338,10.926,10.726,10.65,10.339,10.263,10.163,9.822,10.436,10.491,10.233,10.395,10.504,10.402,10.2,10.576,10.587,10.607,10.424,9.988,10.011,9.865,10.154,10.115,10.239,10.511,10.499,10.434,10.02,9.86,9.944,9.906,9.826,9.882,9.767,9.798,9.172,9.604,9.892,9.587,9.457,9.705,9.857,9.423,9.647,9.811,10.092,10.064,9.835,9.607,8.129,8.232,8.209,8.434,8.369,8.422,8.263,8.784,8.941,9.057,8.945,8.97,8.708,8.411,8.835,8.827,8.966,9.089,8.902,8.845,8.502,8.99,9.222,9.107,9.105,8.795,8.607,8.346,8.74,9.177,0.0,0.0,0.0,0.0,0.0,0.0,0.0,0.0,0.0,0.0,0.0,0.0,0.0,0.0,0.0,0.0,0.0,0.0,0.0,0.0,0.0,0.0,0.0,0.0,0.0,0.0,0.0,0.0,0.0,0.0,0.0,0.0,0.0,0.0,0.0,0.0,0.0,0.0,0.0,0.0,0.0,0.0,0.0,0.0,0.0,0.0,0.0,0.0,0.0,0.0,0.0,0.0,0.0,0.0,0.0,0.0,0.0,0.0,0.0,0.0,0.0,0.0,8.106,8.134,8.137,8.295,8.359,7.921,8.007,8.229,8.598,8.476,8.366,8.098,7.852,7.938,8.072,8.186,8.031,7.973,8.187,7.827,7.967,7.859,7.72,7.965,8.004,7.648,7.395,7.965,8.134,8.067,9.128,9.07,9.338,9.046,9.216,9.492,9.808,9.944,9.947,9.653,9.12,9.215,9.358,8.957,9.112,9.214,9.42,9.177,9.392,9.402,9.365,9.187,8.956,8.943,8.487,8.658,9.105,9.284,9.493,9.67,9.593,8.95,9.263,9.362,9.331,9.237,9.445,9.308,8.933,9.117,9.085,9.02,9.179,9.011,8.203,7.969,8.028,8.555,8.802,8.952,9.019,8.948,8.797,9.226,9.189,8.936,8.42,8.439,8.604,8.756,9.063,8.841,8.971,8.877,8.964,8.909,8.525,8.695,8.844,8.686,8.826,8.902,8.731,8.497,8.738,8.974,8.982,9.066,9.192,9.037,8.91,9.149,9.376,9.494,9.353,9.339,9.485,9.124,9.397,9.498,9.447,9.447,9.632,9.351,9.026,9.273,9.347,9.383,9.256,9.368,9.186,9.152,9.524,9.576,9.542,9.43,9.448,9.638,9.521,9.622,9.943,10.14,10.315,10.261,10.103,9.749,9.837,9.499,9.75,9.872,10.059,10.038,9.743,9.573,9.691,9.768,9.589,9.624,9.553,9.286,9.388,9.606,9.787,9.832,9.837,9.792,9.56,9.714,9.714,9.68,9.593,9.486,9.488,9.33,9.693,9.852,9.998,10.031,10.097,10.05,9.89,9.865,9.915,9.882,9.845,10.066,10.009,9.618,9.844,10.032,10.139,10.035,9.69,9.514,9.509,9.865,9.937,10.088,10.236,10.205,10.097,9.778,9.881,9.635,9.865,10.023,9.884,9.934,9.561,9.014,9.163,9.59,9.903,10.157,10.237,10.018,10.285,10.281,10.29,10.53,10.429,10.404,10.031,10.354,10.421,10.035,10.078,10.161,9.914,9.846,10.041,10.228,9.902,9.707,9.606,9.758,9.562,9.922,10.071,10.029,10.071,10.011,10.123,9.934,9.994,10.042,9.848,9.961,10.173,10.1,9.883,10.075,9.83,9.509,9.234,9.547,9.476,8.769,8.816,8.614,8.634,8.571,8.691,8.991,9.176,9.385,9.235,9.062,9.097,9.444,9.668,9.118,9.572,8.434,9.08,9.257,9.285,9.064,8.644,8.907,8.764,8.738,8.55,8.267,8.246,7.846,8.553,8.595,8.814,8.873,8.936,8.557,8.123,8.8,9.133,9.634,9.255,9.215,8.961,9.178,9.862,10.195,9.977,10.758,10.387,10.417,10.544,11.145,11.354,11.273,11.058,10.894,11.093,10.35,10.237,10.127,9.992,10.164,10.649,10.745,9.748,9.008,9.019,8.832,9.095,9.577,9.374,9.226,9.526,9.442,8.89,9.063,9.016,8.88,13.55,14.798,15.208,15.457,15.992,16.217,16.746,16.644,16.967,16.994,17.024,17.264,17.41,16.976,16.544,15.555,17.724,17.43,16.97,16.845,16.521,15.814,16.489,16.602,16.68,16.822,17.051,16.899,16.287,16.564,16.458,0.0,0.0,0.0,0.0,0.0,0.0,0.0,0.0,0.0,0.0,0.0,0.0,0.0,0.0,0.0,0.0,0.0,0.0,0.0,0.0,0.0,0.0,0.0,0.0,0.0,0.0,0.0,0.0,0.0,0.0,9.814,9.46,9.229,9.654,9.863,10.059,10.064,10.164,10.017,9.7,10.161,10.267,10.284,10.139,9.823,9.949,9.427,9.203,9.607,9.698,9.637,9.578,9.703,9.116,9.486,9.566,9.543,9.473,9.596,9.499,9.347,7.907,7.907,7.819,7.223,6.996,7.482,7.335,7.732,7.941,8.22,7.995,8.167,8.106,7.973,8.08,8.067,8.159,8.23,8.022,8.027,7.684,8.126,8.25,8.298,8.224,8.162,8.048,7.612,7.754,7.79,9.81,9.533,9.723,9.743,9.536,9.853,10.049,10.021,10.13,9.975,9.887,9.478,9.944,10.273,10.244,10.145,10.093,10.078,9.574,10.261,10.567,10.75,10.857,10.937,10.828,10.503,10.725,10.505,10.25,10.144,10.32,8.348,8.029,8.481,8.714,8.846,8.678,8.642,8.342,7.966,8.232,8.279,8.319,8.485,8.324,8.115,8.111,8.498,8.762,8.768,8.725,8.804,8.335,8.2,8.656,8.707,8.431,8.575,8.698,8.733,8.724,8.884,10.512,10.554,10.149,10.324,10.448,10.298,10.48,10.77,10.577,10.353,10.411,10.385,10.26,10.326,10.397,10.547,10.457,10.511,10.419,10.245,10.509,10.478,10.491,10.786,10.558,10.387,9.999,10.441,9.542,9.347,9.292,9.551,9.705,9.468,9.431,9.499,9.593,9.763,9.891,9.867,9.626,9.841,9.906,10.041,10.003,9.446,9.515,9.701,9.975,10.058,10.114,10.206,10.163,10.094,9.781,9.963,10.057,10.243,10.305,9.859,9.848,9.542,9.882,9.984,9.8,9.956,9.898,9.935,9.622,9.815,9.958,9.979,9.881,9.779,9.92,9.467,9.725,9.896,9.822,9.86,9.882,9.87,9.558,9.892,10.009,10.111,10.044,9.954,9.697,9.554,9.789,9.755,9.987,9.977,10.242,10.178,9.723,9.872,9.72,9.763,9.751,9.659,9.565,9.302,9.679,9.911,10.189,10.09,9.669,8.818,8.194,8.095,8.813,9.469,9.529,9.386,9.305,9.226,9.742,9.883,10.821,10.93,10.917,10.794,10.531,10.82,10.893,10.662,10.561,10.818,10.709,10.398,10.908,11.062,10.766,10.526,10.373,10.124,9.397,9.425,9.504,10.26,10.658,10.535,10.326,10.025,10.609,10.759,10.33,9.618,9.516,9.677,9.432,10.139,10.183,10.171,10.204,10.012,9.593,8.987,9.328,9.35,9.496,9.355,9.378,9.397,8.99,9.671,9.821,9.646,9.055,9.328,9.088,8.447,9.088,9.684,9.795,9.719,9.891,9.569,8.999,8.647,8.868,9.234,9.226,8.905,8.642,8.221,8.423,8.414,8.41,7.926,8.356,8.673,8.085,7.668,8.212,8.685,8.984,8.876,8.764,8.386,8.842,9.064,8.983,9.133,9.431,9.123,8.736,9.367,9.612,9.55,9.332,9.421,9.373,8.823,9.273,9.419,9.458,9.33,9.087,8.858,8.272,8.403,8.439,8.443,8.314,7.901,8.169,8.229,8.693,8.678,8.571,8.214,8.083,7.976,8.003,8.712,8.779,8.75,8.875,8.898,8.969,8.568,9.091,9.365,8.878,9.006,8.962,9.014,8.713,8.99,8.908,9.06,9.07,8.994,8.864,8.558,9.241,9.33,9.346,9.316,9.196,8.953,8.419,7.94,7.774,8.33,8.79,8.97,9.016,8.768,8.859,8.395,8.503,8.429,8.565,8.536,8.359,8.481,8.547,8.55,8.545,8.554,8.298,8.095,8.157,8.373,8.498,8.561,8.637,8.664,8.328,8.633,8.754,8.734,8.73,8.733,8.741,8.548,8.768,8.66,8.67,10.189,10.338,10.356,9.993,10.205,10.44,10.564,10.308,10.232,9.837,9.575,10.08,10.096,10.158,10.347,10.554,10.632,10.395,10.803,10.839,10.755,10.799,10.976,10.905,10.532,10.744,10.947,11.122,11.161,11.033,10.917,8.957,9.199,9.162,9.008,9.121,9.188,9.242,9.158,9.306,9.319,9.403,9.427,9.482,9.145,8.781,9.029,9.212,9.387,9.304,9.419,9.308,9.038,9.106,9.267,9.198,8.596,8.874,9.137,8.905,9.022,9.033,10.062,10.199,10.525,10.494,10.253,10.321,10.499,10.758,10.611,10.628,10.678,10.183,10.668,10.846,10.707,10.683,10.827,10.757,10.475,10.767,10.867,10.831,11.011,11.101,10.883,10.652,11.111,10.994,9.937,9.974,10.179,10.081,9.688,9.884,9.333,9.106,9.451,9.998,10.115,9.858,10.374,10.425,10.398,10.172,9.611,9.091,8.44,9.087,9.439,9.689,9.885,9.941,10.173,9.784,10.156,10.276,10.328,10.278,9.886,9.111,8.993,9.383,9.775,9.809,9.87,10.017,9.794,9.545,9.943,10.14,10.214,10.339,10.237,10.139,9.769,10.027,10.299,10.195,10.066,9.86,9.59,8.812,9.378,9.818,9.828,9.915,9.903,9.53,8.691,9.015,9.363,9.75,9.772,10.081,10.228,9.849,10.252,10.589,10.707,10.87,10.792,10.634,10.073,10.263,10.649,10.925,10.659,11.136,11.016,10.624,10.905,10.981,10.295,9.801,9.389,9.651,10.048,10.532,10.716,10.474,9.094,9.261,9.627,8.926,9.374,9.47,9.669,9.798,9.721,9.352,8.952,9.32,9.272,9.101,9.225,9.474,9.301,8.857,9.146,9.202,9.354,9.411,9.396,9.096,8.335,8.376,8.631,8.541,8.327,8.14,10.571,10.473,11.189,11.253,10.968,10.588,10.76,10.391,10.275,11.141,11.147,11.335,11.166,11.091,10.873,10.571,10.942,10.872,10.62,10.911,11.032,10.524,10.011,10.588,10.679,10.217,9.986,9.712,9.427,9.497,10.126,0.0,0.0,0.0,0.0,0.0,0.0,0.0,0.0,0.0,0.0,0.0,0.0,0.0,0.0,0.0,0.0,0.0,0.0,0.0,0.0,0.0,0.0,0.0,0.0,0.0,0.0,0.0,0.0,0.0,0.0,0.0,12.03,11.817,11.452,11.257,11.481,11.301,10.675,10.5,10.341,9.855,10.422,10.882,11.237,11.67,11.312,10.629,9.83,10.136,10.37,10.759,10.903,10.716,10.283,9.545,10.187,10.699,10.854,10.838,10.965,10.814,8.583,8.516,8.881,9.106,9.216,9.314,9.462,9.429,9.573,9.705,9.885,9.944,9.96,9.876,9.557,9.621,9.357,9.699,9.806,9.83,9.699,9.335,9.28,9.068,9.381,9.677,9.708,9.776,9.399,9.531,9.69,9.744,9.68,9.737,9.562,9.257,9.443,9.529,9.565,9.505,9.168,8.603,7.807,7.655,8.186,8.425,8.641,8.763,8.952,8.653,8.843,9.043,9.116,9.242,9.047,8.792,8.195,8.219,8.339,8.366,8.162,8.721,8.562,8.29,8.376,8.322,8.692,8.94,9.086,8.971,8.668,9.11,9.272,9.29,9.199,9.32,9.304,8.829,8.899,9.256,9.456,9.518,9.753,9.508,9.068,9.397,9.583,9.56,9.467,9.651,9.791,9.46,8.478,8.631,8.854,8.847,8.875,8.646,8.27,8.551,8.542,8.692,8.744,8.872,8.995,8.592,8.668,8.965,9.055,9.062,9.105,9.172,8.975,9.004,9.131,9.075,8.464,7.91,8.166,8.408,8.195,8.302,8.312,9.409,9.537,9.842,9.813,9.588,9.651,9.818,10.06,9.922,9.938,9.985,9.522,9.976,10.142,10.012,9.99,10.125,10.058,9.795,10.068,10.162,10.128,10.297,10.381,10.176,9.961,10.39,10.28,9.08,9.965,10.003,10.208,10.11,9.715,9.912,9.36,9.132,9.478,10.026,10.144,9.886,10.404,10.454,10.427,10.201,9.638,9.117,8.464,9.113,9.466,9.717,9.913,9.969,10.202,9.812,10.185,10.305,10.357,10.307,9.914,9.522,9.399,9.806,10.216,10.252,10.315,10.469,10.235,9.975,10.391,10.598,10.675,10.806,10.698,10.596,10.21,10.479,10.763,10.655,10.52,10.305,10.023,9.21,9.8,10.261,10.272,10.363,10.349,9.96,9.083,9.384,9.746,10.149,10.172,10.493,10.646,10.252,10.672,11.023,11.145,11.315,11.234,11.07,10.485,10.683,11.085,11.373,11.095,11.592,11.467,11.059,11.352,11.43,10.717,10.202,9.774,10.046,10.459,10.963,11.154,10.903,9.094,9.261,9.627,8.926,9.374,9.47,9.669,9.798,9.721,9.352,8.952,9.32,9.272,9.101,9.225,9.474,9.301,8.857,9.146,9.202,9.354,9.411,9.396,9.096,8.335,8.376,8.631,8.541,8.327,8.14,9.958,9.866,10.541,10.601,10.333,9.974,10.137,9.789,9.68,10.495,10.501,10.678,10.519,10.448,10.243,9.959,10.308,10.242,10.005,10.279,10.393,9.914,9.431,9.975,10.06,9.625,9.407,9.149,8.88,8.947,9.539,10.179,10.028,10.163,10.531,10.822,10.23,10.352,10.729,11.037,11.282,11.699,11.249,10.911,11.353,11.152,11.634,11.746,11.652,11.359,11.281,11.646,11.737,11.204,11.127,11.473,11.503,11.234,11.499,12.051,12.258,12.373,7.666,7.53,7.298,7.173,7.316,7.201,6.802,6.691,6.59,6.28,6.641,6.934,7.161,7.436,7.209,6.773,6.264,6.459,6.608,6.856,6.948,6.829,6.553,6.082,6.492,6.818,6.917,6.906,6.987,6.891,8.583,8.516,8.881,9.106,9.216,9.314,9.462,9.429,9.573,9.705,9.885,9.944,9.96,9.876,9.557,9.621,9.357,9.699,9.806,9.83,9.699,9.335,9.28,9.068,9.381,9.677,9.708,9.776,9.399,9.531,9.69,9.744,9.68,9.737,9.562,9.257,9.443,9.529,9.565,9.505,9.168,8.603,7.807,7.655,8.186,8.425,8.641,8.763,8.952,8.653,8.843,9.043,9.116,9.242,9.047,8.792,8.195,8.219,8.339,8.366,8.162,8.721,8.562,8.29,8.376,8.322,8.692,8.94,9.086,8.971,8.668,9.11,9.272,9.29,9.199,9.32,9.304,8.829,8.899,9.256,9.456,9.518,9.753,9.508,9.068,9.397,9.583,9.56,9.467,9.651,9.791,9.46
Guntur_34,6.158,6.2,6.317,6.333,6.097,6.132,6.266,6.274,6.149,6.08,6.191,6.193,6.269,6.157,5.978,5.946,6.223,6.196,5.945,6.198,6.243,6.104,6.172,6.322,6.39,6.098,6.294,6.386,6.435,6.478,6.425,6.755,6.43,6.636,6.808,6.809,6.803,6.879,6.643,6.497,6.608,6.638,6.707,6.945,6.933,7.002,6.708,6.873,7.013,6.984,6.832,6.595,6.651,6.476,6.694,6.813,6.887,6.804,6.764,6.688,7.193,7.398,7.479,7.362,7.246,7.29,7.389,7.172,7.119,6.601,6.859,7.276,7.321,7.273,6.994,7.238,7.468,7.436,8.243,8.122,7.834,7.708,7.572,7.879,8.159,8.249,8.217,8.174,7.92,7.712,7.695,8.155,8.335,8.392,8.339,8.015,8.419,8.46,8.416,8.471,8.535,8.376,8.176,8.642,8.484,8.423,8.177,8.117,8.038,7.769,8.255,8.298,8.094,8.222,8.308,8.227,8.067,8.365,8.374,8.389,8.245,7.674,7.692,7.58,7.802,7.772,7.868,8.077,8.067,8.017,7.699,7.576,7.64,7.611,7.55,7.593,7.505,7.529,7.048,7.379,7.601,7.366,7.266,7.457,7.573,7.24,7.412,7.539,7.754,7.733,7.557,7.381,3.751,3.798,3.788,3.892,3.862,3.886,3.813,4.053,4.126,4.179,4.128,4.139,4.018,3.881,4.077,4.073,4.137,4.194,4.108,4.081,3.923,4.148,4.255,4.202,4.201,4.058,3.972,3.851,4.033,4.234,0.0,0.0,0.0,0.0,0.0,0.0,0.0,0.0,0.0,0.0,0.0,0.0,0.0,0.0,0.0,0.0,0.0,0.0,0.0,0.0,0.0,0.0,0.0,0.0,0.0,0.0,0.0,0.0,0.0,0.0,0.0,0.0,0.0,0.0,0.0,0.0,0.0,0.0,0.0,0.0,0.0,0.0,0.0,0.0,0.0,0.0,0.0,0.0,0.0,0.0,0.0,0.0,0.0,0.0,0.0,0.0,0.0,0.0,0.0,0.0,0.0,0.0,4.698,4.714,4.716,4.807,4.844,4.59,4.64,4.769,4.982,4.912,4.848,4.693,4.55,4.6,4.678,4.744,4.654,4.62,4.745,4.536,4.617,4.554,4.474,4.616,4.638,4.432,4.285,4.616,4.714,4.675,8.53,8.476,8.726,8.454,8.612,8.87,9.166,9.293,9.296,9.021,8.523,8.612,8.745,8.37,8.515,8.611,8.804,8.576,8.777,8.786,8.752,8.585,8.369,8.358,7.932,8.091,8.509,8.676,8.871,9.037,8.965,8.363,8.655,8.748,8.719,8.63,8.825,8.697,8.347,8.518,8.489,8.429,8.576,8.42,7.665,7.446,7.501,7.994,8.224,8.364,8.427,8.361,8.22,8.62,8.586,8.35,7.868,7.885,8.039,8.182,8.468,7.719,7.832,7.751,7.827,7.779,7.443,7.591,7.722,7.584,7.706,7.772,7.623,7.419,7.629,7.835,7.843,7.916,8.026,7.891,7.779,7.988,8.186,8.29,8.166,8.154,8.281,7.967,8.205,8.293,8.248,8.249,7.95,7.718,7.45,7.654,7.715,7.745,7.64,7.732,7.582,7.554,7.861,7.904,7.876,7.783,7.798,7.954,7.858,7.942,8.206,8.369,8.513,8.469,8.339,8.046,8.119,7.84,8.047,8.148,8.302,8.285,8.042,8.237,8.339,8.405,8.251,8.281,8.22,7.99,8.077,8.265,8.421,8.46,8.464,8.426,8.226,8.358,8.358,8.329,8.254,8.162,8.164,8.027,8.34,8.477,8.603,8.631,8.688,8.647,8.51,8.656,8.7,8.671,8.639,8.833,8.782,8.44,8.638,8.803,8.897,8.806,8.503,8.348,8.344,8.656,8.72,8.852,8.982,8.955,8.86,8.58,8.67,8.455,8.656,8.795,8.673,8.717,8.39,7.909,8.04,8.415,9.007,9.238,9.311,9.111,9.354,9.351,9.359,9.577,9.485,9.463,9.123,9.417,9.478,9.127,9.166,9.242,9.017,8.955,9.132,9.302,9.006,8.828,8.737,8.875,8.697,9.024,9.16,9.121,9.159,9.105,7.39,7.252,7.296,7.331,7.189,7.271,7.426,7.373,7.214,7.355,7.176,6.942,6.741,6.969,6.918,6.402,6.436,6.288,6.303,6.257,6.344,6.564,6.698,6.851,6.742,6.615,6.641,6.894,7.058,6.656,6.987,6.053,6.517,6.644,6.664,6.505,6.204,6.392,6.29,6.271,6.136,5.933,5.918,5.631,6.139,6.168,6.326,6.368,6.413,6.141,5.83,6.316,6.555,6.914,6.642,6.613,6.431,6.587,7.078,7.317,7.16,5.956,5.751,5.767,5.838,6.171,6.286,6.241,6.122,6.031,6.141,5.73,5.668,5.607,5.532,5.627,5.896,5.949,5.397,4.987,4.993,4.89,5.036,5.303,5.19,5.108,5.274,5.227,4.922,5.018,4.992,4.916,9.595,10.478,10.769,10.945,11.324,11.483,11.858,11.785,12.014,12.033,12.054,12.224,12.328,12.021,11.715,11.014,12.551,12.342,12.016,11.928,11.699,11.198,11.676,11.756,11.811,11.912,12.074,11.966,11.533,11.729,11.654,0.0,0.0,0.0,0.0,0.0,0.0,0.0,0.0,0.0,0.0,0.0,0.0,0.0,0.0,0.0,0.0,0.0,0.0,0.0,0.0,0.0,0.0,0.0,0.0,0.0,0.0,0.0,0.0,0.0,0.0,5.337,5.144,5.019,5.25,5.364,5.47,5.473,5.527,5.447,5.275,5.525,5.583,5.593,5.514,5.342,5.41,5.126,5.005,5.224,5.274,5.241,5.208,5.276,4.957,5.159,5.202,5.19,5.152,5.218,5.166,5.083,7.782,7.782,7.695,7.109,6.886,7.364,7.22,7.61,7.815,8.09,7.869,8.038,7.978,7.848,7.953,7.94,8.03,8.1,7.896,7.9,7.562,7.998,8.119,8.168,8.094,8.033,7.921,7.492,7.632,7.667,7.106,6.905,7.043,7.057,6.907,7.137,7.279,7.259,7.337,7.225,7.162,6.865,7.203,7.441,7.42,7.349,7.311,7.3,6.935,7.433,7.654,7.786,7.864,7.922,7.843,7.608,7.769,7.609,7.425,7.348,7.475,7.512,7.225,7.631,7.841,7.96,7.809,7.777,7.506,7.168,7.407,7.45,7.486,7.635,7.49,7.302,7.299,7.647,7.884,7.89,7.851,7.923,7.5,7.379,7.789,7.835,7.587,7.716,7.827,7.858,7.851,7.995,8.832,8.867,8.527,8.674,8.778,8.652,8.805,9.049,8.887,8.699,8.747,8.725,8.62,8.676,8.735,8.862,8.786,8.831,8.754,8.608,8.829,8.803,8.815,9.062,8.871,8.727,8.401,8.772,7.845,7.684,7.639,7.852,7.979,7.784,7.753,7.809,7.887,8.026,8.131,8.112,7.913,8.09,8.144,8.254,8.223,7.766,7.822,7.975,8.201,8.268,8.315,8.39,8.355,8.298,8.041,8.19,8.268,8.421,8.472,8.172,8.163,7.909,8.191,8.275,8.123,8.252,8.204,8.235,7.975,8.136,8.254,8.271,8.19,8.106,8.223,7.847,8.061,8.202,8.141,8.172,8.191,8.181,7.922,8.199,8.296,8.381,8.325,8.251,8.037,7.363,7.545,7.519,7.697,7.69,7.893,7.845,7.494,7.608,7.491,7.525,7.515,7.444,7.372,7.169,7.46,7.639,7.852,7.777,7.452,6.796,6.315,6.239,6.792,7.298,7.344,7.234,7.172,7.11,7.508,7.617,7.619,7.696,7.686,7.6,7.414,7.618,7.669,7.507,7.436,7.617,7.54,7.321,7.68,7.789,7.58,7.411,7.304,7.128,6.616,6.636,6.692,7.224,7.504,7.417,7.27,7.058,7.47,7.575,7.273,6.772,6.7,6.813,6.641,7.139,7.17,7.161,7.185,7.05,6.754,6.328,6.568,6.583,6.686,6.587,6.603,6.616,6.33,6.809,6.914,6.791,6.375,6.568,6.399,5.947,6.399,6.818,6.896,6.843,6.964,6.737,6.336,4.387,4.499,4.685,4.681,4.518,4.384,4.171,4.273,4.269,4.267,4.021,4.24,4.4,4.102,3.89,4.166,4.407,4.558,4.503,4.446,4.255,4.486,4.599,4.558,4.634,4.785,4.629,4.432,4.753,4.877,4.845,6.896,6.962,6.926,6.52,6.852,6.96,6.989,6.894,6.715,6.545,6.112,6.209,6.236,6.239,6.144,5.838,6.037,6.081,6.423,6.412,6.333,6.069,5.973,5.894,5.914,6.438,6.488,6.466,6.558,6.575,8.237,7.868,8.349,8.601,8.153,8.271,8.231,8.278,8.002,8.256,8.181,8.321,8.33,8.26,8.141,7.86,8.487,8.569,8.583,8.555,8.445,8.222,7.732,7.292,7.14,7.65,8.072,8.238,8.28,8.052,8.136,7.44,7.535,7.47,7.591,7.564,7.408,7.516,7.575,7.577,7.573,7.58,7.354,7.174,7.228,7.42,7.531,7.587,7.654,7.678,7.38,7.65,7.758,7.74,7.737,7.739,7.746,7.575,7.77,7.674,7.683,7.799,7.914,7.927,7.649,7.812,7.991,8.086,7.89,7.832,7.53,7.329,7.716,7.728,7.775,7.92,8.079,8.138,7.957,8.269,8.297,8.232,8.266,8.402,8.347,8.062,8.224,8.38,8.513,8.543,8.445,8.356,7.901,8.115,8.082,7.946,8.046,8.105,8.153,8.079,8.209,8.221,8.295,8.316,8.364,8.067,7.746,7.965,8.126,8.28,8.207,8.309,8.211,7.973,8.033,8.175,8.114,7.583,7.828,8.06,7.855,7.958,7.968,8.208,8.319,8.585,8.56,8.364,8.419,8.565,8.776,8.656,8.67,8.71,8.307,8.702,8.847,8.734,8.714,8.832,8.774,8.544,8.783,8.864,8.835,8.982,9.056,8.877,8.689,9.064,8.968,7.014,7.041,7.185,7.116,6.838,6.977,6.588,6.428,6.671,7.057,7.14,6.959,7.323,7.359,7.339,7.18,6.784,6.417,5.958,6.415,6.663,6.839,6.978,7.017,7.181,6.906,7.169,7.253,7.29,7.255,6.979,7.042,6.95,7.252,7.555,7.581,7.628,7.742,7.569,7.377,7.684,7.837,7.894,7.991,7.912,7.836,7.55,7.749,7.96,7.879,7.779,7.621,7.412,6.811,7.248,7.588,7.596,7.663,7.653,7.365,6.717,7.414,7.7,8.018,8.036,8.29,8.411,8.099,8.431,8.708,8.805,8.939,8.875,8.745,8.284,8.44,8.757,8.985,8.765,9.158,9.059,8.737,8.968,9.03,8.466,8.06,7.721,7.936,8.263,8.661,8.812,8.614,8.602,8.76,9.106,8.443,8.867,8.957,9.146,9.268,9.195,8.846,8.467,8.816,8.77,8.609,8.726,8.962,8.798,8.378,8.651,8.705,8.848,8.903,8.888,8.605,7.884,7.923,8.164,8.08,7.877,7.7,10.571,10.473,11.189,11.253,10.968,10.588,10.76,10.391,10.275,11.141,11.147,11.335,11.166,11.091,10.873,10.571,10.942,10.872,10.62,10.911,11.032,10.524,10.011,10.588,10.679,10.217,9.986,9.712,9.427,9.497,10.126,12.016,11.838,11.997,12.433,12.776,12.077,12.221,12.667,13.03,13.319,13.811,13.28,12.881,13.403,13.166,13.734,13.867,13.755,13.41,13.318,13.748,13.856,13.227,13.135,13.544,13.579,13.262,13.575,14.226,14.471,14.607,10.112,9.933,9.627,9.463,9.651,9.5,8.974,8.826,8.693,8.284,8.761,9.148,9.446,9.81,9.509,8.935,8.263,8.52,8.717,9.044,9.165,9.008,8.644,8.023,8.564,8.994,9.124,9.11,9.217,9.09,7.531,7.473,7.793,7.99,8.087,8.173,8.303,8.274,8.4,8.516,8.674,8.726,8.74,8.666,8.386,8.443,8.211,8.511,8.605,8.626,8.511,8.192,8.143,7.957,8.232,8.492,8.519,8.579,8.248,8.363,8.503,8.137,8.084,8.131,7.986,7.731,7.886,7.958,7.987,7.938,7.657,7.185,6.52,6.393,6.836,7.036,7.217,7.318,7.476,7.226,7.385,7.552,7.613,7.718,7.555,7.342,6.843,6.864,6.964,6.987,6.816,7.07,6.941,6.72,6.79,6.747,7.046,7.248,7.366,7.273,7.027,7.385,7.516,7.531,7.458,7.555,7.542,7.158,7.215,7.503,7.665,7.716,7.907,7.708,7.351,7.618,7.768,7.75,7.675,7.824,7.937,7.669,7.427,7.561,7.756,7.75,7.775,7.574,7.245,7.491,7.483,7.614,7.66,7.772,7.88,7.526,7.593,7.853,7.932,7.938,7.976,8.035,7.862,7.888,7.999,7.95,7.415,6.93,7.154,7.366,7.179,7.273,7.282,8.12,8.23,8.493,8.469,8.274,8.329,8.473,8.682,8.563,8.577,8.617,8.218,8.609,8.752,8.641,8.621,8.737,8.68,8.453,8.689,8.769,8.74,8.886,8.959,8.782,8.596,8.967,8.872,7.836,8.652,8.685,8.863,8.778,8.435,8.606,8.127,7.929,8.229,8.705,8.807,8.584,9.033,9.077,9.053,8.857,8.369,7.916,7.349,7.913,8.219,8.437,8.607,8.656,8.858,8.519,8.844,8.947,8.993,8.949,8.608,7.619,7.52,7.846,8.174,8.203,8.253,8.376,8.189,7.981,8.314,8.479,8.541,8.646,8.56,8.478,8.169,8.384,8.612,8.525,8.417,8.245,8.019,7.369,7.841,8.21,8.219,8.291,8.281,7.969,7.268,7.283,7.564,7.877,7.895,8.144,8.263,7.957,8.283,8.555,8.65,8.782,8.719,8.591,8.138,8.291,8.603,8.826,8.611,8.997,8.9,8.583,8.81,8.871,8.317,7.918,7.585,7.797,8.117,8.508,8.657,8.462,8.602,8.76,9.106,8.443,8.867,8.957,9.146,9.268,9.195,8.846,8.467,8.816,8.77,8.609,8.726,8.962,8.798,8.378,8.651,8.705,8.848,8.903,8.888,8.605,7.884,7.923,8.164,8.08,7.877,7.7,7.729,7.657,8.181,8.228,8.019,7.741,7.867,7.597,7.513,8.145,8.15,8.287,8.164,8.109,7.95,7.729,8.0,7.949,7.765,7.978,8.066,7.694,7.319,7.742,7.808,7.47,7.301,7.101,6.892,6.944,7.403,9.851,9.705,9.835,10.192,10.473,9.9,10.018,10.384,10.682,10.919,11.322,10.887,10.56,10.988,10.793,11.259,11.368,11.276,10.993,10.918,11.27,11.359,10.843,10.768,11.103,11.132,10.872,11.129,11.662,11.863,11.974,8.744,8.589,8.324,8.182,8.345,8.215,7.76,7.632,7.517,7.164,7.576,7.91,8.168,8.483,8.223,7.726,7.145,7.367,7.537,7.821,7.925,7.789,7.475,6.938,7.405,7.777,7.89,7.878,7.97,7.86,7.531,7.473,7.793,7.99,8.087,8.173,8.303,8.274,8.4,8.516,8.674,8.726,8.74,8.666,8.386,8.443,8.211,8.511,8.605,8.626,8.511,8.192,8.143,7.957,8.232,8.492,8.519,8.579,8.248,8.363,8.503,8.137,8.084,8.131,7.986,7.731,7.886,7.958,7.987,7.938,7.657,7.185,6.52,6.393,6.836,7.036,7.217,7.318,7.476,7.226,7.385,7.552,7.613,7.718,7.555,7.342,6.843,6.864,6.964,6.987,6.816,7.07,6.941,6.72,6.79,6.747,7.046,7.248,7.366,7.273,7.027,7.385,7.516,7.531,7.458,7.555,7.542,7.158,7.215,7.503,7.665,7.716,7.907,7.708,7.351,7.618,7.768,7.75,7.675,7.824,7.937,7.669
Guntur_35,3.956,3.983,4.058,4.068,3.917,3.939,4.025,4.031,3.95,3.906,3.977,3.979,4.027,3.956,3.84,3.82,3.998,3.98,3.819,3.982,4.011,3.921,3.965,4.061,4.105,3.918,4.044,4.103,4.134,4.162,4.128,4.254,4.05,4.179,4.288,4.288,4.285,4.332,4.183,4.091,4.162,4.181,4.224,4.374,4.367,4.409,4.225,4.328,4.417,4.399,4.303,4.154,4.189,4.079,4.216,4.291,4.337,4.285,4.26,4.212,4.403,4.529,4.579,4.507,4.436,4.463,4.523,4.391,4.358,4.041,4.199,4.454,4.481,4.453,4.281,4.431,4.571,4.552,5.046,4.972,4.796,4.719,4.635,4.823,4.995,5.05,5.03,5.004,4.848,4.721,4.711,5.048,5.16,5.196,5.163,4.962,5.212,5.237,5.21,5.244,5.284,5.185,5.062,5.35,5.252,5.215,5.063,5.025,4.977,4.81,5.11,5.137,5.011,5.09,5.143,5.094,4.994,5.179,5.184,5.194,5.104,5.018,5.03,4.957,5.102,5.082,5.145,5.281,5.275,5.243,5.035,4.954,4.996,4.977,4.937,4.965,4.907,4.923,4.609,4.826,4.97,4.817,4.751,4.876,4.952,4.735,4.847,4.93,5.071,5.057,4.942,4.827,3.751,3.798,3.788,3.892,3.862,3.886,3.813,4.053,4.126,4.179,4.128,4.139,4.018,3.881,4.077,4.073,4.137,4.194,4.108,4.081,3.923,4.148,4.255,4.202,4.201,4.058,3.972,3.851,4.033,4.234,420.189,423.73,422.06,396.429,357.536,376.05,401.376,399.746,407.574,407.038,383.222,357.668,413.185,433.09,418.414,413.043,418.682,424.213,401.343,395.283,385.068,410.023,413.505,416.368,409.489,397.953,414.119,427.268,420.418,415.584,423.08,411.433,397.523,389.922,390.085,386.49,375.709,399.603,417.638,406.334,406.552,400.353,378.924,380.952,376.713,375.485,366.251,394.961,401.366,385.025,380.999,382.35,379.929,366.788,382.322,394.814,404.966,395.637,394.04,389.99,368.784,392.222,5.874,5.894,5.897,6.011,6.058,5.74,5.802,5.963,6.23,6.142,6.062,5.868,5.69,5.753,5.85,5.932,5.82,5.777,5.933,5.672,5.774,5.695,5.594,5.772,5.8,5.542,5.359,5.772,5.895,5.846,4.72,4.69,4.828,4.678,4.765,4.908,5.071,5.142,5.143,4.991,4.716,4.765,4.839,4.631,4.712,4.764,4.871,4.745,4.857,4.861,4.843,4.75,4.631,4.624,4.389,4.477,4.708,4.8,4.908,5.0,4.961,3.588,3.713,3.753,3.741,3.703,3.786,3.731,3.581,3.654,3.642,3.616,3.679,3.612,3.288,3.195,3.218,3.429,3.528,3.588,3.615,3.587,3.526,3.698,3.683,3.582,3.375,3.383,3.449,3.51,3.633,3.849,3.905,3.865,3.902,3.879,3.711,3.785,3.85,3.781,3.842,3.875,3.801,3.699,3.804,3.907,3.91,3.947,4.002,3.934,3.879,3.983,4.082,4.133,4.072,4.066,4.129,3.972,4.091,4.135,4.113,4.113,4.592,4.458,4.303,4.421,4.456,4.474,4.413,4.466,4.38,4.363,4.541,4.565,4.549,4.496,4.504,4.595,4.539,4.587,4.74,4.834,4.918,4.892,4.817,4.648,4.69,4.529,4.648,4.706,4.796,4.786,4.645,5.558,5.627,5.672,5.568,5.588,5.547,5.392,5.451,5.577,5.683,5.709,5.712,5.686,5.551,5.64,5.64,5.62,5.57,5.508,5.509,5.417,5.628,5.72,5.805,5.824,5.863,5.835,5.743,4.9,4.925,4.908,4.89,5.0,4.971,4.777,4.89,4.983,5.036,4.985,4.813,4.726,4.723,4.9,4.936,5.011,5.084,5.069,5.015,4.857,4.908,4.786,4.9,4.978,4.909,4.934,4.749,4.477,4.551,4.763,4.458,4.573,4.609,4.51,4.63,4.629,4.633,4.741,4.695,4.684,4.516,4.661,4.691,4.518,4.537,4.575,4.463,4.432,4.52,4.605,4.458,4.37,4.325,4.393,4.305,4.467,4.534,4.515,4.534,4.507,5.566,5.461,5.494,5.521,5.414,5.476,5.593,5.553,5.433,5.539,5.405,5.228,5.077,5.248,5.21,4.821,4.847,4.736,4.747,4.712,4.778,4.943,5.045,5.159,5.077,4.982,5.001,5.192,5.315,5.013,5.262,3.337,3.592,3.662,3.673,3.586,3.42,3.524,3.467,3.457,3.383,3.271,3.262,3.104,3.384,3.4,3.487,3.51,3.535,3.385,3.214,3.481,3.613,3.811,3.661,3.646,3.545,3.631,3.902,4.034,3.947,5.956,5.751,5.767,5.838,6.171,6.286,6.241,6.122,6.031,6.141,5.73,5.668,5.607,5.532,5.627,5.896,5.949,5.397,4.987,4.993,4.89,5.036,5.303,5.19,5.108,5.274,5.227,4.922,5.018,4.992,4.916,9.454,10.324,10.61,10.784,11.157,11.314,11.683,11.612,11.838,11.856,11.877,12.044,12.146,11.844,11.542,10.852,12.366,12.16,11.84,11.753,11.526,11.033,11.504,11.583,11.637,11.736,11.896,11.79,11.363,11.556,11.482,0.0,0.0,0.0,0.0,0.0,0.0,0.0,0.0,0.0,0.0,0.0,0.0,0.0,0.0,0.0,0.0,0.0,0.0,0.0,0.0,0.0,0.0,0.0,0.0,0.0,0.0,0.0,0.0,0.0,0.0,4.106,3.957,3.861,4.038,4.126,4.208,4.21,4.252,4.19,4.058,4.25,4.295,4.302,4.241,4.109,4.162,3.943,3.85,4.019,4.057,4.031,4.006,4.059,3.813,3.968,4.002,3.992,3.963,4.014,3.974,3.91,3.465,3.465,3.426,3.165,3.066,3.279,3.214,3.388,3.48,3.602,3.503,3.579,3.552,3.494,3.541,3.535,3.575,3.607,3.515,3.517,3.367,3.561,3.615,3.636,3.604,3.577,3.527,3.336,3.398,3.414,4.329,4.207,4.29,4.299,4.208,4.348,4.434,4.422,4.47,4.402,4.363,4.182,4.388,4.533,4.52,4.477,4.454,4.447,4.225,4.528,4.663,4.744,4.791,4.826,4.778,4.635,4.733,4.636,4.523,4.476,4.554,4.144,3.986,4.21,4.326,4.392,4.308,4.29,4.141,3.955,4.087,4.11,4.13,4.212,4.132,4.028,4.027,4.219,4.35,4.353,4.332,4.371,4.138,4.071,4.297,4.323,4.186,4.257,4.318,4.336,4.331,4.411,5.17,5.191,4.992,5.078,5.139,5.065,5.155,5.297,5.202,5.092,5.12,5.108,5.046,5.079,5.114,5.188,5.143,5.169,5.125,5.039,5.169,5.153,5.16,5.305,5.193,5.109,4.918,5.135,4.771,4.673,4.646,4.776,4.853,4.734,4.715,4.75,4.797,4.882,4.945,4.933,4.813,4.921,4.953,5.02,5.001,4.723,4.757,4.85,4.988,5.029,5.057,5.103,5.081,5.047,4.891,4.981,5.029,5.121,5.152,5.053,5.048,4.891,5.065,5.117,5.023,5.103,5.073,5.092,4.932,5.031,5.104,5.114,5.065,5.012,5.085,4.852,4.984,5.072,5.034,5.053,5.065,5.059,4.899,5.07,5.13,5.182,5.148,5.102,4.97,5.526,5.662,5.643,5.777,5.771,5.924,5.888,5.624,5.71,5.622,5.648,5.64,5.587,5.533,5.381,5.599,5.733,5.893,5.837,5.593,5.1,4.74,4.683,5.098,5.477,5.512,5.429,5.382,5.336,5.635,5.717,7.619,7.696,7.686,7.6,7.414,7.618,7.669,7.507,7.436,7.617,7.54,7.321,7.68,7.789,7.58,7.411,7.304,7.128,6.616,6.636,6.692,7.224,7.504,7.417,7.27,7.058,7.47,7.575,7.273,6.772,6.7,6.813,6.641,7.139,7.17,7.161,7.185,7.05,6.754,6.328,6.568,6.583,6.686,6.587,6.603,6.616,6.33,6.809,6.914,6.791,6.375,6.568,6.399,5.947,6.399,6.818,6.896,6.843,6.964,6.737,6.336,4.387,4.499,4.685,4.681,4.518,4.384,4.171,4.273,4.269,4.267,4.021,4.24,4.4,4.102,3.89,4.166,4.407,4.558,4.503,4.446,4.255,4.486,4.599,4.558,4.634,4.785,4.629,4.432,4.753,4.877,4.845,5.349,5.4,5.373,5.057,5.315,5.399,5.421,5.348,5.209,5.077,4.741,4.817,4.837,4.84,4.766,4.529,4.683,4.717,4.983,4.974,4.913,4.708,4.633,4.572,4.587,4.994,5.032,5.015,5.087,5.1,4.45,4.251,4.511,4.646,4.405,4.468,4.446,4.472,4.323,4.46,4.42,4.495,4.5,4.462,4.398,4.246,4.585,4.629,4.637,4.622,4.562,4.442,4.177,3.94,3.857,4.133,4.361,4.45,4.473,4.35,4.395,3.828,3.877,3.843,3.905,3.892,3.811,3.867,3.897,3.898,3.896,3.9,3.783,3.691,3.719,3.817,3.875,3.904,3.938,3.951,3.797,3.936,3.991,3.982,3.981,3.982,3.985,3.898,3.998,3.948,3.953,5.049,5.123,5.132,4.952,5.057,5.173,5.235,5.108,5.07,4.874,4.745,4.995,5.003,5.033,5.127,5.23,5.268,5.151,5.353,5.371,5.329,5.351,5.439,5.404,5.219,5.324,5.425,5.511,5.531,5.467,5.409,5.166,5.306,5.285,5.196,5.261,5.3,5.331,5.283,5.368,5.376,5.424,5.438,5.469,5.275,5.065,5.208,5.314,5.415,5.367,5.433,5.369,5.214,5.253,5.346,5.306,4.958,5.119,5.27,5.137,5.204,5.21,4.805,4.871,5.027,5.012,4.897,4.929,5.014,5.138,5.068,5.076,5.1,4.863,5.095,5.18,5.114,5.102,5.171,5.137,5.003,5.142,5.19,5.173,5.259,5.302,5.198,5.087,5.307,5.251,5.55,5.57,5.685,5.63,5.41,5.52,5.212,5.086,5.278,5.583,5.649,5.506,5.794,5.822,5.807,5.681,5.367,5.077,4.714,5.075,5.271,5.411,5.521,5.552,5.681,5.464,5.672,5.739,5.768,5.74,5.521,5.281,5.213,5.439,5.666,5.686,5.721,5.806,5.677,5.533,5.763,5.878,5.921,5.993,5.934,5.877,5.663,5.812,5.97,5.91,5.834,5.715,5.559,5.108,5.436,5.691,5.697,5.747,5.74,5.524,5.038,4.275,4.44,4.623,4.634,4.78,4.85,4.67,4.861,5.021,5.077,5.154,5.117,5.042,4.776,4.866,5.049,5.18,5.054,5.281,5.223,5.038,5.171,5.207,4.882,4.647,4.452,4.576,4.764,4.994,5.081,4.967,4.756,4.843,5.035,4.668,4.902,4.952,5.056,5.124,5.084,4.891,4.681,4.874,4.849,4.76,4.824,4.954,4.864,4.632,4.783,4.813,4.892,4.922,4.914,4.757,4.359,4.381,4.514,4.467,4.355,4.257,0.0,0.0,0.0,0.0,0.0,0.0,0.0,0.0,0.0,0.0,0.0,0.0,0.0,0.0,0.0,0.0,0.0,0.0,0.0,0.0,0.0,0.0,0.0,0.0,0.0,0.0,0.0,0.0,0.0,0.0,0.0,5.484,5.402,5.475,5.674,5.83,5.511,5.577,5.78,5.946,6.078,6.303,6.061,5.878,6.117,6.008,6.268,6.328,6.277,6.12,6.078,6.274,6.323,6.036,5.994,6.181,6.197,6.052,6.195,6.492,6.604,6.666,3.609,3.545,3.436,3.377,3.444,3.39,3.203,3.15,3.102,2.957,3.127,3.265,3.371,3.501,3.394,3.189,2.949,3.041,3.111,3.228,3.271,3.215,3.085,2.863,3.056,3.21,3.256,3.251,3.29,3.244,4.683,4.647,4.846,4.969,5.029,5.082,5.163,5.145,5.224,5.296,5.394,5.426,5.435,5.389,5.215,5.25,5.106,5.292,5.351,5.364,5.293,5.094,5.064,4.948,5.119,5.28,5.297,5.335,5.129,5.201,5.287,3.968,3.942,3.965,3.894,3.77,3.846,3.881,3.895,3.871,3.734,3.504,3.18,3.117,3.334,3.431,3.519,3.569,3.646,3.524,3.601,3.683,3.712,3.764,3.684,3.581,3.337,3.347,3.396,3.407,3.324,3.922,3.85,3.728,3.767,3.743,3.909,4.02,4.086,4.034,3.898,4.097,4.169,4.177,4.137,4.191,4.184,3.97,4.002,4.162,4.252,4.28,4.386,4.276,4.078,4.226,4.309,4.299,4.257,4.34,4.403,4.254,4.616,4.7,4.821,4.817,4.833,4.708,4.503,4.656,4.651,4.733,4.761,4.831,4.898,4.678,4.72,4.881,4.931,4.934,4.958,4.994,4.887,4.903,4.972,4.942,4.609,4.307,4.447,4.578,4.462,4.521,4.526,5.439,5.513,5.689,5.672,5.542,5.579,5.675,5.815,5.736,5.745,5.772,5.504,5.766,5.862,5.788,5.775,5.853,5.814,5.662,5.82,5.874,5.855,5.952,6.001,5.883,5.758,6.006,5.943,5.249,5.17,5.19,5.296,5.245,5.04,5.142,4.856,4.738,4.917,5.202,5.263,5.129,5.398,5.424,5.41,5.292,5.001,4.73,4.391,4.728,4.911,5.041,5.143,5.172,5.293,5.091,5.284,5.346,5.373,5.347,5.144,4.693,4.632,4.833,5.035,5.052,5.084,5.159,5.044,4.916,5.121,5.223,5.261,5.325,5.273,5.222,5.032,5.164,5.305,5.251,5.184,5.079,4.94,4.539,4.83,5.057,5.062,5.107,5.1,4.908,4.476,4.552,4.728,4.923,4.934,5.09,5.164,4.973,5.177,5.347,5.406,5.489,5.449,5.37,5.086,5.182,5.377,5.517,5.382,5.623,5.562,5.364,5.507,5.545,5.198,4.949,4.741,4.873,5.073,5.318,5.411,5.289,4.756,4.843,5.035,4.668,4.902,4.952,5.056,5.124,5.084,4.891,4.681,4.874,4.849,4.76,4.824,4.954,4.864,4.632,4.783,4.813,4.892,4.922,4.914,4.757,4.359,4.381,4.514,4.467,4.355,4.257,4.83,4.786,5.113,5.142,5.012,4.838,4.917,4.748,4.695,5.091,5.094,5.18,5.102,5.068,4.969,4.831,5.0,4.968,4.853,4.986,5.041,4.809,4.575,4.839,4.88,4.669,4.563,4.438,4.308,4.34,4.627,3.174,3.127,3.169,3.284,3.375,3.19,3.228,3.346,3.442,3.518,3.648,3.508,3.403,3.541,3.478,3.628,3.663,3.634,3.542,3.518,3.632,3.66,3.494,3.47,3.578,3.587,3.503,3.586,3.758,3.823,3.858,1.755,1.724,1.671,1.642,1.675,1.649,1.558,1.532,1.509,1.438,1.521,1.588,1.64,1.703,1.651,1.551,1.434,1.479,1.513,1.57,1.591,1.564,1.5,1.393,1.486,1.561,1.584,1.581,1.6,1.578,4.683,4.647,4.846,4.969,5.029,5.082,5.163,5.145,5.224,5.296,5.394,5.426,5.435,5.389,5.215,5.25,5.106,5.292,5.351,5.364,5.293,5.094,5.064,4.948,5.119,5.28,5.297,5.335,5.129,5.201,5.287,3.968,3.942,3.965,3.894,3.77,3.846,3.881,3.895,3.871,3.734,3.504,3.18,3.117,3.334,3.431,3.519,3.569,3.646,3.524,3.601,3.683,3.712,3.764,3.684,3.581,3.337,3.347,3.396,3.407,3.324,3.922,3.85,3.728,3.767,3.743,3.909,4.02,4.086,4.034,3.898,4.097,4.169,4.177,4.137,4.191,4.184,3.97,4.002,4.162,4.252,4.28,4.386,4.276,4.078,4.226,4.309,4.299,4.257,4.34,4.403,4.254
Guntur_36,8.0,8.055,8.207,8.227,7.922,7.967,8.14,8.151,7.988,7.899,8.043,8.046,8.144,8.0,7.767,7.725,8.085,8.049,7.724,8.053,8.111,7.93,8.019,8.213,8.302,7.923,8.178,8.297,8.36,8.417,8.347,9.414,8.962,9.249,9.489,9.49,9.482,9.588,9.258,9.054,9.21,9.252,9.348,9.679,9.663,9.758,9.349,9.579,9.775,9.734,9.523,9.192,9.27,9.026,9.33,9.495,9.599,9.483,9.428,9.321,8.634,8.88,8.978,8.837,8.697,8.751,8.869,8.609,8.545,7.924,8.233,8.734,8.787,8.731,8.395,8.688,8.964,8.926,9.894,9.749,9.404,9.253,9.089,9.458,9.794,9.902,9.863,9.811,9.506,9.257,9.237,9.499,9.709,9.776,9.713,9.337,9.807,9.854,9.803,9.867,9.941,9.756,9.524,10.066,9.882,9.812,9.525,9.455,9.363,9.049,9.615,9.666,9.428,9.577,9.677,9.584,9.397,9.744,9.754,9.772,9.603,9.613,9.635,9.495,9.773,9.736,9.855,10.117,10.105,10.043,9.644,9.49,9.57,9.535,9.457,9.511,9.401,9.431,8.828,9.244,9.521,9.227,9.102,9.341,9.487,9.069,9.285,9.443,9.714,9.687,9.466,9.246,8.22,8.324,8.301,8.528,8.463,8.516,8.356,8.882,9.041,9.158,9.046,9.07,8.806,8.505,8.934,8.926,9.066,9.191,9.002,8.944,8.598,9.09,9.325,9.209,9.207,8.894,8.704,8.44,8.838,9.28,0.0,0.0,0.0,0.0,0.0,0.0,0.0,0.0,0.0,0.0,0.0,0.0,0.0,0.0,0.0,0.0,0.0,0.0,0.0,0.0,0.0,0.0,0.0,0.0,0.0,0.0,0.0,0.0,0.0,0.0,0.0,0.0,0.0,0.0,0.0,0.0,0.0,0.0,0.0,0.0,0.0,0.0,0.0,0.0,0.0,0.0,0.0,0.0,0.0,0.0,0.0,0.0,0.0,0.0,0.0,0.0,0.0,0.0,0.0,0.0,0.0,0.0,12.673,12.717,12.722,12.968,13.069,12.383,12.517,12.865,13.442,13.252,13.078,12.66,12.275,12.411,12.62,12.798,12.556,12.464,12.8,12.237,12.456,12.287,12.07,12.453,12.513,11.957,11.561,12.452,12.717,12.612,8.383,8.33,8.576,8.308,8.464,8.717,9.007,9.132,9.135,8.865,8.376,8.463,8.594,8.226,8.369,8.462,8.652,8.428,8.626,8.634,8.601,8.437,8.225,8.214,7.795,7.952,8.362,8.526,8.718,8.881,8.811,8.421,8.715,8.808,8.779,8.69,8.886,8.757,8.404,8.577,8.547,8.486,8.635,8.478,7.717,7.498,7.553,8.049,8.281,8.422,8.485,8.418,8.276,8.68,8.645,8.407,7.922,7.939,8.094,8.238,8.527,7.901,8.017,7.934,8.012,7.963,7.619,7.771,7.905,7.763,7.888,7.956,7.804,7.594,7.81,8.02,8.028,8.103,8.216,8.077,7.963,8.177,8.379,8.486,8.359,8.347,8.477,8.155,8.399,8.489,8.443,8.444,8.116,7.88,7.606,7.814,7.876,7.907,7.8,7.894,7.741,7.712,8.025,8.069,8.04,7.946,7.961,8.121,8.022,8.108,8.378,8.544,8.691,8.646,8.513,8.215,8.289,8.004,8.215,8.318,8.476,8.459,8.21,6.959,7.045,7.101,6.971,6.997,6.945,6.751,6.824,6.983,7.115,7.148,7.151,7.119,6.95,7.062,7.062,7.037,6.974,6.896,6.898,6.782,7.046,7.162,7.268,7.292,7.34,7.306,7.19,8.33,8.373,8.345,8.314,8.5,8.452,8.122,8.313,8.472,8.562,8.475,8.183,8.034,8.03,8.33,8.392,8.519,8.644,8.618,8.527,8.257,8.344,8.136,8.331,8.464,8.347,8.389,8.074,7.612,7.738,8.098,7.727,7.925,7.987,7.816,8.025,8.022,8.029,8.216,8.137,8.118,7.826,8.079,8.13,7.829,7.863,7.928,7.735,7.682,7.834,7.98,7.726,7.573,7.495,7.613,7.461,7.742,7.858,7.825,7.857,7.811,7.41,7.271,7.315,7.35,7.209,7.291,7.446,7.392,7.234,7.375,7.195,6.96,6.759,6.988,6.936,6.419,6.453,6.305,6.32,6.274,6.361,6.581,6.716,6.869,6.76,6.633,6.659,6.912,7.076,6.674,7.006,7.814,8.412,8.576,8.602,8.397,8.008,8.252,8.119,8.095,7.921,7.659,7.64,7.268,7.924,7.963,8.166,8.22,8.278,7.927,7.525,8.153,8.461,8.925,8.574,8.537,8.302,8.503,9.137,9.445,9.243,6.687,6.456,6.475,6.554,6.928,7.057,7.007,6.874,6.772,6.895,6.433,6.364,6.295,6.211,6.318,6.62,6.679,6.059,5.6,5.606,5.49,5.654,5.953,5.827,5.735,5.922,5.869,5.526,5.634,5.604,5.52,5.813,6.349,6.525,6.632,6.861,6.957,7.184,7.141,7.279,7.291,7.304,7.407,7.469,7.283,7.098,6.673,7.604,7.478,7.281,7.227,7.088,6.785,7.074,7.123,7.156,7.217,7.315,7.25,6.988,7.107,7.061,0.0,0.0,0.0,0.0,0.0,0.0,0.0,0.0,0.0,0.0,0.0,0.0,0.0,0.0,0.0,0.0,0.0,0.0,0.0,0.0,0.0,0.0,0.0,0.0,0.0,0.0,0.0,0.0,0.0,0.0,8.267,7.968,7.774,8.132,8.308,8.473,8.476,8.561,8.437,8.17,8.558,8.648,8.662,8.54,8.273,8.38,7.94,7.752,8.092,8.168,8.117,8.067,8.172,7.678,7.99,8.057,8.038,7.979,8.082,8.001,7.873,6.875,6.874,6.798,6.28,6.082,6.505,6.377,6.722,6.904,7.147,6.951,7.1,7.047,6.932,7.025,7.013,7.094,7.156,6.975,6.979,6.68,7.065,7.172,7.215,7.15,7.096,6.997,6.618,6.742,6.773,6.706,6.517,6.647,6.66,6.519,6.735,6.869,6.85,6.925,6.819,6.759,6.479,6.798,7.023,7.003,6.935,6.9,6.889,6.544,7.015,7.224,7.348,7.422,7.477,7.402,7.18,7.332,7.181,7.007,6.935,7.055,7.186,6.911,7.3,7.501,7.615,7.47,7.439,7.18,6.857,7.086,7.126,7.161,7.304,7.165,6.985,6.982,7.315,7.542,7.547,7.511,7.579,7.175,7.059,7.451,7.495,7.258,7.381,7.487,7.517,7.51,7.647,7.111,7.139,6.865,6.983,7.067,6.966,7.089,7.285,7.155,7.003,7.042,7.025,6.94,6.985,7.033,7.134,7.073,7.11,7.048,6.93,7.108,7.088,7.097,7.296,7.142,7.026,6.764,7.062,8.424,8.252,8.203,8.432,8.568,8.359,8.326,8.387,8.47,8.62,8.732,8.711,8.498,8.688,8.745,8.864,8.831,8.34,8.4,8.565,8.807,8.879,8.929,9.01,8.972,8.912,8.636,8.796,8.879,9.043,9.098,9.262,9.252,8.965,9.284,9.38,9.207,9.353,9.299,9.334,9.04,9.221,9.356,9.375,9.284,9.187,9.32,8.895,9.137,9.297,9.228,9.263,9.284,9.273,8.979,9.293,9.404,9.5,9.437,9.352,9.11,6.679,6.844,6.82,6.982,6.975,7.16,7.116,6.797,6.902,6.795,6.826,6.817,6.753,6.687,6.503,6.767,6.929,7.123,7.054,6.76,6.164,5.729,5.659,6.161,6.62,6.662,6.562,6.505,6.45,6.811,6.91,7.619,7.696,7.686,7.6,7.414,7.618,7.669,7.507,7.436,7.617,7.54,7.321,7.68,7.789,7.58,7.411,7.304,7.128,6.616,6.636,6.692,7.224,7.504,7.417,7.27,7.058,7.47,7.575,7.273,6.772,6.7,6.813,6.641,7.139,7.17,7.161,7.185,7.05,6.754,6.328,6.568,6.583,6.686,6.587,6.603,6.616,6.33,6.809,6.914,6.791,6.375,6.568,6.399,5.947,6.399,6.818,6.896,6.843,6.964,6.737,6.336,5.739,5.885,6.128,6.123,5.91,5.735,5.456,5.59,5.584,5.581,5.26,5.546,5.756,5.366,5.089,5.45,5.764,5.962,5.891,5.816,5.565,5.868,6.016,5.962,6.061,6.259,6.055,5.798,6.217,6.379,6.338,6.87,6.936,6.9,6.495,6.827,6.934,6.963,6.868,6.69,6.521,6.089,6.186,6.212,6.216,6.121,5.816,6.014,6.058,6.399,6.389,6.31,6.047,5.951,5.872,5.892,6.414,6.463,6.441,6.534,6.551,6.141,5.867,6.225,6.413,6.079,6.167,6.137,6.172,5.966,6.156,6.1,6.204,6.21,6.159,6.07,5.86,6.328,6.389,6.399,6.379,6.297,6.13,5.765,5.437,5.323,5.704,6.019,6.142,6.174,6.004,6.066,6.503,6.586,6.529,6.635,6.612,6.475,6.569,6.621,6.622,6.619,6.626,6.428,6.27,6.318,6.485,6.583,6.632,6.69,6.711,6.451,6.687,6.781,6.765,6.762,6.764,6.771,6.621,6.791,6.708,6.716,5.764,5.849,5.859,5.654,5.774,5.907,5.977,5.832,5.789,5.565,5.417,5.703,5.712,5.747,5.854,5.971,6.015,5.881,6.112,6.132,6.085,6.11,6.21,6.17,5.959,6.079,6.194,6.292,6.315,6.242,6.176,6.584,6.762,6.735,6.622,6.705,6.754,6.794,6.732,6.841,6.851,6.912,6.93,6.97,6.723,6.455,6.637,6.772,6.9,6.839,6.924,6.842,6.644,6.694,6.812,6.761,6.319,6.523,6.716,6.546,6.632,6.64,6.599,6.688,6.902,6.882,6.724,6.768,6.885,7.055,6.959,6.97,7.002,6.678,6.996,7.112,7.022,7.006,7.1,7.054,6.869,7.061,7.126,7.103,7.221,7.28,7.137,6.986,7.287,7.21,8.0,8.03,8.195,8.116,7.799,7.957,7.514,7.332,7.609,8.049,8.143,7.937,8.352,8.393,8.371,8.189,7.738,7.319,6.795,7.316,7.599,7.801,7.959,8.003,8.19,7.877,8.177,8.273,8.315,8.275,7.959,7.324,7.229,7.542,7.858,7.885,7.934,8.052,7.873,7.672,7.992,8.151,8.211,8.311,8.229,8.15,7.853,8.06,8.279,8.195,8.091,7.926,7.709,7.084,7.538,7.892,7.9,7.97,7.96,7.66,6.986,6.201,6.441,6.707,6.722,6.934,7.036,6.775,7.053,7.284,7.365,7.478,7.424,7.315,6.929,7.06,7.325,7.515,7.332,7.661,7.578,7.308,7.502,7.554,7.082,6.742,6.459,6.639,6.912,7.245,7.371,7.205,5.914,6.023,6.261,5.805,6.097,6.159,6.288,6.372,6.322,6.082,5.822,6.061,6.03,5.919,5.999,6.162,6.049,5.76,5.948,5.985,6.084,6.121,6.111,5.916,5.421,5.448,5.613,5.555,5.416,5.294,7.294,7.226,7.721,7.765,7.568,7.305,7.424,7.17,7.09,7.687,7.692,7.821,7.704,7.653,7.502,7.294,7.55,7.501,7.328,7.529,7.612,7.261,6.907,7.306,7.369,7.05,6.89,6.701,6.504,6.553,6.987,11.473,11.303,11.455,11.871,12.199,11.531,11.669,12.094,12.442,12.718,13.187,12.681,12.299,12.798,12.571,13.114,13.24,13.134,12.804,12.717,13.127,13.231,12.63,12.542,12.932,12.966,12.663,12.962,13.584,13.817,13.947,6.302,6.19,5.999,5.897,6.014,5.92,5.592,5.5,5.417,5.163,5.46,5.701,5.887,6.113,5.926,5.568,5.15,5.31,5.432,5.636,5.712,5.614,5.387,5.0,5.337,5.605,5.686,5.678,5.744,5.665,6.486,6.436,6.712,6.882,6.965,7.039,7.151,7.126,7.235,7.335,7.471,7.515,7.527,7.464,7.223,7.271,7.071,7.33,7.411,7.429,7.33,7.055,7.013,6.853,7.09,7.313,7.337,7.389,7.104,7.203,7.323,7.036,6.99,7.031,6.905,6.685,6.819,6.881,6.907,6.864,6.621,6.212,5.638,5.528,5.911,6.084,6.24,6.328,6.464,6.248,6.386,6.53,6.582,6.674,6.533,6.349,5.917,5.935,6.021,6.041,5.893,6.034,5.924,5.735,5.795,5.758,6.014,6.185,6.286,6.207,5.997,6.303,6.415,6.427,6.365,6.448,6.437,6.109,6.157,6.404,6.542,6.585,6.748,6.578,6.274,6.502,6.63,6.614,6.55,6.677,6.774,6.545,6.765,6.887,7.065,7.059,7.082,6.899,6.599,6.823,6.816,6.936,6.977,7.079,7.177,6.856,6.916,7.153,7.225,7.231,7.266,7.318,7.161,7.185,7.286,7.242,6.754,6.312,6.516,6.709,6.539,6.625,6.633,6.882,6.976,7.199,7.178,7.013,7.059,7.181,7.358,7.258,7.269,7.303,6.965,7.296,7.418,7.324,7.307,7.405,7.357,7.164,7.364,7.433,7.408,7.531,7.593,7.443,7.286,7.6,7.519,6.642,8.596,8.628,8.805,8.721,8.38,8.55,8.074,7.878,8.176,8.649,8.75,8.528,8.974,9.018,8.995,8.799,8.314,7.864,7.301,7.861,8.166,8.382,8.551,8.599,8.8,8.464,8.786,8.889,8.934,8.891,8.552,7.642,7.542,7.869,8.198,8.227,8.278,8.401,8.214,8.005,8.339,8.505,8.567,8.672,8.586,8.503,8.194,8.409,8.638,8.551,8.442,8.27,8.043,7.391,7.865,8.234,8.243,8.316,8.305,7.993,7.289,6.497,6.748,7.026,7.042,7.265,7.371,7.098,7.388,7.631,7.716,7.834,7.777,7.664,7.259,7.396,7.674,7.873,7.681,8.025,7.939,7.656,7.859,7.913,7.419,7.063,6.766,6.955,7.241,7.59,7.722,7.548,5.914,6.023,6.261,5.805,6.097,6.159,6.288,6.372,6.322,6.082,5.822,6.061,6.03,5.919,5.999,6.162,6.049,5.76,5.948,5.985,6.084,6.121,6.111,5.916,5.421,5.448,5.613,5.555,5.416,5.294,6.894,6.83,7.298,7.339,7.153,6.905,7.018,6.777,6.701,7.266,7.27,7.392,7.282,7.233,7.091,6.894,7.136,7.09,6.926,7.116,7.195,6.863,6.529,6.906,6.965,6.663,6.512,6.334,6.148,6.194,6.604,5.285,5.207,5.277,5.468,5.619,5.312,5.375,5.571,5.731,5.858,6.075,5.841,5.665,5.895,5.791,6.041,6.099,6.05,5.898,5.858,6.047,6.094,5.818,5.777,5.957,5.973,5.833,5.971,6.257,6.365,6.424,5.272,5.179,5.019,4.933,5.031,4.953,4.678,4.602,4.532,4.319,4.567,4.769,4.925,5.114,4.958,4.658,4.308,4.442,4.544,4.715,4.778,4.696,4.507,4.183,4.465,4.689,4.757,4.75,4.806,4.739,6.486,6.436,6.712,6.882,6.965,7.039,7.151,7.126,7.235,7.335,7.471,7.515,7.527,7.464,7.223,7.271,7.071,7.33,7.411,7.429,7.33,7.055,7.013,6.853,7.09,7.313,7.337,7.389,7.104,7.203,7.323,7.036,6.99,7.031,6.905,6.685,6.819,6.881,6.907,6.864,6.621,6.212,5.638,5.528,5.911,6.084,6.24,6.328,6.464,6.248,6.386,6.53,6.582,6.674,6.533,6.349,5.917,5.935,6.021,6.041,5.893,6.034,5.924,5.735,5.795,5.758,6.014,6.185,6.286,6.207,5.997,6.303,6.415,6.427,6.365,6.448,6.437,6.109,6.157,6.404,6.542,6.585,6.748,6.578,6.274,6.502,6.63,6.614,6.55,6.677,6.774,6.545
Guntur_37,7.476,7.528,7.67,7.689,7.403,7.445,7.607,7.617,7.465,7.382,7.517,7.52,7.611,7.476,7.258,7.219,7.556,7.522,7.218,7.525,7.58,7.411,7.494,7.675,7.759,7.404,7.642,7.754,7.813,7.866,7.801,8.973,8.542,8.815,9.044,9.045,9.037,9.138,8.824,8.63,8.778,8.819,8.91,9.225,9.21,9.301,8.911,9.13,9.316,9.278,9.076,8.761,8.836,8.603,8.892,9.05,9.149,9.039,8.986,8.884,8.733,8.981,9.08,8.938,8.797,8.851,8.971,8.708,8.642,8.014,8.327,8.834,8.888,8.83,8.491,8.787,9.066,9.028,10.007,9.86,9.511,9.358,9.193,9.566,9.906,10.015,9.975,9.923,9.615,9.363,9.342,8.237,8.419,8.477,8.423,8.096,8.504,8.545,8.501,8.556,8.62,8.46,8.259,8.729,8.569,8.508,8.26,8.199,8.119,7.847,8.338,8.381,8.175,8.305,8.391,8.31,8.148,8.449,8.458,8.473,8.327,10.224,10.248,10.099,10.394,10.355,10.482,10.76,10.747,10.681,10.257,10.093,10.179,10.141,10.059,10.116,9.998,10.03,9.389,9.831,10.126,9.814,9.68,9.934,10.09,9.646,9.875,10.043,10.331,10.302,10.068,9.834,8.3,8.405,8.382,8.611,8.546,8.599,8.437,8.968,9.129,9.247,9.134,9.158,8.892,8.588,9.021,9.013,9.154,9.28,9.089,9.031,8.681,9.179,9.416,9.298,9.296,8.98,8.788,8.522,8.924,9.37,0.0,0.0,0.0,0.0,0.0,0.0,0.0,0.0,0.0,0.0,0.0,0.0,0.0,0.0,0.0,0.0,0.0,0.0,0.0,0.0,0.0,0.0,0.0,0.0,0.0,0.0,0.0,0.0,0.0,0.0,0.0,0.0,0.0,0.0,0.0,0.0,0.0,0.0,0.0,0.0,0.0,0.0,0.0,0.0,0.0,0.0,0.0,0.0,0.0,0.0,0.0,0.0,0.0,0.0,0.0,0.0,0.0,0.0,0.0,0.0,0.0,0.0,7.453,7.478,7.481,7.626,7.685,7.282,7.361,7.566,7.904,7.793,7.691,7.445,7.218,7.298,7.421,7.526,7.384,7.33,7.527,7.196,7.325,7.225,7.098,7.323,7.359,7.031,6.799,7.322,7.478,7.417,8.045,7.994,8.23,7.973,8.123,8.366,8.644,8.764,8.767,8.508,8.039,8.122,8.248,7.895,8.031,8.121,8.303,8.088,8.278,8.287,8.255,8.097,7.894,7.883,7.481,7.631,8.025,8.183,8.367,8.523,8.456,8.842,9.151,9.249,9.218,9.125,9.33,9.195,8.825,9.006,8.975,8.911,9.067,8.902,8.103,7.873,7.931,8.451,8.695,8.843,8.91,8.839,8.69,9.114,9.077,8.828,8.318,8.336,8.499,8.65,8.953,6.576,6.672,6.603,6.667,6.627,6.341,6.467,6.578,6.46,6.564,6.621,6.494,6.32,6.499,6.675,6.681,6.743,6.837,6.722,6.627,6.805,6.973,7.062,6.956,6.946,7.054,6.787,6.99,7.064,7.026,7.027,7.604,7.383,7.126,7.321,7.379,7.408,7.308,7.396,7.253,7.225,7.519,7.56,7.533,7.445,7.459,7.609,7.517,7.597,7.85,8.006,8.143,8.101,7.976,7.697,7.766,7.5,7.697,7.794,7.941,7.925,7.692,6.784,6.868,6.922,6.796,6.821,6.77,6.581,6.653,6.807,6.936,6.968,6.972,6.94,6.775,6.884,6.884,6.86,6.798,6.722,6.724,6.612,6.869,6.982,7.085,7.109,7.156,7.122,7.009,10.516,10.569,10.534,10.495,10.731,10.669,10.253,10.494,10.695,10.808,10.698,10.33,10.142,10.137,10.516,10.594,10.754,10.912,10.879,10.764,10.423,10.534,10.271,10.517,10.685,10.537,10.59,10.192,9.609,9.768,10.223,9.896,10.149,10.229,10.01,10.277,10.274,10.283,10.522,10.421,10.396,10.023,10.346,10.413,10.027,10.071,10.154,9.907,9.838,10.033,10.22,9.895,9.699,9.599,9.75,9.555,9.915,10.063,10.021,10.063,10.004,7.607,7.465,7.51,7.546,7.401,7.485,7.644,7.59,7.426,7.571,7.387,7.146,6.939,7.174,7.121,6.59,6.625,6.473,6.488,6.441,6.531,6.757,6.896,7.052,6.94,6.81,6.836,7.097,7.265,6.852,7.193,7.473,8.045,8.202,8.227,8.031,7.659,7.892,7.765,7.742,7.575,7.325,7.306,6.951,7.579,7.615,7.81,7.861,7.917,7.582,7.197,7.797,8.092,8.536,8.2,8.164,7.939,8.132,8.738,9.033,8.84,12.035,11.62,11.654,11.797,12.469,12.702,12.611,12.371,12.188,12.41,11.578,11.453,11.329,11.178,11.37,11.914,12.021,10.905,10.078,10.089,9.881,10.175,10.715,10.487,10.321,10.658,10.563,9.946,10.139,10.087,9.934,5.813,6.349,6.525,6.632,6.861,6.957,7.184,7.141,7.279,7.291,7.304,7.407,7.469,7.283,7.098,6.673,7.604,7.478,7.281,7.227,7.088,6.785,7.074,7.123,7.156,7.217,7.315,7.25,6.988,7.107,7.061,0.0,0.0,0.0,0.0,0.0,0.0,0.0,0.0,0.0,0.0,0.0,0.0,0.0,0.0,0.0,0.0,0.0,0.0,0.0,0.0,0.0,0.0,0.0,0.0,0.0,0.0,0.0,0.0,0.0,0.0,6.369,6.139,5.989,6.265,6.401,6.528,6.531,6.596,6.501,6.295,6.594,6.663,6.674,6.58,6.374,6.456,6.118,5.973,6.234,6.293,6.254,6.215,6.297,5.916,6.156,6.208,6.193,6.148,6.227,6.165,6.066,5.884,5.883,5.818,5.374,5.206,5.568,5.458,5.753,5.909,6.116,5.949,6.077,6.032,5.933,6.012,6.002,6.071,6.124,5.969,5.973,5.717,6.046,6.138,6.175,6.119,6.073,5.988,5.664,5.77,5.797,6.8,6.608,6.739,6.753,6.61,6.829,6.965,6.946,7.021,6.914,6.853,6.569,6.893,7.121,7.1,7.032,6.996,6.985,6.636,7.112,7.324,7.451,7.525,7.581,7.505,7.28,7.434,7.281,7.105,7.031,7.153,7.719,7.425,7.842,8.058,8.18,8.025,7.991,7.714,7.366,7.612,7.655,7.693,7.846,7.697,7.504,7.5,7.859,8.102,8.107,8.068,8.141,7.707,7.583,8.004,8.052,7.797,7.929,8.043,8.076,8.068,8.215,8.323,8.357,8.036,8.174,8.272,8.154,8.298,8.528,8.375,8.198,8.243,8.223,8.123,8.176,8.232,8.351,8.28,8.322,8.25,8.112,8.321,8.296,8.307,8.54,8.36,8.224,7.917,8.267,9.207,9.018,8.965,9.216,9.364,9.135,9.099,9.165,9.256,9.42,9.543,9.52,9.287,9.495,9.558,9.688,9.651,9.114,9.18,9.36,9.625,9.704,9.759,9.847,9.805,9.739,9.438,9.613,9.704,9.883,9.943,8.964,8.954,8.676,8.985,9.078,8.91,9.052,9.0,9.034,8.749,8.924,9.055,9.073,8.985,8.892,9.02,8.608,8.843,8.998,8.93,8.965,8.985,8.974,8.69,8.994,9.101,9.194,9.133,9.051,8.817,8.124,8.324,8.296,8.493,8.484,8.709,8.655,8.268,8.395,8.265,8.302,8.292,8.214,8.134,7.91,8.231,8.428,8.664,8.581,8.222,7.498,6.968,6.884,7.494,8.052,8.103,7.982,7.913,7.845,8.284,8.404,10.561,10.667,10.654,10.535,10.277,10.56,10.631,10.405,10.307,10.558,10.452,10.148,10.646,10.796,10.507,10.273,10.124,9.881,9.171,9.198,9.275,10.013,10.402,10.281,10.077,9.784,10.354,10.5,10.081,9.386,9.287,9.444,9.205,9.895,9.938,9.926,9.959,9.772,9.363,8.771,9.104,9.125,9.267,9.13,9.152,9.171,8.774,9.439,9.584,9.414,8.837,9.104,8.87,8.243,8.87,9.451,9.559,9.485,9.653,9.338,8.783,6.057,6.212,6.468,6.463,6.238,6.053,5.758,5.9,5.894,5.891,5.552,5.853,6.075,5.664,5.371,5.752,6.084,6.293,6.218,6.139,5.874,6.194,6.35,6.292,6.397,6.606,6.391,6.119,6.562,6.733,6.689,7.044,7.112,7.075,6.66,7.0,7.11,7.139,7.042,6.859,6.686,6.244,6.343,6.37,6.373,6.276,5.964,6.166,6.211,6.561,6.55,6.47,6.2,6.101,6.021,6.041,6.576,6.627,6.605,6.699,6.717,7.031,6.717,7.127,7.342,6.96,7.06,7.026,7.067,6.831,7.048,6.984,7.103,7.11,7.051,6.949,6.709,7.244,7.314,7.327,7.303,7.209,7.019,6.601,6.225,6.095,6.531,6.891,7.032,7.068,6.873,6.945,6.361,6.443,6.387,6.49,6.467,6.334,6.426,6.476,6.478,6.475,6.481,6.287,6.134,6.18,6.344,6.439,6.487,6.544,6.565,6.31,6.541,6.633,6.618,6.615,6.617,6.623,6.477,6.643,6.562,6.569,7.401,7.509,7.522,7.259,7.413,7.583,7.673,7.487,7.432,7.145,6.955,7.322,7.334,7.378,7.515,7.666,7.723,7.55,7.847,7.873,7.812,7.844,7.973,7.921,7.65,7.804,7.952,8.078,8.107,8.014,7.929,8.025,8.243,8.209,8.071,8.173,8.233,8.281,8.206,8.338,8.35,8.426,8.447,8.496,8.195,7.868,8.09,8.254,8.411,8.336,8.44,8.34,8.099,8.159,8.304,8.242,7.702,7.951,8.187,7.979,8.084,8.093,10.034,10.171,10.496,10.465,10.225,10.292,10.47,10.729,10.582,10.599,10.648,10.155,10.638,10.816,10.678,10.654,10.797,10.727,10.446,10.737,10.837,10.801,10.981,11.071,10.853,10.623,11.081,10.964,10.951,10.992,11.218,11.11,10.676,10.892,10.286,10.036,10.416,11.018,11.147,10.864,11.433,11.489,11.459,11.21,10.592,10.019,9.302,10.015,10.402,10.678,10.894,10.955,11.211,10.782,11.193,11.324,11.382,11.327,10.895,10.361,10.227,10.67,11.116,11.155,11.224,11.391,11.137,10.854,11.306,11.531,11.615,11.758,11.641,11.53,11.109,11.402,11.712,11.594,11.446,11.213,10.906,10.021,10.664,11.165,11.177,11.275,11.261,10.837,9.883,8.441,8.767,9.129,9.149,9.438,9.576,9.221,9.599,9.915,10.025,10.178,10.105,9.957,9.431,9.609,9.971,10.229,9.98,10.427,10.314,9.947,10.211,10.281,9.639,9.177,8.791,9.036,9.408,9.861,10.033,9.807,7.423,7.56,7.858,7.286,7.652,7.73,7.893,7.998,7.935,7.634,7.307,7.608,7.568,7.429,7.53,7.733,7.593,7.23,7.466,7.512,7.636,7.683,7.67,7.425,6.804,6.838,7.045,6.972,6.798,6.644,7.294,7.226,7.721,7.765,7.568,7.305,7.424,7.17,7.09,7.687,7.692,7.821,7.704,7.653,7.502,7.294,7.55,7.501,7.328,7.529,7.612,7.261,6.907,7.306,7.369,7.05,6.89,6.701,6.504,6.553,6.987,16.672,16.425,16.646,17.249,17.726,16.756,16.956,17.574,18.079,18.48,19.163,18.426,17.872,18.596,18.266,19.055,19.239,19.085,18.605,18.478,19.075,19.225,18.352,18.225,18.791,18.841,18.401,18.835,19.738,20.077,20.266,7.615,7.48,7.249,7.125,7.267,7.154,6.757,6.646,6.546,6.238,6.597,6.888,7.113,7.387,7.161,6.728,6.222,6.416,6.564,6.81,6.902,6.783,6.509,6.042,6.449,6.772,6.871,6.86,6.941,6.845,7.092,7.037,7.338,7.524,7.615,7.696,7.818,7.791,7.91,8.019,8.168,8.216,8.229,8.16,7.897,7.95,7.731,8.014,8.102,8.123,8.014,7.713,7.668,7.493,7.751,7.996,8.022,8.078,7.767,7.875,8.006,7.798,7.747,7.792,7.653,7.409,7.557,7.626,7.654,7.607,7.337,6.885,6.248,6.126,6.551,6.743,6.916,7.013,7.164,6.925,7.077,7.237,7.295,7.396,7.24,7.036,6.558,6.577,6.673,6.695,6.532,6.52,6.401,6.197,6.262,6.222,6.498,6.683,6.792,6.707,6.48,6.81,6.931,6.945,6.877,6.967,6.955,6.601,6.653,6.919,7.069,7.115,7.291,7.108,6.779,7.025,7.164,7.147,7.077,7.215,7.319,7.072,8.606,8.761,8.988,8.98,9.009,8.776,8.395,8.68,8.671,8.823,8.876,9.005,9.13,8.721,8.798,9.1,9.191,9.198,9.243,9.31,9.11,9.14,9.269,9.212,8.592,8.03,8.289,8.535,8.318,8.427,8.437,11.628,11.786,12.163,12.127,11.848,11.927,12.133,12.432,12.262,12.282,12.339,11.768,12.328,12.533,12.373,12.345,12.512,12.43,12.104,12.442,12.558,12.516,12.725,12.829,12.576,12.31,12.84,12.705,11.222,10.966,11.007,11.233,11.125,10.69,10.907,10.299,10.049,10.43,11.033,11.162,10.879,11.448,11.504,11.474,11.225,10.606,10.032,9.314,10.028,10.416,10.692,10.908,10.97,11.226,10.797,11.208,11.339,11.397,11.342,10.91,8.806,8.692,9.069,9.448,9.481,9.54,9.682,9.466,9.225,9.61,9.801,9.872,9.993,9.894,9.799,9.442,9.691,9.954,9.854,9.729,9.53,9.269,8.517,9.064,9.489,9.499,9.583,9.571,9.211,8.4,9.136,9.489,9.881,9.903,10.216,10.365,9.981,10.39,10.732,10.851,11.017,10.937,10.777,10.208,10.401,10.792,11.072,10.802,11.286,11.164,10.767,11.052,11.129,10.434,9.933,9.515,9.781,10.183,10.673,10.86,10.615,7.423,7.56,7.858,7.286,7.652,7.73,7.893,7.998,7.935,7.634,7.307,7.608,7.568,7.429,7.53,7.733,7.593,7.23,7.466,7.512,7.636,7.683,7.67,7.425,6.804,6.838,7.045,6.972,6.798,6.644,9.695,9.605,10.263,10.321,10.06,9.711,9.869,9.53,9.424,10.218,10.224,10.396,10.241,10.172,9.972,9.696,10.036,9.971,9.741,10.007,10.118,9.652,9.182,9.711,9.795,9.371,9.159,8.908,8.646,8.71,9.287,5.285,5.207,5.277,5.468,5.619,5.312,5.375,5.571,5.731,5.858,6.075,5.841,5.665,5.895,5.791,6.041,6.099,6.05,5.898,5.858,6.047,6.094,5.818,5.777,5.957,5.973,5.833,5.971,6.257,6.365,6.424,6.102,5.994,5.809,5.71,5.823,5.732,5.415,5.326,5.245,4.999,5.286,5.52,5.7,5.919,5.738,5.391,4.986,5.141,5.26,5.457,5.53,5.436,5.216,4.841,5.167,5.427,5.506,5.497,5.562,5.485,7.092,7.037,7.338,7.524,7.615,7.696,7.818,7.791,7.91,8.019,8.168,8.216,8.229,8.16,7.897,7.95,7.731,8.014,8.102,8.123,8.014,7.713,7.668,7.493,7.751,7.996,8.022,8.078,7.767,7.875,8.006,7.798,7.747,7.792,7.653,7.409,7.557,7.626,7.654,7.607,7.337,6.885,6.248,6.126,6.551,6.743,6.916,7.013,7.164,6.925,7.077,7.237,7.295,7.396,7.24,7.036,6.558,6.577,6.673,6.695,6.532,6.52,6.401,6.197,6.262,6.222,6.498,6.683,6.792,6.707,6.48,6.81,6.931,6.945,6.877,6.967,6.955,6.601,6.653,6.919,7.069,7.115,7.291,7.108,6.779,7.025,7.164,7.147,7.077,7.215,7.319,7.072
Guntur_38,10.877,10.951,11.158,11.186,10.771,10.832,11.068,11.082,10.861,10.739,10.936,10.94,11.073,10.876,10.56,10.503,10.993,10.944,10.501,10.948,11.028,10.782,10.903,11.167,11.288,10.772,11.118,11.281,11.367,11.443,11.349,10.514,10.01,10.33,10.598,10.599,10.59,10.708,10.34,10.113,10.286,10.334,10.44,10.81,10.792,10.899,10.442,10.698,10.917,10.872,10.636,10.266,10.354,10.081,10.42,10.605,10.721,10.592,10.53,10.41,10.863,11.173,11.296,11.118,10.943,11.01,11.159,10.832,10.751,9.97,10.359,10.989,11.056,10.985,10.562,10.931,11.278,11.231,12.449,12.266,11.832,11.642,11.436,11.9,12.323,12.459,12.409,12.344,11.961,11.647,11.622,10.859,11.1,11.176,11.105,10.674,11.211,11.265,11.208,11.28,11.365,11.154,10.888,11.508,11.297,11.217,10.89,10.81,10.704,10.345,10.992,11.05,10.778,10.949,11.063,10.956,10.743,11.14,11.151,11.171,10.979,11.136,11.162,11.0,11.322,11.279,11.417,11.72,11.707,11.634,11.173,10.994,11.087,11.046,10.956,11.019,10.89,10.925,10.227,10.709,11.03,10.69,10.544,10.821,10.99,10.507,10.757,10.94,11.253,11.222,10.966,10.712,9.429,9.548,9.522,9.782,9.708,9.768,9.584,10.188,10.371,10.505,10.376,10.404,10.101,9.755,10.248,10.239,10.399,10.542,10.325,10.259,9.862,10.427,10.696,10.563,10.561,10.201,9.983,9.68,10.137,10.644,0.0,0.0,0.0,0.0,0.0,0.0,0.0,0.0,0.0,0.0,0.0,0.0,0.0,0.0,0.0,0.0,0.0,0.0,0.0,0.0,0.0,0.0,0.0,0.0,0.0,0.0,0.0,0.0,0.0,0.0,0.0,0.0,0.0,0.0,0.0,0.0,0.0,0.0,0.0,0.0,0.0,0.0,0.0,0.0,0.0,0.0,0.0,0.0,0.0,0.0,0.0,0.0,0.0,0.0,0.0,0.0,0.0,0.0,0.0,0.0,0.0,0.0,7.406,7.431,7.434,7.578,7.637,7.236,7.315,7.518,7.855,7.744,7.643,7.398,7.173,7.252,7.375,7.479,7.337,7.284,7.48,7.151,7.279,7.18,7.053,7.277,7.313,6.987,6.756,7.277,7.431,7.37,9.448,9.388,9.666,9.364,9.539,9.825,10.152,10.293,10.296,9.992,9.441,9.538,9.686,9.271,9.432,9.538,9.751,9.499,9.722,9.732,9.694,9.509,9.27,9.257,8.785,8.962,9.425,9.61,9.826,10.01,9.93,9.576,9.911,10.017,9.984,9.882,10.105,9.958,9.558,9.754,9.72,9.651,9.82,9.641,8.776,8.526,8.589,9.153,9.417,9.577,9.649,9.573,9.412,9.871,9.831,9.561,9.009,9.029,9.205,9.368,9.697,8.862,8.992,8.899,8.986,8.931,8.546,8.716,8.866,8.707,8.847,8.923,8.753,8.518,8.759,8.996,9.004,9.088,9.215,9.059,8.932,9.172,9.398,9.517,9.375,9.362,9.508,9.147,9.42,9.521,9.47,9.47,10.406,10.102,9.752,10.018,10.098,10.137,10.0,10.12,9.924,9.887,10.289,10.345,10.309,10.188,10.207,10.412,10.286,10.395,10.742,10.955,11.143,11.086,10.915,10.532,10.627,10.262,10.533,10.665,10.867,10.845,10.526,11.415,11.556,11.648,11.434,11.476,11.391,11.073,11.194,11.454,11.671,11.724,11.73,11.676,11.4,11.583,11.583,11.542,11.439,11.311,11.314,11.125,11.558,11.747,11.922,11.961,12.04,11.983,11.793,13.715,13.785,13.739,13.688,13.995,13.915,13.373,13.687,13.948,14.096,13.953,13.472,13.228,13.221,13.715,13.816,14.026,14.231,14.189,14.038,13.594,13.738,13.396,13.716,13.935,13.742,13.812,13.293,12.532,12.739,13.333,13.804,14.158,14.27,13.964,14.336,14.331,14.344,14.678,14.537,14.503,13.982,14.433,14.525,13.987,14.048,14.164,13.819,13.724,13.996,14.257,13.803,13.53,13.39,13.602,13.329,13.831,14.038,13.979,14.038,13.955,10.472,10.276,10.339,10.388,10.188,10.304,10.523,10.448,10.223,10.423,10.169,9.837,9.553,9.876,9.803,9.072,9.12,8.911,8.932,8.867,8.99,9.301,9.493,9.708,9.553,9.375,9.411,9.769,10.001,9.432,9.902,10.307,11.096,11.312,11.347,11.076,10.563,10.884,10.709,10.678,10.448,10.102,10.077,9.587,10.452,10.503,10.771,10.842,10.919,10.457,9.926,10.753,11.16,11.773,11.31,11.26,10.95,11.215,12.052,12.459,12.192,12.035,11.62,11.654,11.797,12.469,12.702,12.611,12.371,12.188,12.41,11.578,11.453,11.329,11.178,11.37,11.914,12.021,10.905,10.078,10.089,9.881,10.175,10.715,10.487,10.321,10.658,10.563,9.946,10.139,10.087,9.934,13.061,14.264,14.659,14.899,15.414,15.632,16.141,16.043,16.355,16.381,16.409,16.641,16.782,16.364,15.947,14.993,17.085,16.801,16.358,16.237,15.925,15.244,15.894,16.003,16.078,16.215,16.436,16.289,15.7,15.966,15.864,0.0,0.0,0.0,0.0,0.0,0.0,0.0,0.0,0.0,0.0,0.0,0.0,0.0,0.0,0.0,0.0,0.0,0.0,0.0,0.0,0.0,0.0,0.0,0.0,0.0,0.0,0.0,0.0,0.0,0.0,10.996,10.599,10.341,10.817,11.051,11.27,11.275,11.387,11.223,10.868,11.384,11.503,11.522,11.36,11.005,11.147,10.562,10.312,10.763,10.865,10.797,10.731,10.871,10.213,10.628,10.718,10.692,10.614,10.751,10.643,10.472,7.949,7.948,7.86,7.261,7.033,7.522,7.374,7.773,7.982,8.263,8.037,8.209,8.149,8.015,8.123,8.109,8.202,8.274,8.064,8.069,7.724,8.168,8.293,8.342,8.267,8.205,8.09,7.652,7.795,7.831,9.66,9.387,9.574,9.594,9.39,9.702,9.894,9.867,9.974,9.822,9.736,9.333,9.792,10.116,10.087,9.99,9.938,9.923,9.427,10.104,10.405,10.585,10.69,10.769,10.662,10.342,10.561,10.344,10.093,9.989,10.161,11.46,11.023,11.643,11.963,12.145,11.914,11.864,11.452,10.936,11.301,11.366,11.421,11.648,11.428,11.14,11.135,11.667,12.029,12.037,11.978,12.087,11.443,11.258,11.883,11.954,11.575,11.772,11.941,11.989,11.977,12.197,11.69,11.736,11.285,11.48,11.618,11.451,11.654,11.977,11.761,11.513,11.576,11.548,11.409,11.482,11.561,11.729,11.628,11.688,11.586,11.392,11.686,11.651,11.666,11.994,11.74,11.55,11.119,11.61,12.357,12.104,12.033,12.369,12.568,12.261,12.213,12.302,12.424,12.644,12.808,12.778,12.465,12.744,12.828,13.003,12.954,12.233,12.322,12.563,12.918,13.025,13.098,13.217,13.161,13.072,12.667,12.902,13.024,13.265,13.345,13.182,13.168,12.759,13.213,13.349,13.103,13.312,13.235,13.285,12.865,13.124,13.315,13.342,13.212,13.075,13.264,12.659,13.003,13.232,13.133,13.183,13.213,13.197,12.779,13.226,13.383,13.52,13.43,13.31,12.965,9.085,9.309,9.277,9.497,9.488,9.739,9.679,9.246,9.388,9.243,9.284,9.272,9.185,9.096,8.846,9.204,9.425,9.689,9.595,9.194,8.385,7.792,7.698,8.38,9.005,9.062,8.926,8.848,8.773,9.264,9.398,10.561,10.667,10.654,10.535,10.277,10.56,10.631,10.405,10.307,10.558,10.452,10.148,10.646,10.796,10.507,10.273,10.124,9.881,9.171,9.198,9.275,10.013,10.402,10.281,10.077,9.784,10.354,10.5,10.081,9.386,9.287,9.444,9.205,9.895,9.938,9.926,9.959,9.772,9.363,8.771,9.104,9.125,9.267,9.13,9.152,9.171,8.774,9.439,9.584,9.414,8.837,9.104,8.87,8.243,8.87,9.451,9.559,9.485,9.653,9.338,8.783,7.084,7.264,7.564,7.558,7.294,7.079,6.734,6.9,6.892,6.889,6.493,6.845,7.105,6.623,6.281,6.727,7.115,7.359,7.271,7.179,6.869,7.243,7.425,7.358,7.481,7.726,7.473,7.156,7.673,7.874,7.823,8.449,8.53,8.486,7.988,8.396,8.528,8.563,8.447,8.228,8.02,7.489,7.608,7.64,7.644,7.528,7.153,7.396,7.45,7.87,7.857,7.76,7.436,7.318,7.222,7.246,7.888,7.949,7.922,8.035,8.056,9.323,8.905,9.45,9.734,9.228,9.361,9.315,9.369,9.057,9.344,9.259,9.418,9.427,9.349,9.214,8.895,9.605,9.698,9.714,9.683,9.559,9.306,8.751,8.253,8.081,8.659,9.136,9.324,9.372,9.113,9.209,8.913,9.027,8.949,9.094,9.062,8.874,9.004,9.075,9.077,9.072,9.082,8.81,8.594,8.66,8.889,9.022,9.089,9.17,9.199,8.841,9.165,9.294,9.273,9.269,9.271,9.28,9.075,9.308,9.194,9.205,9.161,9.295,9.311,8.985,9.175,9.387,9.498,9.268,9.2,8.844,8.609,9.063,9.078,9.133,9.303,9.49,9.559,9.346,9.713,9.745,9.669,9.709,9.869,9.805,9.469,9.66,9.843,9.999,10.035,9.92,9.815,12.812,13.159,13.106,12.886,13.048,13.144,13.22,13.1,13.312,13.331,13.451,13.486,13.563,13.082,12.561,12.916,13.177,13.428,13.309,13.474,13.315,12.929,13.026,13.257,13.157,12.296,12.694,13.07,12.738,12.905,12.921,14.149,14.342,14.8,14.757,14.418,14.513,14.764,15.129,14.921,14.945,15.015,14.32,15.001,15.251,15.057,15.023,15.225,15.126,14.729,15.141,15.281,15.231,15.484,15.611,15.303,14.979,15.625,15.46,14.12,14.173,14.464,14.325,13.766,14.044,13.262,12.94,13.43,14.206,14.373,14.008,14.741,14.813,14.775,14.454,13.657,12.918,11.993,12.913,13.413,13.768,14.047,14.126,14.455,13.903,14.432,14.601,14.675,14.604,14.048,14.01,13.828,14.427,15.031,15.083,15.177,15.402,15.059,14.676,15.288,15.592,15.706,15.898,15.74,15.59,15.022,15.417,15.836,15.676,15.477,15.161,14.746,13.55,14.419,15.096,15.112,15.246,15.226,14.653,13.364,11.127,11.556,12.034,12.061,12.442,12.623,12.156,12.654,13.07,13.215,13.417,13.32,13.125,12.432,12.667,13.143,13.485,13.155,13.745,13.597,13.113,13.46,13.553,12.707,12.097,11.589,11.912,12.401,12.999,13.226,12.928,12.428,12.657,13.157,12.198,12.812,12.942,13.214,13.39,13.285,12.781,12.234,12.737,12.671,12.438,12.607,12.948,12.712,12.105,12.499,12.577,12.784,12.862,12.841,12.432,11.391,11.448,11.795,11.673,11.381,11.124,13.315,13.191,14.094,14.175,13.816,13.336,13.554,13.089,12.943,14.033,14.041,14.278,14.065,13.971,13.696,13.316,13.783,13.694,13.378,13.744,13.897,13.256,12.61,13.337,13.452,12.87,12.578,12.234,11.874,11.963,12.755,16.672,16.425,16.646,17.249,17.726,16.756,16.956,17.574,18.079,18.48,19.163,18.426,17.872,18.596,18.266,19.055,19.239,19.085,18.605,18.478,19.075,19.225,18.352,18.225,18.791,18.841,18.401,18.835,19.738,20.077,20.266,10.625,10.437,10.115,9.943,10.14,9.982,9.429,9.274,9.134,8.705,9.205,9.612,9.925,10.307,9.992,9.388,8.683,8.952,9.159,9.503,9.63,9.465,9.083,8.43,8.998,9.45,9.587,9.573,9.685,9.551,10.01,9.933,10.358,10.62,10.748,10.862,11.035,10.997,11.165,11.319,11.529,11.597,11.616,11.518,11.146,11.221,10.913,11.312,11.436,11.465,11.312,10.887,10.823,10.576,10.941,11.286,11.322,11.402,10.962,11.116,11.301,10.651,10.582,10.644,10.453,10.119,10.322,10.416,10.455,10.39,10.022,9.404,8.534,8.367,8.948,9.21,9.446,9.579,9.786,9.458,9.666,9.885,9.964,10.103,9.89,9.611,8.958,8.984,9.115,9.145,8.921,10.308,10.12,9.798,9.9,9.837,10.273,10.566,10.739,10.603,10.245,10.767,10.958,10.98,10.873,11.015,10.996,10.435,10.518,10.939,11.176,11.249,11.528,11.238,10.718,11.107,11.326,11.299,11.189,11.407,11.572,11.181,12.537,12.763,13.093,13.082,13.124,12.785,12.23,12.645,12.632,12.853,12.93,13.119,13.301,12.705,12.817,13.257,13.39,13.4,13.465,13.563,13.271,13.315,13.503,13.42,12.517,11.698,12.076,12.434,12.118,12.277,12.292,15.634,15.846,16.353,16.305,15.931,16.035,16.313,16.716,16.487,16.513,16.59,15.822,16.575,16.851,16.636,16.599,16.823,16.713,16.275,16.729,16.884,16.829,17.109,17.248,16.909,16.551,17.264,17.082,15.088,14.085,14.138,14.428,14.289,13.732,14.01,13.229,12.908,13.397,14.171,14.337,13.974,14.705,14.777,14.738,14.418,13.623,12.886,11.964,12.881,13.38,13.734,14.012,14.091,14.419,13.868,14.396,14.565,14.639,14.568,14.013,12.153,11.995,12.515,13.038,13.084,13.165,13.361,13.063,12.731,13.261,13.525,13.624,13.791,13.654,13.523,13.03,13.374,13.737,13.598,13.426,13.152,12.792,11.754,12.508,13.095,13.109,13.225,13.208,12.711,11.592,11.038,11.464,11.938,11.965,12.343,12.523,12.059,12.553,12.965,13.11,13.31,13.214,13.02,12.333,12.566,13.038,13.377,13.05,13.635,13.488,13.008,13.353,13.445,12.605,12.0,11.496,11.816,12.302,12.895,13.12,12.824,12.428,12.657,13.157,12.198,12.812,12.942,13.214,13.39,13.285,12.781,12.234,12.737,12.671,12.438,12.607,12.948,12.712,12.105,12.499,12.577,12.784,12.862,12.841,12.432,11.391,11.448,11.795,11.673,11.381,11.124,11.713,11.604,12.399,12.469,12.154,11.732,11.923,11.514,11.386,12.344,12.352,12.56,12.373,12.29,12.048,11.714,12.124,12.047,11.768,12.09,12.225,11.661,11.093,11.733,11.833,11.321,11.065,10.762,10.445,10.523,11.22,9.597,9.454,9.582,9.929,10.203,9.645,9.76,10.116,10.406,10.637,11.03,10.606,10.287,10.704,10.515,10.969,11.074,10.986,10.71,10.637,10.98,11.066,10.564,10.491,10.817,10.845,10.592,10.842,11.362,11.557,11.666,11.948,11.737,11.375,11.181,11.403,11.225,10.603,10.429,10.272,9.789,10.351,10.809,11.161,11.591,11.236,10.557,9.764,10.067,10.299,10.686,10.829,10.644,10.214,9.48,10.119,10.627,10.781,10.765,10.891,10.741,10.01,9.933,10.358,10.62,10.748,10.862,11.035,10.997,11.165,11.319,11.529,11.597,11.616,11.518,11.146,11.221,10.913,11.312,11.436,11.465,11.312,10.887,10.823,10.576,10.941,11.286,11.322,11.402,10.962,11.116,11.301,10.651,10.582,10.644,10.453,10.119,10.322,10.416,10.455,10.39,10.022,9.404,8.534,8.367,8.948,9.21,9.446,9.579,9.786,9.458,9.666,9.885,9.964,10.103,9.89,9.611,8.958,8.984,9.115,9.145,8.921,10.308,10.12,9.798,9.9,9.837,10.273,10.566,10.739,10.603,10.245,10.767,10.958,10.98,10.873,11.015,10.996,10.435,10.518,10.939,11.176,11.249,11.528,11.238,10.718,11.107,11.326,11.299,11.189,11.407,11.572,11.181
Guntur_39,11.085,11.161,11.372,11.4,10.977,11.039,11.279,11.294,11.069,10.945,11.145,11.149,11.285,11.085,10.762,10.704,11.203,11.154,10.702,11.158,11.239,10.988,11.112,11.38,11.504,10.978,11.331,11.497,11.585,11.662,11.567,10.738,10.223,10.55,10.823,10.824,10.815,10.936,10.56,10.328,10.505,10.553,10.662,11.04,11.022,11.13,10.664,10.926,11.149,11.103,10.862,10.485,10.574,10.296,10.642,10.83,10.949,10.817,10.753,10.631,10.623,10.925,11.046,10.873,10.701,10.767,10.913,10.593,10.513,9.75,10.13,10.746,10.812,10.742,10.329,10.689,11.029,10.983,12.173,11.995,11.571,11.384,11.183,11.637,12.05,12.184,12.135,12.071,11.696,11.39,11.365,10.589,10.823,10.898,10.828,10.408,10.932,10.985,10.928,10.999,11.082,10.876,10.617,11.222,11.016,10.938,10.618,10.54,10.438,10.088,10.719,10.775,10.509,10.676,10.788,10.683,10.475,10.862,10.873,10.893,10.705,10.411,10.436,10.284,10.585,10.544,10.674,10.957,10.944,10.877,10.445,10.278,10.365,10.326,10.243,10.301,10.181,10.214,9.561,10.012,10.312,9.994,9.858,10.116,10.275,9.823,10.056,10.228,10.52,10.491,10.252,10.014,8.904,9.017,8.992,9.238,9.168,9.225,9.051,9.621,9.794,9.92,9.799,9.825,9.539,9.213,9.678,9.669,9.821,9.955,9.751,9.688,9.313,9.847,10.101,9.975,9.973,9.634,9.428,9.142,9.573,10.052,0.0,0.0,0.0,0.0,0.0,0.0,0.0,0.0,0.0,0.0,0.0,0.0,0.0,0.0,0.0,0.0,0.0,0.0,0.0,0.0,0.0,0.0,0.0,0.0,0.0,0.0,0.0,0.0,0.0,0.0,0.0,0.0,0.0,0.0,0.0,0.0,0.0,0.0,0.0,0.0,0.0,0.0,0.0,0.0,0.0,0.0,0.0,0.0,0.0,0.0,0.0,0.0,0.0,0.0,0.0,0.0,0.0,0.0,0.0,0.0,0.0,0.0,8.536,8.565,8.569,8.734,8.802,8.341,8.431,8.665,9.054,8.926,8.809,8.527,8.268,8.359,8.5,8.62,8.457,8.395,8.621,8.242,8.39,8.276,8.129,8.387,8.428,8.053,7.787,8.387,8.565,8.495,8.383,8.33,8.576,8.308,8.464,8.717,9.007,9.132,9.135,8.865,8.376,8.463,8.594,8.226,8.369,8.462,8.652,8.428,8.626,8.634,8.601,8.437,8.225,8.214,7.795,7.952,8.362,8.526,8.718,8.881,8.811,7.233,7.486,7.566,7.541,7.464,7.633,7.522,7.219,7.367,7.342,7.29,7.418,7.282,6.629,6.44,6.488,6.914,7.113,7.234,7.289,7.231,7.109,7.456,7.426,7.222,6.805,6.82,6.953,7.076,7.324,9.125,9.259,9.163,9.252,9.196,8.799,8.974,9.129,8.965,9.11,9.188,9.012,8.771,9.019,9.263,9.271,9.358,9.488,9.328,9.197,9.444,9.677,9.8,9.654,9.64,9.79,9.418,9.7,9.804,9.751,9.751,9.99,9.699,9.362,9.618,9.694,9.732,9.601,9.716,9.528,9.492,9.878,9.932,9.897,9.781,9.799,9.996,9.875,9.98,10.312,10.517,10.698,10.643,10.479,10.112,10.203,9.852,10.112,10.239,10.433,10.412,10.106,11.7,11.845,11.939,11.72,11.763,11.676,11.35,11.474,11.74,11.962,12.017,12.024,11.968,11.685,11.872,11.873,11.831,11.725,11.593,11.597,11.403,11.847,12.041,12.22,12.26,12.341,12.283,12.088,13.281,13.348,13.304,13.255,13.552,13.474,12.949,13.253,13.507,13.65,13.511,13.046,12.809,12.802,13.281,13.379,13.582,13.781,13.739,13.594,13.164,13.303,12.972,13.281,13.494,13.307,13.374,12.872,12.135,12.336,12.911,12.321,12.636,12.736,12.463,12.796,12.791,12.802,13.101,12.974,12.944,12.479,12.882,12.964,12.484,12.538,12.642,12.334,12.249,12.491,12.725,12.319,12.076,11.951,12.14,11.897,12.344,12.53,12.477,12.529,12.455,9.57,9.391,9.448,9.493,9.31,9.416,9.617,9.548,9.343,9.525,9.293,8.99,8.73,9.025,8.959,8.29,8.334,8.143,8.162,8.103,8.216,8.5,8.675,8.872,8.73,8.567,8.6,8.928,9.14,8.62,9.049,8.63,9.291,9.472,9.501,9.274,8.845,9.114,8.967,8.941,8.748,8.459,8.437,8.028,8.752,8.794,9.019,9.078,9.143,8.755,8.311,9.004,9.345,9.857,9.47,9.428,9.169,9.391,10.091,10.432,10.208,8.149,7.868,7.891,7.988,8.443,8.6,8.539,8.377,8.252,8.403,7.84,7.755,7.671,7.569,7.699,8.067,8.139,7.384,6.824,6.832,6.691,6.89,7.255,7.101,6.989,7.216,7.152,6.735,6.865,6.83,6.727,0.0,0.0,0.0,0.0,0.0,0.0,0.0,0.0,0.0,0.0,0.0,0.0,0.0,0.0,0.0,0.0,0.0,0.0,0.0,0.0,0.0,0.0,0.0,0.0,0.0,0.0,0.0,0.0,0.0,0.0,0.0,51.458,52.083,51.794,49.593,48.963,50.545,48.637,47.607,50.652,49.149,47.0,43.663,45.498,46.506,47.677,47.631,48.819,51.17,52.159,52.724,51.654,49.903,50.16,50.629,49.759,49.438,48.719,48.295,48.014,49.736,10.697,10.31,10.059,10.522,10.75,10.963,10.968,11.077,10.917,10.572,11.074,11.19,11.209,11.05,10.705,10.843,10.274,10.031,10.47,10.569,10.503,10.439,10.575,9.935,10.339,10.426,10.401,10.325,10.458,10.353,10.187,8.441,8.44,8.346,7.71,7.468,7.987,7.83,8.254,8.477,8.775,8.534,8.718,8.653,8.511,8.626,8.611,8.71,8.786,8.563,8.569,8.202,8.674,8.806,8.858,8.779,8.713,8.591,8.126,8.278,8.316,9.452,9.185,9.368,9.387,9.188,9.493,9.682,9.655,9.76,9.611,9.526,9.132,9.581,9.898,9.87,9.775,9.725,9.71,9.224,9.887,10.181,10.357,10.461,10.538,10.432,10.12,10.334,10.121,9.876,9.774,9.943,9.96,9.58,10.119,10.397,10.555,10.354,10.312,9.953,9.505,9.822,9.878,9.926,10.124,9.932,9.682,9.678,10.14,10.455,10.461,10.411,10.505,9.945,9.784,10.328,10.39,10.06,10.231,10.378,10.42,10.41,10.6,11.039,11.083,10.657,10.841,10.971,10.814,11.005,11.31,11.107,10.872,10.932,10.905,10.773,10.843,10.918,11.076,10.981,11.037,10.941,10.758,11.035,11.003,11.017,11.327,11.087,10.907,10.5,10.964,11.784,11.543,11.475,11.796,11.986,11.693,11.647,11.732,11.848,12.057,12.215,12.185,11.888,12.154,12.233,12.4,12.354,11.666,11.75,11.98,12.319,12.421,12.491,12.604,12.551,12.466,12.08,12.304,12.42,12.65,12.726,12.526,12.512,12.124,12.555,12.684,12.451,12.649,12.576,12.623,12.225,12.47,12.652,12.678,12.555,12.425,12.604,12.029,12.356,12.573,12.479,12.527,12.555,12.54,12.143,12.568,12.717,12.847,12.762,12.647,12.32,8.939,9.159,9.127,9.344,9.335,9.582,9.523,9.097,9.237,9.094,9.135,9.123,9.037,8.95,8.704,9.056,9.273,9.533,9.441,9.047,8.25,7.667,7.574,8.246,8.86,8.916,8.782,8.706,8.632,9.115,9.247,9.251,9.345,9.333,9.229,9.003,9.251,9.313,9.115,9.029,9.249,9.156,8.89,9.326,9.457,9.205,8.999,8.869,8.656,8.034,8.058,8.126,8.772,9.113,9.007,8.828,8.571,9.07,9.198,8.831,8.223,8.136,8.274,8.064,8.669,8.706,8.696,8.724,8.56,8.202,7.683,7.975,7.994,8.118,7.998,8.017,8.034,7.686,8.269,8.396,8.247,7.742,7.975,7.77,7.221,7.77,8.28,8.374,8.309,8.456,8.181,7.694,7.947,8.149,8.486,8.479,8.183,7.942,7.555,7.74,7.732,7.729,7.284,7.679,7.97,7.43,7.046,7.547,7.982,8.256,8.157,8.054,7.707,8.126,8.33,8.255,8.393,8.667,8.384,8.028,8.609,8.833,8.776,10.138,10.235,10.182,9.584,10.074,10.233,10.274,10.135,9.872,9.622,8.986,9.129,9.167,9.172,9.032,8.583,8.874,8.939,9.443,9.427,9.311,8.923,8.781,8.665,8.694,9.464,9.537,9.505,9.641,9.666,8.117,7.754,8.228,8.475,8.034,8.15,8.111,8.158,7.885,8.136,8.062,8.2,8.208,8.14,8.022,7.745,8.363,8.444,8.458,8.431,8.322,8.102,7.62,7.186,7.036,7.539,7.955,8.118,8.16,7.935,8.018,8.42,8.528,8.454,8.591,8.561,8.383,8.506,8.572,8.575,8.571,8.579,8.322,8.119,8.181,8.397,8.523,8.587,8.662,8.69,8.352,8.658,8.78,8.76,8.756,8.758,8.766,8.573,8.793,8.685,8.695,8.918,9.05,9.065,8.747,8.933,9.138,9.247,9.023,8.957,8.61,8.381,8.824,8.838,8.891,9.057,9.239,9.307,9.099,9.456,9.488,9.414,9.453,9.608,9.546,9.219,9.405,9.583,9.735,9.77,9.658,9.556,11.833,12.154,12.105,11.901,12.051,12.14,12.211,12.1,12.295,12.312,12.424,12.456,12.527,12.083,11.602,11.929,12.171,12.402,12.292,12.445,12.298,11.941,12.031,12.244,12.152,11.357,11.724,12.071,11.765,11.92,11.934,12.356,12.524,12.925,12.887,12.591,12.674,12.893,13.211,13.031,13.052,13.112,12.505,13.1,13.319,13.149,13.119,13.296,13.209,12.863,13.222,13.345,13.301,13.522,13.633,13.364,13.081,13.645,13.501,12.641,12.689,12.949,12.825,12.324,12.573,11.873,11.585,12.023,12.719,12.867,12.541,13.197,13.262,13.227,12.94,12.227,11.565,10.737,11.561,12.008,12.326,12.575,12.646,12.941,12.447,12.92,13.072,13.138,13.075,12.577,12.619,12.455,12.995,13.538,13.586,13.67,13.873,13.564,13.219,13.77,14.044,14.146,14.32,14.178,14.042,13.53,13.886,14.263,14.12,13.94,13.656,13.282,12.205,12.987,13.598,13.612,13.732,13.715,13.198,12.037,10.706,11.119,11.579,11.605,11.971,12.146,11.696,12.175,12.575,12.715,12.909,12.816,12.629,11.962,12.188,12.646,12.974,12.658,13.225,13.082,12.616,12.951,13.04,12.226,11.639,11.15,11.461,11.932,12.507,12.725,12.439,11.0,11.203,11.645,10.797,11.339,11.455,11.696,11.852,11.758,11.313,10.828,11.273,11.215,11.009,11.158,11.46,11.251,10.714,11.063,11.132,11.315,11.384,11.365,11.003,10.083,10.132,10.44,10.332,10.073,9.846,11.54,11.433,12.215,12.285,11.974,11.558,11.747,11.344,11.217,12.162,12.169,12.374,12.19,12.108,11.87,11.541,11.945,11.868,11.594,11.911,12.044,11.488,10.928,11.559,11.658,11.154,10.901,10.603,10.291,10.368,11.054,16.635,16.388,16.609,17.211,17.687,16.719,16.918,17.535,18.039,18.439,19.12,18.385,17.832,18.555,18.226,19.013,19.197,19.043,18.564,18.438,19.032,19.183,18.312,18.185,18.75,18.799,18.36,18.793,19.695,20.033,20.221,10.888,10.695,10.365,10.188,10.391,10.228,9.662,9.503,9.36,8.92,9.433,9.849,10.171,10.562,10.239,9.62,8.897,9.173,9.385,9.738,9.868,9.699,9.307,8.639,9.22,9.683,9.824,9.809,9.924,9.787,9.634,9.56,9.969,10.221,10.345,10.454,10.621,10.584,10.746,10.894,11.096,11.162,11.18,11.086,10.728,10.8,10.503,10.887,11.007,11.035,10.888,10.478,10.417,10.179,10.53,10.862,10.897,10.974,10.551,10.698,10.877,10.048,9.983,10.041,9.861,9.547,9.738,9.827,9.864,9.802,9.455,8.872,8.051,7.894,8.442,8.689,8.912,9.037,9.232,8.923,9.12,9.326,9.401,9.531,9.33,9.067,8.451,8.476,8.599,8.628,8.417,9.113,8.947,8.662,8.752,8.696,9.082,9.342,9.494,9.374,9.057,9.519,9.688,9.707,9.613,9.738,9.721,9.226,9.299,9.671,9.88,9.945,10.191,9.935,9.475,9.819,10.013,9.989,9.892,10.085,10.23,9.885,12.136,12.355,12.675,12.664,12.705,12.376,11.839,12.241,12.228,12.442,12.517,12.7,12.876,12.299,12.408,12.833,12.962,12.972,13.034,13.129,12.847,12.889,13.071,12.991,12.117,11.324,11.69,12.036,11.731,11.885,11.899,15.3,15.508,16.004,15.957,15.59,15.693,15.965,16.359,16.135,16.161,16.236,15.484,16.221,16.491,16.281,16.244,16.463,16.356,15.927,16.372,16.524,16.469,16.743,16.88,16.548,16.197,16.895,16.717,14.765,13.123,13.172,13.442,13.313,12.793,13.052,12.325,12.026,12.481,13.203,13.357,13.019,13.7,13.767,13.731,13.433,12.692,12.005,11.146,12.001,12.465,12.795,13.054,13.127,13.434,12.92,13.412,13.57,13.638,13.572,13.055,11.164,11.019,11.497,11.978,12.019,12.094,12.274,12.0,11.695,12.183,12.425,12.516,12.669,12.543,12.423,11.97,12.286,12.619,12.492,12.333,12.082,11.751,10.798,11.49,12.03,12.043,12.149,12.134,11.677,10.649,9.449,9.814,10.219,10.242,10.566,10.72,10.323,10.746,11.099,11.222,11.393,11.311,11.146,10.558,10.757,11.161,11.451,11.171,11.672,11.546,11.135,11.43,11.509,10.79,10.273,9.841,10.115,10.531,11.038,11.231,10.978,11.0,11.203,11.645,10.797,11.339,11.455,11.696,11.852,11.758,11.313,10.828,11.273,11.215,11.009,11.158,11.46,11.251,10.714,11.063,11.132,11.315,11.384,11.365,11.003,10.083,10.132,10.44,10.332,10.073,9.846,10.027,9.934,10.614,10.674,10.404,10.043,10.206,9.856,9.747,10.567,10.574,10.752,10.591,10.52,10.313,10.027,10.379,10.312,10.074,10.35,10.465,9.982,9.496,10.043,10.13,9.691,9.472,9.212,8.942,9.008,9.605,7.83,7.714,7.817,8.101,8.325,7.869,7.963,8.253,8.49,8.679,8.999,8.653,8.393,8.733,8.579,8.949,9.035,8.963,8.738,8.678,8.958,9.029,8.619,8.559,8.825,8.848,8.642,8.845,9.27,9.429,9.518,11.948,11.737,11.375,11.181,11.403,11.225,10.603,10.429,10.272,9.789,10.351,10.809,11.161,11.591,11.236,10.557,9.764,10.067,10.299,10.686,10.829,10.644,10.214,9.48,10.119,10.627,10.781,10.765,10.891,10.741,9.634,9.56,9.969,10.221,10.345,10.454,10.621,10.584,10.746,10.894,11.096,11.162,11.18,11.086,10.728,10.8,10.503,10.887,11.007,11.035,10.888,10.478,10.417,10.179,10.53,10.862,10.897,10.974,10.551,10.698,10.877,10.048,9.983,10.041,9.861,9.547,9.738,9.827,9.864,9.802,9.455,8.872,8.051,7.894,8.442,8.689,8.912,9.037,9.232,8.923,9.12,9.326,9.401,9.531,9.33,9.067,8.451,8.476,8.599,8.628,8.417,9.113,8.947,8.662,8.752,8.696,9.082,9.342,9.494,9.374,9.057,9.519,9.688,9.707,9.613,9.738,9.721,9.226,9.299,9.671,9.88,9.945,10.191,9.935,9.475,9.819,10.013,9.989,9.892,10.085,10.23,9.885
Guntur_40,7.237,7.286,7.424,7.442,7.166,7.207,7.363,7.373,7.226,7.145,7.276,7.278,7.367,7.236,7.026,6.988,7.314,7.281,6.987,7.284,7.337,7.173,7.254,7.429,7.51,7.167,7.397,7.505,7.563,7.613,7.551,7.849,7.472,7.711,7.911,7.912,7.905,7.994,7.719,7.549,7.678,7.714,7.794,8.07,8.057,8.136,7.795,7.986,8.15,8.116,7.939,7.664,7.729,7.526,7.779,7.917,8.003,7.907,7.86,7.771,7.827,8.05,8.139,8.011,7.885,7.933,8.041,7.805,7.746,7.184,7.464,7.918,7.966,7.915,7.61,7.876,8.126,8.092,8.969,8.838,8.525,8.388,8.24,8.574,8.879,8.977,8.941,8.894,8.618,8.392,8.374,8.163,8.344,8.401,8.347,8.023,8.427,8.468,8.425,8.479,8.543,8.384,8.185,8.651,8.492,8.432,8.186,8.126,8.047,7.777,8.263,8.306,8.102,8.23,8.316,8.236,8.075,8.374,8.382,8.398,8.253,9.206,9.227,9.093,9.359,9.323,9.438,9.688,9.677,9.617,9.236,9.088,9.165,9.131,9.057,9.108,9.002,9.031,8.454,8.852,9.118,8.836,8.716,8.945,9.085,8.685,8.892,9.043,9.302,9.276,9.065,8.855,6.875,6.962,6.943,7.133,7.078,7.122,6.988,7.428,7.562,7.659,7.565,7.586,7.365,7.113,7.472,7.465,7.582,7.686,7.528,7.48,7.19,7.603,7.799,7.702,7.7,7.438,7.279,7.058,7.391,7.761,0.0,0.0,0.0,0.0,0.0,0.0,0.0,0.0,0.0,0.0,0.0,0.0,0.0,0.0,0.0,0.0,0.0,0.0,0.0,0.0,0.0,0.0,0.0,0.0,0.0,0.0,0.0,0.0,0.0,0.0,0.0,0.0,0.0,0.0,0.0,0.0,0.0,0.0,0.0,0.0,0.0,0.0,0.0,0.0,0.0,0.0,0.0,0.0,0.0,0.0,0.0,0.0,0.0,0.0,0.0,0.0,0.0,0.0,0.0,0.0,0.0,0.0,7.985,8.012,8.016,8.17,8.234,7.802,7.887,8.106,8.469,8.349,8.24,7.977,7.734,7.819,7.952,8.064,7.911,7.853,8.065,7.71,7.848,7.741,7.605,7.846,7.884,7.533,7.284,7.846,8.013,7.946,7.664,7.616,7.841,7.596,7.738,7.97,8.235,8.349,8.352,8.105,7.658,7.737,7.857,7.521,7.651,7.737,7.91,7.705,7.886,7.894,7.864,7.714,7.52,7.509,7.127,7.27,7.645,7.795,7.97,8.12,8.055,7.233,7.486,7.566,7.541,7.464,7.633,7.522,7.219,7.367,7.342,7.29,7.418,7.282,6.629,6.44,6.488,6.914,7.113,7.234,7.289,7.231,7.109,7.456,7.426,7.222,6.805,6.82,6.953,7.076,7.324,7.096,7.2,7.126,7.195,7.151,6.843,6.979,7.099,6.972,7.084,7.145,7.008,6.82,7.014,7.203,7.21,7.277,7.378,7.254,7.152,7.344,7.526,7.621,7.507,7.496,7.613,7.324,7.543,7.624,7.583,7.583,8.557,8.308,8.02,8.239,8.304,8.336,8.224,8.323,8.161,8.131,8.461,8.508,8.477,8.378,8.394,8.562,8.459,8.548,8.834,9.009,9.164,9.117,8.976,8.661,8.74,8.439,8.662,8.771,8.937,8.918,8.656,9.469,9.586,9.662,9.485,9.52,9.45,9.185,9.286,9.502,9.681,9.726,9.731,9.686,9.457,9.609,9.609,9.575,9.489,9.383,9.385,9.228,9.588,9.745,9.89,9.922,9.988,9.941,9.783,9.886,9.937,9.903,9.867,10.088,10.031,9.64,9.866,10.055,10.161,10.058,9.711,9.535,9.53,9.886,9.959,10.11,10.259,10.228,10.119,9.799,9.903,9.656,9.887,10.045,9.906,9.956,9.582,9.034,9.183,9.611,10.754,11.03,11.117,10.879,11.169,11.165,11.175,11.435,11.325,11.298,10.893,11.244,11.316,10.897,10.944,11.035,10.766,10.692,10.903,11.107,10.753,10.541,10.432,10.596,10.384,10.775,10.937,10.89,10.936,10.872,7.884,7.736,7.783,7.821,7.67,7.757,7.922,7.866,7.697,7.847,7.656,7.406,7.192,7.435,7.38,6.829,6.866,6.708,6.724,6.675,6.768,7.002,7.146,7.309,7.192,7.057,7.085,7.355,7.529,7.101,7.454,6.595,7.101,7.239,7.261,7.088,6.759,6.965,6.853,6.833,6.686,6.464,6.448,6.135,6.689,6.721,6.893,6.938,6.987,6.691,6.352,6.881,7.142,7.534,7.237,7.206,7.007,7.177,7.712,7.972,7.802,8.149,7.868,7.891,7.988,8.443,8.6,8.539,8.377,8.252,8.403,7.84,7.755,7.671,7.569,7.699,8.067,8.139,7.384,6.824,6.832,6.691,6.89,7.255,7.101,6.989,7.216,7.152,6.735,6.865,6.83,6.727,0.0,0.0,0.0,0.0,0.0,0.0,0.0,0.0,0.0,0.0,0.0,0.0,0.0,0.0,0.0,0.0,0.0,0.0,0.0,0.0,0.0,0.0,0.0,0.0,0.0,0.0,0.0,0.0,0.0,0.0,0.0,0.0,0.0,0.0,0.0,0.0,0.0,0.0,0.0,0.0,0.0,0.0,0.0,0.0,0.0,0.0,0.0,0.0,0.0,0.0,0.0,0.0,0.0,0.0,0.0,0.0,0.0,0.0,0.0,0.0,0.0,8.244,7.946,7.753,8.11,8.286,8.45,8.454,8.538,8.414,8.148,8.535,8.624,8.639,8.517,8.251,8.357,7.919,7.731,8.07,8.146,8.095,8.045,8.151,7.657,7.969,8.036,8.016,7.958,8.061,7.98,7.851,8.046,8.045,7.956,7.349,7.119,7.614,7.464,7.868,8.08,8.364,8.135,8.31,8.248,8.113,8.222,8.208,8.302,8.375,8.163,8.168,7.818,8.268,8.394,8.444,8.368,8.305,8.189,7.745,7.89,7.927,7.282,7.077,7.218,7.233,7.079,7.314,7.459,7.439,7.52,7.405,7.34,7.036,7.382,7.626,7.605,7.531,7.492,7.481,7.107,7.617,7.844,7.98,8.059,8.119,8.038,7.797,7.962,7.798,7.609,7.53,7.661,9.047,8.702,9.191,9.444,9.588,9.405,9.366,9.041,8.633,8.922,8.972,9.016,9.196,9.022,8.795,8.791,9.211,9.496,9.502,9.456,9.542,9.033,8.887,9.381,9.437,9.138,9.294,9.427,9.465,9.456,9.629,9.489,9.527,9.161,9.319,9.431,9.295,9.46,9.722,9.547,9.345,9.397,9.374,9.261,9.321,9.385,9.521,9.439,9.487,9.405,9.248,9.486,9.458,9.47,9.736,9.53,9.376,9.026,9.424,8.48,8.307,8.258,8.488,8.625,8.414,8.381,8.442,8.526,8.677,8.79,8.769,8.555,8.746,8.803,8.923,8.89,8.395,8.456,8.621,8.865,8.938,8.989,9.07,9.032,8.971,8.693,8.854,8.938,9.103,9.158,10.66,10.648,10.318,10.685,10.795,10.596,10.765,10.703,10.743,10.404,10.613,10.767,10.789,10.684,10.574,10.726,10.237,10.515,10.7,10.62,10.661,10.685,10.672,10.334,10.695,10.822,10.933,10.86,10.763,10.485,7.993,8.19,8.162,8.356,8.348,8.569,8.516,8.135,8.26,8.132,8.169,8.158,8.082,8.003,7.783,8.099,8.292,8.525,8.443,8.09,7.378,6.856,6.773,7.374,7.923,7.973,7.853,7.785,7.719,8.151,8.269,9.251,9.345,9.333,9.229,9.003,9.251,9.313,9.115,9.029,9.249,9.156,8.89,9.326,9.457,9.205,8.999,8.869,8.656,8.034,8.058,8.126,8.772,9.113,9.007,8.828,8.571,9.07,9.198,8.831,8.223,8.136,8.274,8.064,8.669,8.706,8.696,8.724,8.56,8.202,7.683,7.975,7.994,8.118,7.998,8.017,8.034,7.686,8.269,8.396,8.247,7.742,7.975,7.77,7.221,7.77,8.28,8.374,8.309,8.456,8.181,7.694,6.871,7.046,7.337,7.331,7.076,6.867,6.532,6.693,6.686,6.683,6.298,6.64,6.892,6.425,6.093,6.525,6.901,7.139,7.053,6.964,6.663,7.026,7.203,7.138,7.257,7.494,7.249,6.941,7.443,7.638,7.588,7.231,7.3,7.263,6.836,7.186,7.299,7.328,7.229,7.041,6.864,6.409,6.511,6.539,6.542,6.443,6.122,6.33,6.376,6.736,6.724,6.641,6.364,6.263,6.181,6.201,6.751,6.803,6.78,6.877,6.895,7.151,6.831,7.249,7.467,7.079,7.181,7.146,7.187,6.947,7.168,7.103,7.224,7.232,7.171,7.068,6.824,7.368,7.439,7.452,7.428,7.332,7.138,6.713,6.331,6.199,6.642,7.008,7.152,7.189,6.991,7.064,7.169,7.26,7.198,7.314,7.288,7.138,7.242,7.299,7.3,7.297,7.304,7.086,6.912,6.965,7.149,7.257,7.311,7.375,7.398,7.111,7.371,7.475,7.458,7.455,7.457,7.464,7.299,7.487,7.395,7.403,7.804,7.919,7.933,7.655,7.817,7.997,8.092,7.896,7.838,7.535,7.334,7.721,7.734,7.78,7.925,8.084,8.144,7.962,8.275,8.302,8.238,8.272,8.407,8.353,8.067,8.23,8.386,8.519,8.549,8.451,8.362,9.105,9.352,9.314,9.157,9.272,9.34,9.395,9.31,9.46,9.473,9.559,9.584,9.639,9.297,8.927,9.179,9.364,9.542,9.458,9.575,9.462,9.188,9.257,9.421,9.35,8.738,9.021,9.288,9.052,9.171,9.182,9.934,10.069,10.391,10.361,10.123,10.189,10.366,10.622,10.476,10.493,10.542,10.054,10.532,10.708,10.571,10.547,10.69,10.62,10.341,10.63,10.729,10.693,10.871,10.96,10.744,10.517,10.97,10.854,9.388,9.423,9.616,9.524,9.152,9.337,8.817,8.603,8.929,9.445,9.556,9.313,9.801,9.848,9.823,9.609,9.08,8.588,7.974,8.585,8.917,9.153,9.339,9.391,9.61,9.243,9.595,9.708,9.757,9.709,9.34,9.75,9.623,10.04,10.46,10.497,10.562,10.719,10.48,10.213,10.639,10.851,10.93,11.064,10.954,10.849,10.454,10.729,11.02,10.909,10.771,10.551,10.262,9.43,10.035,10.506,10.517,10.61,10.596,10.197,9.3,7.694,7.991,8.322,8.34,8.604,8.729,8.406,8.75,9.038,9.138,9.278,9.211,9.076,8.597,8.76,9.089,9.325,9.097,9.505,9.402,9.068,9.308,9.372,8.787,8.365,8.014,8.237,8.576,8.989,9.146,8.94,9.249,9.419,9.791,9.078,9.534,9.631,9.833,9.965,9.886,9.511,9.104,9.478,9.43,9.256,9.382,9.635,9.46,9.008,9.302,9.359,9.513,9.572,9.556,9.251,8.477,8.519,8.778,8.687,8.469,8.278,11.54,11.433,12.215,12.285,11.974,11.558,11.747,11.344,11.217,12.162,12.169,12.374,12.19,12.108,11.87,11.541,11.945,11.868,11.594,11.911,12.044,11.488,10.928,11.559,11.658,11.154,10.901,10.603,10.291,10.368,11.054,8.124,8.004,8.112,8.406,8.638,8.165,8.263,8.564,8.81,9.005,9.338,8.979,8.709,9.062,8.901,9.286,9.375,9.3,9.067,9.005,9.295,9.369,8.943,8.881,9.157,9.181,8.967,9.178,9.619,9.784,9.876,9.752,9.579,9.284,9.125,9.307,9.161,8.654,8.512,8.383,7.989,8.449,8.822,9.11,9.46,9.171,8.617,7.969,8.217,8.406,8.722,8.839,8.687,8.336,7.738,8.259,8.673,8.799,8.786,8.889,8.766,8.137,8.074,8.419,8.632,8.737,8.83,8.97,8.939,9.076,9.201,9.371,9.427,9.442,9.363,9.06,9.121,8.871,9.195,9.296,9.32,9.195,8.85,8.798,8.597,8.894,9.174,9.203,9.268,8.911,9.036,9.186,8.663,8.607,8.657,8.502,8.231,8.396,8.472,8.504,8.451,8.152,7.649,6.942,6.806,7.278,7.491,7.683,7.792,7.96,7.693,7.863,8.04,8.105,8.217,8.044,7.817,7.286,7.307,7.414,7.438,7.257,7.07,6.941,6.72,6.79,6.747,7.046,7.248,7.366,7.273,7.027,7.385,7.516,7.531,7.458,7.555,7.542,7.158,7.215,7.503,7.665,7.716,7.907,7.708,7.351,7.618,7.768,7.75,7.675,7.824,7.937,7.669,8.594,8.749,8.975,8.968,8.997,8.764,8.383,8.668,8.659,8.811,8.864,8.993,9.118,8.709,8.786,9.087,9.179,9.186,9.23,9.297,9.097,9.127,9.256,9.2,8.58,8.019,8.278,8.523,8.307,8.416,8.426,10.451,10.594,10.932,10.9,10.65,10.72,10.906,11.175,11.022,11.04,11.091,10.577,11.081,11.265,11.122,11.097,11.246,11.173,10.88,11.184,11.287,11.25,11.438,11.531,11.304,11.065,11.541,11.419,10.087,9.634,9.67,9.868,9.774,9.392,9.582,9.048,8.829,9.163,9.693,9.806,9.558,10.058,10.107,10.081,9.862,9.318,8.814,8.183,8.81,9.151,9.394,9.584,9.638,9.862,9.486,9.847,9.962,10.013,9.964,9.585,8.238,8.131,8.484,8.838,8.869,8.924,9.057,8.855,8.63,8.99,9.169,9.236,9.349,9.256,9.167,8.833,9.066,9.312,9.218,9.101,8.915,8.671,7.968,8.479,8.877,8.887,8.965,8.954,8.617,7.858,7.423,7.71,8.028,8.046,8.301,8.422,8.11,8.442,8.72,8.817,8.951,8.887,8.757,8.294,8.451,8.769,8.996,8.777,9.17,9.071,8.748,8.98,9.042,8.477,8.071,7.731,7.947,8.274,8.672,8.824,8.625,9.249,9.419,9.791,9.078,9.534,9.631,9.833,9.965,9.886,9.511,9.104,9.478,9.43,9.256,9.382,9.635,9.46,9.008,9.302,9.359,9.513,9.572,9.556,9.251,8.477,8.519,8.778,8.687,8.469,8.278,7.877,7.804,8.338,8.386,8.174,7.89,8.018,7.744,7.657,8.302,8.307,8.447,8.321,8.265,8.103,7.878,8.154,8.102,7.914,8.131,8.221,7.842,7.46,7.891,7.958,7.614,7.441,7.238,7.025,7.077,7.546,6.586,6.489,6.576,6.815,7.003,6.62,6.699,6.943,7.142,7.301,7.57,7.279,7.06,7.347,7.216,7.528,7.601,7.54,7.35,7.3,7.536,7.595,7.25,7.2,7.424,7.443,7.269,7.441,7.798,7.932,8.006,7.806,7.668,7.431,7.304,7.45,7.333,6.927,6.813,6.711,6.395,6.763,7.061,7.292,7.573,7.341,6.897,6.379,6.577,6.729,6.981,7.075,6.954,6.673,6.194,6.611,6.942,7.043,7.033,7.115,7.017,8.137,8.074,8.419,8.632,8.737,8.83,8.97,8.939,9.076,9.201,9.371,9.427,9.442,9.363,9.06,9.121,8.871,9.195,9.296,9.32,9.195,8.85,8.798,8.597,8.894,9.174,9.203,9.268,8.911,9.036,9.186,8.663,8.607,8.657,8.502,8.231,8.396,8.472,8.504,8.451,8.152,7.649,6.942,6.806,7.278,7.491,7.683,7.792,7.96,7.693,7.863,8.04,8.105,8.217,8.044,7.817,7.286,7.307,7.414,7.438,7.257,7.07,6.941,6.72,6.79,6.747,7.046,7.248,7.366,7.273,7.027,7.385,7.516,7.531,7.458,7.555,7.542,7.158,7.215,7.503,7.665,7.716,7.907,7.708,7.351,7.618,7.768,7.75,7.675,7.824,7.937,7.669
Guntur_41,7.237,7.286,7.424,7.442,7.166,7.207,7.363,7.373,7.226,7.145,7.276,7.278,7.367,7.236,7.026,6.988,7.314,7.281,6.987,7.284,7.337,7.173,7.254,7.429,7.51,7.167,7.397,7.505,7.563,7.613,7.551,7.849,7.472,7.711,7.911,7.912,7.905,7.994,7.719,7.549,7.678,7.714,7.794,8.07,8.057,8.136,7.795,7.986,8.15,8.116,7.939,7.664,7.729,7.526,7.779,7.917,8.003,7.907,7.86,7.771,7.827,8.05,8.139,8.011,7.885,7.933,8.041,7.805,7.746,7.184,7.464,7.918,7.966,7.915,7.61,7.876,8.126,8.092,8.969,8.838,8.525,8.388,8.24,8.574,8.879,8.977,8.941,8.894,8.618,8.392,8.374,8.163,8.344,8.401,8.347,8.023,8.427,8.468,8.425,8.479,8.543,8.384,8.185,8.651,8.492,8.432,8.186,8.126,8.047,7.777,8.263,8.306,8.102,8.23,8.316,8.236,8.075,8.374,8.382,8.398,8.253,9.206,9.227,9.093,9.359,9.323,9.438,9.688,9.677,9.617,9.236,9.088,9.165,9.131,9.057,9.108,9.002,9.031,8.454,8.852,9.118,8.836,8.716,8.945,9.085,8.685,8.892,9.043,9.302,9.276,9.065,8.855,6.875,6.962,6.943,7.133,7.078,7.122,6.988,7.428,7.562,7.659,7.565,7.586,7.365,7.113,7.472,7.465,7.582,7.686,7.528,7.48,7.19,7.603,7.799,7.702,7.7,7.438,7.279,7.058,7.391,7.761,0.0,0.0,0.0,0.0,0.0,0.0,0.0,0.0,0.0,0.0,0.0,0.0,0.0,0.0,0.0,0.0,0.0,0.0,0.0,0.0,0.0,0.0,0.0,0.0,0.0,0.0,0.0,0.0,0.0,0.0,0.0,0.0,0.0,0.0,0.0,0.0,0.0,0.0,0.0,0.0,0.0,0.0,0.0,0.0,0.0,0.0,0.0,0.0,0.0,0.0,0.0,0.0,0.0,0.0,0.0,0.0,0.0,0.0,0.0,0.0,0.0,0.0,7.985,8.012,8.016,8.17,8.234,7.802,7.887,8.106,8.469,8.349,8.24,7.977,7.734,7.819,7.952,8.064,7.911,7.853,8.065,7.71,7.848,7.741,7.605,7.846,7.884,7.533,7.284,7.846,8.013,7.946,7.664,7.616,7.841,7.596,7.738,7.97,8.235,8.349,8.352,8.105,7.658,7.737,7.857,7.521,7.651,7.737,7.91,7.705,7.886,7.894,7.864,7.714,7.52,7.509,7.127,7.27,7.645,7.795,7.97,8.12,8.055,7.233,7.486,7.566,7.541,7.464,7.633,7.522,7.219,7.367,7.342,7.29,7.418,7.282,6.629,6.44,6.488,6.914,7.113,7.234,7.289,7.231,7.109,7.456,7.426,7.222,6.805,6.82,6.953,7.076,7.324,7.096,7.2,7.126,7.195,7.151,6.843,6.979,7.099,6.972,7.084,7.145,7.008,6.82,7.014,7.203,7.21,7.277,7.378,7.254,7.152,7.344,7.526,7.621,7.507,7.496,7.613,7.324,7.543,7.624,7.583,7.583,8.557,8.308,8.02,8.239,8.304,8.336,8.224,8.323,8.161,8.131,8.461,8.508,8.477,8.378,8.394,8.562,8.459,8.548,8.834,9.009,9.164,9.117,8.976,8.661,8.74,8.439,8.662,8.771,8.937,8.918,8.656,9.469,9.586,9.662,9.485,9.52,9.45,9.185,9.286,9.502,9.681,9.726,9.731,9.686,9.457,9.609,9.609,9.575,9.489,9.383,9.385,9.228,9.588,9.745,9.89,9.922,9.988,9.941,9.783,9.886,9.937,9.903,9.867,10.088,10.031,9.64,9.866,10.055,10.161,10.058,9.711,9.535,9.53,9.886,9.959,10.11,10.259,10.228,10.119,9.799,9.903,9.656,9.887,10.045,9.906,9.956,9.582,9.034,9.183,9.611,10.754,11.03,11.117,10.879,11.169,11.165,11.175,11.435,11.325,11.298,10.893,11.244,11.316,10.897,10.944,11.035,10.766,10.692,10.903,11.107,10.753,10.541,10.432,10.596,10.384,10.775,10.937,10.89,10.936,10.872,7.884,7.736,7.783,7.821,7.67,7.757,7.922,7.866,7.697,7.847,7.656,7.406,7.192,7.435,7.38,6.829,6.866,6.708,6.724,6.675,6.768,7.002,7.146,7.309,7.192,7.057,7.085,7.355,7.529,7.101,7.454,6.595,7.101,7.239,7.261,7.088,6.759,6.965,6.853,6.833,6.686,6.464,6.448,6.135,6.689,6.721,6.893,6.938,6.987,6.691,6.352,6.881,7.142,7.534,7.237,7.206,7.007,7.177,7.712,7.972,7.802,8.149,7.868,7.891,7.988,8.443,8.6,8.539,8.377,8.252,8.403,7.84,7.755,7.671,7.569,7.699,8.067,8.139,7.384,6.824,6.832,6.691,6.89,7.255,7.101,6.989,7.216,7.152,6.735,6.865,6.83,6.727,0.0,0.0,0.0,0.0,0.0,0.0,0.0,0.0,0.0,0.0,0.0,0.0,0.0,0.0,0.0,0.0,0.0,0.0,0.0,0.0,0.0,0.0,0.0,0.0,0.0,0.0,0.0,0.0,0.0,0.0,0.0,0.0,0.0,0.0,0.0,0.0,0.0,0.0,0.0,0.0,0.0,0.0,0.0,0.0,0.0,0.0,0.0,0.0,0.0,0.0,0.0,0.0,0.0,0.0,0.0,0.0,0.0,0.0,0.0,0.0,0.0,8.244,7.946,7.753,8.11,8.286,8.45,8.454,8.538,8.414,8.148,8.535,8.624,8.639,8.517,8.251,8.357,7.919,7.731,8.07,8.146,8.095,8.045,8.151,7.657,7.969,8.036,8.016,7.958,8.061,7.98,7.851,8.046,8.045,7.956,7.349,7.119,7.614,7.464,7.868,8.08,8.364,8.135,8.31,8.248,8.113,8.222,8.208,8.302,8.375,8.163,8.168,7.818,8.268,8.394,8.444,8.368,8.305,8.189,7.745,7.89,7.927,7.282,7.077,7.218,7.233,7.079,7.314,7.459,7.439,7.52,7.405,7.34,7.036,7.382,7.626,7.605,7.531,7.492,7.481,7.107,7.617,7.844,7.98,8.059,8.119,8.038,7.797,7.962,7.798,7.609,7.53,7.661,9.047,8.702,9.191,9.444,9.588,9.405,9.366,9.041,8.633,8.922,8.972,9.016,9.196,9.022,8.795,8.791,9.211,9.496,9.502,9.456,9.542,9.033,8.887,9.381,9.437,9.138,9.294,9.427,9.465,9.456,9.629,9.489,9.527,9.161,9.319,9.431,9.295,9.46,9.722,9.547,9.345,9.397,9.374,9.261,9.321,9.385,9.521,9.439,9.487,9.405,9.248,9.486,9.458,9.47,9.736,9.53,9.376,9.026,9.424,8.48,8.307,8.258,8.488,8.625,8.414,8.381,8.442,8.526,8.677,8.79,8.769,8.555,8.746,8.803,8.923,8.89,8.395,8.456,8.621,8.865,8.938,8.989,9.07,9.032,8.971,8.693,8.854,8.938,9.103,9.158,10.66,10.648,10.318,10.685,10.795,10.596,10.765,10.703,10.743,10.404,10.613,10.767,10.789,10.684,10.574,10.726,10.237,10.515,10.7,10.62,10.661,10.685,10.672,10.334,10.695,10.822,10.933,10.86,10.763,10.485,7.993,8.19,8.162,8.356,8.348,8.569,8.516,8.135,8.26,8.132,8.169,8.158,8.082,8.003,7.783,8.099,8.292,8.525,8.443,8.09,7.378,6.856,6.773,7.374,7.923,7.973,7.853,7.785,7.719,8.151,8.269,9.251,9.345,9.333,9.229,9.003,9.251,9.313,9.115,9.029,9.249,9.156,8.89,9.326,9.457,9.205,8.999,8.869,8.656,8.034,8.058,8.126,8.772,9.113,9.007,8.828,8.571,9.07,9.198,8.831,8.223,8.136,8.274,8.064,8.669,8.706,8.696,8.724,8.56,8.202,7.683,7.975,7.994,8.118,7.998,8.017,8.034,7.686,8.269,8.396,8.247,7.742,7.975,7.77,7.221,7.77,8.28,8.374,8.309,8.456,8.181,7.694,6.871,7.046,7.337,7.331,7.076,6.867,6.532,6.693,6.686,6.683,6.298,6.64,6.892,6.425,6.093,6.525,6.901,7.139,7.053,6.964,6.663,7.026,7.203,7.138,7.257,7.494,7.249,6.941,7.443,7.638,7.588,7.231,7.3,7.263,6.836,7.186,7.299,7.328,7.229,7.041,6.864,6.409,6.511,6.539,6.542,6.443,6.122,6.33,6.376,6.736,6.724,6.641,6.364,6.263,6.181,6.201,6.751,6.803,6.78,6.877,6.895,7.151,6.831,7.249,7.467,7.079,7.181,7.146,7.187,6.947,7.168,7.103,7.224,7.232,7.171,7.068,6.824,7.368,7.439,7.452,7.428,7.332,7.138,6.713,6.331,6.199,6.642,7.008,7.152,7.189,6.991,7.064,7.169,7.26,7.198,7.314,7.288,7.138,7.242,7.299,7.3,7.297,7.304,7.086,6.912,6.965,7.149,7.257,7.311,7.375,7.398,7.111,7.371,7.475,7.458,7.455,7.457,7.464,7.299,7.487,7.395,7.403,7.804,7.919,7.933,7.655,7.817,7.997,8.092,7.896,7.838,7.535,7.334,7.721,7.734,7.78,7.925,8.084,8.144,7.962,8.275,8.302,8.238,8.272,8.407,8.353,8.067,8.23,8.386,8.519,8.549,8.451,8.362,9.105,9.352,9.314,9.157,9.272,9.34,9.395,9.31,9.46,9.473,9.559,9.584,9.639,9.297,8.927,9.179,9.364,9.542,9.458,9.575,9.462,9.188,9.257,9.421,9.35,8.738,9.021,9.288,9.052,9.171,9.182,9.934,10.069,10.391,10.361,10.123,10.189,10.366,10.622,10.476,10.493,10.542,10.054,10.532,10.708,10.571,10.547,10.69,10.62,10.341,10.63,10.729,10.693,10.871,10.96,10.744,10.517,10.97,10.854,9.388,9.423,9.616,9.524,9.152,9.337,8.817,8.603,8.929,9.445,9.556,9.313,9.801,9.848,9.823,9.609,9.08,8.588,7.974,8.585,8.917,9.153,9.339,9.391,9.61,9.243,9.595,9.708,9.757,9.709,9.34,9.75,9.623,10.04,10.46,10.497,10.562,10.719,10.48,10.213,10.639,10.851,10.93,11.064,10.954,10.849,10.454,10.729,11.02,10.909,10.771,10.551,10.262,9.43,10.035,10.506,10.517,10.61,10.596,10.197,9.3,7.694,7.991,8.322,8.34,8.604,8.729,8.406,8.75,9.038,9.138,9.278,9.211,9.076,8.597,8.76,9.089,9.325,9.097,9.505,9.402,9.068,9.308,9.372,8.787,8.365,8.014,8.237,8.576,8.989,9.146,8.94,9.249,9.419,9.791,9.078,9.534,9.631,9.833,9.965,9.886,9.511,9.104,9.478,9.43,9.256,9.382,9.635,9.46,9.008,9.302,9.359,9.513,9.572,9.556,9.251,8.477,8.519,8.778,8.687,8.469,8.278,11.54,11.433,12.215,12.285,11.974,11.558,11.747,11.344,11.217,12.162,12.169,12.374,12.19,12.108,11.87,11.541,11.945,11.868,11.594,11.911,12.044,11.488,10.928,11.559,11.658,11.154,10.901,10.603,10.291,10.368,11.054,8.124,8.004,8.112,8.406,8.638,8.165,8.263,8.564,8.81,9.005,9.338,8.979,8.709,9.062,8.901,9.286,9.375,9.3,9.067,9.005,9.295,9.369,8.943,8.881,9.157,9.181,8.967,9.178,9.619,9.784,9.876,9.752,9.579,9.284,9.125,9.307,9.161,8.654,8.512,8.383,7.989,8.449,8.822,9.11,9.46,9.171,8.617,7.969,8.217,8.406,8.722,8.839,8.687,8.336,7.738,8.259,8.673,8.799,8.786,8.889,8.766,8.137,8.074,8.419,8.632,8.737,8.83,8.97,8.939,9.076,9.201,9.371,9.427,9.442,9.363,9.06,9.121,8.871,9.195,9.296,9.32,9.195,8.85,8.798,8.597,8.894,9.174,9.203,9.268,8.911,9.036,9.186,8.663,8.607,8.657,8.502,8.231,8.396,8.472,8.504,8.451,8.152,7.649,6.942,6.806,7.278,7.491,7.683,7.792,7.96,7.693,7.863,8.04,8.105,8.217,8.044,7.817,7.286,7.307,7.414,7.438,7.257,7.07,6.941,6.72,6.79,6.747,7.046,7.248,7.366,7.273,7.027,7.385,7.516,7.531,7.458,7.555,7.542,7.158,7.215,7.503,7.665,7.716,7.907,7.708,7.351,7.618,7.768,7.75,7.675,7.824,7.937,7.669,8.594,8.749,8.975,8.968,8.997,8.764,8.383,8.668,8.659,8.811,8.864,8.993,9.118,8.709,8.786,9.087,9.179,9.186,9.23,9.297,9.097,9.127,9.256,9.2,8.58,8.019,8.278,8.523,8.307,8.416,8.426,10.451,10.594,10.932,10.9,10.65,10.72,10.906,11.175,11.022,11.04,11.091,10.577,11.081,11.265,11.122,11.097,11.246,11.173,10.88,11.184,11.287,11.25,11.438,11.531,11.304,11.065,11.541,11.419,10.087,9.634,9.67,9.868,9.774,9.392,9.582,9.048,8.829,9.163,9.693,9.806,9.558,10.058,10.107,10.081,9.862,9.318,8.814,8.183,8.81,9.151,9.394,9.584,9.638,9.862,9.486,9.847,9.962,10.013,9.964,9.585,8.238,8.131,8.484,8.838,8.869,8.924,9.057,8.855,8.63,8.99,9.169,9.236,9.349,9.256,9.167,8.833,9.066,9.312,9.218,9.101,8.915,8.671,7.968,8.479,8.877,8.887,8.965,8.954,8.617,7.858,7.423,7.71,8.028,8.046,8.301,8.422,8.11,8.442,8.72,8.817,8.951,8.887,8.757,8.294,8.451,8.769,8.996,8.777,9.17,9.071,8.748,8.98,9.042,8.477,8.071,7.731,7.947,8.274,8.672,8.824,8.625,9.249,9.419,9.791,9.078,9.534,9.631,9.833,9.965,9.886,9.511,9.104,9.478,9.43,9.256,9.382,9.635,9.46,9.008,9.302,9.359,9.513,9.572,9.556,9.251,8.477,8.519,8.778,8.687,8.469,8.278,7.877,7.804,8.338,8.386,8.174,7.89,8.018,7.744,7.657,8.302,8.307,8.447,8.321,8.265,8.103,7.878,8.154,8.102,7.914,8.131,8.221,7.842,7.46,7.891,7.958,7.614,7.441,7.238,7.025,7.077,7.546,6.586,6.489,6.576,6.815,7.003,6.62,6.699,6.943,7.142,7.301,7.57,7.279,7.06,7.347,7.216,7.528,7.601,7.54,7.35,7.3,7.536,7.595,7.25,7.2,7.424,7.443,7.269,7.441,7.798,7.932,8.006,7.806,7.668,7.431,7.304,7.45,7.333,6.927,6.813,6.711,6.395,6.763,7.061,7.292,7.573,7.341,6.897,6.379,6.577,6.729,6.981,7.075,6.954,6.673,6.194,6.611,6.942,7.043,7.033,7.115,7.017,8.137,8.074,8.419,8.632,8.737,8.83,8.97,8.939,9.076,9.201,9.371,9.427,9.442,9.363,9.06,9.121,8.871,9.195,9.296,9.32,9.195,8.85,8.798,8.597,8.894,9.174,9.203,9.268,8.911,9.036,9.186,8.663,8.607,8.657,8.502,8.231,8.396,8.472,8.504,8.451,8.152,7.649,6.942,6.806,7.278,7.491,7.683,7.792,7.96,7.693,7.863,8.04,8.105,8.217,8.044,7.817,7.286,7.307,7.414,7.438,7.257,7.07,6.941,6.72,6.79,6.747,7.046,7.248,7.366,7.273,7.027,7.385,7.516,7.531,7.458,7.555,7.542,7.158,7.215,7.503,7.665,7.716,7.907,7.708,7.351,7.618,7.768,7.75,7.675,7.824,7.937,7.669
Guntur_42,8.479,8.538,8.699,8.72,8.397,8.444,8.628,8.64,8.467,8.372,8.525,8.528,8.633,8.479,8.232,8.188,8.57,8.532,8.187,8.535,8.597,8.405,8.5,8.705,8.8,8.398,8.668,8.794,8.861,8.921,8.848,8.696,8.279,8.544,8.765,8.766,8.759,8.857,8.552,8.364,8.507,8.547,8.635,8.941,8.926,9.014,8.637,8.848,9.029,8.992,8.796,8.491,8.563,8.338,8.618,8.771,8.867,8.76,8.709,8.61,8.628,8.873,8.971,8.83,8.691,8.744,8.863,8.603,8.539,7.918,8.227,8.728,8.781,8.724,8.389,8.681,8.958,8.92,9.887,9.742,9.397,9.246,9.082,9.451,9.787,9.895,9.856,9.804,9.499,9.251,9.23,8.204,8.385,8.443,8.389,8.064,8.47,8.511,8.467,8.522,8.586,8.426,8.226,8.694,8.535,8.474,8.227,8.166,8.087,7.816,8.304,8.348,8.142,8.272,8.358,8.277,8.116,8.416,8.424,8.44,8.294,8.228,8.247,8.127,8.365,8.333,8.435,8.66,8.649,8.596,8.255,8.123,8.192,8.161,8.095,8.141,8.046,8.072,7.556,7.912,8.15,7.898,7.791,7.995,8.12,7.763,7.948,8.083,8.314,8.291,8.102,7.914,8.306,8.411,8.388,8.617,8.551,8.605,8.442,8.975,9.135,9.254,9.14,9.165,8.898,8.593,9.027,9.019,9.161,9.286,9.095,9.037,8.687,9.185,9.422,9.305,9.303,8.986,8.794,8.527,8.93,9.376,0.0,0.0,0.0,0.0,0.0,0.0,0.0,0.0,0.0,0.0,0.0,0.0,0.0,0.0,0.0,0.0,0.0,0.0,0.0,0.0,0.0,0.0,0.0,0.0,0.0,0.0,0.0,0.0,0.0,0.0,0.0,0.0,0.0,0.0,0.0,0.0,0.0,0.0,0.0,0.0,0.0,0.0,0.0,0.0,0.0,0.0,0.0,0.0,0.0,0.0,0.0,0.0,0.0,0.0,0.0,0.0,0.0,0.0,0.0,0.0,0.0,0.0,6.463,6.485,6.487,6.613,6.664,6.315,6.383,6.561,6.855,6.758,6.669,6.456,6.26,6.329,6.436,6.527,6.403,6.356,6.527,6.24,6.352,6.266,6.155,6.35,6.381,6.097,5.896,6.35,6.485,6.431,7.127,7.082,7.291,7.064,7.196,7.411,7.658,7.764,7.767,7.537,7.122,7.195,7.307,6.994,7.115,7.195,7.356,7.165,7.334,7.341,7.313,7.173,6.993,6.983,6.627,6.76,7.11,7.249,7.412,7.551,7.491,6.314,6.534,6.604,6.582,6.516,6.663,6.566,6.302,6.431,6.409,6.363,6.475,6.357,5.786,5.622,5.663,6.035,6.209,6.315,6.362,6.312,6.206,6.508,6.482,6.304,5.94,5.953,6.069,6.177,6.393,6.651,6.748,6.678,6.743,6.702,6.413,6.541,6.653,6.534,6.639,6.696,6.568,6.392,6.573,6.751,6.757,6.82,6.915,6.799,6.703,6.883,7.053,7.142,7.036,7.026,7.135,6.864,7.07,7.145,7.107,7.107,7.137,6.93,6.689,6.872,6.926,6.953,6.859,6.942,6.807,6.782,7.057,7.096,7.071,6.988,7.001,7.142,7.055,7.13,7.368,7.514,7.643,7.604,7.487,7.224,7.29,7.039,7.225,7.315,7.454,7.439,7.22,7.018,7.104,7.161,7.029,7.055,7.003,6.807,6.882,7.042,7.175,7.208,7.211,7.178,7.008,7.121,7.121,7.096,7.032,6.954,6.956,6.839,7.105,7.222,7.329,7.354,7.402,7.367,7.25,7.686,7.725,7.699,7.671,7.843,7.798,7.494,7.67,7.817,7.9,7.819,7.55,7.413,7.409,7.686,7.743,7.86,7.976,7.952,7.867,7.618,7.699,7.507,7.687,7.81,7.701,7.74,7.45,7.023,7.139,7.472,7.35,7.539,7.598,7.435,7.634,7.631,7.638,7.816,7.74,7.722,7.445,7.685,7.734,7.448,7.48,7.542,7.358,7.307,7.452,7.591,7.35,7.204,7.13,7.242,7.097,7.364,7.475,7.443,7.475,7.431,7.126,6.993,7.035,7.069,6.933,7.012,7.161,7.11,6.957,7.093,6.92,6.694,6.501,6.721,6.671,6.173,6.206,6.064,6.078,6.034,6.118,6.33,6.46,6.606,6.501,6.379,6.404,6.648,6.806,6.419,6.738,7.071,7.612,7.76,7.784,7.598,7.246,7.467,7.347,7.325,7.168,6.93,6.913,6.577,7.17,7.205,7.389,7.438,7.491,7.173,6.809,7.377,7.656,8.076,7.758,7.725,7.512,7.694,8.268,8.547,8.364,11.966,11.553,11.587,11.729,12.397,12.629,12.539,12.3,12.117,12.338,11.512,11.387,11.264,11.114,11.305,11.845,11.952,10.843,10.02,10.031,9.824,10.117,10.653,10.426,10.262,10.596,10.502,9.889,10.081,10.029,9.877,0.0,0.0,0.0,0.0,0.0,0.0,0.0,0.0,0.0,0.0,0.0,0.0,0.0,0.0,0.0,0.0,0.0,0.0,0.0,0.0,0.0,0.0,0.0,0.0,0.0,0.0,0.0,0.0,0.0,0.0,0.0,0.0,0.0,0.0,0.0,0.0,0.0,0.0,0.0,0.0,0.0,0.0,0.0,0.0,0.0,0.0,0.0,0.0,0.0,0.0,0.0,0.0,0.0,0.0,0.0,0.0,0.0,0.0,0.0,0.0,0.0,7.018,6.765,6.6,6.904,7.053,7.193,7.196,7.268,7.163,6.937,7.266,7.342,7.354,7.25,7.024,7.114,6.741,6.581,6.87,6.935,6.891,6.849,6.938,6.518,6.783,6.841,6.824,6.774,6.862,6.793,6.684,5.78,5.779,5.715,5.279,5.114,5.469,5.362,5.652,5.804,6.008,5.844,5.969,5.925,5.828,5.906,5.896,5.964,6.016,5.864,5.867,5.616,5.939,6.03,6.066,6.011,5.966,5.883,5.564,5.668,5.694,6.914,6.718,6.852,6.867,6.721,6.944,7.082,7.062,7.139,7.03,6.968,6.68,7.008,7.24,7.22,7.15,7.113,7.102,6.747,7.232,7.447,7.576,7.652,7.708,7.631,7.402,7.559,7.404,7.224,7.149,7.273,7.553,7.265,7.674,7.885,8.004,7.852,7.82,7.548,7.208,7.448,7.491,7.527,7.677,7.532,7.342,7.339,7.69,7.928,7.933,7.895,7.966,7.542,7.42,7.832,7.879,7.629,7.759,7.87,7.902,7.894,8.039,8.134,8.166,7.853,7.988,8.084,7.968,8.109,8.334,8.184,8.011,8.055,8.036,7.939,7.99,8.045,8.161,8.091,8.133,8.062,7.927,8.132,8.108,8.118,8.346,8.169,8.037,7.737,8.079,8.215,8.047,7.999,8.223,8.355,8.151,8.119,8.178,8.259,8.405,8.515,8.494,8.287,8.472,8.528,8.644,8.612,8.132,8.191,8.351,8.588,8.659,8.707,8.786,8.749,8.69,8.421,8.577,8.658,8.818,8.871,8.632,8.622,8.355,8.652,8.741,8.58,8.717,8.666,8.699,8.424,8.594,8.719,8.737,8.652,8.562,8.686,8.289,8.515,8.664,8.599,8.633,8.652,8.642,8.368,8.661,8.763,8.853,8.794,8.715,8.49,7.863,8.056,8.029,8.219,8.211,8.429,8.377,8.002,8.125,7.999,8.035,8.025,7.949,7.872,7.656,7.966,8.157,8.385,8.305,7.958,7.257,6.744,6.662,7.253,7.793,7.843,7.725,7.658,7.593,8.018,8.134,11.27,11.384,11.37,11.243,10.968,11.27,11.345,11.104,11.0,11.267,11.154,10.83,11.362,11.522,11.213,10.964,10.804,10.545,9.788,9.816,9.899,10.686,11.101,10.972,10.755,10.442,11.05,11.206,10.759,10.017,9.911,10.079,9.823,10.561,10.606,10.594,10.628,10.428,9.992,9.36,9.716,9.739,9.89,9.743,9.767,9.787,9.364,10.073,10.229,10.047,9.431,9.716,9.466,8.797,9.466,10.086,10.202,10.122,10.302,9.966,9.373,7.65,7.845,8.168,8.162,7.877,7.645,7.272,7.451,7.443,7.44,7.012,7.392,7.672,7.152,6.783,7.264,7.683,7.947,7.852,7.753,7.418,7.822,8.019,7.946,8.079,8.343,8.07,7.728,8.287,8.503,8.448,9.777,9.87,9.82,9.243,9.715,9.868,9.908,9.774,9.52,9.28,8.666,8.804,8.841,8.846,8.711,8.277,8.559,8.621,9.107,9.091,8.979,8.605,8.468,8.356,8.384,9.127,9.198,9.167,9.298,9.322,6.993,6.681,7.089,7.302,6.922,7.022,6.988,7.028,6.794,7.01,6.946,7.065,7.072,7.013,6.912,6.673,7.205,7.275,7.287,7.264,7.171,6.981,6.565,6.191,6.062,6.495,6.854,6.994,7.03,6.836,6.908,8.112,8.216,8.144,8.276,8.247,8.077,8.195,8.259,8.261,8.257,8.265,8.018,7.822,7.881,8.09,8.211,8.272,8.345,8.372,8.047,8.341,8.458,8.439,8.435,8.438,8.446,8.26,8.472,8.367,8.377,8.628,8.755,8.77,8.462,8.642,8.841,8.946,8.729,8.665,8.33,8.108,8.536,8.55,8.601,8.762,8.938,9.003,8.802,9.148,9.178,9.107,9.145,9.295,9.235,8.918,9.098,9.27,9.418,9.451,9.343,9.244,8.713,8.95,8.913,8.764,8.874,8.939,8.991,8.909,9.053,9.066,9.148,9.172,9.224,8.897,8.543,8.784,8.962,9.132,9.051,9.164,9.055,8.793,8.859,9.016,8.948,8.363,8.633,8.889,8.663,8.777,8.787,10.574,10.718,11.061,11.029,10.775,10.846,11.034,11.306,11.151,11.169,11.222,10.702,11.211,11.398,11.253,11.227,11.379,11.304,11.008,11.315,11.42,11.383,11.572,11.667,11.437,11.195,11.677,11.554,9.641,9.677,9.876,9.781,9.399,9.589,9.055,8.835,9.17,9.7,9.814,9.565,10.065,10.114,10.088,9.869,9.325,8.82,8.189,8.817,9.158,9.401,9.591,9.645,9.87,9.493,9.854,9.97,10.02,9.972,9.592,9.152,9.033,9.424,9.819,9.853,9.914,10.061,9.837,9.587,9.987,10.185,10.26,10.385,10.282,10.184,9.813,10.071,10.344,10.24,10.11,9.904,9.633,8.851,9.419,9.861,9.872,9.959,9.946,9.572,8.73,7.611,7.905,8.232,8.25,8.511,8.635,8.315,8.656,8.941,9.04,9.178,9.112,8.978,8.505,8.665,8.991,9.224,8.999,9.402,9.301,8.97,9.208,9.271,8.692,8.275,7.927,8.148,8.483,8.892,9.047,8.843,8.676,8.836,9.185,8.516,8.944,9.035,9.225,9.348,9.274,8.923,8.54,8.892,8.846,8.683,8.801,9.039,8.874,8.45,8.726,8.78,8.924,8.979,8.964,8.679,7.952,7.992,8.234,8.149,7.945,7.766,7.9,7.827,8.363,8.41,8.198,7.913,8.042,7.766,7.68,8.326,8.331,8.471,8.345,8.289,8.126,7.901,8.178,8.125,7.937,8.155,8.245,7.865,7.482,7.914,7.981,7.636,7.463,7.259,7.045,7.098,7.568,0.0,0.0,0.0,0.0,0.0,0.0,0.0,0.0,0.0,0.0,0.0,0.0,0.0,0.0,0.0,0.0,0.0,0.0,0.0,0.0,0.0,0.0,0.0,0.0,0.0,0.0,0.0,0.0,0.0,0.0,0.0,9.038,8.878,8.604,8.457,8.625,8.49,8.02,7.888,7.769,7.404,7.83,8.176,8.442,8.767,8.499,7.985,7.385,7.615,7.79,8.083,8.191,8.051,7.725,7.171,7.654,8.038,8.154,8.142,8.238,8.124,7.716,7.657,7.984,8.186,8.285,8.373,8.506,8.477,8.607,8.725,8.887,8.94,8.954,8.879,8.592,8.65,8.412,8.72,8.816,8.838,8.72,8.393,8.343,8.153,8.434,8.7,8.728,8.789,8.45,8.569,8.711,8.663,8.607,8.657,8.502,8.231,8.396,8.472,8.504,8.451,8.152,7.649,6.942,6.806,7.278,7.491,7.683,7.792,7.96,7.693,7.863,8.04,8.105,8.217,8.044,7.817,7.286,7.307,7.414,7.438,7.257,6.708,6.586,6.376,6.443,6.402,6.686,6.877,6.989,6.901,6.667,7.007,7.132,7.146,7.076,7.169,7.156,6.791,6.845,7.119,7.273,7.321,7.502,7.314,6.975,7.228,7.371,7.353,7.282,7.423,7.531,7.277,8.315,8.465,8.684,8.677,8.705,8.48,8.112,8.387,8.379,8.525,8.576,8.702,8.822,8.427,8.501,8.793,8.881,8.888,8.931,8.996,8.802,8.831,8.956,8.901,8.302,7.759,8.009,8.247,8.038,8.143,8.153,7.981,8.09,8.348,8.324,8.133,8.186,8.328,8.534,8.417,8.43,8.47,8.077,8.462,8.603,8.493,8.474,8.588,8.532,8.308,8.54,8.62,8.591,8.734,8.806,8.632,8.449,8.813,8.72,7.702,8.396,8.428,8.6,8.518,8.185,8.351,7.886,7.694,7.986,8.447,8.546,8.33,8.765,8.808,8.785,8.595,8.121,7.681,7.131,7.678,7.975,8.187,8.352,8.399,8.595,8.267,8.582,8.682,8.726,8.684,8.353,7.664,7.565,7.893,8.223,8.252,8.303,8.426,8.238,8.029,8.364,8.53,8.592,8.697,8.611,8.529,8.218,8.434,8.663,8.576,8.467,8.294,8.067,7.413,7.888,8.259,8.268,8.341,8.33,8.016,7.311,7.165,7.441,7.749,7.766,8.012,8.128,7.827,8.148,8.416,8.509,8.639,8.577,8.451,8.005,8.157,8.463,8.683,8.471,8.851,8.755,8.443,8.667,8.727,8.182,7.789,7.462,7.67,7.985,8.37,8.516,8.324,8.676,8.836,9.185,8.516,8.944,9.035,9.225,9.348,9.274,8.923,8.54,8.892,8.846,8.683,8.801,9.039,8.874,8.45,8.726,8.78,8.924,8.979,8.964,8.679,7.952,7.992,8.234,8.149,7.945,7.766,7.603,7.532,8.048,8.094,7.889,7.615,7.739,7.474,7.391,8.013,8.018,8.153,8.031,7.977,7.82,7.603,7.87,7.819,7.639,7.848,7.935,7.569,7.2,7.616,7.681,7.349,7.182,6.985,6.78,6.831,7.283,5.973,5.884,5.963,6.18,6.35,6.003,6.074,6.296,6.477,6.621,6.865,6.601,6.403,6.662,6.544,6.827,6.893,6.837,6.665,6.62,6.834,6.888,6.575,6.529,6.732,6.75,6.592,6.748,7.071,7.193,7.26,6.925,6.803,6.593,6.48,6.609,6.506,6.145,6.045,5.953,5.673,6.0,6.265,6.469,6.718,6.512,6.119,5.659,5.835,5.969,6.194,6.277,6.169,5.92,5.495,5.865,6.159,6.249,6.239,6.312,6.225,7.716,7.657,7.984,8.186,8.285,8.373,8.506,8.477,8.607,8.725,8.887,8.94,8.954,8.879,8.592,8.65,8.412,8.72,8.816,8.838,8.72,8.393,8.343,8.153,8.434,8.7,8.728,8.789,8.45,8.569,8.711,8.663,8.607,8.657,8.502,8.231,8.396,8.472,8.504,8.451,8.152,7.649,6.942,6.806,7.278,7.491,7.683,7.792,7.96,7.693,7.863,8.04,8.105,8.217,8.044,7.817,7.286,7.307,7.414,7.438,7.257,6.708,6.586,6.376,6.443,6.402,6.686,6.877,6.989,6.901,6.667,7.007,7.132,7.146,7.076,7.169,7.156,6.791,6.845,7.119,7.273,7.321,7.502,7.314,6.975,7.228,7.371,7.353,7.282,7.423,7.531,7.277
Guntur_43,8.486,8.544,8.705,8.727,8.403,8.451,8.635,8.646,8.473,8.378,8.532,8.535,8.639,8.485,8.238,8.194,8.576,8.538,8.193,8.542,8.604,8.412,8.506,8.712,8.806,8.404,8.674,8.801,8.868,8.928,8.854,9.491,9.035,9.324,9.566,9.567,9.559,9.666,9.333,9.128,9.284,9.327,9.424,9.758,9.742,9.838,9.425,9.657,9.854,9.813,9.6,9.267,9.346,9.1,9.405,9.572,9.677,9.56,9.504,9.396,8.708,8.956,9.055,8.912,8.772,8.826,8.945,8.683,8.618,7.992,8.303,8.809,8.862,8.805,8.467,8.762,9.041,9.003,9.979,9.833,9.485,9.332,9.167,9.539,9.878,9.987,9.947,9.895,9.588,9.336,9.316,9.458,9.667,9.734,9.672,9.296,9.764,9.811,9.761,9.825,9.898,9.714,9.483,10.023,9.839,9.769,9.484,9.415,9.323,9.01,9.574,9.624,9.387,9.536,9.635,9.542,9.356,9.702,9.712,9.73,9.562,9.344,9.366,9.23,9.5,9.464,9.58,9.834,9.823,9.762,9.375,9.224,9.303,9.268,9.193,9.245,9.138,9.167,8.581,8.985,9.255,8.969,8.847,9.079,9.222,8.816,9.026,9.179,9.442,9.416,9.201,8.988,7.188,7.279,7.259,7.458,7.401,7.447,7.307,7.767,7.907,8.009,7.91,7.932,7.701,7.437,7.813,7.806,7.928,8.037,7.872,7.821,7.518,7.949,8.155,8.053,8.051,7.777,7.611,7.38,7.728,8.115,0.0,0.0,0.0,0.0,0.0,0.0,0.0,0.0,0.0,0.0,0.0,0.0,0.0,0.0,0.0,0.0,0.0,0.0,0.0,0.0,0.0,0.0,0.0,0.0,0.0,0.0,0.0,0.0,0.0,0.0,0.0,0.0,0.0,0.0,0.0,0.0,0.0,0.0,0.0,0.0,0.0,0.0,0.0,0.0,0.0,0.0,0.0,0.0,0.0,0.0,0.0,0.0,0.0,0.0,0.0,0.0,0.0,0.0,0.0,0.0,0.0,0.0,6.024,6.044,6.047,6.164,6.212,5.886,5.95,6.115,6.389,6.299,6.216,6.018,5.834,5.899,5.999,6.083,5.968,5.924,6.084,5.816,5.921,5.84,5.737,5.919,5.948,5.683,5.495,5.919,6.045,5.995,7.855,7.805,8.035,7.785,7.93,8.168,8.44,8.557,8.56,8.307,7.848,7.93,8.053,7.708,7.841,7.929,8.106,7.897,8.082,8.09,8.059,7.905,7.707,7.696,7.304,7.451,7.835,7.989,8.169,8.322,8.255,8.593,8.893,8.988,8.959,8.868,9.068,8.936,8.576,8.752,8.722,8.66,8.812,8.651,7.875,7.651,7.707,8.213,8.45,8.594,8.659,8.59,8.446,8.857,8.822,8.58,8.084,8.102,8.26,8.407,8.701,8.197,8.317,8.231,8.311,8.26,7.904,8.061,8.2,8.053,8.183,8.253,8.095,7.878,8.101,8.32,8.328,8.406,8.523,8.379,8.261,8.483,8.693,8.803,8.671,8.659,8.793,8.46,8.713,8.806,8.758,8.759,7.86,7.631,7.366,7.568,7.628,7.657,7.554,7.645,7.497,7.468,7.772,7.815,7.787,7.696,7.71,7.865,7.77,7.852,8.114,8.275,8.417,8.374,8.245,7.956,8.028,7.752,7.956,8.056,8.209,8.192,7.951,8.762,8.87,8.941,8.777,8.809,8.744,8.5,8.593,8.792,8.959,9.0,9.004,8.963,8.751,8.891,8.892,8.86,8.781,8.682,8.685,8.539,8.872,9.017,9.151,9.182,9.242,9.199,9.053,9.126,9.173,9.142,9.108,9.313,9.26,8.899,9.107,9.282,9.38,9.284,8.965,8.802,8.798,9.126,9.194,9.333,9.47,9.442,9.342,9.046,9.142,8.914,9.127,9.273,9.145,9.191,8.846,8.339,8.477,8.872,8.781,9.006,9.077,8.883,9.12,9.116,9.124,9.337,9.247,9.225,8.894,9.181,9.24,8.898,8.936,9.01,8.791,8.73,8.903,9.069,8.78,8.607,8.518,8.652,8.479,8.798,8.93,8.892,8.93,8.877,7.91,7.762,7.809,7.847,7.696,7.783,7.949,7.892,7.722,7.873,7.681,7.431,7.216,7.46,7.405,6.852,6.889,6.731,6.747,6.698,6.791,7.026,7.17,7.333,7.216,7.081,7.108,7.379,7.554,7.125,7.479,6.104,6.571,6.699,6.719,6.559,6.255,6.446,6.342,6.323,6.187,5.982,5.967,5.678,6.19,6.22,6.379,6.421,6.466,6.192,5.878,6.368,6.609,6.972,6.697,6.668,6.485,6.641,7.137,7.378,7.22,11.966,11.553,11.587,11.729,12.397,12.629,12.539,12.3,12.117,12.338,11.512,11.387,11.264,11.114,11.305,11.845,11.952,10.843,10.02,10.031,9.824,10.117,10.653,10.426,10.262,10.596,10.502,9.889,10.081,10.029,9.877,0.0,0.0,0.0,0.0,0.0,0.0,0.0,0.0,0.0,0.0,0.0,0.0,0.0,0.0,0.0,0.0,0.0,0.0,0.0,0.0,0.0,0.0,0.0,0.0,0.0,0.0,0.0,0.0,0.0,0.0,0.0,0.0,0.0,0.0,0.0,0.0,0.0,0.0,0.0,0.0,0.0,0.0,0.0,0.0,0.0,0.0,0.0,0.0,0.0,0.0,0.0,0.0,0.0,0.0,0.0,0.0,0.0,0.0,0.0,0.0,0.0,7.812,7.529,7.346,7.684,7.851,8.006,8.01,8.089,7.973,7.721,8.087,8.172,8.185,8.07,7.818,7.919,7.503,7.325,7.646,7.719,7.67,7.623,7.723,7.255,7.55,7.614,7.596,7.54,7.637,7.561,7.439,7.886,7.886,7.798,7.204,6.978,7.463,7.316,7.712,7.92,8.198,7.974,8.145,8.085,7.952,8.059,8.046,8.138,8.209,8.001,8.006,7.663,8.104,8.228,8.277,8.202,8.14,8.027,7.592,7.734,7.77,8.98,8.726,8.9,8.918,8.729,9.019,9.198,9.173,9.272,9.13,9.05,8.676,9.102,9.404,9.377,9.286,9.239,9.225,8.763,9.393,9.673,9.84,9.938,10.011,9.911,9.614,9.817,9.616,9.383,9.286,9.446,8.709,8.377,8.848,9.091,9.229,9.054,9.016,8.703,8.311,8.588,8.637,8.679,8.852,8.685,8.466,8.462,8.867,9.142,9.147,9.103,9.186,8.696,8.556,9.031,9.085,8.797,8.946,9.075,9.111,9.102,9.269,7.903,7.935,7.63,7.762,7.855,7.742,7.879,8.098,7.952,7.784,7.827,7.808,7.713,7.763,7.817,7.93,7.862,7.902,7.833,7.703,7.901,7.878,7.888,8.109,7.938,7.809,7.518,7.85,8.138,7.971,7.925,8.146,8.277,8.075,8.043,8.102,8.182,8.327,8.435,8.415,8.209,8.393,8.448,8.563,8.531,8.056,8.115,8.273,8.508,8.578,8.626,8.704,8.667,8.609,8.342,8.497,8.577,8.736,8.788,9.109,9.099,8.817,9.13,9.224,9.054,9.198,9.145,9.18,8.89,9.069,9.201,9.22,9.13,9.035,9.166,8.747,8.985,9.143,9.075,9.11,9.13,9.119,8.831,9.139,9.248,9.342,9.28,9.197,8.959,9.231,9.458,9.426,9.65,9.64,9.895,9.834,9.394,9.538,9.391,9.434,9.421,9.333,9.242,8.988,9.352,9.576,9.844,9.75,9.342,8.52,7.917,7.822,8.515,9.149,9.207,9.069,8.991,8.914,9.413,9.549,11.27,11.384,11.37,11.243,10.968,11.27,11.345,11.104,11.0,11.267,11.154,10.83,11.362,11.522,11.213,10.964,10.804,10.545,9.788,9.816,9.899,10.686,11.101,10.972,10.755,10.442,11.05,11.206,10.759,10.017,9.911,10.079,9.823,10.561,10.606,10.594,10.628,10.428,9.992,9.36,9.716,9.739,9.89,9.743,9.767,9.787,9.364,10.073,10.229,10.047,9.431,9.716,9.466,8.797,9.466,10.086,10.202,10.122,10.302,9.966,9.373,7.65,7.845,8.168,8.162,7.877,7.645,7.272,7.451,7.443,7.44,7.012,7.392,7.672,7.152,6.783,7.264,7.683,7.947,7.852,7.753,7.418,7.822,8.019,7.946,8.079,8.343,8.07,7.728,8.287,8.503,8.448,8.907,8.992,8.946,8.421,8.851,8.99,9.026,8.904,8.673,8.454,7.895,8.02,8.054,8.058,7.936,7.541,7.797,7.854,8.296,8.282,8.18,7.839,7.715,7.613,7.638,8.315,8.379,8.351,8.471,8.493,9.203,8.791,9.328,9.609,9.109,9.241,9.196,9.249,8.94,9.224,9.14,9.296,9.306,9.228,9.095,8.781,9.482,9.573,9.589,9.558,9.436,9.186,8.639,8.147,7.977,8.547,9.019,9.204,9.251,8.996,9.09,8.469,8.578,8.503,8.641,8.611,8.433,8.556,8.623,8.625,8.621,8.629,8.371,8.166,8.229,8.446,8.573,8.637,8.713,8.741,8.401,8.709,8.831,8.811,8.807,8.809,8.818,8.624,8.845,8.736,8.746,9.634,9.776,9.793,9.449,9.65,9.872,9.989,9.747,9.676,9.301,9.054,9.532,9.547,9.605,9.784,9.98,10.054,9.829,10.215,10.249,10.169,10.211,10.379,10.312,9.959,10.16,10.352,10.516,10.554,10.433,10.323,9.312,9.565,9.526,9.366,9.484,9.553,9.609,9.522,9.676,9.689,9.777,9.802,9.858,9.509,9.13,9.388,9.578,9.76,9.673,9.794,9.678,9.397,9.468,9.636,9.563,8.938,9.226,9.5,9.259,9.38,9.392,8.865,8.985,9.273,9.246,9.033,9.093,9.25,9.478,9.349,9.364,9.407,8.972,9.399,9.555,9.433,9.412,9.539,9.477,9.228,9.486,9.574,9.542,9.701,9.781,9.588,9.385,9.789,9.686,10.212,10.25,10.46,10.36,9.955,10.157,9.591,9.358,9.712,10.274,10.394,10.131,10.661,10.713,10.685,10.453,9.877,9.342,8.674,9.339,9.7,9.957,10.158,10.215,10.454,10.054,10.437,10.56,10.613,10.562,10.159,9.575,9.451,9.86,10.273,10.309,10.372,10.527,10.292,10.03,10.449,10.656,10.734,10.866,10.758,10.655,10.267,10.537,10.823,10.714,10.578,10.362,10.078,9.261,9.855,10.318,10.329,10.42,10.406,10.015,9.133,8.288,8.608,8.963,8.983,9.267,9.402,9.054,9.425,9.735,9.843,9.993,9.921,9.776,9.26,9.435,9.79,10.044,9.799,10.238,10.127,9.767,10.026,10.095,9.465,9.01,8.632,8.872,9.237,9.682,9.851,9.629,8.588,8.747,9.092,8.43,8.853,8.943,9.132,9.253,9.181,8.833,8.454,8.802,8.757,8.596,8.712,8.948,8.785,8.365,8.638,8.691,8.834,8.889,8.874,8.591,7.872,7.911,8.151,8.067,7.865,7.688,12.753,12.634,13.499,13.576,13.233,12.773,12.981,12.536,12.397,13.44,13.448,13.675,13.471,13.381,13.118,12.754,13.201,13.116,12.813,13.164,13.31,12.696,12.077,12.774,12.884,12.326,12.047,11.717,11.373,11.458,12.216,0.0,0.0,0.0,0.0,0.0,0.0,0.0,0.0,0.0,0.0,0.0,0.0,0.0,0.0,0.0,0.0,0.0,0.0,0.0,0.0,0.0,0.0,0.0,0.0,0.0,0.0,0.0,0.0,0.0,0.0,0.0,9.038,8.878,8.604,8.457,8.625,8.49,8.02,7.888,7.769,7.404,7.83,8.176,8.442,8.767,8.499,7.985,7.385,7.615,7.79,8.083,8.191,8.051,7.725,7.171,7.654,8.038,8.154,8.142,8.238,8.124,9.449,9.376,9.777,10.025,10.146,10.254,10.417,10.381,10.54,10.685,10.883,10.948,10.965,10.873,10.522,10.593,10.301,10.678,10.796,10.823,10.679,10.278,10.217,9.984,10.328,10.654,10.688,10.763,10.348,10.493,10.668,8.546,8.49,8.54,8.387,8.119,8.282,8.357,8.389,8.336,8.041,7.545,6.847,6.714,7.179,7.389,7.579,7.686,7.851,7.589,7.756,7.931,7.995,8.106,7.935,7.711,7.187,7.208,7.313,7.337,7.158,8.057,7.91,7.658,7.738,7.688,8.03,8.259,8.394,8.288,8.008,8.416,8.565,8.582,8.499,8.61,8.595,8.157,8.221,8.551,8.735,8.793,9.01,8.784,8.377,8.681,8.853,8.831,8.746,8.916,9.045,8.74,8.64,8.797,9.024,9.016,9.045,8.811,8.429,8.715,8.706,8.859,8.912,9.042,9.167,8.756,8.834,9.137,9.229,9.236,9.28,9.348,9.147,9.177,9.306,9.249,8.627,8.062,8.323,8.569,8.352,8.462,8.472,8.731,8.85,9.133,9.106,8.897,8.955,9.11,9.335,9.207,9.222,9.265,8.836,9.257,9.411,9.291,9.27,9.395,9.334,9.089,9.343,9.429,9.398,9.555,9.633,9.443,9.243,9.641,9.54,8.426,8.971,9.005,9.19,9.101,8.746,8.923,8.426,8.221,8.533,9.026,9.132,8.9,9.366,9.412,9.387,9.183,8.677,8.207,7.62,8.204,8.522,8.747,8.925,8.975,9.184,8.833,9.169,9.277,9.324,9.279,8.925,8.568,8.456,8.823,9.192,9.224,9.281,9.419,9.209,8.975,9.349,9.535,9.605,9.723,9.626,9.534,9.187,9.428,9.684,9.587,9.465,9.272,9.018,8.287,8.818,9.232,9.242,9.324,9.312,8.961,8.173,7.763,8.062,8.396,8.414,8.68,8.807,8.481,8.828,9.118,9.22,9.36,9.293,9.157,8.674,8.837,9.169,9.407,9.178,9.589,9.486,9.148,9.39,9.455,8.865,8.44,8.085,8.31,8.652,9.069,9.227,9.019,8.588,8.747,9.092,8.43,8.853,8.943,9.132,9.253,9.181,8.833,8.454,8.802,8.757,8.596,8.712,8.948,8.785,8.365,8.638,8.691,8.834,8.889,8.874,8.591,7.872,7.911,8.151,8.067,7.865,7.688,8.237,8.161,8.72,8.769,8.547,8.251,8.385,8.098,8.007,8.681,8.687,8.833,8.701,8.643,8.473,8.238,8.527,8.472,8.276,8.503,8.597,8.201,7.801,8.251,8.322,7.962,7.781,7.568,7.346,7.401,7.891,8.353,8.23,8.34,8.643,8.882,8.395,8.496,8.806,9.058,9.259,9.601,9.232,8.955,9.318,9.152,9.548,9.64,9.562,9.322,9.259,9.557,9.633,9.195,9.132,9.415,9.44,9.22,9.437,9.89,10.06,10.154,10.704,10.514,10.19,10.016,10.215,10.056,9.499,9.343,9.202,8.769,9.273,9.683,9.999,10.384,10.066,9.458,8.747,9.018,9.227,9.573,9.701,9.535,9.15,8.493,9.065,9.52,9.658,9.643,9.757,9.622,9.449,9.376,9.777,10.025,10.146,10.254,10.417,10.381,10.54,10.685,10.883,10.948,10.965,10.873,10.522,10.593,10.301,10.678,10.796,10.823,10.679,10.278,10.217,9.984,10.328,10.654,10.688,10.763,10.348,10.493,10.668,8.546,8.49,8.54,8.387,8.119,8.282,8.357,8.389,8.336,8.041,7.545,6.847,6.714,7.179,7.389,7.579,7.686,7.851,7.589,7.756,7.931,7.995,8.106,7.935,7.711,7.187,7.208,7.313,7.337,7.158,8.057,7.91,7.658,7.738,7.688,8.03,8.259,8.394,8.288,8.008,8.416,8.565,8.582,8.499,8.61,8.595,8.157,8.221,8.551,8.735,8.793,9.01,8.784,8.377,8.681,8.853,8.831,8.746,8.916,9.045,8.74
Guntur_44,8.896,8.957,9.126,9.148,8.809,8.859,9.052,9.064,8.883,8.783,8.944,8.947,9.056,8.895,8.637,8.59,8.99,8.951,8.589,8.954,9.019,8.818,8.917,9.133,9.232,8.81,9.093,9.226,9.297,9.359,9.282,9.167,8.727,9.006,9.239,9.241,9.233,9.336,9.015,8.817,8.968,9.009,9.103,9.425,9.409,9.502,9.104,9.327,9.518,9.479,9.273,8.951,9.027,8.789,9.085,9.246,9.347,9.234,9.18,9.076,8.8,9.051,9.151,9.007,8.865,8.919,9.04,8.775,8.709,8.077,8.391,8.902,8.956,8.899,8.557,8.855,9.137,9.098,10.084,9.937,9.585,9.431,9.264,9.64,9.982,10.093,10.053,10.0,9.689,9.435,9.415,9.827,10.044,10.113,10.049,9.659,10.145,10.194,10.142,10.208,10.284,10.093,9.853,10.414,10.223,10.15,9.854,9.782,9.687,9.362,9.947,9.999,9.753,9.908,10.011,9.914,9.721,10.08,10.091,10.109,9.935,9.026,9.048,8.916,9.177,9.142,9.254,9.5,9.489,9.43,9.056,8.911,8.987,8.953,8.88,8.931,8.827,8.855,8.29,8.68,8.94,8.664,8.547,8.771,8.908,8.516,8.719,8.867,9.121,9.096,8.888,8.682,7.194,7.285,7.265,7.464,7.407,7.453,7.313,7.773,7.913,8.015,7.917,7.938,7.707,7.443,7.819,7.812,7.935,8.043,7.878,7.827,7.524,7.956,8.161,8.059,8.058,7.783,7.617,7.386,7.735,8.121,0.0,0.0,0.0,0.0,0.0,0.0,0.0,0.0,0.0,0.0,0.0,0.0,0.0,0.0,0.0,0.0,0.0,0.0,0.0,0.0,0.0,0.0,0.0,0.0,0.0,0.0,0.0,0.0,0.0,0.0,0.0,0.0,0.0,0.0,0.0,0.0,0.0,0.0,0.0,0.0,0.0,0.0,0.0,0.0,0.0,0.0,0.0,0.0,0.0,0.0,0.0,0.0,0.0,0.0,0.0,0.0,0.0,0.0,0.0,0.0,0.0,0.0,8.19,8.218,8.222,8.381,8.446,8.003,8.09,8.315,8.687,8.564,8.452,8.182,7.933,8.021,8.156,8.271,8.115,8.055,8.272,7.908,8.05,7.941,7.8,8.048,8.087,7.727,7.472,8.047,8.219,8.151,8.331,8.278,8.523,8.257,8.411,8.663,8.952,9.076,9.079,8.81,8.324,8.411,8.541,8.175,8.317,8.41,8.598,8.376,8.572,8.581,8.548,8.385,8.174,8.163,7.747,7.902,8.31,8.473,8.664,8.826,8.756,9.333,9.659,9.763,9.731,9.632,9.849,9.706,9.315,9.507,9.474,9.407,9.572,9.397,8.554,8.31,8.372,8.921,9.178,9.335,9.405,9.331,9.174,9.621,9.582,9.319,8.78,8.8,8.972,9.131,9.451,8.223,8.344,8.257,8.338,8.287,7.93,8.088,8.227,8.079,8.209,8.28,8.122,7.904,8.128,8.347,8.355,8.433,8.551,8.406,8.288,8.511,8.721,8.831,8.7,8.687,8.822,8.487,8.741,8.835,8.787,8.788,8.8,8.544,8.247,8.473,8.54,8.573,8.457,8.559,8.393,8.362,8.702,8.749,8.718,8.616,8.632,8.806,8.699,8.791,9.084,9.265,9.424,9.376,9.231,8.907,8.988,8.679,8.908,9.02,9.19,9.172,8.902,9.223,9.337,9.411,9.238,9.272,9.204,8.946,9.044,9.254,9.429,9.472,9.478,9.434,9.21,9.358,9.359,9.326,9.242,9.139,9.141,8.988,9.338,9.491,9.632,9.664,9.728,9.682,9.528,9.611,9.66,9.628,9.592,9.807,9.752,9.371,9.591,9.775,9.879,9.778,9.441,9.27,9.265,9.611,9.682,9.829,9.973,9.943,9.838,9.527,9.627,9.388,9.612,9.766,9.63,9.679,9.316,8.782,8.928,9.344,9.549,9.794,9.871,9.66,9.917,9.914,9.923,10.154,10.056,10.032,9.672,9.984,10.048,9.676,9.718,9.798,9.56,9.494,9.682,9.862,9.548,9.36,9.263,9.409,9.221,9.568,9.711,9.67,9.711,9.654,9.689,9.507,9.565,9.611,9.426,9.533,9.736,9.666,9.458,9.643,9.408,9.101,8.838,9.137,9.07,8.393,8.437,8.244,8.263,8.203,8.318,8.605,8.782,8.982,8.838,8.673,8.706,9.038,9.253,8.726,9.161,8.345,8.984,9.159,9.187,8.968,8.552,8.813,8.671,8.645,8.459,8.179,8.159,7.762,8.463,8.504,8.721,8.779,8.841,8.466,8.037,8.707,9.036,9.532,9.157,9.117,8.866,9.08,9.758,10.087,9.871,10.135,9.785,9.814,9.934,10.5,10.696,10.62,10.417,10.263,10.45,9.75,9.644,9.54,9.413,9.575,10.032,10.122,9.183,8.486,8.496,8.321,8.568,9.023,8.83,8.691,8.974,8.895,8.375,8.538,8.494,8.365,0.0,0.0,0.0,0.0,0.0,0.0,0.0,0.0,0.0,0.0,0.0,0.0,0.0,0.0,0.0,0.0,0.0,0.0,0.0,0.0,0.0,0.0,0.0,0.0,0.0,0.0,0.0,0.0,0.0,0.0,0.0,0.0,0.0,0.0,0.0,0.0,0.0,0.0,0.0,0.0,0.0,0.0,0.0,0.0,0.0,0.0,0.0,0.0,0.0,0.0,0.0,0.0,0.0,0.0,0.0,0.0,0.0,0.0,0.0,0.0,0.0,9.293,8.957,8.739,9.141,9.339,9.525,9.529,9.623,9.485,9.185,9.621,9.721,9.738,9.6,9.301,9.42,8.926,8.714,9.096,9.182,9.125,9.069,9.187,8.631,8.982,9.058,9.036,8.97,9.086,8.994,8.85,8.933,8.932,8.833,8.16,7.903,8.453,8.287,8.735,8.971,9.286,9.032,9.226,9.157,9.008,9.128,9.113,9.217,9.298,9.063,9.068,8.68,9.18,9.32,9.375,9.291,9.221,9.092,8.599,8.76,8.801,9.042,8.786,8.962,8.98,8.789,9.081,9.262,9.236,9.337,9.194,9.113,8.736,9.166,9.469,9.442,9.351,9.303,9.289,8.824,9.458,9.74,9.908,10.007,10.081,9.98,9.681,9.886,9.682,9.448,9.35,9.512,8.828,8.491,8.969,9.215,9.355,9.177,9.139,8.821,8.424,8.705,8.755,8.798,8.973,8.803,8.581,8.578,8.987,9.266,9.272,9.227,9.311,8.814,8.672,9.154,9.208,8.916,9.068,9.198,9.235,9.226,9.395,8.885,8.921,8.578,8.726,8.831,8.704,8.858,9.104,8.94,8.751,8.8,8.778,8.672,8.728,8.788,8.915,8.839,8.884,8.807,8.66,8.883,8.856,8.868,9.117,8.924,8.78,8.452,8.825,9.074,8.888,8.836,9.083,9.229,9.003,8.968,9.033,9.123,9.284,9.405,9.383,9.153,9.358,9.42,9.548,9.512,8.983,9.048,9.225,9.486,9.564,9.618,9.705,9.664,9.599,9.301,9.474,9.564,9.74,9.799,9.765,9.755,9.452,9.788,9.889,9.707,9.861,9.804,9.841,9.531,9.722,9.864,9.884,9.787,9.686,9.826,9.377,9.633,9.802,9.728,9.766,9.788,9.776,9.467,9.798,9.914,10.015,9.949,9.86,9.605,10.238,10.49,10.454,10.702,10.692,10.975,10.907,10.419,10.579,10.415,10.463,10.449,10.351,10.25,9.968,10.372,10.621,10.918,10.813,10.361,9.449,8.781,8.675,9.444,10.147,10.212,10.058,9.971,9.886,10.44,10.591,10.979,11.09,11.076,10.952,10.684,10.978,11.051,10.817,10.715,10.976,10.866,10.549,11.067,11.223,10.923,10.68,10.524,10.272,9.534,9.562,9.643,10.41,10.814,10.688,10.476,10.171,10.764,10.916,10.48,9.758,9.655,9.818,9.569,10.287,10.331,10.319,10.353,10.158,9.733,9.118,9.464,9.487,9.634,9.491,9.514,9.534,9.121,9.812,9.964,9.786,9.187,9.464,9.221,8.57,9.221,9.825,9.938,9.86,10.035,9.708,9.13,9.419,9.659,10.057,10.049,9.699,9.413,8.954,9.174,9.164,9.16,8.633,9.101,9.447,8.807,8.352,8.944,9.46,9.785,9.668,9.546,9.134,9.631,9.873,9.784,9.948,10.272,9.937,9.515,10.203,10.469,10.401,9.642,9.734,9.684,9.115,9.581,9.732,9.771,9.639,9.389,9.151,8.546,8.682,8.718,8.723,8.59,8.163,8.44,8.502,8.981,8.966,8.855,8.486,8.351,8.241,8.268,9.001,9.07,9.04,9.169,9.193,8.881,8.483,9.002,9.273,8.79,8.917,8.874,8.925,8.627,8.901,8.821,8.971,8.981,8.906,8.777,8.474,9.15,9.238,9.254,9.224,9.106,8.865,8.337,7.862,7.698,8.248,8.703,8.882,8.927,8.681,8.772,8.956,9.071,8.992,9.138,9.106,8.917,9.048,9.118,9.121,9.116,9.125,8.852,8.636,8.702,8.932,9.066,9.133,9.214,9.243,8.884,9.209,9.339,9.317,9.314,9.316,9.325,9.119,9.353,9.239,9.249,9.86,10.005,10.022,9.671,9.876,10.104,10.224,9.976,9.903,9.52,9.267,9.756,9.771,9.83,10.013,10.214,10.289,10.06,10.455,10.49,10.408,10.451,10.622,10.554,10.193,10.398,10.595,10.763,10.802,10.678,10.565,9.562,9.821,9.781,9.617,9.737,9.809,9.866,9.777,9.934,9.949,10.039,10.064,10.122,9.763,9.374,9.639,9.834,10.021,9.932,10.056,9.937,9.649,9.721,9.893,9.819,9.177,9.473,9.754,9.507,9.631,9.643,9.438,9.567,9.873,9.844,9.618,9.681,9.849,10.092,9.954,9.97,10.016,9.552,10.007,10.173,10.044,10.021,10.156,10.09,9.825,10.1,10.193,10.16,10.329,10.413,10.208,9.992,10.423,10.313,9.796,9.833,10.035,9.938,9.55,9.744,9.201,8.977,9.317,9.856,9.971,9.719,10.227,10.277,10.25,10.028,9.475,8.962,8.321,8.959,9.305,9.552,9.745,9.8,10.028,9.645,10.012,10.13,10.181,10.132,9.746,9.555,9.431,9.84,10.251,10.287,10.351,10.505,10.27,10.009,10.427,10.634,10.712,10.843,10.735,10.632,10.245,10.515,10.8,10.691,10.556,10.34,10.057,9.241,9.834,10.296,10.307,10.398,10.385,9.994,9.114,8.964,9.31,9.695,9.717,10.023,10.17,9.793,10.194,10.529,10.646,10.809,10.731,10.574,10.016,10.205,10.589,10.863,10.598,11.073,10.954,10.564,10.844,10.919,10.237,9.746,9.336,9.596,9.991,10.472,10.655,10.415,10.178,10.366,10.775,9.99,10.492,10.599,10.822,10.966,10.88,10.467,10.019,10.431,10.377,10.187,10.325,10.604,10.411,9.914,10.236,10.3,10.469,10.534,10.516,10.181,9.329,9.375,9.66,9.56,9.32,9.111,0.0,0.0,0.0,0.0,0.0,0.0,0.0,0.0,0.0,0.0,0.0,0.0,0.0,0.0,0.0,0.0,0.0,0.0,0.0,0.0,0.0,0.0,0.0,0.0,0.0,0.0,0.0,0.0,0.0,0.0,0.0,0.0,0.0,0.0,0.0,0.0,0.0,0.0,0.0,0.0,0.0,0.0,0.0,0.0,0.0,0.0,0.0,0.0,0.0,0.0,0.0,0.0,0.0,0.0,0.0,0.0,0.0,0.0,0.0,0.0,0.0,0.0,10.607,10.419,10.098,9.925,10.123,9.965,9.413,9.258,9.118,8.69,9.189,9.595,9.908,10.29,9.974,9.372,8.668,8.937,9.143,9.486,9.614,9.449,9.067,8.416,8.983,9.434,9.571,9.556,9.668,9.535,9.392,9.319,9.718,9.964,10.085,10.192,10.354,10.318,10.476,10.62,10.817,10.881,10.899,10.807,10.458,10.529,10.239,10.613,10.73,10.757,10.614,10.215,10.155,9.923,10.266,10.589,10.623,10.698,10.286,10.43,10.603,11.246,11.173,11.239,11.037,10.685,10.899,10.999,11.04,10.971,10.582,9.93,9.011,8.835,9.448,9.725,9.974,10.115,10.333,9.987,10.207,10.438,10.522,10.668,10.443,10.148,9.458,9.486,9.625,9.656,9.42,8.865,8.704,8.426,8.514,8.46,8.835,9.087,9.236,9.119,8.811,9.26,9.425,9.443,9.351,9.473,9.457,8.975,9.046,9.408,9.611,9.675,9.914,9.665,9.218,9.552,9.74,9.717,9.623,9.81,9.952,9.616,9.018,9.181,9.418,9.41,9.44,9.196,8.797,9.096,9.087,9.245,9.301,9.437,9.568,9.139,9.22,9.536,9.632,9.639,9.685,9.756,9.546,9.578,9.713,9.653,9.003,8.414,8.686,8.944,8.717,8.831,8.842,8.844,8.964,9.251,9.224,9.012,9.071,9.228,9.456,9.327,9.342,9.385,8.95,9.377,9.533,9.411,9.39,9.517,9.455,9.207,9.464,9.551,9.52,9.678,9.757,9.565,9.363,9.766,9.663,8.535,9.246,9.281,9.471,9.38,9.014,9.197,8.684,8.473,8.794,9.303,9.412,9.173,9.653,9.7,9.675,9.465,8.943,8.459,7.854,8.456,8.783,9.016,9.198,9.25,9.466,9.104,9.451,9.561,9.61,9.563,9.199,8.852,8.737,9.116,9.497,9.53,9.589,9.732,9.515,9.273,9.659,9.852,9.923,10.045,9.945,9.85,9.491,9.741,10.005,9.905,9.779,9.579,9.317,8.561,9.11,9.538,9.548,9.633,9.62,9.258,8.444,8.673,9.008,9.38,9.401,9.698,9.84,9.475,9.863,10.188,10.301,10.458,10.383,10.231,9.691,9.874,10.245,10.511,10.254,10.714,10.598,10.221,10.492,10.564,9.905,9.429,9.033,9.285,9.666,10.132,10.309,10.077,10.178,10.366,10.775,9.99,10.492,10.599,10.822,10.966,10.88,10.467,10.019,10.431,10.377,10.187,10.325,10.604,10.411,9.914,10.236,10.3,10.469,10.534,10.516,10.181,9.329,9.375,9.66,9.56,9.32,9.111,9.204,9.118,9.742,9.798,9.55,9.218,9.368,9.047,8.946,9.7,9.705,9.869,9.722,9.657,9.467,9.204,9.527,9.466,9.247,9.5,9.605,9.163,8.716,9.219,9.298,8.896,8.694,8.456,8.207,8.269,8.816,8.078,7.959,8.066,8.358,8.589,8.119,8.216,8.516,8.76,8.954,9.285,8.928,8.66,9.011,8.851,9.233,9.322,9.247,9.015,8.954,9.243,9.316,8.892,8.831,9.105,9.129,8.916,9.126,9.564,9.728,9.82,10.704,10.514,10.19,10.016,10.215,10.056,9.499,9.343,9.202,8.769,9.273,9.683,9.999,10.384,10.066,9.458,8.747,9.018,9.227,9.573,9.701,9.535,9.15,8.493,9.065,9.52,9.658,9.643,9.757,9.622,9.392,9.319,9.718,9.964,10.085,10.192,10.354,10.318,10.476,10.62,10.817,10.881,10.899,10.807,10.458,10.529,10.239,10.613,10.73,10.757,10.614,10.215,10.155,9.923,10.266,10.589,10.623,10.698,10.286,10.43,10.603,11.246,11.173,11.239,11.037,10.685,10.899,10.999,11.04,10.971,10.582,9.93,9.011,8.835,9.448,9.725,9.974,10.115,10.333,9.987,10.207,10.438,10.522,10.668,10.443,10.148,9.458,9.486,9.625,9.656,9.42,8.865,8.704,8.426,8.514,8.46,8.835,9.087,9.236,9.119,8.811,9.26,9.425,9.443,9.351,9.473,9.457,8.975,9.046,9.408,9.611,9.675,9.914,9.665,9.218,9.552,9.74,9.717,9.623,9.81,9.952,9.616
Guntur_45,9.76,9.827,10.013,10.037,9.665,9.72,9.931,9.945,9.746,9.637,9.813,9.817,9.936,9.76,9.476,9.424,9.864,9.82,9.423,9.824,9.896,9.675,9.783,10.02,10.129,9.666,9.977,10.123,10.2,10.268,10.184,10.438,9.937,10.255,10.52,10.522,10.513,10.63,10.265,10.039,10.211,10.258,10.365,10.731,10.714,10.819,10.366,10.62,10.838,10.793,10.558,10.192,10.278,10.008,10.344,10.528,10.643,10.514,10.453,10.334,9.897,10.178,10.291,10.129,9.969,10.03,10.166,9.868,9.794,9.083,9.437,10.011,10.072,10.007,9.622,9.958,10.275,10.231,11.341,11.175,10.779,10.606,10.418,10.841,11.226,11.35,11.305,11.246,10.896,10.611,10.588,10.49,10.723,10.796,10.728,10.311,10.83,10.883,10.827,10.897,10.979,10.775,10.518,11.117,10.914,10.836,10.52,10.442,10.341,9.994,10.619,10.675,10.412,10.577,10.687,10.584,10.378,10.761,10.772,10.792,10.606,9.165,9.186,9.053,9.317,9.282,9.396,9.646,9.634,9.575,9.195,9.047,9.124,9.09,9.017,9.068,8.962,8.991,8.417,8.813,9.077,8.797,8.678,8.905,9.045,8.647,8.852,9.003,9.261,9.235,9.025,8.815,7.456,7.551,7.53,7.736,7.677,7.725,7.579,8.057,8.201,8.307,8.205,8.227,7.988,7.715,8.104,8.097,8.224,8.336,8.165,8.113,7.799,8.246,8.459,8.353,8.351,8.067,7.895,7.655,8.017,8.417,0.0,0.0,0.0,0.0,0.0,0.0,0.0,0.0,0.0,0.0,0.0,0.0,0.0,0.0,0.0,0.0,0.0,0.0,0.0,0.0,0.0,0.0,0.0,0.0,0.0,0.0,0.0,0.0,0.0,0.0,0.0,0.0,0.0,0.0,0.0,0.0,0.0,0.0,0.0,0.0,0.0,0.0,0.0,0.0,0.0,0.0,0.0,0.0,0.0,0.0,0.0,0.0,0.0,0.0,0.0,0.0,0.0,0.0,0.0,0.0,0.0,0.0,3.764,3.777,3.778,3.851,3.881,3.678,3.717,3.821,3.992,3.935,3.884,3.76,3.645,3.686,3.748,3.801,3.729,3.702,3.801,3.634,3.699,3.649,3.584,3.698,3.716,3.551,3.433,3.698,3.777,3.745,8.954,8.898,9.161,8.875,9.041,9.312,9.622,9.755,9.758,9.47,8.947,9.04,9.18,8.787,8.939,9.039,9.241,9.002,9.214,9.223,9.188,9.012,8.786,8.774,8.326,8.494,8.932,9.107,9.312,9.487,9.411,8.567,8.867,8.962,8.932,8.841,9.041,8.909,8.551,8.726,8.696,8.634,8.786,8.626,7.852,7.628,7.685,8.189,8.425,8.569,8.633,8.565,8.421,8.831,8.795,8.554,8.06,8.078,8.236,8.382,8.675,9.152,9.287,9.19,9.28,9.223,8.825,9.001,9.156,8.992,9.136,9.215,9.039,8.796,9.046,9.29,9.299,9.386,9.516,9.356,9.224,9.472,9.706,9.829,9.682,9.668,9.819,9.446,9.728,9.832,9.779,9.78,9.011,8.749,8.445,8.676,8.745,8.779,8.66,8.764,8.594,8.562,8.91,8.959,8.927,8.823,8.839,9.017,8.908,9.002,9.302,9.487,9.65,9.6,9.452,9.121,9.204,8.887,9.122,9.236,9.411,9.392,9.116,9.378,9.494,9.57,9.394,9.429,9.359,9.097,9.197,9.41,9.589,9.632,9.637,9.593,9.366,9.516,9.517,9.483,9.398,9.293,9.295,9.14,9.496,9.651,9.795,9.827,9.892,9.845,9.689,10.603,10.657,10.621,10.582,10.819,10.758,10.338,10.581,10.783,10.898,10.787,10.415,10.226,10.221,10.603,10.681,10.843,11.002,10.969,10.853,10.509,10.621,10.356,10.603,10.773,10.624,10.678,10.277,9.688,9.849,10.308,10.227,10.489,10.572,10.345,10.621,10.618,10.627,10.875,10.77,10.744,10.359,10.693,10.761,10.363,10.408,10.494,10.238,10.168,10.369,10.562,10.226,10.024,9.92,10.077,9.875,10.247,10.4,10.357,10.4,10.339,10.262,10.07,10.131,10.179,9.983,10.097,10.312,10.238,10.018,10.213,9.965,9.639,9.36,9.677,9.606,8.889,8.936,8.731,8.752,8.688,8.81,9.114,9.301,9.513,9.361,9.186,9.221,9.573,9.8,9.242,9.702,8.865,9.544,9.73,9.759,9.527,9.085,9.361,9.211,9.184,8.986,8.689,8.667,8.246,8.99,9.033,9.264,9.325,9.392,8.994,8.537,9.249,9.599,10.126,9.727,9.685,9.418,9.646,10.366,10.716,10.486,8.218,7.935,7.958,8.055,8.514,8.674,8.612,8.448,8.322,8.474,7.907,7.821,7.736,7.633,7.764,8.136,8.209,7.447,6.882,6.89,6.747,6.948,7.317,7.161,7.048,7.278,7.213,6.792,6.924,6.888,6.784,13.431,14.667,15.074,15.321,15.85,16.074,16.598,16.497,16.817,16.844,16.874,17.111,17.256,16.827,16.398,15.417,17.568,17.276,16.82,16.697,16.375,15.675,16.344,16.456,16.533,16.673,16.901,16.75,16.144,16.418,16.313,0.0,0.0,0.0,0.0,0.0,0.0,0.0,0.0,0.0,0.0,0.0,0.0,0.0,0.0,0.0,0.0,0.0,0.0,0.0,0.0,0.0,0.0,0.0,0.0,0.0,0.0,0.0,0.0,0.0,0.0,9.548,9.203,8.979,9.392,9.596,9.786,9.791,9.888,9.745,9.437,9.885,9.988,10.005,9.864,9.556,9.679,9.171,8.954,9.346,9.434,9.375,9.318,9.44,8.868,9.229,9.307,9.284,9.216,9.335,9.241,9.093,9.73,9.729,9.621,8.888,8.609,9.207,9.026,9.514,9.771,10.115,9.837,10.049,9.974,9.811,9.943,9.926,10.04,10.127,9.871,9.877,9.455,9.999,10.151,10.211,10.119,10.043,9.903,9.366,9.542,9.586,9.587,9.316,9.502,9.521,9.319,9.629,9.82,9.793,9.899,9.748,9.662,9.262,9.718,10.04,10.011,9.914,9.864,9.848,9.356,10.028,10.327,10.505,10.61,10.688,10.581,10.265,10.481,10.266,10.017,9.914,10.085,8.97,8.628,9.113,9.364,9.506,9.325,9.287,8.964,8.56,8.846,8.896,8.939,9.117,8.945,8.72,8.716,9.132,9.415,9.421,9.376,9.461,8.956,8.812,9.301,9.357,9.06,9.214,9.346,9.384,9.375,9.547,10.702,10.744,10.332,10.51,10.636,10.484,10.669,10.964,10.767,10.54,10.598,10.572,10.444,10.512,10.584,10.737,10.645,10.7,10.607,10.43,10.698,10.667,10.68,10.981,10.748,10.574,10.179,10.629,10.15,9.942,9.884,10.16,10.323,10.071,10.031,10.104,10.204,10.385,10.52,10.495,10.239,10.468,10.537,10.68,10.64,10.048,10.12,10.319,10.611,10.698,10.758,10.856,10.81,10.737,10.404,10.597,10.698,10.895,10.961,11.06,11.048,10.705,11.086,11.2,10.994,11.169,11.105,11.146,10.795,11.011,11.172,11.195,11.086,10.971,11.129,10.621,10.91,11.102,11.019,11.061,11.086,11.073,10.722,11.097,11.229,11.344,11.268,11.167,10.879,10.914,11.183,11.144,11.409,11.398,11.7,11.628,11.107,11.278,11.104,11.154,11.139,11.034,10.927,10.627,11.058,11.322,11.639,11.527,11.046,10.073,9.361,9.248,10.068,10.818,10.886,10.723,10.63,10.539,11.13,11.291,10.821,10.93,10.917,10.794,10.531,10.82,10.893,10.662,10.561,10.818,10.709,10.398,10.908,11.062,10.766,10.526,10.373,10.124,9.397,9.425,9.504,10.26,10.658,10.535,10.326,10.025,10.609,10.759,10.33,9.618,9.516,9.677,9.432,10.139,10.183,10.171,10.204,10.012,9.593,8.987,9.328,9.35,9.496,9.355,9.378,9.397,8.99,9.671,9.821,9.646,9.055,9.328,9.088,8.447,9.088,9.684,9.795,9.719,9.891,9.569,8.999,10.473,10.74,11.183,11.174,10.785,10.466,9.956,10.201,10.19,10.186,9.6,10.12,10.504,9.792,9.286,9.946,10.519,10.881,10.75,10.614,10.156,10.709,10.978,10.879,11.061,11.422,11.049,10.58,11.345,11.641,11.566,9.906,10.001,9.949,9.365,9.843,9.998,10.039,9.903,9.646,9.402,8.78,8.92,8.957,8.962,8.826,8.386,8.671,8.735,9.227,9.211,9.098,8.718,8.58,8.467,8.495,9.248,9.319,9.287,9.421,9.445,10.515,10.045,10.659,10.98,10.408,10.559,10.507,10.568,10.216,10.54,10.444,10.623,10.634,10.545,10.393,10.034,10.834,10.939,10.957,10.922,10.782,10.496,9.871,9.31,9.115,9.767,10.305,10.517,10.571,10.279,10.387,10.177,10.307,10.218,10.383,10.347,10.133,10.28,10.361,10.364,10.359,10.369,10.059,9.813,9.887,10.149,10.301,10.378,10.469,10.503,10.095,10.464,10.612,10.587,10.583,10.585,10.595,10.362,10.628,10.497,10.51,10.221,10.371,10.389,10.025,10.238,10.473,10.597,10.34,10.265,9.868,9.605,10.112,10.128,10.19,10.379,10.588,10.666,10.428,10.837,10.873,10.789,10.833,11.011,10.94,10.565,10.778,10.982,11.157,11.197,11.068,10.951,10.807,11.1,11.055,10.869,11.006,11.087,11.152,11.05,11.229,11.245,11.346,11.375,11.441,11.035,10.596,10.895,11.115,11.326,11.226,11.366,11.231,10.906,10.988,11.182,11.098,10.372,10.707,11.025,10.745,10.886,10.899,10.691,10.837,11.183,11.15,10.894,10.966,11.156,11.431,11.275,11.293,11.346,10.82,11.335,11.524,11.377,11.351,11.504,11.429,11.13,11.44,11.546,11.508,11.7,11.796,11.563,11.318,11.806,11.681,12.162,12.208,12.458,12.339,11.857,12.097,11.423,11.146,11.568,12.237,12.38,12.066,12.697,12.759,12.726,12.45,11.763,11.127,10.33,11.123,11.553,11.859,12.099,12.167,12.451,11.975,12.431,12.577,12.641,12.579,12.1,10.247,10.114,10.552,10.994,11.032,11.1,11.265,11.014,10.734,11.182,11.404,11.487,11.628,11.513,11.402,10.987,11.276,11.582,11.466,11.32,11.089,10.786,9.911,10.546,11.042,11.053,11.151,11.137,10.718,9.774,10.527,10.933,11.385,11.411,11.771,11.943,11.501,11.972,12.365,12.503,12.694,12.602,12.418,11.762,11.984,12.435,12.758,12.446,13.004,12.864,12.406,12.735,12.823,12.022,11.445,10.964,11.27,11.733,12.298,12.513,12.231,10.798,10.997,11.431,10.598,11.131,11.244,11.481,11.634,11.542,11.105,10.629,11.066,11.009,10.807,10.953,11.249,11.045,10.517,10.86,10.927,11.107,11.175,11.156,10.801,9.897,9.946,10.248,10.142,9.888,9.665,0.0,0.0,0.0,0.0,0.0,0.0,0.0,0.0,0.0,0.0,0.0,0.0,0.0,0.0,0.0,0.0,0.0,0.0,0.0,0.0,0.0,0.0,0.0,0.0,0.0,0.0,0.0,0.0,0.0,0.0,0.0,0.0,0.0,0.0,0.0,0.0,0.0,0.0,0.0,0.0,0.0,0.0,0.0,0.0,0.0,0.0,0.0,0.0,0.0,0.0,0.0,0.0,0.0,0.0,0.0,0.0,0.0,0.0,0.0,0.0,0.0,0.0,12.146,11.931,11.563,11.365,11.591,11.41,10.778,10.601,10.441,9.95,10.522,10.987,11.346,11.782,11.422,10.732,9.925,10.233,10.47,10.863,11.008,10.82,10.382,9.637,10.286,10.802,10.959,10.942,11.071,10.918,10.533,10.451,10.898,11.174,11.309,11.429,11.611,11.571,11.748,11.91,12.131,12.203,12.222,12.119,11.728,11.807,11.482,11.902,12.033,12.064,11.903,11.456,11.388,11.128,11.512,11.875,11.913,11.997,11.535,11.696,11.891,12.936,12.852,12.927,12.695,12.291,12.537,12.651,12.698,12.62,12.172,11.422,10.365,10.163,10.868,11.186,11.473,11.634,11.885,11.488,11.74,12.006,12.102,12.27,12.012,11.673,10.88,10.912,11.071,11.107,10.836,10.601,10.407,10.076,10.181,10.116,10.565,10.866,11.044,10.904,10.536,11.073,11.269,11.291,11.181,11.328,11.308,10.732,10.817,11.25,11.493,11.569,11.855,11.557,11.022,11.422,11.647,11.619,11.506,11.731,11.9,11.499,10.208,10.393,10.661,10.652,10.687,10.41,9.958,10.297,10.286,10.466,10.529,10.683,10.83,10.345,10.437,10.794,10.903,10.911,10.964,11.044,10.806,10.842,10.995,10.928,10.192,9.525,9.833,10.124,9.867,9.997,10.009,10.554,10.698,11.04,11.008,10.755,10.826,11.013,11.285,11.13,11.148,11.2,10.681,11.19,11.376,11.231,11.206,11.357,11.283,10.987,11.294,11.398,11.361,11.55,11.644,11.415,11.173,11.655,11.532,10.186,10.184,10.222,10.432,10.332,9.928,10.13,9.565,9.333,9.686,10.246,10.366,10.103,10.632,10.684,10.656,10.425,9.85,9.317,8.65,9.314,9.674,9.93,10.131,10.188,10.426,10.027,10.409,10.531,10.584,10.533,10.132,9.772,9.645,10.064,10.484,10.521,10.586,10.744,10.504,10.237,10.664,10.876,10.955,11.089,10.979,10.874,10.478,10.754,11.046,10.935,10.796,10.575,10.286,9.451,10.058,10.53,10.541,10.635,10.621,10.221,9.321,9.088,9.439,9.829,9.851,10.162,10.31,9.928,10.335,10.675,10.794,10.958,10.879,10.72,10.154,10.346,10.735,11.013,10.745,11.226,11.105,10.71,10.994,11.069,10.378,9.88,9.465,9.729,10.129,10.617,10.802,10.559,10.798,10.997,11.431,10.598,11.131,11.244,11.481,11.634,11.542,11.105,10.629,11.066,11.009,10.807,10.953,11.249,11.045,10.517,10.86,10.927,11.107,11.175,11.156,10.801,9.897,9.946,10.248,10.142,9.888,9.665,9.644,9.554,10.208,10.266,10.006,9.659,9.817,9.48,9.374,10.163,10.17,10.341,10.187,10.118,9.919,9.644,9.982,9.918,9.689,9.954,10.065,9.601,9.133,9.66,9.743,9.321,9.11,8.86,8.6,8.664,9.238,11.549,11.378,11.531,11.949,12.279,11.607,11.745,12.174,12.523,12.801,13.274,12.764,12.38,12.882,12.653,13.2,13.327,13.22,12.888,12.8,13.213,13.317,12.713,12.625,13.017,13.051,12.746,13.047,13.673,13.908,14.038,15.325,15.053,14.589,14.34,14.625,14.397,13.599,13.376,13.174,12.555,13.277,13.863,14.315,14.866,14.411,13.541,12.523,12.912,13.21,13.706,13.89,13.651,13.1,12.159,12.978,13.629,13.827,13.807,13.969,13.776,10.533,10.451,10.898,11.174,11.309,11.429,11.611,11.571,11.748,11.91,12.131,12.203,12.222,12.119,11.728,11.807,11.482,11.902,12.033,12.064,11.903,11.456,11.388,11.128,11.512,11.875,11.913,11.997,11.535,11.696,11.891,12.936,12.852,12.927,12.695,12.291,12.537,12.651,12.698,12.62,12.172,11.422,10.365,10.163,10.868,11.186,11.473,11.634,11.885,11.488,11.74,12.006,12.102,12.27,12.012,11.673,10.88,10.912,11.071,11.107,10.836,10.601,10.407,10.076,10.181,10.116,10.565,10.866,11.044,10.904,10.536,11.073,11.269,11.291,11.181,11.328,11.308,10.732,10.817,11.25,11.493,11.569,11.855,11.557,11.022,11.422,11.647,11.619,11.506,11.731,11.9,11.499
Guntur_46,8.877,8.938,9.107,9.129,8.79,8.84,9.033,9.045,8.864,8.765,8.925,8.928,9.037,8.876,8.618,8.571,8.971,8.932,8.57,8.935,9.0,8.799,8.898,9.113,9.212,8.791,9.074,9.207,9.277,9.339,9.263,9.585,9.125,9.417,9.661,9.662,9.653,9.761,9.426,9.219,9.376,9.42,9.517,9.854,9.838,9.935,9.519,9.752,9.952,9.911,9.695,9.359,9.438,9.19,9.499,9.667,9.773,9.655,9.599,9.49,8.93,9.184,9.285,9.139,8.995,9.05,9.173,8.904,8.837,8.195,8.515,9.033,9.088,9.03,8.682,8.985,9.271,9.232,10.233,10.083,9.726,9.57,9.4,9.782,10.129,10.241,10.2,10.147,9.832,9.574,9.553,10.351,10.58,10.653,10.585,10.174,10.687,10.738,10.683,10.753,10.833,10.632,10.379,10.97,10.769,10.692,10.38,10.304,10.204,9.861,10.478,10.533,10.274,10.437,10.546,10.444,10.24,10.618,10.629,10.649,10.465,9.686,9.709,9.568,9.847,9.81,9.93,10.194,10.182,10.119,9.718,9.562,9.643,9.607,9.53,9.584,9.472,9.503,8.896,9.314,9.594,9.298,9.171,9.412,9.559,9.139,9.356,9.515,9.788,9.761,9.538,9.317,7.667,7.764,7.743,7.955,7.894,7.943,7.793,8.285,8.433,8.542,8.437,8.46,8.214,7.933,8.333,8.326,8.456,8.572,8.396,8.342,8.019,8.479,8.698,8.59,8.588,8.295,8.118,7.872,8.243,8.655,0.0,0.0,0.0,0.0,0.0,0.0,0.0,0.0,0.0,0.0,0.0,0.0,0.0,0.0,0.0,0.0,0.0,0.0,0.0,0.0,0.0,0.0,0.0,0.0,0.0,0.0,0.0,0.0,0.0,0.0,0.0,0.0,0.0,0.0,0.0,0.0,0.0,0.0,0.0,0.0,0.0,0.0,0.0,0.0,0.0,0.0,0.0,0.0,0.0,0.0,0.0,0.0,0.0,0.0,0.0,0.0,0.0,0.0,0.0,0.0,0.0,0.0,3.101,3.111,3.112,3.173,3.197,3.03,3.062,3.148,3.289,3.242,3.2,3.097,3.003,3.036,3.088,3.131,3.072,3.049,3.132,2.994,3.047,3.006,2.953,3.047,3.061,2.925,2.829,3.046,3.111,3.086,10.401,10.335,10.64,10.308,10.501,10.815,11.175,11.33,11.334,10.999,10.392,10.5,10.663,10.206,10.383,10.499,10.734,10.456,10.702,10.713,10.672,10.468,10.205,10.191,9.671,9.866,10.375,10.578,10.816,11.019,10.931,9.461,9.792,9.897,9.864,9.764,9.984,9.839,9.443,9.637,9.603,9.535,9.703,9.525,8.671,8.424,8.486,9.043,9.304,9.462,9.534,9.458,9.299,9.752,9.713,9.446,8.901,8.92,9.095,9.256,9.58,8.567,8.693,8.602,8.686,8.633,8.261,8.425,8.571,8.417,8.552,8.626,8.461,8.234,8.467,8.696,8.704,8.786,8.908,8.758,8.634,8.866,9.085,9.2,9.063,9.05,9.191,8.842,9.107,9.204,9.154,9.155,9.152,8.885,8.577,8.811,8.881,8.916,8.795,8.901,8.729,8.696,9.05,9.099,9.067,8.96,8.977,9.158,9.047,9.143,9.448,9.635,9.801,9.75,9.6,9.264,9.347,9.026,9.264,9.38,9.558,9.538,9.258,10.027,10.151,10.232,10.044,10.081,10.006,9.726,9.833,10.061,10.252,10.298,10.304,10.257,10.014,10.175,10.175,10.139,10.048,9.935,9.938,9.772,10.153,10.319,10.472,10.507,10.576,10.526,10.359,9.756,9.806,9.773,9.737,9.955,9.898,9.513,9.736,9.922,10.027,9.925,9.583,9.409,9.405,9.756,9.828,9.977,10.123,10.093,9.986,9.67,9.772,9.529,9.757,9.913,9.775,9.825,9.456,8.915,9.062,9.484,10.468,10.736,10.821,10.589,10.872,10.868,10.877,11.131,11.023,10.998,10.603,10.945,11.015,10.607,10.653,10.741,10.48,10.407,10.613,10.811,10.467,10.26,10.154,10.314,10.108,10.488,10.646,10.601,10.645,10.582,10.367,10.173,10.235,10.284,10.086,10.2,10.418,10.343,10.121,10.318,10.067,9.738,9.457,9.776,9.705,8.98,9.028,8.821,8.842,8.778,8.9,9.208,9.397,9.61,9.457,9.28,9.316,9.671,9.901,9.337,9.802,8.44,9.086,9.263,9.291,9.07,8.65,8.913,8.769,8.744,8.556,8.272,8.252,7.851,8.559,8.6,8.82,8.879,8.942,8.563,8.128,8.806,9.139,9.64,9.261,9.221,8.967,9.184,9.869,10.202,9.984,10.758,10.387,10.417,10.544,11.145,11.354,11.273,11.058,10.894,11.093,10.35,10.237,10.127,9.992,10.164,10.649,10.745,9.748,9.008,9.019,8.832,9.095,9.577,9.374,9.226,9.526,9.442,8.89,9.063,9.016,8.88,13.55,14.798,15.208,15.457,15.992,16.217,16.746,16.644,16.967,16.994,17.024,17.264,17.41,16.976,16.544,15.555,17.724,17.43,16.97,16.845,16.521,15.814,16.489,16.602,16.68,16.822,17.051,16.899,16.287,16.564,16.458,0.0,0.0,0.0,0.0,0.0,0.0,0.0,0.0,0.0,0.0,0.0,0.0,0.0,0.0,0.0,0.0,0.0,0.0,0.0,0.0,0.0,0.0,0.0,0.0,0.0,0.0,0.0,0.0,0.0,0.0,10.63,10.246,9.996,10.456,10.683,10.895,10.9,11.008,10.849,10.506,11.005,11.12,11.139,10.981,10.639,10.775,10.21,9.968,10.405,10.503,10.438,10.374,10.509,9.873,10.274,10.361,10.336,10.26,10.393,10.289,10.123,10.194,10.193,10.08,9.312,9.019,9.647,9.457,9.968,10.237,10.597,10.307,10.528,10.45,10.279,10.417,10.4,10.519,10.611,10.342,10.348,9.906,10.476,10.636,10.698,10.602,10.522,10.376,9.813,9.997,10.043,9.442,9.175,9.358,9.377,9.178,9.483,9.671,9.644,9.749,9.6,9.516,9.122,9.571,9.887,9.859,9.764,9.714,9.699,9.214,9.876,10.17,10.346,10.449,10.526,10.421,10.109,10.323,10.11,9.865,9.763,9.932,8.923,8.582,9.065,9.314,9.456,9.276,9.237,8.916,8.515,8.799,8.849,8.892,9.069,8.897,8.674,8.67,9.084,9.366,9.372,9.326,9.411,8.909,8.765,9.252,9.307,9.012,9.166,9.297,9.335,9.325,9.496,11.258,11.302,10.869,11.056,11.188,11.028,11.223,11.534,11.327,11.088,11.149,11.121,10.987,11.058,11.134,11.295,11.198,11.256,11.158,10.972,11.254,11.221,11.235,11.551,11.307,11.124,10.708,11.181,10.269,10.058,9.999,10.278,10.444,10.189,10.149,10.223,10.324,10.506,10.644,10.618,10.358,10.59,10.66,10.805,10.764,10.165,10.239,10.439,10.735,10.823,10.884,10.983,10.936,10.863,10.526,10.721,10.823,11.023,11.089,10.43,10.418,10.095,10.454,10.562,10.367,10.532,10.472,10.511,10.179,10.384,10.535,10.556,10.454,10.345,10.495,10.016,10.288,10.469,10.391,10.431,10.454,10.442,10.111,10.464,10.589,10.697,10.626,10.531,10.258,9.969,10.214,10.179,10.421,10.411,10.686,10.62,10.145,10.301,10.142,10.188,10.174,10.079,9.981,9.706,10.1,10.342,10.631,10.529,10.089,9.201,8.55,8.447,9.196,9.881,9.943,9.794,9.709,9.626,10.165,10.313,10.821,10.93,10.917,10.794,10.531,10.82,10.893,10.662,10.561,10.818,10.709,10.398,10.908,11.062,10.766,10.526,10.373,10.124,9.397,9.425,9.504,10.26,10.658,10.535,10.326,10.025,10.609,10.759,10.33,9.618,9.516,9.677,9.432,10.139,10.183,10.171,10.204,10.012,9.593,8.987,9.328,9.35,9.496,9.355,9.378,9.397,8.99,9.671,9.821,9.646,9.055,9.328,9.088,8.447,9.088,9.684,9.795,9.719,9.891,9.569,8.999,10.473,10.74,11.183,11.174,10.785,10.466,9.956,10.201,10.19,10.186,9.6,10.12,10.504,9.792,9.286,9.946,10.519,10.881,10.75,10.614,10.156,10.709,10.978,10.879,11.061,11.422,11.049,10.58,11.345,11.641,11.566,9.848,9.942,9.891,9.31,9.786,9.94,9.98,9.845,9.589,9.347,8.729,8.867,8.905,8.91,8.774,8.337,8.621,8.684,9.173,9.157,9.044,8.667,8.53,8.417,8.445,9.193,9.264,9.233,9.365,9.39,9.474,9.05,9.603,9.892,9.378,9.513,9.467,9.521,9.204,9.496,9.41,9.571,9.581,9.501,9.363,9.04,9.761,9.856,9.872,9.84,9.714,9.457,8.893,8.388,8.212,8.799,9.285,9.475,9.524,9.261,9.358,8.512,8.621,8.547,8.685,8.655,8.476,8.599,8.667,8.669,8.665,8.673,8.414,8.208,8.271,8.489,8.617,8.681,8.757,8.785,8.444,8.753,8.876,8.856,8.852,8.854,8.863,8.668,8.89,8.781,8.791,10.011,10.158,10.176,9.819,10.027,10.258,10.38,10.128,10.054,9.665,9.408,9.905,9.92,9.98,10.166,10.37,10.447,10.213,10.615,10.65,10.567,10.611,10.785,10.715,10.348,10.557,10.757,10.928,10.967,10.841,10.726,9.668,9.93,9.89,9.724,9.846,9.919,9.977,9.886,10.045,10.06,10.151,10.177,10.235,9.872,9.479,9.747,9.944,10.133,10.043,10.168,10.048,9.757,9.83,10.004,9.929,9.279,9.579,9.863,9.613,9.739,9.75,10.702,10.848,11.195,11.162,10.906,10.978,11.168,11.443,11.287,11.305,11.357,10.831,11.347,11.536,11.389,11.363,11.516,11.441,11.141,11.452,11.558,11.52,11.712,11.808,11.575,11.33,11.819,11.694,11.888,11.932,12.177,12.06,11.589,11.824,11.165,10.894,11.307,11.96,12.1,11.794,12.411,12.471,12.439,12.169,11.498,10.875,10.097,10.871,11.292,11.591,11.826,11.892,12.17,11.705,12.15,12.293,12.355,12.295,11.827,9.474,9.351,9.757,10.165,10.2,10.263,10.416,10.184,9.925,10.339,10.544,10.621,10.751,10.644,10.543,10.158,10.426,10.709,10.601,10.466,10.253,9.972,9.163,9.751,10.209,10.22,10.31,10.297,9.909,9.037,9.513,9.88,10.288,10.311,10.637,10.792,10.392,10.818,11.174,11.298,11.47,11.388,11.221,10.629,10.83,11.237,11.528,11.247,11.751,11.624,11.21,11.507,11.587,10.863,10.342,9.907,10.184,10.602,11.113,11.307,11.052,9.195,9.364,9.734,9.025,9.478,9.575,9.776,9.907,9.829,9.456,9.051,9.423,9.375,9.202,9.327,9.579,9.405,8.956,9.247,9.305,9.458,9.516,9.5,9.197,8.428,8.47,8.727,8.636,8.42,8.23,0.0,0.0,0.0,0.0,0.0,0.0,0.0,0.0,0.0,0.0,0.0,0.0,0.0,0.0,0.0,0.0,0.0,0.0,0.0,0.0,0.0,0.0,0.0,0.0,0.0,0.0,0.0,0.0,0.0,0.0,0.0,0.0,0.0,0.0,0.0,0.0,0.0,0.0,0.0,0.0,0.0,0.0,0.0,0.0,0.0,0.0,0.0,0.0,0.0,0.0,0.0,0.0,0.0,0.0,0.0,0.0,0.0,0.0,0.0,0.0,0.0,0.0,15.12,14.852,14.394,14.148,14.43,14.204,13.417,13.197,12.998,12.386,13.099,13.677,14.124,14.667,14.218,13.359,12.355,12.739,13.033,13.522,13.704,13.469,12.924,11.996,12.804,13.447,13.642,13.622,13.782,13.591,9.749,9.673,10.087,10.343,10.468,10.579,10.747,10.71,10.874,11.023,11.228,11.295,11.313,11.218,10.855,10.929,10.628,11.017,11.138,11.166,11.017,10.603,10.541,10.3,10.656,10.992,11.027,11.105,10.676,10.826,11.006,12.036,11.958,12.028,11.812,11.435,11.664,11.771,11.815,11.741,11.325,10.627,9.644,9.456,10.111,10.407,10.674,10.825,11.058,10.688,10.923,11.171,11.26,11.416,11.176,10.861,10.122,10.152,10.3,10.334,10.082,10.1,9.916,9.6,9.7,9.638,10.066,10.353,10.522,10.389,10.038,10.55,10.737,10.758,10.653,10.793,10.774,10.225,10.306,10.718,10.95,11.022,11.295,11.011,10.501,10.882,11.097,11.071,10.963,11.176,11.338,10.955,9.581,9.754,10.006,9.998,10.03,9.771,9.346,9.664,9.654,9.823,9.882,10.026,10.165,9.71,9.796,10.131,10.233,10.241,10.29,10.365,10.142,10.176,10.319,10.256,9.566,8.94,9.229,9.502,9.261,9.383,9.394,10.487,10.63,10.97,10.938,10.687,10.757,10.943,11.213,11.06,11.078,11.129,10.614,11.119,11.304,11.16,11.135,11.285,11.211,10.917,11.222,11.326,11.289,11.477,11.571,11.343,11.103,11.581,11.459,10.121,10.697,10.737,10.957,10.852,10.428,10.639,10.047,9.803,10.174,10.762,10.888,10.612,11.167,11.222,11.193,10.95,10.346,9.786,9.086,9.782,10.161,10.43,10.641,10.701,10.95,10.532,10.933,11.061,11.117,11.064,10.642,10.528,10.391,10.842,11.295,11.334,11.405,11.574,11.316,11.029,11.488,11.717,11.802,11.947,11.828,11.715,11.288,11.585,11.9,11.78,11.63,11.393,11.081,10.182,10.835,11.344,11.356,11.457,11.442,11.011,10.042,10.085,10.474,10.907,10.931,11.276,11.441,11.017,11.468,11.845,11.977,12.16,12.072,11.896,11.268,11.48,11.912,12.221,11.923,12.457,12.323,11.884,12.199,12.283,11.516,10.964,10.503,10.796,11.24,11.781,11.987,11.717,9.195,9.364,9.734,9.025,9.478,9.575,9.776,9.907,9.829,9.456,9.051,9.423,9.375,9.202,9.327,9.579,9.405,8.956,9.247,9.305,9.458,9.516,9.5,9.197,8.428,8.47,8.727,8.636,8.42,8.23,10.701,10.602,11.328,11.392,11.104,10.718,10.893,10.519,10.402,11.278,11.285,11.475,11.304,11.228,11.007,10.702,11.077,11.006,10.752,11.046,11.169,10.654,10.134,10.719,10.811,10.343,10.109,9.832,9.543,9.614,10.251,10.179,10.028,10.163,10.531,10.822,10.23,10.352,10.729,11.037,11.282,11.699,11.249,10.911,11.353,11.152,11.634,11.746,11.652,11.359,11.281,11.646,11.737,11.204,11.127,11.473,11.503,11.234,11.499,12.051,12.258,12.373,15.325,15.053,14.589,14.34,14.625,14.397,13.599,13.376,13.174,12.555,13.277,13.863,14.315,14.866,14.411,13.541,12.523,12.912,13.21,13.706,13.89,13.651,13.1,12.159,12.978,13.629,13.827,13.807,13.969,13.776,9.749,9.673,10.087,10.343,10.468,10.579,10.747,10.71,10.874,11.023,11.228,11.295,11.313,11.218,10.855,10.929,10.628,11.017,11.138,11.166,11.017,10.603,10.541,10.3,10.656,10.992,11.027,11.105,10.676,10.826,11.006,12.036,11.958,12.028,11.812,11.435,11.664,11.771,11.815,11.741,11.325,10.627,9.644,9.456,10.111,10.407,10.674,10.825,11.058,10.688,10.923,11.171,11.26,11.416,11.176,10.861,10.122,10.152,10.3,10.334,10.082,10.1,9.916,9.6,9.7,9.638,10.066,10.353,10.522,10.389,10.038,10.55,10.737,10.758,10.653,10.793,10.774,10.225,10.306,10.718,10.95,11.022,11.295,11.011,10.501,10.882,11.097,11.071,10.963,11.176,11.338,10.955
Guntur_47,6.454,6.498,6.621,6.638,6.391,6.428,6.567,6.576,6.445,6.373,6.489,6.492,6.571,6.454,6.266,6.232,6.523,6.494,6.231,6.497,6.544,6.398,6.47,6.626,6.698,6.392,6.598,6.694,6.745,6.79,6.735,7.661,7.293,7.526,7.721,7.722,7.716,7.802,7.534,7.368,7.494,7.529,7.607,7.876,7.863,7.941,7.608,7.795,7.954,7.921,7.749,7.48,7.544,7.345,7.592,7.727,7.811,7.717,7.672,7.585,6.817,7.011,7.089,6.977,6.867,6.909,7.003,6.798,6.747,6.257,6.501,6.896,6.938,6.894,6.628,6.86,7.078,7.048,7.812,7.698,7.425,7.306,7.177,7.468,7.733,7.819,7.788,7.747,7.506,7.309,7.293,7.548,7.715,7.768,7.719,7.419,7.793,7.83,7.79,7.841,7.9,7.753,7.568,7.999,7.853,7.797,7.569,7.514,7.441,7.191,7.641,7.681,7.492,7.611,7.69,7.616,7.467,7.743,7.751,7.765,7.631,7.088,7.104,7.001,7.205,7.178,7.266,7.459,7.45,7.404,7.111,6.997,7.056,7.03,6.973,7.013,6.931,6.953,6.509,6.815,7.02,6.803,6.711,6.887,6.995,6.687,6.846,6.962,7.162,7.142,6.979,6.817,4.298,4.353,4.341,4.459,4.425,4.453,4.369,4.644,4.728,4.789,4.73,4.743,4.605,4.447,4.671,4.667,4.741,4.806,4.707,4.677,4.496,4.753,4.876,4.815,4.814,4.65,4.551,4.413,4.621,4.852,0.0,0.0,0.0,0.0,0.0,0.0,0.0,0.0,0.0,0.0,0.0,0.0,0.0,0.0,0.0,0.0,0.0,0.0,0.0,0.0,0.0,0.0,0.0,0.0,0.0,0.0,0.0,0.0,0.0,0.0,0.0,0.0,0.0,0.0,0.0,0.0,0.0,0.0,0.0,0.0,0.0,0.0,0.0,0.0,0.0,0.0,0.0,0.0,0.0,0.0,0.0,0.0,0.0,0.0,0.0,0.0,0.0,0.0,0.0,0.0,0.0,0.0,5.314,5.332,5.334,5.437,5.48,5.192,5.249,5.395,5.636,5.556,5.484,5.308,5.147,5.204,5.292,5.366,5.265,5.226,5.367,5.131,5.223,5.152,5.061,5.221,5.247,5.013,4.848,5.221,5.332,5.288,9.032,8.975,9.24,8.952,9.12,9.393,9.705,9.84,9.843,9.552,9.025,9.119,9.26,8.863,9.017,9.118,9.322,9.081,9.294,9.303,9.268,9.091,8.862,8.85,8.399,8.568,9.01,9.187,9.393,9.569,9.493,6.901,7.142,7.219,7.195,7.122,7.282,7.176,6.888,7.029,7.005,6.955,7.077,6.948,6.325,6.145,6.19,6.596,6.787,6.902,6.954,6.899,6.783,7.113,7.085,6.89,6.492,6.507,6.634,6.752,6.988,6.844,6.944,6.872,6.939,6.897,6.599,6.731,6.847,6.724,6.832,6.891,6.759,6.578,6.764,6.947,6.954,7.019,7.116,6.996,6.898,7.083,7.258,7.35,7.24,7.23,7.342,7.064,7.275,7.353,7.313,7.314,7.323,7.11,6.863,7.05,7.106,7.134,7.038,7.122,6.984,6.958,7.241,7.28,7.255,7.17,7.183,7.327,7.239,7.315,7.559,7.709,7.842,7.802,7.681,7.412,7.479,7.222,7.413,7.505,7.648,7.632,7.408,7.504,7.597,7.657,7.517,7.544,7.489,7.279,7.359,7.53,7.672,7.707,7.711,7.676,7.494,7.614,7.615,7.588,7.52,7.436,7.438,7.313,7.598,7.723,7.837,7.863,7.915,7.878,7.753,8.084,8.125,8.098,8.068,8.249,8.202,7.882,8.067,8.222,8.309,8.224,7.941,7.797,7.793,8.084,8.144,8.268,8.389,8.363,8.275,8.013,8.098,7.896,8.085,8.214,8.1,8.141,7.835,7.387,7.509,7.859,8.299,8.512,8.579,8.395,8.619,8.616,8.624,8.825,8.739,8.719,8.406,8.677,8.733,8.409,8.446,8.516,8.308,8.251,8.414,8.571,8.298,8.134,8.05,8.177,8.014,8.315,8.44,8.404,8.44,8.39,7.12,6.987,7.029,7.063,6.927,7.006,7.155,7.103,6.951,7.086,6.914,6.688,6.495,6.714,6.665,6.168,6.2,6.058,6.073,6.028,6.112,6.324,6.454,6.6,6.495,6.374,6.398,6.642,6.8,6.413,6.732,6.841,7.365,7.509,7.532,7.352,7.011,7.225,7.109,7.088,6.935,6.706,6.689,6.364,6.938,6.972,7.15,7.197,7.248,6.941,6.589,7.138,7.408,7.814,7.507,7.474,7.268,7.444,8.0,8.27,8.093,5.956,5.751,5.767,5.838,6.171,6.286,6.241,6.122,6.031,6.141,5.73,5.668,5.607,5.532,5.627,5.896,5.949,5.397,4.987,4.993,4.89,5.036,5.303,5.19,5.108,5.274,5.227,4.922,5.018,4.992,4.916,9.595,10.478,10.769,10.945,11.324,11.483,11.858,11.785,12.014,12.033,12.054,12.224,12.328,12.021,11.715,11.014,12.551,12.342,12.016,11.928,11.699,11.198,11.676,11.756,11.811,11.912,12.074,11.966,11.533,11.729,11.654,0.0,0.0,0.0,0.0,0.0,0.0,0.0,0.0,0.0,0.0,0.0,0.0,0.0,0.0,0.0,0.0,0.0,0.0,0.0,0.0,0.0,0.0,0.0,0.0,0.0,0.0,0.0,0.0,0.0,0.0,5.947,5.733,5.593,5.85,5.977,6.096,6.098,6.159,6.07,5.878,6.157,6.222,6.232,6.144,5.952,6.029,5.713,5.577,5.822,5.877,5.84,5.804,5.88,5.524,5.748,5.797,5.783,5.741,5.815,5.756,5.664,8.642,8.641,8.545,7.894,7.646,8.178,8.017,8.45,8.678,8.984,8.737,8.925,8.859,8.714,8.831,8.816,8.917,8.995,8.767,8.773,8.397,8.881,9.016,9.069,8.988,8.92,8.796,8.319,8.475,8.514,6.888,6.693,6.827,6.841,6.695,6.918,7.055,7.036,7.112,7.004,6.942,6.655,6.982,7.213,7.193,7.123,7.087,7.076,6.722,7.205,7.419,7.548,7.623,7.679,7.602,7.375,7.531,7.376,7.197,7.123,7.246,6.984,6.717,7.095,7.29,7.401,7.26,7.23,6.979,6.665,6.887,6.926,6.96,7.099,6.964,6.789,6.786,7.11,7.331,7.335,7.3,7.366,6.973,6.861,7.242,7.285,7.054,7.174,7.277,7.306,7.299,7.433,8.14,8.172,7.859,7.994,8.09,7.974,8.115,8.34,8.19,8.017,8.061,8.042,7.944,7.996,8.051,8.167,8.097,8.139,8.068,7.933,8.138,8.114,8.124,8.352,8.175,8.043,7.743,8.085,9.011,8.827,8.775,9.02,9.165,8.941,8.906,8.971,9.06,9.22,9.34,9.318,9.09,9.294,9.355,9.482,9.446,8.921,8.985,9.161,9.42,9.498,9.551,9.638,9.597,9.532,9.237,9.408,9.497,9.673,9.731,8.734,8.725,8.454,8.755,8.845,8.682,8.82,8.769,8.802,8.524,8.695,8.822,8.84,8.754,8.663,8.789,8.387,8.616,8.767,8.701,8.735,8.755,8.744,8.467,8.763,8.867,8.958,8.898,8.819,8.591,7.609,7.797,7.77,7.954,7.946,8.157,8.107,7.744,7.863,7.741,7.776,7.766,7.693,7.618,7.409,7.709,7.894,8.115,8.037,7.701,7.023,6.526,6.448,7.019,7.542,7.59,7.476,7.411,7.348,7.759,7.872,7.619,7.696,7.686,7.6,7.414,7.618,7.669,7.507,7.436,7.617,7.54,7.321,7.68,7.789,7.58,7.411,7.304,7.128,6.616,6.636,6.692,7.224,7.504,7.417,7.27,7.058,7.47,7.575,7.273,6.772,6.7,6.813,6.641,7.139,7.17,7.161,7.185,7.05,6.754,6.328,6.568,6.583,6.686,6.587,6.603,6.616,6.33,6.809,6.914,6.791,6.375,6.568,6.399,5.947,6.399,6.818,6.896,6.843,6.964,6.737,6.336,7.062,7.242,7.541,7.535,7.273,7.058,6.714,6.879,6.872,6.868,6.473,6.824,7.083,6.603,6.262,6.707,7.093,7.337,7.249,7.157,6.849,7.222,7.403,7.336,7.459,7.702,7.451,7.134,7.65,7.85,7.799,7.824,7.899,7.858,7.397,7.775,7.897,7.929,7.822,7.619,7.426,6.935,7.045,7.075,7.079,6.971,6.624,6.849,6.899,7.288,7.275,7.186,6.886,6.777,6.687,6.71,7.304,7.361,7.336,7.441,7.46,8.729,8.339,8.848,9.115,8.64,8.765,8.722,8.773,8.48,8.75,8.67,8.818,8.827,8.754,8.627,8.329,8.994,9.081,9.096,9.067,8.95,8.713,8.194,7.728,7.566,8.108,8.555,8.73,8.775,8.533,8.623,7.119,7.21,7.148,7.264,7.238,7.088,7.192,7.248,7.25,7.247,7.254,7.037,6.865,6.917,7.1,7.207,7.26,7.324,7.348,7.062,7.321,7.424,7.407,7.403,7.405,7.412,7.249,7.435,7.344,7.352,7.433,7.542,7.555,7.29,7.445,7.616,7.707,7.52,7.465,7.176,6.985,7.354,7.366,7.41,7.548,7.7,7.756,7.583,7.881,7.907,7.846,7.878,8.007,7.956,7.683,7.838,7.986,8.113,8.142,8.049,7.964,7.616,7.822,7.791,7.66,7.756,7.813,7.859,7.787,7.913,7.924,7.996,8.016,8.063,7.777,7.467,7.678,7.833,7.982,7.911,8.01,7.915,7.686,7.743,7.88,7.821,7.31,7.546,7.769,7.572,7.672,7.681,7.601,7.704,7.951,7.927,7.745,7.796,7.931,8.127,8.016,8.029,8.066,7.692,8.059,8.193,8.088,8.07,8.179,8.126,7.912,8.133,8.209,8.182,8.318,8.386,8.221,8.047,8.393,8.305,7.965,7.995,8.159,8.081,7.765,7.922,7.481,7.299,7.576,8.014,8.108,7.902,8.315,8.356,8.334,8.153,7.704,7.287,6.765,7.284,7.566,7.766,7.924,7.968,8.154,7.842,8.141,8.236,8.278,8.238,7.924,7.109,7.017,7.321,7.627,7.654,7.701,7.816,7.641,7.447,7.758,7.912,7.97,8.067,7.987,7.911,7.622,7.823,8.036,7.955,7.854,7.693,7.483,6.876,7.317,7.66,7.669,7.736,7.726,7.435,6.781,6.82,7.084,7.376,7.393,7.626,7.738,7.451,7.756,8.011,8.1,8.224,8.165,8.045,7.621,7.764,8.056,8.265,8.064,8.425,8.334,8.038,8.25,8.307,7.789,7.415,7.103,7.301,7.602,7.968,8.107,7.924,8.784,8.946,9.299,8.622,9.055,9.147,9.339,9.464,9.389,9.033,8.646,9.002,8.956,8.791,8.91,9.151,8.985,8.555,8.834,8.889,9.035,9.091,9.075,8.786,8.051,8.091,8.337,8.25,8.044,7.862,0.0,0.0,0.0,0.0,0.0,0.0,0.0,0.0,0.0,0.0,0.0,0.0,0.0,0.0,0.0,0.0,0.0,0.0,0.0,0.0,0.0,0.0,0.0,0.0,0.0,0.0,0.0,0.0,0.0,0.0,0.0,11.805,11.63,11.786,12.214,12.551,11.864,12.005,12.443,12.801,13.085,13.568,13.047,12.654,13.167,12.934,13.492,13.622,13.513,13.174,13.084,13.506,13.612,12.994,12.904,13.305,13.34,13.029,13.336,13.976,14.216,14.349,7.737,7.6,7.365,7.24,7.384,7.268,6.866,6.753,6.651,6.338,6.703,6.999,7.227,7.505,7.276,6.836,6.322,6.519,6.669,6.92,7.012,6.892,6.614,6.139,6.552,6.881,6.981,6.97,7.052,6.955,7.328,7.271,7.582,7.774,7.868,7.951,8.078,8.05,8.173,8.286,8.439,8.489,8.503,8.432,8.159,8.214,7.988,8.28,8.372,8.393,8.281,7.97,7.923,7.742,8.009,8.262,8.288,8.347,8.025,8.137,8.273,8.954,8.896,8.948,8.788,8.507,8.678,8.757,8.79,8.735,8.426,7.906,7.175,7.035,7.523,7.743,7.941,8.053,8.227,7.952,8.126,8.31,8.377,8.493,8.314,8.08,7.531,7.553,7.663,7.688,7.5,7.536,7.399,7.163,7.238,7.192,7.511,7.725,7.851,7.752,7.49,7.872,8.012,8.027,7.949,8.053,8.039,7.63,7.69,7.998,8.171,8.225,8.428,8.216,7.836,8.12,8.281,8.261,8.18,8.34,8.46,8.175,7.386,7.52,7.714,7.708,7.732,7.532,7.205,7.45,7.442,7.573,7.618,7.729,7.836,7.485,7.552,7.81,7.889,7.895,7.933,7.991,7.819,7.845,7.955,7.907,7.374,6.892,7.115,7.325,7.14,7.233,7.242,7.324,7.423,7.661,7.638,7.463,7.512,7.642,7.831,7.723,7.736,7.772,7.412,7.765,7.894,7.794,7.776,7.881,7.829,7.624,7.837,7.91,7.884,8.015,8.08,7.921,7.753,8.088,8.002,7.068,8.652,8.685,8.863,8.778,8.435,8.606,8.127,7.929,8.229,8.705,8.807,8.584,9.033,9.077,9.053,8.857,8.369,7.916,7.349,7.913,8.219,8.437,8.607,8.656,8.858,8.519,8.844,8.947,8.993,8.949,8.608,8.448,8.339,8.7,9.064,9.096,9.152,9.288,9.081,8.85,9.219,9.403,9.471,9.587,9.492,9.401,9.059,9.297,9.549,9.453,9.333,9.143,8.893,8.171,8.695,9.104,9.113,9.194,9.182,8.836,8.059,6.89,7.156,7.452,7.468,7.704,7.817,7.527,7.836,8.093,8.183,8.308,8.248,8.127,7.698,7.844,8.139,8.35,8.146,8.511,8.419,8.12,8.335,8.392,7.868,7.491,7.176,7.376,7.679,8.049,8.19,8.005,8.784,8.946,9.299,8.622,9.055,9.147,9.339,9.464,9.389,9.033,8.646,9.002,8.956,8.791,8.91,9.151,8.985,8.555,8.834,8.889,9.035,9.091,9.075,8.786,8.051,8.091,8.337,8.25,8.044,7.862,7.311,7.243,7.739,7.783,7.586,7.323,7.442,7.187,7.107,7.705,7.71,7.84,7.723,7.671,7.52,7.312,7.568,7.52,7.346,7.547,7.631,7.279,6.924,7.324,7.386,7.067,6.907,6.718,6.52,6.569,7.004,6.624,6.525,6.613,6.853,7.042,6.657,6.736,6.982,7.182,7.342,7.613,7.32,7.1,7.388,7.257,7.57,7.643,7.582,7.392,7.341,7.578,7.638,7.291,7.24,7.466,7.485,7.31,7.483,7.842,7.976,8.051,10.206,10.025,9.716,9.55,9.74,9.588,9.057,8.908,8.774,8.361,8.842,9.232,9.534,9.901,9.597,9.018,8.34,8.599,8.797,9.128,9.25,9.091,8.724,8.098,8.643,9.077,9.209,9.195,9.303,9.174,7.328,7.271,7.582,7.774,7.868,7.951,8.078,8.05,8.173,8.286,8.439,8.489,8.503,8.432,8.159,8.214,7.988,8.28,8.372,8.393,8.281,7.97,7.923,7.742,8.009,8.262,8.288,8.347,8.025,8.137,8.273,8.954,8.896,8.948,8.788,8.507,8.678,8.757,8.79,8.735,8.426,7.906,7.175,7.035,7.523,7.743,7.941,8.053,8.227,7.952,8.126,8.31,8.377,8.493,8.314,8.08,7.531,7.553,7.663,7.688,7.5,7.536,7.399,7.163,7.238,7.192,7.511,7.725,7.851,7.752,7.49,7.872,8.012,8.027,7.949,8.053,8.039,7.63,7.69,7.998,8.171,8.225,8.428,8.216,7.836,8.12,8.281,8.261,8.18,8.34,8.46,8.175
Guntur_48,4.972,5.006,5.1,5.113,4.923,4.951,5.059,5.065,4.964,4.909,4.998,5.0,5.061,4.971,4.827,4.8,5.024,5.002,4.8,5.004,5.041,4.928,4.983,5.104,5.159,4.924,5.082,5.156,5.196,5.23,5.188,4.448,4.235,4.37,4.483,4.484,4.48,4.53,4.374,4.278,4.352,4.372,4.417,4.573,4.566,4.611,4.418,4.526,4.619,4.6,4.499,4.343,4.38,4.265,4.408,4.486,4.535,4.481,4.455,4.404,5.549,5.707,5.77,5.679,5.589,5.624,5.7,5.533,5.491,5.092,5.291,5.613,5.647,5.611,5.395,5.583,5.761,5.737,6.358,6.265,6.044,5.946,5.841,6.078,6.294,6.364,6.338,6.305,6.109,5.949,5.936,5.614,5.738,5.778,5.741,5.518,5.796,5.824,5.794,5.832,5.876,5.766,5.629,5.949,5.841,5.799,5.63,5.588,5.534,5.348,5.683,5.713,5.572,5.66,5.719,5.664,5.554,5.759,5.765,5.775,5.676,5.792,5.806,5.721,5.889,5.866,5.938,6.096,6.089,6.051,5.811,5.718,5.767,5.745,5.698,5.731,5.664,5.682,5.319,5.57,5.737,5.56,5.484,5.628,5.716,5.465,5.595,5.69,5.853,5.837,5.704,5.571,4.298,4.353,4.341,4.459,4.425,4.453,4.369,4.644,4.728,4.789,4.73,4.743,4.605,4.447,4.671,4.667,4.741,4.806,4.707,4.677,4.496,4.753,4.876,4.815,4.814,4.65,4.551,4.413,4.621,4.852,0.0,0.0,0.0,0.0,0.0,0.0,0.0,0.0,0.0,0.0,0.0,0.0,0.0,0.0,0.0,0.0,0.0,0.0,0.0,0.0,0.0,0.0,0.0,0.0,0.0,0.0,0.0,0.0,0.0,0.0,0.0,0.0,0.0,0.0,0.0,0.0,0.0,0.0,0.0,0.0,0.0,0.0,0.0,0.0,0.0,0.0,0.0,0.0,0.0,0.0,0.0,0.0,0.0,0.0,0.0,0.0,0.0,0.0,0.0,0.0,0.0,0.0,3.82,3.833,3.834,3.908,3.939,3.732,3.773,3.878,4.051,3.994,3.942,3.816,3.7,3.741,3.804,3.857,3.784,3.757,3.858,3.688,3.754,3.703,3.638,3.753,3.772,3.604,3.485,3.753,3.833,3.801,5.352,5.318,5.475,5.304,5.404,5.565,5.751,5.83,5.832,5.66,5.348,5.403,5.487,5.252,5.343,5.403,5.523,5.381,5.507,5.512,5.491,5.386,5.251,5.244,4.977,5.077,5.339,5.443,5.566,5.67,5.625,4.897,5.068,5.122,5.105,5.053,5.167,5.092,4.887,4.987,4.97,4.935,5.021,4.93,4.488,4.36,4.392,4.68,4.815,4.897,4.934,4.895,4.813,5.047,5.027,4.889,4.606,4.617,4.707,4.79,4.958,4.445,4.51,4.463,4.507,4.479,4.286,4.371,4.446,4.367,4.437,4.475,4.39,4.272,4.393,4.511,4.516,4.558,4.621,4.543,4.479,4.6,4.713,4.773,4.702,4.695,4.768,4.587,4.724,4.775,4.749,4.75,4.937,4.794,4.627,4.754,4.791,4.81,4.745,4.802,4.709,4.691,4.882,4.909,4.891,4.834,4.843,4.94,4.881,4.932,5.097,5.198,5.287,5.26,5.179,4.998,5.043,4.869,4.998,5.06,5.156,5.146,4.995,5.669,5.738,5.784,5.678,5.699,5.657,5.499,5.559,5.688,5.796,5.822,5.825,5.798,5.661,5.752,5.752,5.732,5.68,5.617,5.618,5.524,5.74,5.834,5.92,5.94,5.979,5.951,5.856,5.884,5.914,5.894,5.872,6.004,5.97,5.737,5.872,5.984,6.048,5.986,5.78,5.675,5.672,5.884,5.927,6.017,6.106,6.087,6.023,5.832,5.894,5.747,5.884,5.979,5.896,5.926,5.703,5.377,5.465,5.72,6.062,6.218,6.267,6.133,6.296,6.294,6.299,6.446,6.384,6.369,6.14,6.339,6.379,6.143,6.17,6.22,6.069,6.027,6.146,6.261,6.062,5.942,5.881,5.973,5.854,6.074,6.165,6.139,6.165,6.129,5.625,5.519,5.553,5.58,5.472,5.534,5.652,5.612,5.491,5.598,5.462,5.284,5.131,5.304,5.265,4.872,4.898,4.786,4.797,4.762,4.829,4.996,5.098,5.214,5.131,5.035,5.055,5.247,5.372,5.066,5.318,5.338,5.747,5.859,5.876,5.736,5.471,5.637,5.546,5.53,5.411,5.232,5.219,4.965,5.413,5.439,5.578,5.615,5.655,5.415,5.141,5.569,5.78,6.097,5.857,5.832,5.671,5.808,6.242,6.452,6.314,5.956,5.751,5.767,5.838,6.171,6.286,6.241,6.122,6.031,6.141,5.73,5.668,5.607,5.532,5.627,5.896,5.949,5.397,4.987,4.993,4.89,5.036,5.303,5.19,5.108,5.274,5.227,4.922,5.018,4.992,4.916,9.595,10.478,10.769,10.945,11.324,11.483,11.858,11.785,12.014,12.033,12.054,12.224,12.328,12.021,11.715,11.014,12.551,12.342,12.016,11.928,11.699,11.198,11.676,11.756,11.811,11.912,12.074,11.966,11.533,11.729,11.654,0.0,0.0,0.0,0.0,0.0,0.0,0.0,0.0,0.0,0.0,0.0,0.0,0.0,0.0,0.0,0.0,0.0,0.0,0.0,0.0,0.0,0.0,0.0,0.0,0.0,0.0,0.0,0.0,0.0,0.0,5.171,4.984,4.863,5.086,5.197,5.3,5.302,5.355,5.277,5.111,5.353,5.409,5.418,5.342,5.175,5.242,4.967,4.849,5.061,5.109,5.077,5.046,5.112,4.803,4.998,5.04,5.028,4.991,5.055,5.005,4.924,4.394,4.393,4.345,4.013,3.887,4.158,4.076,4.296,4.412,4.567,4.442,4.538,4.504,4.43,4.49,4.482,4.534,4.573,4.457,4.46,4.269,4.515,4.584,4.611,4.57,4.535,4.472,4.23,4.309,4.329,4.879,4.741,4.836,4.846,4.743,4.9,4.998,4.984,5.038,4.961,4.917,4.714,4.946,5.109,5.095,5.046,5.02,5.012,4.761,5.104,5.256,5.346,5.4,5.44,5.385,5.224,5.334,5.225,5.098,5.045,5.133,5.069,4.876,5.15,5.291,5.372,5.27,5.248,5.065,4.837,4.999,5.027,5.052,5.152,5.055,4.928,4.925,5.161,5.321,5.324,5.298,5.346,5.061,4.98,5.256,5.288,5.12,5.207,5.282,5.303,5.298,5.395,5.549,5.571,5.357,5.449,5.515,5.436,5.532,5.685,5.583,5.465,5.495,5.482,5.416,5.451,5.488,5.567,5.52,5.548,5.5,5.408,5.547,5.531,5.538,5.694,5.573,5.483,5.278,5.511,6.483,6.35,6.312,6.489,6.593,6.432,6.407,6.453,6.517,6.633,6.719,6.703,6.539,6.686,6.729,6.821,6.796,6.417,6.464,6.59,6.777,6.833,6.871,6.933,6.904,6.857,6.645,6.768,6.832,6.958,7.001,6.331,6.324,6.128,6.346,6.411,6.293,6.393,6.356,6.38,6.179,6.303,6.395,6.408,6.346,6.28,6.371,6.08,6.245,6.355,6.307,6.332,6.346,6.338,6.138,6.352,6.428,6.493,6.45,6.392,6.227,6.226,6.379,6.357,6.508,6.502,6.674,6.633,6.336,6.433,6.334,6.362,6.354,6.294,6.233,6.062,6.308,6.459,6.639,6.575,6.301,5.746,5.34,5.275,5.743,6.171,6.21,6.117,6.064,6.012,6.349,6.44,7.619,7.696,7.686,7.6,7.414,7.618,7.669,7.507,7.436,7.617,7.54,7.321,7.68,7.789,7.58,7.411,7.304,7.128,6.616,6.636,6.692,7.224,7.504,7.417,7.27,7.058,7.47,7.575,7.273,6.772,6.7,6.813,6.641,7.139,7.17,7.161,7.185,7.05,6.754,6.328,6.568,6.583,6.686,6.587,6.603,6.616,6.33,6.809,6.914,6.791,6.375,6.568,6.399,5.947,6.399,6.818,6.896,6.843,6.964,6.737,6.336,7.062,7.242,7.541,7.535,7.273,7.058,6.714,6.879,6.872,6.868,6.473,6.824,7.083,6.603,6.262,6.707,7.093,7.337,7.249,7.157,6.849,7.222,7.403,7.336,7.459,7.702,7.451,7.134,7.65,7.85,7.799,6.2,6.259,6.227,5.862,6.161,6.258,6.283,6.198,6.037,5.885,5.495,5.583,5.606,5.609,5.524,5.249,5.427,5.467,5.775,5.765,5.694,5.457,5.37,5.299,5.317,5.788,5.833,5.813,5.896,5.912,4.986,4.763,5.054,5.206,4.936,5.007,4.982,5.011,4.844,4.998,4.953,5.037,5.042,5.0,4.928,4.758,5.137,5.187,5.196,5.179,5.113,4.977,4.681,4.414,4.322,4.631,4.887,4.987,5.013,4.874,4.925,4.592,4.651,4.611,4.685,4.669,4.572,4.639,4.675,4.677,4.674,4.679,4.539,4.428,4.462,4.58,4.648,4.683,4.724,4.739,4.555,4.722,4.788,4.777,4.775,4.777,4.781,4.676,4.796,4.737,4.742,5.495,5.576,5.586,5.39,5.504,5.631,5.698,5.56,5.519,5.305,5.164,5.437,5.446,5.479,5.581,5.693,5.734,5.606,5.827,5.846,5.801,5.825,5.92,5.882,5.68,5.795,5.905,5.998,6.02,5.951,5.888,5.771,5.928,5.904,5.805,5.877,5.921,5.955,5.901,5.996,6.005,6.059,6.075,6.11,5.893,5.658,5.818,5.936,6.049,5.995,6.07,5.998,5.824,5.868,5.972,5.927,5.539,5.718,5.887,5.738,5.813,5.82,5.936,6.017,6.209,6.191,6.049,6.088,6.194,6.347,6.26,6.27,6.299,6.007,6.293,6.398,6.317,6.302,6.387,6.346,6.179,6.352,6.411,6.39,6.496,6.549,6.42,6.284,6.555,6.486,6.042,6.065,6.19,6.13,5.891,6.01,5.675,5.537,5.747,6.079,6.151,5.995,6.308,6.339,6.323,6.185,5.844,5.528,5.132,5.526,5.74,5.892,6.011,6.045,6.186,5.949,6.176,6.248,6.28,6.25,6.012,5.597,5.524,5.764,6.005,6.026,6.063,6.154,6.016,5.863,6.108,6.229,6.275,6.352,6.289,6.228,6.001,6.159,6.327,6.263,6.183,6.057,5.891,5.413,5.761,6.031,6.038,6.091,6.083,5.854,5.339,5.321,5.526,5.755,5.768,5.95,6.037,5.813,6.051,6.25,6.32,6.416,6.37,6.277,5.945,6.058,6.285,6.448,6.291,6.573,6.502,6.271,6.437,6.481,6.077,5.785,5.542,5.696,5.93,6.216,6.325,6.182,4.756,4.843,5.035,4.668,4.902,4.952,5.056,5.124,5.084,4.891,4.681,4.874,4.849,4.76,4.824,4.954,4.864,4.632,4.783,4.813,4.892,4.922,4.914,4.757,4.359,4.381,4.514,4.467,4.355,4.257,0.0,0.0,0.0,0.0,0.0,0.0,0.0,0.0,0.0,0.0,0.0,0.0,0.0,0.0,0.0,0.0,0.0,0.0,0.0,0.0,0.0,0.0,0.0,0.0,0.0,0.0,0.0,0.0,0.0,0.0,0.0,8.41,8.285,8.396,8.701,8.941,8.452,8.553,8.865,9.119,9.322,9.666,9.294,9.015,9.38,9.214,9.612,9.705,9.627,9.385,9.321,9.622,9.697,9.257,9.193,9.479,9.504,9.282,9.5,9.956,10.127,10.222,5.129,5.039,4.883,4.8,4.895,4.819,4.552,4.477,4.41,4.202,4.444,4.64,4.792,4.976,4.824,4.532,4.192,4.322,4.422,4.588,4.649,4.569,4.385,4.07,4.344,4.562,4.628,4.621,4.676,4.611,5.467,5.425,5.657,5.8,5.87,5.932,6.027,6.006,6.098,6.182,6.297,6.334,6.344,6.291,6.088,6.129,5.96,6.178,6.246,6.262,6.178,5.946,5.911,5.776,5.975,6.164,6.184,6.227,5.987,6.071,6.172,6.475,6.433,6.471,6.354,6.152,6.275,6.332,6.356,6.317,6.093,5.717,5.188,5.087,5.44,5.599,5.743,5.823,5.949,5.75,5.876,6.009,6.058,6.142,6.012,5.843,5.446,5.462,5.541,5.559,5.424,4.859,4.77,4.618,4.667,4.637,4.843,4.981,5.062,4.998,4.829,5.075,5.166,5.176,5.125,5.192,5.183,4.919,4.958,5.157,5.268,5.303,5.434,5.297,5.052,5.235,5.339,5.326,5.274,5.377,5.455,5.271,5.302,5.397,5.537,5.532,5.55,5.406,5.172,5.347,5.342,5.435,5.468,5.548,5.625,5.373,5.42,5.606,5.663,5.667,5.694,5.735,5.612,5.631,5.71,5.675,5.293,4.947,5.107,5.258,5.125,5.192,5.198,5.819,5.898,6.087,6.069,5.929,5.969,6.072,6.222,6.137,6.146,6.175,5.889,6.169,6.272,6.192,6.178,6.262,6.221,6.057,6.227,6.284,6.264,6.368,6.42,6.294,6.16,6.426,6.358,5.616,6.158,6.181,6.308,6.247,6.003,6.125,5.784,5.643,5.857,6.196,6.268,6.109,6.429,6.46,6.443,6.303,5.956,5.634,5.23,5.632,5.849,6.004,6.126,6.16,6.304,6.063,6.294,6.368,6.4,6.369,6.127,5.682,5.608,5.851,6.096,6.117,6.155,6.246,6.107,5.952,6.2,6.323,6.369,6.447,6.383,6.322,6.092,6.252,6.422,6.357,6.277,6.148,5.98,5.495,5.847,6.122,6.129,6.183,6.175,5.942,5.419,4.622,4.8,4.999,5.01,5.168,5.244,5.05,5.256,5.429,5.49,5.573,5.533,5.452,5.164,5.262,5.46,5.601,5.465,5.71,5.648,5.447,5.591,5.63,5.278,5.025,4.814,4.948,5.151,5.4,5.494,5.37,4.756,4.843,5.035,4.668,4.902,4.952,5.056,5.124,5.084,4.891,4.681,4.874,4.849,4.76,4.824,4.954,4.864,4.632,4.783,4.813,4.892,4.922,4.914,4.757,4.359,4.381,4.514,4.467,4.355,4.257,4.905,4.859,5.192,5.221,5.089,4.913,4.993,4.821,4.768,5.169,5.172,5.259,5.181,5.146,5.045,4.905,5.077,5.044,4.928,5.063,5.119,4.883,4.645,4.913,4.955,4.741,4.633,4.506,4.374,4.407,4.698,4.857,4.785,4.849,5.025,5.164,4.881,4.939,5.119,5.266,5.383,5.582,5.367,5.206,5.417,5.321,5.551,5.604,5.559,5.42,5.383,5.556,5.6,5.346,5.309,5.474,5.488,5.36,5.487,5.75,5.848,5.904,4.883,4.796,4.648,4.569,4.66,4.587,4.333,4.262,4.197,4.0,4.23,4.417,4.561,4.737,4.592,4.314,3.99,4.114,4.209,4.367,4.425,4.35,4.174,3.874,4.135,4.343,4.406,4.399,4.451,4.389,5.467,5.425,5.657,5.8,5.87,5.932,6.027,6.006,6.098,6.182,6.297,6.334,6.344,6.291,6.088,6.129,5.96,6.178,6.246,6.262,6.178,5.946,5.911,5.776,5.975,6.164,6.184,6.227,5.987,6.071,6.172,6.475,6.433,6.471,6.354,6.152,6.275,6.332,6.356,6.317,6.093,5.717,5.188,5.087,5.44,5.599,5.743,5.823,5.949,5.75,5.876,6.009,6.058,6.142,6.012,5.843,5.446,5.462,5.541,5.559,5.424,4.859,4.77,4.618,4.667,4.637,4.843,4.981,5.062,4.998,4.829,5.075,5.166,5.176,5.125,5.192,5.183,4.919,4.958,5.157,5.268,5.303,5.434,5.297,5.052,5.235,5.339,5.326,5.274,5.377,5.455,5.271
Guntur_49,9.634,9.7,9.883,9.908,9.54,9.594,9.803,9.816,9.62,9.512,9.686,9.69,9.808,9.634,9.353,9.302,9.736,9.693,9.301,9.697,9.768,9.55,9.657,9.891,9.998,9.541,9.848,9.992,10.068,10.136,10.052,10.691,10.178,10.503,10.775,10.777,10.768,10.888,10.513,10.282,10.459,10.507,10.616,10.992,10.974,11.082,10.617,10.878,11.1,11.055,10.814,10.439,10.528,10.25,10.595,10.783,10.901,10.769,10.706,10.585,9.576,9.849,9.958,9.801,9.647,9.706,9.837,9.549,9.477,8.789,9.131,9.687,9.746,9.683,9.311,9.636,9.942,9.9,10.974,10.813,10.43,10.263,10.081,10.49,10.863,10.983,10.939,10.882,10.544,10.267,10.245,11.072,11.317,11.395,11.323,10.883,11.431,11.486,11.427,11.502,11.588,11.372,11.102,11.734,11.519,11.437,11.103,11.022,10.915,10.548,11.208,11.267,10.989,11.164,11.28,11.171,10.954,11.358,11.37,11.391,11.194,10.933,10.958,10.799,11.115,11.072,11.208,11.506,11.492,11.422,10.968,10.793,10.884,10.844,10.756,10.817,10.691,10.725,10.04,10.513,10.828,10.494,10.351,10.623,10.789,10.315,10.56,10.74,11.047,11.017,10.765,10.516,9.668,9.79,9.764,10.031,9.954,10.016,9.827,10.447,10.634,10.771,10.639,10.668,10.357,10.003,10.508,10.498,10.663,10.809,10.587,10.519,10.112,10.692,10.968,10.831,10.829,10.46,10.237,9.926,10.395,10.914,0.0,0.0,0.0,0.0,0.0,0.0,0.0,0.0,0.0,0.0,0.0,0.0,0.0,0.0,0.0,0.0,0.0,0.0,0.0,0.0,0.0,0.0,0.0,0.0,0.0,0.0,0.0,0.0,0.0,0.0,0.0,0.0,0.0,0.0,0.0,0.0,0.0,0.0,0.0,0.0,0.0,0.0,0.0,0.0,0.0,0.0,0.0,0.0,0.0,0.0,0.0,0.0,0.0,0.0,0.0,0.0,0.0,0.0,0.0,0.0,0.0,0.0,13.355,13.401,13.406,13.665,13.772,13.049,13.191,13.557,14.165,13.964,13.782,13.341,12.935,13.078,13.299,13.487,13.231,13.135,13.488,12.895,13.126,12.948,12.719,13.122,13.187,12.6,12.183,13.122,13.401,13.29,9.102,9.044,9.311,9.02,9.19,9.465,9.78,9.915,9.919,9.625,9.094,9.189,9.331,8.931,9.086,9.188,9.393,9.151,9.366,9.375,9.339,9.16,8.93,8.918,8.463,8.633,9.079,9.257,9.465,9.643,9.566,6.365,6.587,6.658,6.636,6.568,6.716,6.619,6.353,6.483,6.46,6.415,6.527,6.408,5.833,5.667,5.709,6.084,6.259,6.366,6.414,6.363,6.256,6.561,6.534,6.355,5.988,6.001,6.118,6.227,6.445,7.826,7.941,7.859,7.935,7.887,7.547,7.697,7.829,7.689,7.813,7.88,7.729,7.522,7.735,7.944,7.952,8.026,8.138,8.0,7.888,8.1,8.3,8.405,8.279,8.268,8.396,8.077,8.319,8.408,8.363,8.363,8.685,8.432,8.139,8.362,8.428,8.461,8.347,8.447,8.283,8.252,8.588,8.635,8.604,8.503,8.519,8.69,8.585,8.676,8.966,9.144,9.301,9.253,9.11,8.791,8.87,8.566,8.791,8.902,9.07,9.052,8.786,8.697,8.805,8.875,8.712,8.744,8.68,8.437,8.529,8.727,8.892,8.933,8.938,8.897,8.686,8.825,8.826,8.794,8.716,8.618,8.62,8.476,8.806,8.951,9.084,9.114,9.174,9.131,8.986,8.417,8.46,8.432,8.401,8.589,8.54,8.207,8.4,8.56,8.651,8.563,8.268,8.118,8.114,8.417,8.479,8.608,8.734,8.708,8.616,8.343,8.431,8.221,8.418,8.552,8.434,8.476,8.158,7.691,7.818,8.183,8.096,8.303,8.369,8.189,8.408,8.405,8.412,8.608,8.525,8.505,8.2,8.465,8.519,8.203,8.239,8.307,8.105,8.049,8.208,8.361,8.095,7.935,7.853,7.977,7.817,8.111,8.233,8.198,8.233,8.184,7.357,7.219,7.263,7.298,7.157,7.239,7.393,7.34,7.182,7.322,7.144,6.911,6.711,6.938,6.887,6.373,6.407,6.26,6.275,6.229,6.316,6.534,6.669,6.82,6.711,6.586,6.611,6.863,7.026,6.626,6.956,8.295,8.93,9.104,9.131,8.914,8.501,8.759,8.618,8.593,8.408,8.13,8.109,7.716,8.412,8.452,8.668,8.726,8.788,8.415,7.988,8.654,8.982,9.474,9.102,9.062,8.812,9.026,9.699,10.026,9.812,0.0,0.0,0.0,0.0,0.0,0.0,0.0,0.0,0.0,0.0,0.0,0.0,0.0,0.0,0.0,0.0,0.0,0.0,0.0,0.0,0.0,0.0,0.0,0.0,0.0,0.0,0.0,0.0,0.0,0.0,0.0,13.822,15.094,15.513,15.767,16.312,16.542,17.081,16.977,17.307,17.334,17.365,17.61,17.759,17.317,16.875,15.867,18.08,17.779,17.31,17.183,16.852,16.131,16.82,16.935,17.015,17.159,17.393,17.238,16.614,16.896,16.788,0.0,0.0,0.0,0.0,0.0,0.0,0.0,0.0,0.0,0.0,0.0,0.0,0.0,0.0,0.0,0.0,0.0,0.0,0.0,0.0,0.0,0.0,0.0,0.0,0.0,0.0,0.0,0.0,0.0,0.0,8.217,7.92,7.727,8.082,8.258,8.422,8.425,8.509,8.386,8.121,8.506,8.595,8.61,8.488,8.223,8.329,7.892,7.705,8.043,8.119,8.068,8.018,8.123,7.632,7.942,8.009,7.989,7.931,8.033,7.953,7.825,8.184,8.184,8.093,7.476,7.241,7.745,7.592,8.003,8.219,8.508,8.275,8.453,8.39,8.253,8.364,8.35,8.445,8.519,8.303,8.308,7.953,8.411,8.539,8.589,8.512,8.448,8.33,7.879,8.026,8.063,7.537,7.324,7.47,7.485,7.326,7.569,7.72,7.699,7.782,7.663,7.596,7.282,7.64,7.893,7.87,7.794,7.754,7.742,7.355,7.883,8.118,8.259,8.341,8.402,8.318,8.069,8.24,8.07,7.875,7.793,7.928,7.518,7.231,7.637,7.847,7.967,7.815,7.783,7.512,7.174,7.413,7.455,7.492,7.641,7.496,7.308,7.305,7.653,7.891,7.896,7.858,7.929,7.506,7.385,7.795,7.842,7.593,7.722,7.833,7.865,7.857,8.001,8.572,8.606,8.276,8.418,8.519,8.397,8.546,8.782,8.625,8.442,8.489,8.468,8.366,8.42,8.478,8.601,8.527,8.57,8.496,8.354,8.569,8.544,8.555,8.795,8.609,8.47,8.153,8.514,8.767,8.587,8.537,8.775,8.916,8.698,8.664,8.727,8.814,8.97,9.087,9.065,8.843,9.041,9.101,9.225,9.19,8.679,8.741,8.912,9.165,9.24,9.292,9.377,9.337,9.274,8.986,9.153,9.24,9.41,9.467,9.671,9.661,9.361,9.694,9.794,9.613,9.766,9.71,9.747,9.439,9.629,9.769,9.789,9.693,9.593,9.732,9.287,9.54,9.708,9.635,9.672,9.694,9.682,9.376,9.704,9.819,9.919,9.853,9.765,9.512,7.394,7.576,7.55,7.729,7.722,7.926,7.877,7.525,7.64,7.522,7.556,7.547,7.475,7.403,7.199,7.491,7.67,7.885,7.809,7.483,6.824,6.342,6.265,6.821,7.329,7.375,7.264,7.201,7.14,7.54,7.649,6.191,6.254,6.246,6.176,6.025,6.191,6.232,6.1,6.043,6.19,6.127,5.949,6.241,6.329,6.16,6.023,5.935,5.793,5.377,5.392,5.438,5.87,6.098,6.027,5.908,5.736,6.07,6.156,5.91,5.503,5.445,5.537,5.396,5.801,5.826,5.819,5.838,5.729,5.489,5.142,5.337,5.35,5.433,5.352,5.365,5.376,5.144,5.534,5.619,5.519,5.181,5.337,5.2,4.833,5.2,5.541,5.604,5.561,5.659,5.475,5.149,4.515,4.63,4.821,4.817,4.649,4.512,4.292,4.397,4.393,4.391,4.138,4.363,4.528,4.221,4.003,4.287,4.535,4.69,4.634,4.576,4.378,4.617,4.733,4.69,4.768,4.924,4.763,4.561,4.891,5.018,4.986,6.967,7.034,6.997,6.587,6.923,7.032,7.061,6.965,6.784,6.613,6.175,6.273,6.3,6.303,6.207,5.898,6.099,6.143,6.489,6.478,6.399,6.132,6.034,5.955,5.974,6.504,6.554,6.532,6.626,6.643,5.655,5.402,5.733,5.905,5.598,5.679,5.651,5.684,5.494,5.669,5.617,5.713,5.719,5.671,5.589,5.396,5.827,5.883,5.893,5.874,5.799,5.645,5.309,5.007,4.902,5.253,5.542,5.656,5.685,5.528,5.586,5.862,5.937,5.886,5.981,5.96,5.836,5.922,5.968,5.97,5.967,5.973,5.794,5.652,5.695,5.846,5.934,5.978,6.031,6.05,5.815,6.028,6.112,6.098,6.096,6.097,6.103,5.969,6.122,6.047,6.054,5.657,5.74,5.75,5.548,5.666,5.796,5.865,5.723,5.681,5.461,5.316,5.597,5.606,5.64,5.745,5.86,5.903,5.771,5.998,6.018,5.971,5.996,6.094,6.055,5.847,5.965,6.078,6.175,6.197,6.126,6.061,6.418,6.592,6.565,6.455,6.536,6.584,6.622,6.562,6.668,6.678,6.738,6.755,6.794,6.553,6.292,6.47,6.601,6.726,6.667,6.75,6.67,6.476,6.525,6.641,6.591,6.16,6.359,6.547,6.381,6.465,6.472,6.097,6.18,6.378,6.359,6.213,6.254,6.362,6.519,6.43,6.44,6.471,6.171,6.465,6.572,6.488,6.474,6.561,6.518,6.347,6.525,6.585,6.563,6.673,6.727,6.595,6.455,6.733,6.662,7.106,7.133,7.279,7.209,6.928,7.068,6.674,6.512,6.759,7.149,7.233,7.05,7.418,7.455,7.435,7.274,6.873,6.501,6.036,6.498,6.75,6.929,7.069,7.109,7.274,6.996,7.263,7.348,7.385,7.349,7.07,6.834,6.745,7.037,7.331,7.357,7.403,7.513,7.345,7.159,7.457,7.605,7.661,7.755,7.678,7.604,7.327,7.52,7.724,7.646,7.549,7.395,7.193,6.609,7.033,7.364,7.371,7.437,7.427,7.147,6.518,5.844,6.07,6.321,6.335,6.535,6.63,6.385,6.646,6.865,6.941,7.047,6.996,6.894,6.53,6.653,6.903,7.082,6.91,7.219,7.141,6.887,7.07,7.118,6.674,6.354,6.087,6.256,6.514,6.827,6.947,6.79,6.197,6.311,6.561,6.083,6.388,6.453,6.589,6.677,6.624,6.373,6.1,6.351,6.318,6.202,6.286,6.456,6.339,6.036,6.233,6.271,6.375,6.414,6.403,6.199,5.68,5.708,5.882,5.821,5.675,5.547,6.036,5.98,6.39,6.426,6.263,6.046,6.144,5.934,5.868,6.362,6.365,6.473,6.376,6.333,6.209,6.037,6.248,6.208,6.065,6.231,6.3,6.009,5.716,6.046,6.098,5.834,5.702,5.546,5.383,5.423,5.782,10.553,10.397,10.537,10.919,11.221,10.606,10.733,11.124,11.444,11.698,12.13,11.664,11.313,11.771,11.563,12.062,12.178,12.081,11.777,11.697,12.074,12.17,11.617,11.536,11.895,11.926,11.648,11.922,12.494,12.709,12.828,8.152,8.008,7.761,7.628,7.78,7.658,7.234,7.115,7.008,6.679,7.063,7.375,7.615,7.908,7.666,7.203,6.662,6.869,7.027,7.291,7.389,7.262,6.968,6.468,6.904,7.25,7.356,7.344,7.431,7.328,7.226,7.17,7.476,7.666,7.759,7.841,7.965,7.938,8.059,8.17,8.322,8.371,8.385,8.314,8.046,8.1,7.877,8.165,8.255,8.276,8.166,7.859,7.813,7.634,7.898,8.147,8.173,8.23,7.913,8.024,8.157,7.403,7.355,7.398,7.265,7.034,7.174,7.24,7.267,7.222,6.966,6.536,5.932,5.816,6.219,6.401,6.566,6.658,6.802,6.574,6.719,6.871,6.926,7.022,6.874,6.68,6.226,6.244,6.335,6.356,6.201,6.029,5.919,5.731,5.79,5.753,6.009,6.18,6.281,6.202,5.992,6.298,6.41,6.422,6.36,6.443,6.432,6.104,6.152,6.398,6.537,6.58,6.742,6.573,6.269,6.496,6.624,6.609,6.544,6.672,6.768,6.54,6.01,6.119,6.277,6.271,6.292,6.129,5.863,6.062,6.056,6.162,6.199,6.289,6.376,6.091,6.145,6.355,6.419,6.424,6.455,6.502,6.362,6.383,6.473,6.434,6.0,5.608,5.789,5.96,5.809,5.886,5.893,6.487,6.575,6.785,6.765,6.61,6.653,6.769,6.936,6.841,6.852,6.884,6.565,6.877,6.992,6.903,6.887,6.98,6.934,6.753,6.941,7.005,6.982,7.099,7.157,7.016,6.867,7.163,7.087,6.26,7.865,7.894,8.056,7.979,7.667,7.823,7.387,7.207,7.48,7.913,8.005,7.802,8.211,8.251,8.229,8.051,7.607,7.195,6.68,7.192,7.471,7.668,7.824,7.868,8.051,7.744,8.038,8.133,8.174,8.134,7.825,7.187,7.094,7.401,7.711,7.738,7.786,7.902,7.725,7.529,7.843,7.999,8.057,8.156,8.075,7.998,7.706,7.909,8.124,8.042,7.94,7.778,7.565,6.951,7.397,7.745,7.753,7.821,7.811,7.517,6.856,6.54,6.792,7.073,7.089,7.313,7.419,7.145,7.437,7.682,7.767,7.886,7.829,7.714,7.307,7.445,7.725,7.926,7.732,8.079,7.991,7.707,7.911,7.966,7.468,7.11,6.811,7.001,7.289,7.64,7.774,7.598,6.197,6.311,6.561,6.083,6.388,6.453,6.589,6.677,6.624,6.373,6.1,6.351,6.318,6.202,6.286,6.456,6.339,6.036,6.233,6.271,6.375,6.414,6.403,6.199,5.68,5.708,5.882,5.821,5.675,5.547,6.94,6.875,7.346,7.388,7.201,6.951,7.064,6.822,6.746,7.314,7.318,7.441,7.331,7.281,7.138,6.94,7.184,7.137,6.972,7.163,7.243,6.909,6.572,6.951,7.011,6.708,6.556,6.376,6.189,6.235,6.648,5.269,5.191,5.261,5.452,5.602,5.296,5.359,5.554,5.714,5.841,6.056,5.824,5.648,5.877,5.773,6.023,6.081,6.032,5.88,5.84,6.029,6.076,5.8,5.76,5.939,5.955,5.816,5.953,6.238,6.345,6.405,7.697,7.561,7.328,7.203,7.346,7.231,6.831,6.719,6.617,6.306,6.669,6.963,7.191,7.467,7.239,6.801,6.29,6.486,6.635,6.884,6.977,6.857,6.58,6.107,6.519,6.846,6.945,6.935,7.016,6.92,7.226,7.17,7.476,7.666,7.759,7.841,7.965,7.938,8.059,8.17,8.322,8.371,8.385,8.314,8.046,8.1,7.877,8.165,8.255,8.276,8.166,7.859,7.813,7.634,7.898,8.147,8.173,8.23,7.913,8.024,8.157,7.403,7.355,7.398,7.265,7.034,7.174,7.24,7.267,7.222,6.966,6.536,5.932,5.816,6.219,6.401,6.566,6.658,6.802,6.574,6.719,6.871,6.926,7.022,6.874,6.68,6.226,6.244,6.335,6.356,6.201,6.029,5.919,5.731,5.79,5.753,6.009,6.18,6.281,6.202,5.992,6.298,6.41,6.422,6.36,6.443,6.432,6.104,6.152,6.398,6.537,6.58,6.742,6.573,6.269,6.496,6.624,6.609,6.544,6.672,6.768,6.54
Guntur_50,6.965,7.013,7.145,7.163,6.897,6.936,7.087,7.097,6.955,6.877,7.003,7.006,7.091,6.965,6.762,6.726,7.039,7.008,6.725,7.011,7.062,6.904,6.982,7.151,7.228,6.898,7.12,7.224,7.279,7.328,7.268,8.367,7.965,8.22,8.433,8.434,8.427,8.521,8.228,8.047,8.185,8.223,8.308,8.602,8.588,8.673,8.309,8.513,8.687,8.651,8.463,8.169,8.239,8.022,8.292,8.439,8.531,8.428,8.379,8.284,7.575,7.79,7.876,7.753,7.63,7.677,7.781,7.553,7.497,6.952,7.223,7.663,7.709,7.66,7.365,7.622,7.864,7.831,8.68,8.553,8.25,8.118,7.974,8.298,8.592,8.687,8.653,8.607,8.34,8.121,8.104,8.45,8.637,8.696,8.641,8.305,8.724,8.766,8.721,8.777,8.843,8.679,8.472,8.955,8.791,8.728,8.473,8.411,8.329,8.05,8.553,8.598,8.386,8.52,8.608,8.525,8.359,8.668,8.677,8.693,8.543,8.961,8.982,8.851,9.11,9.076,9.187,9.431,9.42,9.362,8.99,8.846,8.922,8.888,8.816,8.866,8.763,8.791,8.23,8.617,8.876,8.602,8.485,8.707,8.844,8.455,8.656,8.803,9.055,9.03,8.824,8.619,6.567,6.65,6.632,6.813,6.761,6.803,6.675,7.096,7.223,7.316,7.227,7.246,7.035,6.795,7.137,7.131,7.243,7.342,7.191,7.145,6.869,7.262,7.45,7.357,7.355,7.105,6.953,6.742,7.06,7.413,0.0,0.0,0.0,0.0,0.0,0.0,0.0,0.0,0.0,0.0,0.0,0.0,0.0,0.0,0.0,0.0,0.0,0.0,0.0,0.0,0.0,0.0,0.0,0.0,0.0,0.0,0.0,0.0,0.0,0.0,0.0,0.0,0.0,0.0,0.0,0.0,0.0,0.0,0.0,0.0,0.0,0.0,0.0,0.0,0.0,0.0,0.0,0.0,0.0,0.0,0.0,0.0,0.0,0.0,0.0,0.0,0.0,0.0,0.0,0.0,0.0,0.0,13.355,13.401,13.406,13.665,13.772,13.049,13.191,13.557,14.165,13.964,13.782,13.341,12.935,13.078,13.299,13.487,13.231,13.135,13.488,12.895,13.126,12.948,12.719,13.122,13.187,12.6,12.183,13.122,13.401,13.29,7.361,7.314,7.53,7.295,7.432,7.655,7.909,8.019,8.022,7.785,7.355,7.431,7.547,7.223,7.348,7.431,7.597,7.401,7.574,7.582,7.553,7.408,7.222,7.212,6.845,6.982,7.343,7.487,7.655,7.799,7.737,5.605,5.801,5.863,5.844,5.784,5.915,5.829,5.594,5.709,5.689,5.649,5.748,5.643,5.137,4.991,5.028,5.358,5.512,5.606,5.648,5.603,5.509,5.778,5.754,5.596,5.273,5.285,5.388,5.484,5.676,6.109,6.198,6.134,6.194,6.156,5.89,6.008,6.111,6.002,6.098,6.151,6.033,5.871,6.038,6.201,6.206,6.264,6.352,6.244,6.156,6.322,6.478,6.56,6.462,6.453,6.553,6.305,6.493,6.563,6.527,6.528,7.464,7.246,6.995,7.186,7.243,7.271,7.173,7.259,7.118,7.092,7.38,7.42,7.394,7.307,7.321,7.468,7.378,7.456,7.705,7.858,7.993,7.951,7.829,7.555,7.623,7.361,7.555,7.65,7.794,7.779,7.55,7.024,7.111,7.167,7.036,7.062,7.01,6.813,6.888,7.048,7.181,7.214,7.218,7.185,7.015,7.127,7.128,7.102,7.039,6.96,6.962,6.845,7.112,7.229,7.336,7.36,7.409,7.374,7.257,7.896,7.936,7.91,7.881,8.057,8.011,7.699,7.88,8.03,8.116,8.033,7.756,7.615,7.612,7.896,7.954,8.075,8.193,8.169,8.082,7.826,7.909,7.712,7.896,8.023,7.912,7.952,7.653,7.215,7.334,7.676,7.9,8.102,8.166,7.991,8.205,8.202,8.209,8.4,8.319,8.3,8.002,8.26,8.313,8.005,8.04,8.106,7.909,7.854,8.01,8.159,7.899,7.743,7.663,7.784,7.628,7.915,8.034,8.0,8.034,7.986,8.016,7.866,7.913,7.951,7.798,7.887,8.055,7.997,7.825,7.978,7.784,7.53,7.312,7.559,7.503,6.944,6.98,6.82,6.836,6.787,6.881,7.119,7.266,7.431,7.312,7.175,7.203,7.478,7.655,7.22,7.579,5.45,5.867,5.981,5.999,5.856,5.585,5.755,5.662,5.646,5.524,5.341,5.328,5.069,5.527,5.553,5.695,5.733,5.774,5.529,5.248,5.686,5.901,6.225,5.98,5.954,5.79,5.93,6.372,6.587,6.446,7.657,7.393,7.414,7.505,7.932,8.081,8.023,7.87,7.754,7.895,7.366,7.286,7.208,7.111,7.234,7.579,7.647,6.938,6.412,6.419,6.286,6.473,6.817,6.671,6.566,6.78,6.72,6.328,6.451,6.417,6.32,5.813,6.349,6.525,6.632,6.861,6.957,7.184,7.141,7.279,7.291,7.304,7.407,7.469,7.283,7.098,6.673,7.604,7.478,7.281,7.227,7.088,6.785,7.074,7.123,7.156,7.217,7.315,7.25,6.988,7.107,7.061,0.0,0.0,0.0,0.0,0.0,0.0,0.0,0.0,0.0,0.0,0.0,0.0,0.0,0.0,0.0,0.0,0.0,0.0,0.0,0.0,0.0,0.0,0.0,0.0,0.0,0.0,0.0,0.0,0.0,0.0,8.378,8.075,7.878,8.241,8.419,8.586,8.59,8.675,8.55,8.28,8.673,8.764,8.778,8.655,8.384,8.492,8.047,7.856,8.2,8.278,8.226,8.175,8.282,7.781,8.097,8.166,8.146,8.086,8.191,8.108,7.978,7.013,7.013,6.935,6.406,6.205,6.636,6.506,6.858,7.043,7.291,7.091,7.243,7.19,7.072,7.167,7.155,7.237,7.3,7.115,7.119,6.815,7.207,7.317,7.36,7.294,7.239,7.138,6.751,6.878,6.909,6.462,6.28,6.405,6.418,6.282,6.49,6.619,6.601,6.673,6.571,6.513,6.243,6.551,6.767,6.748,6.683,6.649,6.638,6.306,6.759,6.961,7.081,7.152,7.205,7.133,6.919,7.065,6.92,6.752,6.682,6.798,6.403,6.159,6.505,6.684,6.785,6.656,6.629,6.398,6.11,6.314,6.35,6.381,6.508,6.385,6.224,6.222,6.519,6.721,6.725,6.693,6.753,6.393,6.29,6.639,6.679,6.467,6.577,6.672,6.699,6.692,6.815,7.874,7.905,7.602,7.733,7.825,7.713,7.85,8.067,7.922,7.755,7.798,7.779,7.685,7.734,7.788,7.9,7.832,7.873,7.804,7.674,7.871,7.848,7.858,8.079,7.908,7.78,7.489,7.82,8.187,8.019,7.972,8.195,8.327,8.123,8.091,8.15,8.231,8.377,8.486,8.465,8.259,8.443,8.499,8.615,8.582,8.105,8.163,8.323,8.559,8.629,8.678,8.756,8.719,8.661,8.392,8.548,8.629,8.788,8.841,7.865,7.856,7.612,7.883,7.964,7.818,7.942,7.896,7.926,7.676,7.83,7.944,7.96,7.883,7.801,7.914,7.553,7.758,7.895,7.835,7.866,7.883,7.874,7.625,7.891,7.985,8.066,8.013,7.941,7.736,6.679,6.844,6.82,6.982,6.975,7.16,7.116,6.797,6.902,6.795,6.826,6.817,6.753,6.687,6.503,6.767,6.929,7.123,7.054,6.76,6.164,5.729,5.659,6.161,6.62,6.662,6.562,6.505,6.45,6.811,6.91,10.379,10.484,10.471,10.354,10.101,10.379,10.448,10.226,10.13,10.376,10.272,9.973,10.463,10.61,10.327,10.097,9.95,9.711,9.014,9.04,9.116,9.841,10.223,10.105,9.904,9.616,10.176,10.32,9.908,9.225,9.128,9.282,9.047,9.726,9.767,9.756,9.788,9.604,9.202,8.62,8.948,8.969,9.108,8.973,8.995,9.013,8.623,9.277,9.42,9.252,8.685,8.948,8.717,8.102,8.717,9.289,9.395,9.322,9.487,9.178,8.632,6.9,7.075,7.367,7.362,7.105,6.895,6.559,6.72,6.713,6.71,6.324,6.667,6.92,6.451,6.118,6.552,6.93,7.168,7.082,6.992,6.691,7.055,7.232,7.167,7.287,7.525,7.279,6.97,7.474,7.669,7.619,6.458,6.52,6.486,6.105,6.417,6.518,6.545,6.456,6.288,6.13,5.724,5.815,5.839,5.843,5.754,5.467,5.653,5.694,6.015,6.005,5.931,5.684,5.593,5.52,5.538,6.029,6.075,6.055,6.141,6.157,5.554,5.306,5.63,5.8,5.498,5.577,5.55,5.582,5.396,5.567,5.517,5.611,5.617,5.57,5.49,5.3,5.723,5.778,5.788,5.769,5.695,5.544,5.214,4.917,4.814,5.159,5.443,5.555,5.584,5.43,5.486,5.541,5.612,5.564,5.654,5.634,5.517,5.598,5.642,5.643,5.64,5.646,5.477,5.343,5.384,5.526,5.609,5.651,5.701,5.719,5.497,5.698,5.778,5.765,5.762,5.764,5.769,5.642,5.787,5.716,5.723,5.942,6.029,6.04,5.828,5.952,6.089,6.161,6.012,5.968,5.737,5.584,5.879,5.888,5.924,6.034,6.155,6.201,6.062,6.3,6.321,6.272,6.298,6.401,6.36,6.142,6.266,6.385,6.486,6.509,6.435,6.367,5.801,5.958,5.934,5.834,5.908,5.951,5.986,5.932,6.027,6.036,6.09,6.106,6.141,5.923,5.687,5.848,5.966,6.08,6.026,6.101,6.029,5.854,5.898,6.002,5.957,5.568,5.747,5.918,5.768,5.843,5.85,6.582,6.671,6.885,6.865,6.707,6.751,6.868,7.037,6.941,6.952,6.985,6.661,6.978,7.094,7.004,6.988,7.082,7.036,6.852,7.043,7.108,7.085,7.203,7.262,7.119,6.968,7.268,7.191,6.775,6.8,6.94,6.873,6.605,6.739,6.363,6.209,6.444,6.816,6.896,6.721,7.073,7.107,7.089,6.935,6.553,6.198,5.754,6.196,6.435,6.606,6.74,6.777,6.936,6.671,6.924,7.006,7.041,7.007,6.74,7.089,6.997,7.3,7.605,7.632,7.679,7.793,7.62,7.426,7.736,7.89,7.947,8.044,7.964,7.888,7.601,7.801,8.013,7.932,7.831,7.672,7.461,6.856,7.296,7.639,7.647,7.714,7.704,7.414,6.762,5.768,5.99,6.238,6.252,6.449,6.543,6.301,6.559,6.775,6.85,6.955,6.905,6.803,6.444,6.566,6.813,6.99,6.819,7.125,7.048,6.797,6.977,7.025,6.587,6.27,6.007,6.174,6.428,6.738,6.856,6.701,5.988,6.099,6.34,5.878,6.173,6.236,6.367,6.452,6.401,6.159,5.895,6.137,6.106,5.993,6.075,6.239,6.125,5.833,6.023,6.06,6.16,6.198,6.187,5.99,5.489,5.516,5.683,5.625,5.484,5.36,6.31,6.251,6.679,6.717,6.547,6.32,6.423,6.203,6.134,6.65,6.654,6.766,6.665,6.621,6.49,6.31,6.532,6.49,6.34,6.513,6.585,6.282,5.976,6.32,6.375,6.099,5.961,5.797,5.627,5.669,6.044,10.553,10.397,10.537,10.919,11.221,10.606,10.733,11.124,11.444,11.698,12.13,11.664,11.313,11.771,11.563,12.062,12.178,12.081,11.777,11.697,12.074,12.17,11.617,11.536,11.895,11.926,11.648,11.922,12.494,12.709,12.828,6.302,6.19,5.999,5.897,6.014,5.92,5.592,5.5,5.417,5.163,5.46,5.701,5.887,6.113,5.926,5.568,5.15,5.31,5.432,5.636,5.712,5.614,5.387,5.0,5.337,5.605,5.686,5.678,5.744,5.665,6.302,6.253,6.52,6.686,6.766,6.838,6.947,6.923,7.029,7.126,7.258,7.301,7.313,7.251,7.017,7.064,6.87,7.121,7.2,7.218,7.122,6.854,6.814,6.658,6.888,7.105,7.128,7.178,6.901,6.998,7.114,7.361,7.314,7.356,7.224,6.994,7.134,7.199,7.226,7.181,6.927,6.5,5.898,5.783,6.184,6.365,6.529,6.621,6.763,6.537,6.681,6.832,6.887,6.983,6.835,6.643,6.191,6.209,6.3,6.321,6.166,5.94,5.832,5.646,5.705,5.668,5.92,6.089,6.188,6.11,5.904,6.204,6.315,6.327,6.265,6.347,6.336,6.013,6.061,6.304,6.44,6.482,6.643,6.476,6.176,6.4,6.526,6.511,6.447,6.573,6.668,6.443,6.01,6.119,6.277,6.271,6.292,6.129,5.863,6.062,6.056,6.162,6.199,6.289,6.376,6.091,6.145,6.355,6.419,6.424,6.455,6.502,6.362,6.383,6.473,6.434,6.0,5.608,5.789,5.96,5.809,5.886,5.893,6.276,6.361,6.565,6.546,6.395,6.437,6.549,6.71,6.619,6.629,6.66,6.352,6.654,6.765,6.679,6.663,6.753,6.709,6.533,6.716,6.778,6.756,6.868,6.924,6.788,6.644,6.931,6.857,6.057,8.009,8.039,8.203,8.125,7.807,7.966,7.522,7.339,7.617,8.057,8.152,7.945,8.361,8.402,8.38,8.198,7.746,7.327,6.802,7.324,7.607,7.809,7.967,8.012,8.198,7.885,8.185,8.281,8.323,8.283,7.968,6.926,6.836,7.132,7.43,7.456,7.503,7.614,7.444,7.255,7.558,7.708,7.764,7.859,7.781,7.707,7.426,7.621,7.828,7.75,7.651,7.495,7.29,6.698,7.128,7.463,7.471,7.537,7.527,7.244,6.606,6.319,6.563,6.834,6.849,7.066,7.169,6.903,7.186,7.422,7.505,7.619,7.565,7.454,7.06,7.194,7.464,7.658,7.471,7.806,7.722,7.447,7.644,7.697,7.216,6.87,6.581,6.765,7.043,7.382,7.511,7.342,5.988,6.099,6.34,5.878,6.173,6.236,6.367,6.452,6.401,6.159,5.895,6.137,6.106,5.993,6.075,6.239,6.125,5.833,6.023,6.06,6.16,6.198,6.187,5.99,5.489,5.516,5.683,5.625,5.484,5.36,6.705,6.643,7.098,7.138,6.958,6.716,6.826,6.592,6.518,7.067,7.071,7.19,7.083,7.035,6.897,6.706,6.941,6.896,6.737,6.921,6.998,6.676,6.35,6.717,6.774,6.481,6.334,6.161,5.98,6.024,6.423,4.962,4.889,4.955,5.134,5.276,4.987,5.047,5.231,5.381,5.5,5.704,5.484,5.319,5.535,5.437,5.672,5.726,5.68,5.538,5.5,5.678,5.722,5.462,5.425,5.593,5.608,5.477,5.606,5.875,5.976,6.032,7.697,7.561,7.328,7.203,7.346,7.231,6.831,6.719,6.617,6.306,6.669,6.963,7.191,7.467,7.239,6.801,6.29,6.486,6.635,6.884,6.977,6.857,6.58,6.107,6.519,6.846,6.945,6.935,7.016,6.92,6.302,6.253,6.52,6.686,6.766,6.838,6.947,6.923,7.029,7.126,7.258,7.301,7.313,7.251,7.017,7.064,6.87,7.121,7.2,7.218,7.122,6.854,6.814,6.658,6.888,7.105,7.128,7.178,6.901,6.998,7.114,7.361,7.314,7.356,7.224,6.994,7.134,7.199,7.226,7.181,6.927,6.5,5.898,5.783,6.184,6.365,6.529,6.621,6.763,6.537,6.681,6.832,6.887,6.983,6.835,6.643,6.191,6.209,6.3,6.321,6.166,5.94,5.832,5.646,5.705,5.668,5.92,6.089,6.188,6.11,5.904,6.204,6.315,6.327,6.265,6.347,6.336,6.013,6.061,6.304,6.44,6.482,6.643,6.476,6.176,6.4,6.526,6.511,6.447,6.573,6.668,6.443
Guntur_51,7.224,7.273,7.411,7.429,7.153,7.194,7.351,7.36,7.213,7.133,7.263,7.266,7.354,7.224,7.013,6.975,7.301,7.269,6.974,7.271,7.324,7.161,7.241,7.416,7.497,7.154,7.384,7.492,7.549,7.6,7.538,7.266,6.918,7.139,7.324,7.325,7.319,7.4,7.146,6.989,7.109,7.142,7.215,7.471,7.459,7.532,7.217,7.394,7.545,7.514,7.35,7.095,7.156,6.967,7.201,7.329,7.409,7.32,7.277,7.194,6.971,7.17,7.249,7.135,7.022,7.065,7.161,6.951,6.899,6.398,6.647,7.052,7.095,7.049,6.778,7.014,7.238,7.207,7.989,7.872,7.593,7.471,7.339,7.637,7.908,7.995,7.963,7.922,7.675,7.474,7.458,7.376,7.539,7.591,7.543,7.25,7.615,7.652,7.613,7.662,7.72,7.576,7.396,7.817,7.674,7.619,7.397,7.342,7.271,7.027,7.466,7.506,7.321,7.437,7.515,7.442,7.297,7.566,7.574,7.588,7.457,8.635,8.656,8.53,8.779,8.746,8.853,9.088,9.078,9.021,8.663,8.525,8.597,8.565,8.496,8.544,8.445,8.472,7.93,8.304,8.553,8.289,8.176,8.391,8.522,8.147,8.341,8.483,8.726,8.702,8.503,8.306,4.8,4.861,4.847,4.98,4.942,4.973,4.879,5.186,5.279,5.348,5.282,5.296,5.142,4.966,5.217,5.212,5.294,5.366,5.256,5.222,5.02,5.308,5.445,5.377,5.376,5.193,5.082,4.928,5.16,5.418,0.0,0.0,0.0,0.0,0.0,0.0,0.0,0.0,0.0,0.0,0.0,0.0,0.0,0.0,0.0,0.0,0.0,0.0,0.0,0.0,0.0,0.0,0.0,0.0,0.0,0.0,0.0,0.0,0.0,0.0,0.0,0.0,0.0,0.0,0.0,0.0,0.0,0.0,0.0,0.0,0.0,0.0,0.0,0.0,0.0,0.0,0.0,0.0,0.0,0.0,0.0,0.0,0.0,0.0,0.0,0.0,0.0,0.0,0.0,0.0,0.0,0.0,6.453,6.475,6.478,6.603,6.655,6.306,6.374,6.551,6.845,6.748,6.66,6.447,6.25,6.32,6.426,6.517,6.394,6.347,6.518,6.231,6.343,6.257,6.146,6.341,6.372,6.088,5.887,6.341,6.476,6.422,7.015,6.97,7.176,6.952,7.082,7.294,7.537,7.642,7.644,7.418,7.009,7.082,7.191,6.883,7.003,7.081,7.239,7.052,7.218,7.225,7.197,7.06,6.882,6.873,6.523,6.654,6.997,7.134,7.295,7.432,7.373,6.85,7.089,7.165,7.142,7.069,7.228,7.123,6.837,6.977,6.953,6.904,7.025,6.897,6.278,6.099,6.144,6.548,6.736,6.851,6.903,6.848,6.733,7.061,7.032,6.839,6.444,6.458,6.585,6.702,6.936,6.2,6.291,6.225,6.286,6.248,5.978,6.097,6.202,6.091,6.189,6.242,6.123,5.959,6.128,6.293,6.299,6.358,6.446,6.338,6.248,6.416,6.575,6.658,6.559,6.549,6.651,6.399,6.59,6.661,6.625,6.625,6.696,6.501,6.275,6.447,6.498,6.523,6.435,6.513,6.386,6.362,6.621,6.657,6.634,6.556,6.568,6.7,6.619,6.689,6.912,7.05,7.171,7.134,7.024,6.778,6.839,6.604,6.778,6.863,6.993,6.979,6.774,6.408,6.487,6.539,6.419,6.442,6.395,6.216,6.284,6.43,6.552,6.581,6.585,6.555,6.399,6.502,6.502,6.479,6.421,6.349,6.351,6.245,6.488,6.595,6.693,6.715,6.759,6.727,6.62,7.397,7.434,7.409,7.382,7.548,7.505,7.212,7.381,7.522,7.602,7.525,7.266,7.134,7.13,7.397,7.451,7.564,7.675,7.652,7.571,7.331,7.409,7.225,7.397,7.515,7.411,7.449,7.169,6.759,6.871,7.191,7.772,7.971,8.034,7.862,8.072,8.069,8.076,8.264,8.184,8.165,7.872,8.126,8.178,7.875,7.909,7.975,7.78,7.727,7.88,8.027,7.771,7.618,7.539,7.658,7.505,7.787,7.904,7.87,7.903,7.857,8.207,8.053,8.102,8.141,7.984,8.075,8.247,8.188,8.012,8.168,7.969,7.709,7.486,7.739,7.682,7.109,7.147,6.983,6.999,6.948,7.045,7.289,7.439,7.608,7.487,7.346,7.375,7.656,7.838,7.392,7.759,5.461,5.879,5.994,6.012,5.868,5.597,5.767,5.674,5.657,5.536,5.352,5.339,5.08,5.538,5.565,5.707,5.745,5.785,5.54,5.259,5.697,5.913,6.237,5.992,5.966,5.802,5.942,6.385,6.601,6.46,7.18,6.932,6.952,7.037,7.438,7.577,7.523,7.38,7.27,7.403,6.907,6.832,6.759,6.668,6.783,7.107,7.171,6.506,6.012,6.019,5.894,6.07,6.392,6.256,6.157,6.358,6.301,5.933,6.049,6.017,5.926,5.813,6.349,6.525,6.632,6.861,6.957,7.184,7.141,7.279,7.291,7.304,7.407,7.469,7.283,7.098,6.673,7.604,7.478,7.281,7.227,7.088,6.785,7.074,7.123,7.156,7.217,7.315,7.25,6.988,7.107,7.061,0.0,0.0,0.0,0.0,0.0,0.0,0.0,0.0,0.0,0.0,0.0,0.0,0.0,0.0,0.0,0.0,0.0,0.0,0.0,0.0,0.0,0.0,0.0,0.0,0.0,0.0,0.0,0.0,0.0,0.0,5.01,4.829,4.711,4.928,5.035,5.135,5.137,5.188,5.113,4.952,5.187,5.241,5.25,5.176,5.014,5.078,4.812,4.698,4.904,4.95,4.919,4.889,4.953,4.653,4.842,4.883,4.871,4.836,4.898,4.849,4.771,5.544,5.544,5.482,5.064,4.905,5.246,5.143,5.421,5.568,5.763,5.605,5.726,5.683,5.59,5.665,5.656,5.721,5.771,5.625,5.628,5.387,5.697,5.784,5.818,5.766,5.723,5.643,5.337,5.437,5.462,6.052,5.881,5.998,6.011,5.883,6.079,6.199,6.182,6.249,6.154,6.1,5.847,6.135,6.338,6.32,6.259,6.227,6.217,5.906,6.331,6.519,6.632,6.698,6.747,6.68,6.48,6.617,6.481,6.324,6.258,6.367,6.522,6.273,6.626,6.808,6.911,6.78,6.752,6.517,6.223,6.431,6.468,6.499,6.629,6.503,6.34,6.337,6.639,6.845,6.85,6.817,6.878,6.512,6.406,6.762,6.803,6.587,6.699,6.795,6.823,6.816,6.941,7.714,7.745,7.448,7.576,7.667,7.557,7.691,7.904,7.762,7.598,7.64,7.621,7.529,7.577,7.63,7.74,7.673,7.713,7.646,7.518,7.712,7.689,7.699,7.915,7.748,7.622,7.337,7.662,7.915,7.752,7.707,7.922,8.05,7.853,7.822,7.879,7.957,8.098,8.203,8.184,7.984,8.163,8.216,8.328,8.297,7.835,7.892,8.046,8.274,8.342,8.389,8.465,8.429,8.372,8.113,8.263,8.342,8.496,8.547,7.592,7.584,7.349,7.61,7.688,7.547,7.667,7.623,7.651,7.41,7.559,7.669,7.684,7.61,7.531,7.64,7.291,7.489,7.621,7.564,7.593,7.61,7.601,7.36,7.618,7.708,7.787,7.735,7.666,7.467,6.787,6.954,6.93,7.095,7.088,7.275,7.23,6.907,7.013,6.905,6.936,6.927,6.862,6.795,6.608,6.876,7.041,7.238,7.168,6.869,6.264,5.821,5.751,6.261,6.727,6.769,6.668,6.61,6.554,6.921,7.021,8.684,8.771,8.761,8.662,8.451,8.683,8.741,8.556,8.475,8.681,8.594,8.344,8.754,8.877,8.64,8.447,8.324,8.124,7.541,7.563,7.627,8.234,8.553,8.454,8.286,8.045,8.514,8.634,8.289,7.718,7.636,7.766,7.569,8.137,8.172,8.162,8.189,8.035,7.698,7.212,7.486,7.503,7.62,7.507,7.525,7.541,7.214,7.761,7.881,7.741,7.266,7.486,7.293,6.778,7.293,7.771,7.86,7.799,7.937,7.679,7.222,6.418,6.582,6.853,6.848,6.609,6.414,6.101,6.252,6.245,6.242,5.883,6.202,6.437,6.001,5.691,6.095,6.446,6.668,6.588,6.505,6.224,6.563,6.728,6.667,6.779,7.0,6.771,6.484,6.953,7.134,7.088,6.168,6.227,6.195,5.831,6.129,6.225,6.251,6.166,6.006,5.854,5.467,5.554,5.577,5.58,5.495,5.222,5.399,5.439,5.745,5.735,5.665,5.428,5.342,5.272,5.289,5.758,5.802,5.783,5.866,5.881,5.599,5.348,5.675,5.846,5.542,5.622,5.594,5.627,5.439,5.612,5.561,5.656,5.662,5.614,5.533,5.342,5.768,5.824,5.834,5.815,5.74,5.588,5.256,4.957,4.853,5.2,5.487,5.599,5.628,5.473,5.53,5.597,5.668,5.619,5.71,5.69,5.573,5.654,5.698,5.7,5.697,5.703,5.532,5.397,5.438,5.582,5.666,5.708,5.758,5.776,5.552,5.755,5.836,5.823,5.82,5.822,5.827,5.699,5.845,5.773,5.78,7.368,7.477,7.489,7.227,7.38,7.55,7.64,7.454,7.4,7.114,6.925,7.29,7.302,7.346,7.483,7.633,7.689,7.517,7.813,7.839,7.778,7.81,7.938,7.887,7.617,7.77,7.917,8.043,8.072,7.979,7.895,6.596,6.775,6.747,6.634,6.717,6.767,6.806,6.744,6.853,6.863,6.925,6.943,6.982,6.735,6.467,6.649,6.784,6.913,6.851,6.937,6.855,6.656,6.706,6.825,6.774,6.33,6.535,6.729,6.558,6.644,6.652,7.974,8.082,8.341,8.316,8.125,8.179,8.32,8.526,8.409,8.423,8.462,8.07,8.454,8.595,8.485,8.466,8.58,8.524,8.301,8.533,8.612,8.583,8.726,8.798,8.624,8.442,8.805,8.712,7.31,7.338,7.488,7.416,7.127,7.271,6.866,6.699,6.953,7.355,7.441,7.252,7.632,7.669,7.649,7.483,7.07,6.688,6.209,6.685,6.944,7.128,7.272,7.313,7.483,7.198,7.472,7.559,7.597,7.561,7.273,8.822,8.708,9.085,9.465,9.498,9.557,9.699,9.483,9.242,9.627,9.819,9.89,10.012,9.912,9.817,9.46,9.709,9.972,9.872,9.746,9.548,9.286,8.533,9.08,9.507,9.517,9.601,9.589,9.228,8.416,6.757,7.017,7.307,7.324,7.555,7.665,7.381,7.684,7.936,8.025,8.147,8.088,7.97,7.549,7.692,7.981,8.188,7.988,8.346,8.256,7.962,8.173,8.23,7.716,7.346,7.037,7.233,7.53,7.893,8.031,7.85,7.201,7.334,7.623,7.068,7.423,7.498,7.656,7.758,7.697,7.405,7.088,7.38,7.342,7.207,7.305,7.502,7.365,7.014,7.242,7.287,7.407,7.452,7.44,7.203,6.6,6.633,6.834,6.764,6.594,6.446,6.31,6.251,6.679,6.717,6.547,6.32,6.423,6.203,6.134,6.65,6.654,6.766,6.665,6.621,6.49,6.31,6.532,6.49,6.34,6.513,6.585,6.282,5.976,6.32,6.375,6.099,5.961,5.797,5.627,5.669,6.044,9.744,9.599,9.728,10.081,10.36,9.793,9.909,10.271,10.566,10.8,11.199,10.769,10.445,10.868,10.676,11.137,11.244,11.154,10.874,10.799,11.148,11.236,10.726,10.651,10.982,11.011,10.754,11.008,11.536,11.734,11.844,7.493,7.36,7.133,7.011,7.151,7.039,6.649,6.54,6.441,6.138,6.491,6.778,6.999,7.269,7.046,6.62,6.123,6.313,6.459,6.701,6.791,6.674,6.405,5.945,6.345,6.664,6.761,6.75,6.83,6.735,6.289,6.24,6.507,6.672,6.753,6.824,6.933,6.909,7.015,7.111,7.243,7.286,7.298,7.236,7.003,7.05,6.856,7.107,7.185,7.203,7.107,6.84,6.8,6.645,6.874,7.091,7.113,7.164,6.887,6.984,7.1,7.472,7.424,7.467,7.333,7.099,7.242,7.308,7.335,7.289,7.031,6.598,5.987,5.87,6.277,6.461,6.627,6.72,6.865,6.636,6.782,6.935,6.991,7.088,6.938,6.743,6.284,6.303,6.395,6.416,6.259,6.332,6.216,6.018,6.081,6.042,6.31,6.49,6.596,6.513,6.293,6.614,6.731,6.744,6.679,6.766,6.754,6.41,6.461,6.719,6.865,6.91,7.081,6.903,6.583,6.822,6.957,6.94,6.873,7.006,7.108,6.868,6.771,6.893,7.071,7.065,7.088,6.905,6.605,6.829,6.822,6.942,6.983,7.085,7.183,6.861,6.922,7.159,7.232,7.237,7.272,7.325,7.167,7.191,7.292,7.248,6.76,6.318,6.522,6.715,6.545,6.63,6.638,6.882,6.976,7.199,7.178,7.013,7.059,7.181,7.358,7.258,7.269,7.303,6.965,7.296,7.418,7.324,7.307,7.405,7.357,7.164,7.364,7.433,7.408,7.531,7.593,7.443,7.286,7.6,7.519,6.642,8.746,8.779,8.959,8.873,8.527,8.699,8.215,8.015,8.319,8.8,8.903,8.677,9.131,9.176,9.152,8.953,8.459,8.001,7.429,7.999,8.308,8.528,8.701,8.75,8.954,8.612,8.939,9.044,9.09,9.046,8.702,7.676,7.576,7.905,8.235,8.264,8.315,8.439,8.251,8.041,8.376,8.543,8.605,8.71,8.624,8.541,8.23,8.447,8.676,8.589,8.48,8.307,8.079,7.424,7.9,8.271,8.28,8.353,8.342,8.028,7.322,7.429,7.715,8.034,8.052,8.307,8.428,8.116,8.448,8.726,8.823,8.958,8.893,8.763,8.3,8.457,8.775,9.003,8.783,9.177,9.078,8.754,8.986,9.048,8.483,8.076,7.737,7.953,8.28,8.678,8.83,8.631,7.201,7.334,7.623,7.068,7.423,7.498,7.656,7.758,7.697,7.405,7.088,7.38,7.342,7.207,7.305,7.502,7.365,7.014,7.242,7.287,7.407,7.452,7.44,7.203,6.6,6.633,6.834,6.764,6.594,6.446,7.883,7.81,8.344,8.392,8.18,7.896,8.024,7.749,7.663,8.308,8.313,8.453,8.327,8.271,8.108,7.883,8.16,8.108,7.92,8.137,8.227,7.848,7.465,7.896,7.964,7.619,7.447,7.243,7.03,7.082,7.551,7.057,6.953,7.046,7.302,7.504,7.093,7.177,7.439,7.653,7.823,8.112,7.8,7.565,7.872,7.732,8.066,8.144,8.079,7.876,7.822,8.074,8.138,7.769,7.715,7.954,7.975,7.789,7.973,8.355,8.499,8.579,6.102,5.994,5.809,5.71,5.823,5.732,5.415,5.326,5.245,4.999,5.286,5.52,5.7,5.919,5.738,5.391,4.986,5.141,5.26,5.457,5.53,5.436,5.216,4.841,5.167,5.427,5.506,5.497,5.562,5.485,6.289,6.24,6.507,6.672,6.753,6.824,6.933,6.909,7.015,7.111,7.243,7.286,7.298,7.236,7.003,7.05,6.856,7.107,7.185,7.203,7.107,6.84,6.8,6.645,6.874,7.091,7.113,7.164,6.887,6.984,7.1,7.472,7.424,7.467,7.333,7.099,7.242,7.308,7.335,7.289,7.031,6.598,5.987,5.87,6.277,6.461,6.627,6.72,6.865,6.636,6.782,6.935,6.991,7.088,6.938,6.743,6.284,6.303,6.395,6.416,6.259,6.332,6.216,6.018,6.081,6.042,6.31,6.49,6.596,6.513,6.293,6.614,6.731,6.744,6.679,6.766,6.754,6.41,6.461,6.719,6.865,6.91,7.081,6.903,6.583,6.822,6.957,6.94,6.873,7.006,7.108,6.868
Guntur_52,10.467,10.539,10.738,10.764,10.364,10.424,10.65,10.664,10.451,10.334,10.523,10.527,10.656,10.466,10.162,10.107,10.578,10.531,10.105,10.536,10.612,10.375,10.492,10.746,10.862,10.366,10.699,10.856,10.938,11.012,10.921,10.385,9.886,10.203,10.467,10.469,10.459,10.576,10.213,9.988,10.159,10.206,10.312,10.677,10.66,10.765,10.314,10.567,10.783,10.738,10.505,10.14,10.226,9.957,10.292,10.474,10.589,10.461,10.4,10.282,10.161,10.45,10.566,10.4,10.236,10.299,10.438,10.132,10.056,9.326,9.689,10.279,10.342,10.275,9.88,10.224,10.55,10.505,11.644,11.474,11.068,10.889,10.697,11.131,11.526,11.654,11.607,11.547,11.188,10.895,10.871,11.138,11.384,11.463,11.39,10.948,11.499,11.554,11.495,11.57,11.657,11.44,11.168,11.803,11.587,11.505,11.169,11.087,10.979,10.611,11.274,11.334,11.054,11.23,11.347,11.237,11.018,11.425,11.437,11.458,11.261,10.143,10.166,10.018,10.311,10.272,10.398,10.674,10.662,10.596,10.175,10.013,10.098,10.06,9.978,10.035,9.918,9.95,9.315,9.753,10.046,9.736,9.603,9.855,10.009,9.569,9.797,9.963,10.249,10.22,9.987,9.756,8.078,8.18,8.158,8.381,8.317,8.368,8.211,8.728,8.885,8.999,8.889,8.913,8.653,8.358,8.779,8.771,8.909,9.031,8.846,8.789,8.448,8.933,9.164,9.049,9.047,8.739,8.553,8.293,8.685,9.119,0.0,0.0,0.0,0.0,0.0,0.0,0.0,0.0,0.0,0.0,0.0,0.0,0.0,0.0,0.0,0.0,0.0,0.0,0.0,0.0,0.0,0.0,0.0,0.0,0.0,0.0,0.0,0.0,0.0,0.0,0.0,0.0,0.0,0.0,0.0,0.0,0.0,0.0,0.0,0.0,0.0,0.0,0.0,0.0,0.0,0.0,0.0,0.0,0.0,0.0,0.0,0.0,0.0,0.0,0.0,0.0,0.0,0.0,0.0,0.0,0.0,0.0,7.406,7.431,7.434,7.578,7.637,7.236,7.315,7.518,7.855,7.744,7.643,7.398,7.173,7.252,7.375,7.479,7.337,7.284,7.48,7.151,7.279,7.18,7.053,7.277,7.313,6.987,6.756,7.277,7.431,7.37,9.682,9.621,9.905,9.596,9.775,10.068,10.403,10.547,10.551,10.239,9.674,9.774,9.926,9.501,9.665,9.774,9.992,9.734,9.963,9.972,9.934,9.744,9.5,9.486,9.003,9.184,9.658,9.847,10.069,10.257,10.176,7.955,8.232,8.321,8.293,8.209,8.394,8.272,7.939,8.102,8.074,8.017,8.157,8.009,7.29,7.083,7.135,7.603,7.822,7.956,8.015,7.952,7.818,8.199,8.166,7.942,7.483,7.5,7.646,7.782,8.055,9.71,9.853,9.75,9.846,9.786,9.363,9.55,9.714,9.54,9.694,9.777,9.59,9.333,9.597,9.857,9.866,9.958,10.097,9.926,9.786,10.049,10.298,10.428,10.273,10.258,10.417,10.022,10.322,10.432,10.376,10.377,9.44,9.165,8.847,9.088,9.161,9.196,9.072,9.181,9.003,8.969,9.334,9.385,9.352,9.242,9.26,9.446,9.331,9.43,9.745,9.938,10.109,10.057,9.902,9.555,9.641,9.31,9.555,9.675,9.858,9.838,9.549,10.663,10.794,10.88,10.681,10.72,10.641,10.343,10.456,10.699,10.902,10.951,10.957,10.907,10.648,10.819,10.82,10.781,10.685,10.565,10.568,10.391,10.796,10.973,11.136,11.173,11.247,11.194,11.016,11.073,11.13,11.092,11.052,11.299,11.235,10.797,11.05,11.262,11.381,11.265,10.877,10.68,10.674,11.073,11.155,11.324,11.49,11.456,11.334,10.976,11.092,10.816,11.074,11.251,11.095,11.151,10.733,10.118,10.286,10.765,12.027,12.335,12.432,12.166,12.491,12.486,12.497,12.788,12.665,12.635,12.182,12.575,12.655,12.187,12.239,12.341,12.04,11.957,12.194,12.421,12.026,11.788,11.666,11.85,11.613,12.05,12.231,12.179,12.23,12.158,10.36,10.166,10.228,10.277,10.079,10.194,10.411,10.336,10.114,10.311,10.061,9.732,9.451,9.77,9.698,8.975,9.022,8.815,8.836,8.772,8.894,9.202,9.391,9.604,9.451,9.274,9.31,9.665,9.894,9.331,9.796,8.334,8.972,9.147,9.174,8.956,8.541,8.801,8.659,8.634,8.448,8.168,8.148,7.752,8.451,8.492,8.709,8.767,8.829,8.455,8.026,8.695,9.024,9.519,9.145,9.105,8.854,9.068,9.745,10.074,9.858,7.18,6.932,6.952,7.037,7.438,7.577,7.523,7.38,7.27,7.403,6.907,6.832,6.759,6.668,6.783,7.107,7.171,6.506,6.012,6.019,5.894,6.07,6.392,6.256,6.157,6.358,6.301,5.933,6.049,6.017,5.926,13.061,14.264,14.659,14.899,15.414,15.632,16.141,16.043,16.355,16.381,16.409,16.641,16.782,16.364,15.947,14.993,17.085,16.801,16.358,16.237,15.925,15.244,15.894,16.003,16.078,16.215,16.436,16.289,15.7,15.966,15.864,51.458,52.083,51.794,49.593,48.963,50.545,48.637,47.607,50.652,49.149,47.0,43.663,45.498,46.506,47.677,47.631,48.819,51.17,52.159,52.724,51.654,49.903,50.16,50.629,49.759,49.438,48.719,48.295,48.014,49.736,8.849,8.529,8.322,8.705,8.893,9.07,9.074,9.164,9.032,8.746,9.161,9.257,9.273,9.142,8.856,8.97,8.5,8.298,8.662,8.744,8.689,8.636,8.748,8.219,8.553,8.625,8.604,8.541,8.652,8.565,8.427,8.254,8.253,8.161,7.539,7.303,7.81,7.657,8.071,8.289,8.58,8.345,8.524,8.461,8.323,8.434,8.42,8.516,8.591,8.374,8.379,8.02,8.482,8.611,8.662,8.584,8.52,8.401,7.945,8.094,8.132,8.881,8.63,8.802,8.82,8.633,8.92,9.097,9.072,9.171,9.03,8.951,8.58,9.002,9.3,9.274,9.184,9.137,9.123,8.667,9.29,9.566,9.732,9.829,9.901,9.802,9.509,9.71,9.51,9.28,9.184,9.342,9.024,8.679,9.167,9.419,9.562,9.381,9.342,9.017,8.611,8.898,8.949,8.993,9.172,8.998,8.772,8.768,9.186,9.471,9.477,9.432,9.517,9.01,8.864,9.356,9.412,9.114,9.269,9.402,9.44,9.431,9.603,10.855,10.899,10.48,10.661,10.789,10.634,10.822,11.122,10.922,10.691,10.75,10.724,10.594,10.663,10.736,10.892,10.798,10.854,10.759,10.579,10.852,10.82,10.834,11.138,10.903,10.726,10.325,10.782,10.716,10.496,10.435,10.726,10.899,10.632,10.59,10.668,10.773,10.964,11.107,11.08,10.809,11.051,11.124,11.275,11.233,10.608,10.685,10.894,11.202,11.294,11.358,11.461,11.412,11.336,10.984,11.188,11.294,11.502,11.572,10.677,10.665,10.334,10.702,10.812,10.613,10.782,10.72,10.76,10.42,10.63,10.785,10.807,10.701,10.591,10.743,10.253,10.532,10.717,10.637,10.678,10.702,10.689,10.351,10.712,10.84,10.95,10.878,10.78,10.501,9.838,10.08,10.046,10.284,10.274,10.546,10.481,10.012,10.166,10.009,10.054,10.041,9.947,9.85,9.579,9.967,10.206,10.492,10.391,9.957,9.08,8.438,8.336,9.075,9.751,9.813,9.666,9.582,9.5,10.032,10.178,8.684,8.771,8.761,8.662,8.451,8.683,8.741,8.556,8.475,8.681,8.594,8.344,8.754,8.877,8.64,8.447,8.324,8.124,7.541,7.563,7.627,8.234,8.553,8.454,8.286,8.045,8.514,8.634,8.289,7.718,7.636,7.766,7.569,8.137,8.172,8.162,8.189,8.035,7.698,7.212,7.486,7.503,7.62,7.507,7.525,7.541,7.214,7.761,7.881,7.741,7.266,7.486,7.293,6.778,7.293,7.771,7.86,7.799,7.937,7.679,7.222,6.418,6.582,6.853,6.848,6.609,6.414,6.101,6.252,6.245,6.242,5.883,6.202,6.437,6.001,5.691,6.095,6.446,6.668,6.588,6.505,6.224,6.563,6.728,6.667,6.779,7.0,6.771,6.484,6.953,7.134,7.088,8.159,8.237,8.195,7.714,8.108,8.235,8.269,8.157,7.945,7.744,7.232,7.347,7.378,7.382,7.269,6.908,7.142,7.195,7.6,7.587,7.494,7.181,7.067,6.974,6.997,7.617,7.676,7.65,7.76,7.78,8.439,8.061,8.554,8.812,8.353,8.474,8.432,8.481,8.198,8.459,8.382,8.525,8.534,8.463,8.34,8.052,8.695,8.779,8.793,8.765,8.653,8.424,7.922,7.471,7.315,7.838,8.27,8.44,8.483,8.249,8.336,8.272,8.378,8.305,8.44,8.41,8.236,8.356,8.422,8.424,8.42,8.428,8.176,7.976,8.037,8.25,8.373,8.436,8.51,8.537,8.205,8.506,8.626,8.606,8.602,8.604,8.612,8.423,8.639,8.533,8.543,9.031,9.164,9.18,8.858,9.046,9.254,9.364,9.137,9.07,8.719,8.488,8.936,8.95,9.004,9.172,9.356,9.425,9.214,9.576,9.608,9.533,9.573,9.729,9.667,9.336,9.524,9.704,9.858,9.894,9.78,9.677,9.324,9.577,9.538,9.378,9.496,9.566,9.622,9.534,9.688,9.702,9.789,9.815,9.871,9.521,9.142,9.4,9.59,9.772,9.686,9.806,9.69,9.409,9.48,9.648,9.576,8.949,9.238,9.512,9.271,9.392,9.403,10.925,11.074,11.428,11.394,11.133,11.206,11.4,11.681,11.521,11.54,11.594,11.057,11.583,11.776,11.626,11.6,11.756,11.679,11.373,11.691,11.799,11.76,11.956,12.054,11.816,11.566,12.064,11.937,9.768,9.805,10.006,9.91,9.523,9.716,9.174,8.951,9.29,9.828,9.943,9.691,10.198,10.247,10.221,9.999,9.448,8.936,8.297,8.933,9.279,9.524,9.717,9.772,10.0,9.617,9.984,10.101,10.152,10.103,9.718,10.563,10.426,10.878,11.332,11.372,11.442,11.613,11.354,11.065,11.526,11.756,11.841,11.986,11.867,11.754,11.326,11.624,11.939,11.819,11.669,11.431,11.118,10.216,10.871,11.382,11.394,11.495,11.48,11.048,10.076,8.741,9.078,9.453,9.474,9.774,9.916,9.549,9.94,10.267,10.381,10.54,10.464,10.311,9.766,9.951,10.325,10.593,10.334,10.798,10.681,10.301,10.574,10.647,9.982,9.503,9.103,9.357,9.742,10.211,10.39,10.155,10.266,10.455,10.868,10.076,10.583,10.69,10.915,11.061,10.974,10.557,10.105,10.521,10.467,10.274,10.414,10.695,10.5,9.999,10.324,10.389,10.56,10.624,10.607,10.269,9.41,9.456,9.743,9.642,9.401,9.189,11.525,11.418,12.2,12.269,11.959,11.543,11.732,11.329,11.203,12.146,12.154,12.358,12.174,12.092,11.855,11.526,11.93,11.853,11.579,11.896,12.028,11.474,10.914,11.544,11.643,11.139,10.887,10.589,10.278,10.354,11.04,9.744,9.599,9.728,10.081,10.36,9.793,9.909,10.271,10.566,10.8,11.199,10.769,10.445,10.868,10.676,11.137,11.244,11.154,10.874,10.799,11.148,11.236,10.726,10.651,10.982,11.011,10.754,11.008,11.536,11.734,11.844,8.335,8.188,7.935,7.8,7.955,7.831,7.397,7.275,7.166,6.829,7.221,7.54,7.786,8.086,7.838,7.365,6.811,7.023,7.185,7.455,7.555,7.425,7.125,6.613,7.059,7.413,7.521,7.51,7.598,7.493,9.048,8.978,9.362,9.599,9.715,9.818,9.974,9.94,10.092,10.231,10.421,10.483,10.499,10.411,10.075,10.143,9.864,10.225,10.337,10.363,10.225,9.841,9.783,9.56,9.889,10.201,10.234,10.306,9.909,10.047,10.215,9.91,9.846,9.903,9.725,9.415,9.604,9.692,9.728,9.667,9.325,8.75,7.94,7.785,8.325,8.569,8.789,8.913,9.105,8.8,8.994,9.197,9.271,9.4,9.202,8.942,8.334,8.359,8.481,8.509,8.301,8.87,8.708,8.431,8.519,8.464,8.84,9.093,9.241,9.124,8.816,9.265,9.43,9.448,9.356,9.479,9.462,8.98,9.051,9.413,9.617,9.68,9.92,9.67,9.223,9.557,9.746,9.723,9.628,9.816,9.958,9.622,9.372,9.541,9.788,9.78,9.811,9.558,9.142,9.453,9.443,9.609,9.666,9.808,9.943,9.498,9.582,9.91,10.01,10.018,10.066,10.139,9.921,9.954,10.094,10.033,9.357,8.745,9.027,9.295,9.059,9.178,9.189,10.287,10.427,10.76,10.729,10.483,10.552,10.734,10.999,10.849,10.866,10.917,10.411,10.907,11.088,10.947,10.922,11.07,10.997,10.709,11.008,11.11,11.073,11.258,11.35,11.126,10.891,11.36,11.24,9.928,10.315,10.354,10.566,10.465,10.056,10.26,9.689,9.453,9.811,10.378,10.5,10.234,10.769,10.822,10.794,10.559,9.977,9.437,8.762,9.434,9.799,10.058,10.262,10.319,10.56,10.157,10.543,10.667,10.721,10.669,10.263,9.857,9.729,10.151,10.576,10.613,10.678,10.837,10.596,10.326,10.757,10.971,11.051,11.186,11.075,10.969,10.569,10.848,11.142,11.03,10.89,10.668,10.376,9.534,10.145,10.622,10.633,10.727,10.713,10.31,9.403,8.916,9.26,9.642,9.664,9.969,10.115,9.74,10.139,10.472,10.589,10.75,10.673,10.517,9.962,10.15,10.531,10.805,10.541,11.013,10.894,10.507,10.785,10.859,10.181,9.693,9.285,9.544,9.937,10.415,10.597,10.358,10.266,10.455,10.868,10.076,10.583,10.69,10.915,11.061,10.974,10.557,10.105,10.521,10.467,10.274,10.414,10.695,10.5,9.999,10.324,10.389,10.56,10.624,10.607,10.269,9.41,9.456,9.743,9.642,9.401,9.189,9.461,9.373,10.014,10.072,9.817,9.476,9.63,9.3,9.196,9.971,9.977,10.145,9.993,9.926,9.731,9.461,9.793,9.73,9.505,9.765,9.874,9.419,8.96,9.477,9.558,9.144,8.937,8.692,8.437,8.5,9.063,7.994,7.875,7.981,8.271,8.499,8.034,8.13,8.426,8.668,8.861,9.188,8.835,8.569,8.916,8.758,9.137,9.225,9.151,8.921,8.86,9.146,9.218,8.799,8.738,9.01,9.034,8.823,9.031,9.464,9.626,9.717,11.948,11.737,11.375,11.181,11.403,11.225,10.603,10.429,10.272,9.789,10.351,10.809,11.161,11.591,11.236,10.557,9.764,10.067,10.299,10.686,10.829,10.644,10.214,9.48,10.119,10.627,10.781,10.765,10.891,10.741,9.048,8.978,9.362,9.599,9.715,9.818,9.974,9.94,10.092,10.231,10.421,10.483,10.499,10.411,10.075,10.143,9.864,10.225,10.337,10.363,10.225,9.841,9.783,9.56,9.889,10.201,10.234,10.306,9.909,10.047,10.215,9.91,9.846,9.903,9.725,9.415,9.604,9.692,9.728,9.667,9.325,8.75,7.94,7.785,8.325,8.569,8.789,8.913,9.105,8.8,8.994,9.197,9.271,9.4,9.202,8.942,8.334,8.359,8.481,8.509,8.301,8.87,8.708,8.431,8.519,8.464,8.84,9.093,9.241,9.124,8.816,9.265,9.43,9.448,9.356,9.479,9.462,8.98,9.051,9.413,9.617,9.68,9.92,9.67,9.223,9.557,9.746,9.723,9.628,9.816,9.958,9.622
Guntur_53,11.413,11.491,11.708,11.737,11.302,11.366,11.613,11.629,11.396,11.269,11.475,11.479,11.619,11.413,11.08,11.02,11.535,11.484,11.019,11.488,11.572,11.313,11.44,11.717,11.844,11.303,11.667,11.837,11.927,12.007,11.909,10.373,9.875,10.191,10.455,10.457,10.448,10.564,10.201,9.977,10.148,10.195,10.3,10.665,10.648,10.752,10.302,10.555,10.77,10.726,10.493,10.128,10.215,9.946,10.28,10.462,10.577,10.449,10.388,10.27,10.586,10.887,11.008,10.835,10.664,10.729,10.875,10.556,10.477,9.716,10.094,10.709,10.774,10.705,10.293,10.652,10.991,10.945,12.131,11.954,11.53,11.345,11.144,11.597,12.008,12.141,12.093,12.029,11.656,11.35,11.325,11.744,12.004,12.087,12.01,11.544,12.125,12.184,12.121,12.2,12.292,12.063,11.776,12.446,12.218,12.131,11.777,11.691,11.577,11.189,11.888,11.951,11.656,11.842,11.965,11.849,11.618,12.048,12.06,12.082,11.874,11.65,11.677,11.507,11.843,11.799,11.943,12.261,12.246,12.17,11.688,11.5,11.598,11.555,11.461,11.526,11.392,11.429,10.699,11.202,11.538,11.182,11.03,11.319,11.497,10.991,11.252,11.444,11.772,11.739,11.471,11.205,9.144,9.259,9.234,9.487,9.414,9.473,9.294,9.88,10.057,10.187,10.062,10.089,9.795,9.461,9.938,9.929,10.085,10.223,10.013,9.949,9.563,10.112,10.373,10.244,10.241,9.893,9.681,9.388,9.831,10.322,0.0,0.0,0.0,0.0,0.0,0.0,0.0,0.0,0.0,0.0,0.0,0.0,0.0,0.0,0.0,0.0,0.0,0.0,0.0,0.0,0.0,0.0,0.0,0.0,0.0,0.0,0.0,0.0,0.0,0.0,0.0,0.0,0.0,0.0,0.0,0.0,0.0,0.0,0.0,0.0,0.0,0.0,0.0,0.0,0.0,0.0,0.0,0.0,0.0,0.0,0.0,0.0,0.0,0.0,0.0,0.0,0.0,0.0,0.0,0.0,0.0,0.0,8.536,8.565,8.569,8.734,8.802,8.341,8.431,8.665,9.054,8.926,8.809,8.527,8.268,8.359,8.5,8.62,8.457,8.395,8.621,8.242,8.39,8.276,8.129,8.387,8.428,8.053,7.787,8.387,8.565,8.495,9.89,9.827,10.117,9.801,9.985,10.284,10.626,10.774,10.777,10.459,9.882,9.984,10.139,9.705,9.873,9.983,10.207,9.943,10.176,10.186,10.147,9.954,9.703,9.69,9.196,9.381,9.865,10.059,10.285,10.478,10.394,9.774,10.115,10.224,10.19,10.086,10.314,10.164,9.755,9.955,9.921,9.85,10.023,9.84,8.958,8.703,8.767,9.342,9.612,9.775,9.849,9.771,9.607,10.075,10.034,9.759,9.195,9.215,9.395,9.562,9.897,9.388,9.526,9.427,9.519,9.461,9.053,9.233,9.392,9.224,9.372,9.453,9.272,9.023,9.279,9.53,9.539,9.628,9.762,9.597,9.462,9.716,9.956,10.082,9.932,9.918,10.072,9.69,9.979,10.086,10.032,10.033,10.361,10.059,9.71,9.975,10.054,10.094,9.957,10.077,9.882,9.845,10.245,10.301,10.264,10.144,10.163,10.367,10.241,10.35,10.695,10.908,11.095,11.038,10.868,10.487,10.582,10.218,10.488,10.619,10.82,10.798,10.481,10.753,10.886,10.973,10.771,10.811,10.731,10.431,10.545,10.79,10.994,11.045,11.05,11.0,10.739,10.912,10.912,10.873,10.776,10.655,10.658,10.48,10.888,11.066,11.231,11.268,11.342,11.289,11.11,11.413,11.471,11.433,11.391,11.646,11.58,11.129,11.39,11.608,11.731,11.611,11.211,11.008,11.002,11.413,11.498,11.672,11.843,11.808,11.683,11.313,11.433,11.148,11.414,11.597,11.436,11.494,11.062,10.429,10.602,11.096,11.583,11.879,11.973,11.717,12.029,12.025,12.035,12.316,12.197,12.169,11.732,12.11,12.188,11.736,11.787,11.885,11.595,11.515,11.743,11.963,11.582,11.353,11.235,11.413,11.184,11.605,11.779,11.729,11.779,11.709,10.202,10.011,10.072,10.121,9.925,10.038,10.252,10.179,9.96,10.154,9.907,9.584,9.306,9.621,9.55,8.838,8.885,8.681,8.702,8.638,8.759,9.061,9.248,9.458,9.307,9.133,9.168,9.518,9.743,9.189,9.646,8.663,9.327,9.509,9.538,9.31,8.879,9.149,9.002,8.976,8.782,8.491,8.47,8.059,8.786,8.828,9.054,9.114,9.178,8.789,8.343,9.039,9.381,9.896,9.506,9.465,9.204,9.427,10.13,10.472,10.248,11.843,11.434,11.468,11.608,12.269,12.499,12.41,12.173,11.993,12.211,11.393,11.27,11.148,10.999,11.189,11.723,11.829,10.731,9.917,9.928,9.723,10.013,10.543,10.319,10.156,10.487,10.394,9.787,9.977,9.925,9.775,0.0,0.0,0.0,0.0,0.0,0.0,0.0,0.0,0.0,0.0,0.0,0.0,0.0,0.0,0.0,0.0,0.0,0.0,0.0,0.0,0.0,0.0,0.0,0.0,0.0,0.0,0.0,0.0,0.0,0.0,0.0,51.458,52.083,51.794,49.593,48.963,50.545,48.637,47.607,50.652,49.149,47.0,43.663,45.498,46.506,47.677,47.631,48.819,51.17,52.159,52.724,51.654,49.903,50.16,50.629,49.759,49.438,48.719,48.295,48.014,49.736,10.231,9.861,9.621,10.063,10.282,10.486,10.49,10.594,10.442,10.111,10.591,10.702,10.72,10.569,10.239,10.371,9.827,9.594,10.014,10.109,10.045,9.984,10.114,9.502,9.888,9.972,9.948,9.875,10.002,9.902,9.743,8.933,8.932,8.833,8.16,7.903,8.453,8.287,8.735,8.971,9.286,9.032,9.226,9.157,9.008,9.128,9.113,9.217,9.298,9.063,9.068,8.68,9.18,9.32,9.375,9.291,9.221,9.092,8.599,8.76,8.801,9.971,9.689,9.882,9.903,9.692,10.014,10.213,10.185,10.296,10.138,10.049,9.633,10.107,10.442,10.412,10.312,10.259,10.243,9.731,10.43,10.741,10.926,11.035,11.116,11.005,10.676,10.901,10.677,10.419,10.311,10.489,9.694,9.323,9.848,10.119,10.272,10.077,10.035,9.686,9.25,9.559,9.613,9.66,9.853,9.666,9.423,9.419,9.868,10.175,10.181,10.132,10.224,9.679,9.522,10.051,10.111,9.791,9.957,10.1,10.141,10.131,10.317,10.323,10.364,9.966,10.138,10.26,10.113,10.292,10.577,10.387,10.167,10.223,10.198,10.075,10.14,10.21,10.357,10.269,10.321,10.232,10.061,10.32,10.289,10.302,10.592,10.368,10.2,9.819,10.253,10.904,10.681,10.618,10.915,11.091,10.819,10.777,10.855,10.963,11.157,11.302,11.275,11.0,11.246,11.32,11.474,11.431,10.795,10.873,11.086,11.399,11.493,11.558,11.663,11.613,11.535,11.178,11.385,11.493,11.705,11.776,11.111,11.099,10.755,11.138,11.252,11.045,11.221,11.156,11.198,10.845,11.062,11.224,11.246,11.137,11.022,11.181,10.67,10.961,11.153,11.07,11.112,11.138,11.124,10.772,11.148,11.281,11.396,11.321,11.219,10.929,9.4,9.632,9.598,9.826,9.817,10.077,10.015,9.566,9.713,9.563,9.606,9.594,9.504,9.411,9.153,9.524,9.752,10.025,9.928,9.513,8.676,8.062,7.965,8.671,9.317,9.376,9.235,9.155,9.077,9.585,9.724,11.349,11.464,11.45,11.321,11.045,11.349,11.424,11.182,11.077,11.346,11.232,10.906,11.441,11.602,11.292,11.04,10.88,10.619,9.856,9.885,9.968,10.761,11.179,11.049,10.83,10.515,11.127,11.284,10.834,10.087,9.981,10.15,9.892,10.635,10.68,10.668,10.703,10.501,10.062,9.426,9.784,9.807,9.959,9.812,9.836,9.856,9.429,10.144,10.3,10.117,9.497,9.784,9.532,8.859,9.532,10.157,10.273,10.193,10.374,10.036,9.439,7.947,8.149,8.486,8.479,8.183,7.942,7.555,7.74,7.732,7.729,7.284,7.679,7.97,7.43,7.046,7.547,7.982,8.256,8.157,8.054,7.707,8.126,8.33,8.255,8.393,8.667,8.384,8.028,8.609,8.833,8.776,10.016,10.111,10.059,9.469,9.952,10.109,10.15,10.013,9.753,9.506,8.877,9.018,9.056,9.061,8.923,8.479,8.767,8.831,9.329,9.313,9.198,8.815,8.675,8.56,8.589,9.35,9.422,9.39,9.525,9.55,8.906,8.507,9.027,9.299,8.815,8.943,8.899,8.951,8.652,8.927,8.846,8.997,9.006,8.931,8.802,8.498,9.176,9.265,9.28,9.25,9.131,8.89,8.36,7.885,7.719,8.272,8.728,8.907,8.953,8.706,8.797,8.444,8.553,8.479,8.616,8.586,8.408,8.531,8.598,8.6,8.596,8.604,8.347,8.143,8.205,8.422,8.548,8.612,8.688,8.715,8.377,8.683,8.805,8.785,8.782,8.784,8.792,8.598,8.819,8.711,8.721,9.274,9.41,9.426,9.096,9.289,9.502,9.615,9.382,9.313,8.953,8.715,9.175,9.19,9.245,9.418,9.607,9.677,9.461,9.833,9.865,9.789,9.829,9.99,9.926,9.586,9.779,9.964,10.123,10.159,10.042,9.936,9.734,9.997,9.957,9.79,9.913,9.986,10.044,9.953,10.113,10.128,10.219,10.245,10.304,9.939,9.543,9.812,10.011,10.201,10.111,10.237,10.116,9.822,9.896,10.071,9.996,9.342,9.644,9.929,9.678,9.805,9.816,11.733,11.892,12.272,12.237,11.955,12.034,12.242,12.545,12.373,12.393,12.451,11.874,12.439,12.646,12.485,12.457,12.625,12.543,12.214,12.555,12.671,12.629,12.839,12.944,12.69,12.421,12.956,12.819,10.55,10.589,10.806,10.703,10.285,10.493,9.909,9.668,10.034,10.614,10.738,10.466,11.014,11.067,11.039,10.799,10.204,9.651,8.961,9.648,10.021,10.286,10.495,10.554,10.8,10.387,10.783,10.909,10.964,10.911,10.496,11.692,11.54,12.04,12.543,12.587,12.665,12.854,12.567,12.248,12.758,13.012,13.107,13.267,13.136,13.01,12.536,12.866,13.215,13.082,12.916,12.653,12.306,11.308,12.033,12.598,12.612,12.723,12.707,12.229,11.152,8.964,9.31,9.695,9.717,10.023,10.17,9.793,10.194,10.529,10.646,10.809,10.731,10.574,10.016,10.205,10.589,10.863,10.598,11.073,10.954,10.564,10.844,10.919,10.237,9.746,9.336,9.596,9.991,10.472,10.655,10.415,9.639,9.817,10.205,9.461,9.937,10.038,10.249,10.386,10.304,9.913,9.489,9.879,9.828,9.647,9.778,10.042,9.86,9.389,9.694,9.755,9.915,9.976,9.959,9.642,8.835,8.879,9.149,9.054,8.827,8.628,11.658,11.55,12.341,12.411,12.097,11.677,11.867,11.46,11.332,12.287,12.294,12.501,12.315,12.232,11.992,11.659,12.068,11.99,11.713,12.034,12.167,11.606,11.041,11.678,11.778,11.268,11.013,10.711,10.396,10.474,11.168,0.0,0.0,0.0,0.0,0.0,0.0,0.0,0.0,0.0,0.0,0.0,0.0,0.0,0.0,0.0,0.0,0.0,0.0,0.0,0.0,0.0,0.0,0.0,0.0,0.0,0.0,0.0,0.0,0.0,0.0,0.0,10.216,10.035,9.726,9.56,9.75,9.597,9.066,8.917,8.782,8.369,8.851,9.242,9.543,9.911,9.607,9.027,8.348,8.608,8.806,9.137,9.259,9.101,8.733,8.106,8.652,9.086,9.218,9.204,9.312,9.184,9.43,9.357,9.758,10.005,10.126,10.233,10.396,10.36,10.518,10.663,10.861,10.926,10.943,10.851,10.501,10.571,10.281,10.657,10.774,10.801,10.657,10.257,10.196,9.964,10.307,10.632,10.667,10.742,10.327,10.472,10.646,9.82,9.756,9.813,9.637,9.33,9.517,9.603,9.639,9.579,9.24,8.67,7.868,7.715,8.25,8.491,8.709,8.832,9.022,8.72,8.912,9.114,9.187,9.314,9.118,8.861,8.259,8.283,8.404,8.431,8.225,8.905,8.743,8.464,8.552,8.498,8.875,9.128,9.277,9.16,8.85,9.302,9.467,9.485,9.393,9.516,9.499,9.015,9.087,9.45,9.654,9.718,9.958,9.708,9.259,9.595,9.784,9.761,9.666,9.854,9.997,9.659,10.075,10.257,10.522,10.513,10.547,10.274,9.828,10.162,10.151,10.329,10.391,10.543,10.689,10.21,10.3,10.653,10.761,10.769,10.82,10.899,10.665,10.7,10.851,10.785,10.059,9.4,9.704,9.992,9.738,9.866,9.878,10.96,11.109,11.464,11.431,11.168,11.242,11.436,11.718,11.558,11.577,11.631,11.092,11.62,11.814,11.663,11.637,11.794,11.717,11.409,11.728,11.837,11.798,11.994,12.092,11.854,11.603,12.103,11.975,10.577,10.716,10.756,10.976,10.871,10.447,10.658,10.064,9.82,10.192,10.781,10.907,10.631,11.187,11.242,11.212,10.969,10.364,9.803,9.102,9.799,10.179,10.448,10.66,10.72,10.97,10.55,10.952,11.081,11.137,11.083,10.661,9.397,9.275,9.677,10.082,10.117,10.18,10.331,10.101,9.844,10.255,10.459,10.535,10.664,10.558,10.457,10.076,10.341,10.622,10.515,10.381,10.17,9.891,9.089,9.672,10.126,10.137,10.227,10.213,9.829,8.964,8.608,8.941,9.31,9.331,9.626,9.766,9.405,9.79,10.112,10.224,10.38,10.305,10.154,9.619,9.8,10.168,10.432,10.178,10.634,10.519,10.145,10.414,10.485,9.831,9.359,8.966,9.215,9.594,10.057,10.232,10.002,9.639,9.817,10.205,9.461,9.937,10.038,10.249,10.386,10.304,9.913,9.489,9.879,9.828,9.647,9.778,10.042,9.86,9.389,9.694,9.755,9.915,9.976,9.959,9.642,8.835,8.879,9.149,9.054,8.827,8.628,9.135,9.05,9.67,9.725,9.479,9.15,9.299,8.98,8.88,9.627,9.633,9.795,9.649,9.585,9.396,9.135,9.456,9.395,9.178,9.429,9.534,9.094,8.651,9.15,9.229,8.829,8.629,8.393,8.146,8.207,8.751,7.317,7.208,7.305,7.57,7.779,7.353,7.441,7.712,7.934,8.11,8.41,8.086,7.843,8.161,8.016,8.363,8.443,8.375,8.165,8.109,8.371,8.437,8.054,7.998,8.247,8.268,8.075,8.266,8.662,8.811,8.894,11.948,11.737,11.375,11.181,11.403,11.225,10.603,10.429,10.272,9.789,10.351,10.809,11.161,11.591,11.236,10.557,9.764,10.067,10.299,10.686,10.829,10.644,10.214,9.48,10.119,10.627,10.781,10.765,10.891,10.741,9.43,9.357,9.758,10.005,10.126,10.233,10.396,10.36,10.518,10.663,10.861,10.926,10.943,10.851,10.501,10.571,10.281,10.657,10.774,10.801,10.657,10.257,10.196,9.964,10.307,10.632,10.667,10.742,10.327,10.472,10.646,9.82,9.756,9.813,9.637,9.33,9.517,9.603,9.639,9.579,9.24,8.67,7.868,7.715,8.25,8.491,8.709,8.832,9.022,8.72,8.912,9.114,9.187,9.314,9.118,8.861,8.259,8.283,8.404,8.431,8.225,8.905,8.743,8.464,8.552,8.498,8.875,9.128,9.277,9.16,8.85,9.302,9.467,9.485,9.393,9.516,9.499,9.015,9.087,9.45,9.654,9.718,9.958,9.708,9.259,9.595,9.784,9.761,9.666,9.854,9.997,9.659
Guntur_54,7.886,7.94,8.09,8.11,7.809,7.854,8.025,8.035,7.875,7.787,7.929,7.932,8.029,7.886,7.656,7.615,7.97,7.935,7.614,7.938,7.996,7.817,7.905,8.096,8.184,7.81,8.061,8.179,8.242,8.297,8.229,7.825,7.45,7.688,7.887,7.888,7.882,7.97,7.696,7.526,7.655,7.691,7.77,8.046,8.032,8.112,7.772,7.962,8.125,8.092,7.916,7.641,7.706,7.503,7.755,7.893,7.979,7.883,7.837,7.748,7.821,8.044,8.133,8.005,7.879,7.927,8.034,7.799,7.74,7.178,7.458,7.912,7.96,7.909,7.604,7.87,8.12,8.086,8.962,8.831,8.519,8.382,8.233,8.568,8.872,8.97,8.934,8.887,8.611,8.386,8.367,8.614,8.804,8.865,8.808,8.467,8.893,8.936,8.89,8.948,9.015,8.847,8.637,9.128,8.961,8.897,8.638,8.574,8.491,8.206,8.719,8.765,8.549,8.685,8.775,8.691,8.521,8.836,8.845,8.861,8.709,9.214,9.235,9.101,9.367,9.332,9.446,9.697,9.686,9.626,9.244,9.096,9.173,9.139,9.065,9.116,9.01,9.039,8.462,8.86,9.126,8.844,8.724,8.953,9.093,8.693,8.9,9.051,9.31,9.284,9.073,8.862,7.063,7.152,7.133,7.328,7.272,7.317,7.179,7.632,7.769,7.869,7.772,7.793,7.566,7.308,7.676,7.67,7.79,7.897,7.734,7.685,7.387,7.811,8.012,7.913,7.911,7.642,7.478,7.252,7.594,7.973,0.0,0.0,0.0,0.0,0.0,0.0,0.0,0.0,0.0,0.0,0.0,0.0,0.0,0.0,0.0,0.0,0.0,0.0,0.0,0.0,0.0,0.0,0.0,0.0,0.0,0.0,0.0,0.0,0.0,0.0,0.0,0.0,0.0,0.0,0.0,0.0,0.0,0.0,0.0,0.0,0.0,0.0,0.0,0.0,0.0,0.0,0.0,0.0,0.0,0.0,0.0,0.0,0.0,0.0,0.0,0.0,0.0,0.0,0.0,0.0,0.0,0.0,7.985,8.012,8.016,8.17,8.234,7.802,7.887,8.106,8.469,8.349,8.24,7.977,7.734,7.819,7.952,8.064,7.911,7.853,8.065,7.71,7.848,7.741,7.605,7.846,7.884,7.533,7.284,7.846,8.013,7.946,9.266,9.208,9.479,9.184,9.356,9.636,9.957,10.095,10.098,9.799,9.259,9.355,9.5,9.093,9.25,9.354,9.563,9.316,9.535,9.544,9.508,9.326,9.092,9.079,8.616,8.789,9.243,9.425,9.637,9.817,9.739,9.161,9.481,9.583,9.551,9.454,9.667,9.527,9.143,9.331,9.299,9.233,9.395,9.223,8.396,8.157,8.217,8.757,9.009,9.162,9.231,9.158,9.004,9.443,9.405,9.147,8.618,8.637,8.806,8.962,9.277,7.714,7.827,7.745,7.821,7.773,7.438,7.586,7.717,7.578,7.7,7.767,7.618,7.414,7.624,7.83,7.837,7.91,8.02,7.885,7.774,7.983,8.18,8.284,8.16,8.148,8.275,7.961,8.199,8.287,8.242,8.243,8.634,8.383,8.091,8.313,8.379,8.411,8.298,8.397,8.235,8.204,8.537,8.584,8.554,8.453,8.469,8.639,8.535,8.625,8.913,9.09,9.246,9.198,9.056,8.739,8.818,8.515,8.74,8.849,9.017,8.998,8.734,9.022,9.133,9.206,9.037,9.07,9.003,8.751,8.847,9.052,9.224,9.266,9.271,9.228,9.01,9.154,9.155,9.122,9.041,8.939,8.942,8.792,9.135,9.284,9.422,9.454,9.516,9.471,9.321,9.93,9.98,9.947,9.91,10.132,10.075,9.682,9.909,10.099,10.206,10.102,9.754,9.577,9.572,9.93,10.003,10.155,10.304,10.273,10.164,9.842,9.946,9.699,9.93,10.089,9.949,10.0,9.624,9.073,9.223,9.653,10.536,10.806,10.891,10.658,10.942,10.938,10.948,11.203,11.095,11.069,10.671,11.016,11.086,10.676,10.722,10.811,10.547,10.475,10.682,10.881,10.535,10.327,10.22,10.381,10.173,10.556,10.714,10.669,10.714,10.651,7.884,7.736,7.783,7.821,7.67,7.757,7.922,7.866,7.697,7.847,7.656,7.406,7.192,7.435,7.38,6.829,6.866,6.708,6.724,6.675,6.768,7.002,7.146,7.309,7.192,7.057,7.085,7.355,7.529,7.101,7.454,6.271,6.752,6.883,6.904,6.739,6.427,6.623,6.516,6.497,6.357,6.147,6.131,5.833,6.36,6.391,6.554,6.597,6.644,6.362,6.04,6.543,6.791,7.163,6.881,6.851,6.663,6.824,7.333,7.581,7.418,5.71,5.513,5.529,5.597,5.915,6.026,5.983,5.869,5.782,5.887,5.493,5.434,5.375,5.303,5.394,5.652,5.703,5.174,4.781,4.787,4.688,4.827,5.083,4.975,4.897,5.056,5.011,4.719,4.81,4.785,4.713,0.0,0.0,0.0,0.0,0.0,0.0,0.0,0.0,0.0,0.0,0.0,0.0,0.0,0.0,0.0,0.0,0.0,0.0,0.0,0.0,0.0,0.0,0.0,0.0,0.0,0.0,0.0,0.0,0.0,0.0,0.0,0.0,0.0,0.0,0.0,0.0,0.0,0.0,0.0,0.0,0.0,0.0,0.0,0.0,0.0,0.0,0.0,0.0,0.0,0.0,0.0,0.0,0.0,0.0,0.0,0.0,0.0,0.0,0.0,0.0,0.0,8.0,7.711,7.523,7.87,8.04,8.2,8.203,8.285,8.165,7.907,8.282,8.369,8.383,8.265,8.007,8.11,7.684,7.502,7.831,7.905,7.855,7.807,7.909,7.431,7.733,7.798,7.779,7.722,7.822,7.743,7.619,8.482,8.482,8.388,7.748,7.505,8.027,7.869,8.294,8.518,8.818,8.576,8.761,8.696,8.553,8.668,8.654,8.752,8.829,8.606,8.611,8.243,8.717,8.85,8.902,8.822,8.756,8.634,8.166,8.318,8.357,7.314,7.107,7.248,7.263,7.109,7.345,7.491,7.471,7.552,7.436,7.371,7.066,7.413,7.659,7.637,7.563,7.524,7.513,7.137,7.65,7.878,8.014,8.094,8.154,8.072,7.83,7.996,7.831,7.642,7.563,7.693,8.751,8.417,8.89,9.135,9.273,9.097,9.059,8.744,8.351,8.629,8.678,8.721,8.894,8.726,8.507,8.503,8.909,9.185,9.191,9.147,9.229,8.737,8.596,9.074,9.128,8.839,8.989,9.118,9.155,9.146,9.313,9.14,9.176,8.824,8.976,9.084,8.954,9.112,9.364,9.196,9.002,9.051,9.029,8.92,8.978,9.04,9.17,9.092,9.138,9.059,8.908,9.137,9.11,9.122,9.378,9.179,9.031,8.694,9.078,8.795,8.615,8.564,8.803,8.945,8.726,8.692,8.755,8.842,8.998,9.116,9.094,8.872,9.07,9.13,9.254,9.219,8.706,8.769,8.941,9.194,9.27,9.322,9.406,9.367,9.303,9.015,9.182,9.269,9.44,9.498,10.149,10.138,9.823,10.172,10.277,10.088,10.248,10.189,10.227,9.905,10.104,10.251,10.272,10.172,10.066,10.212,9.746,10.011,10.187,10.11,10.149,10.172,10.16,9.838,10.182,10.303,10.408,10.34,10.247,9.982,8.147,8.348,8.319,8.517,8.508,8.734,8.68,8.291,8.419,8.289,8.326,8.315,8.237,8.157,7.933,8.254,8.452,8.689,8.605,8.245,7.519,6.988,6.903,7.515,8.075,8.126,8.004,7.935,7.867,8.308,8.428,6.996,7.066,7.058,6.978,6.808,6.995,7.042,6.893,6.828,6.994,6.924,6.722,7.052,7.152,6.96,6.805,6.706,6.545,6.075,6.093,6.144,6.633,6.891,6.811,6.676,6.481,6.859,6.956,6.678,6.218,6.152,6.256,6.098,6.555,6.583,6.576,6.597,6.473,6.202,5.81,6.031,6.045,6.139,6.048,6.063,6.075,5.812,6.253,6.349,6.236,5.854,6.031,5.876,5.461,5.876,6.261,6.332,6.283,6.394,6.186,5.818,7.699,7.895,8.221,8.215,7.928,7.694,7.319,7.499,7.491,7.488,7.057,7.44,7.722,7.199,6.827,7.311,7.733,7.999,7.903,7.803,7.466,7.873,8.071,7.998,8.131,8.397,8.123,7.778,8.34,8.558,8.502,8.391,8.472,8.428,7.933,8.338,8.47,8.504,8.389,8.171,7.965,7.438,7.556,7.588,7.592,7.476,7.104,7.346,7.399,7.816,7.803,7.707,7.385,7.268,7.172,7.196,7.834,7.894,7.867,7.98,8.001,7.7,7.356,7.805,8.04,7.622,7.732,7.694,7.739,7.481,7.718,7.648,7.779,7.787,7.722,7.611,7.348,7.934,8.01,8.024,7.998,7.895,7.686,7.229,6.817,6.675,7.152,7.547,7.701,7.741,7.528,7.606,7.766,7.866,7.798,7.924,7.896,7.733,7.846,7.907,7.909,7.905,7.913,7.676,7.489,7.546,7.746,7.862,7.92,7.99,8.016,7.704,7.986,8.098,8.08,8.076,8.079,8.086,7.908,8.111,8.011,8.021,7.874,7.99,8.004,7.723,7.887,8.068,8.164,7.966,7.908,7.602,7.4,7.791,7.803,7.85,7.996,8.157,8.217,8.034,8.349,8.377,8.312,8.346,8.483,8.428,8.14,8.304,8.461,8.595,8.626,8.527,8.437,8.838,9.077,9.041,8.889,9.0,9.067,9.12,9.037,9.183,9.196,9.279,9.303,9.356,9.024,8.665,8.909,9.09,9.263,9.181,9.295,9.185,8.919,8.986,9.145,9.076,8.482,8.756,9.016,8.787,8.902,8.913,9.021,9.143,9.436,9.408,9.192,9.253,9.413,9.645,9.513,9.528,9.573,9.129,9.564,9.723,9.599,9.578,9.707,9.644,9.391,9.653,9.742,9.71,9.872,9.953,9.757,9.55,9.961,9.856,9.55,9.585,9.782,9.688,9.31,9.498,8.969,8.751,9.083,9.608,9.72,9.474,9.97,10.018,9.992,9.775,9.236,8.736,8.111,8.733,9.071,9.311,9.5,9.553,9.776,9.403,9.761,9.875,9.925,9.877,9.501,9.709,9.583,9.999,10.417,10.453,10.518,10.675,10.437,10.171,10.595,10.806,10.885,11.018,10.909,10.804,10.411,10.685,10.975,10.864,10.726,10.507,10.22,9.391,9.993,10.462,10.474,10.566,10.553,10.155,9.262,7.988,8.296,8.639,8.658,8.932,9.062,8.727,9.084,9.383,9.487,9.632,9.562,9.422,8.925,9.094,9.435,9.68,9.444,9.867,9.761,9.413,9.663,9.73,9.122,8.684,8.319,8.551,8.903,9.332,9.495,9.281,8.77,8.932,9.285,8.608,9.041,9.133,9.325,9.449,9.375,9.02,8.633,8.988,8.942,8.778,8.897,9.137,8.971,8.542,8.821,8.875,9.021,9.077,9.062,8.773,8.039,8.079,8.324,8.238,8.031,7.85,11.658,11.55,12.341,12.411,12.097,11.677,11.867,11.46,11.332,12.287,12.294,12.501,12.315,12.232,11.992,11.659,12.068,11.99,11.713,12.034,12.167,11.606,11.041,11.678,11.778,11.268,11.013,10.711,10.396,10.474,11.168,0.0,0.0,0.0,0.0,0.0,0.0,0.0,0.0,0.0,0.0,0.0,0.0,0.0,0.0,0.0,0.0,0.0,0.0,0.0,0.0,0.0,0.0,0.0,0.0,0.0,0.0,0.0,0.0,0.0,0.0,0.0,9.288,9.123,8.842,8.691,8.864,8.725,8.242,8.107,7.984,7.609,8.047,8.402,8.676,9.01,8.734,8.207,7.59,7.826,8.006,8.307,8.418,8.274,7.939,7.369,7.866,8.26,8.38,8.368,8.466,8.349,7.882,7.821,8.156,8.362,8.463,8.553,8.689,8.659,8.791,8.912,9.078,9.132,9.146,9.069,8.777,8.836,8.593,8.907,9.005,9.028,8.907,8.573,8.522,8.328,8.615,8.887,8.915,8.978,8.632,8.753,8.898,9.017,8.958,9.01,8.849,8.567,8.738,8.818,8.851,8.796,8.484,7.961,7.225,7.083,7.575,7.797,7.997,8.109,8.284,8.007,8.183,8.368,8.435,8.552,8.372,8.136,7.583,7.605,7.716,7.742,7.552,7.631,7.492,7.253,7.328,7.282,7.605,7.822,7.949,7.849,7.584,7.97,8.112,8.128,8.049,8.154,8.14,7.725,7.786,8.098,8.273,8.327,8.533,8.319,7.934,8.222,8.384,8.364,8.283,8.444,8.566,8.277,8.832,8.992,9.224,9.216,9.246,9.007,8.616,8.909,8.899,9.055,9.109,9.242,9.37,8.95,9.03,9.339,9.433,9.44,9.486,9.555,9.349,9.38,9.513,9.455,8.818,8.241,8.507,8.759,8.537,8.649,8.659,9.029,9.152,9.444,9.417,9.2,9.261,9.421,9.654,9.522,9.537,9.581,9.138,9.573,9.732,9.608,9.586,9.716,9.652,9.399,9.662,9.751,9.719,9.881,9.961,9.765,9.558,9.97,9.865,8.714,9.271,9.306,9.497,9.406,9.039,9.222,8.708,8.496,8.818,9.328,9.437,9.198,9.679,9.726,9.701,9.49,8.967,8.482,7.875,8.479,8.807,9.04,9.223,9.275,9.491,9.129,9.476,9.587,9.636,9.589,9.224,8.164,8.058,8.408,8.759,8.79,8.844,8.976,8.776,8.553,8.909,9.086,9.153,9.265,9.173,9.085,8.754,8.984,9.228,9.135,9.019,8.835,8.594,7.896,8.403,8.798,8.807,8.885,8.873,8.539,7.788,6.658,6.915,7.201,7.217,7.445,7.554,7.274,7.572,7.821,7.908,8.029,7.971,7.854,7.44,7.58,7.865,8.069,7.872,8.225,8.136,7.847,8.055,8.11,7.604,7.239,6.935,7.128,7.421,7.778,7.914,7.736,8.77,8.932,9.285,8.608,9.041,9.133,9.325,9.449,9.375,9.02,8.633,8.988,8.942,8.778,8.897,9.137,8.971,8.542,8.821,8.875,9.021,9.077,9.062,8.773,8.039,8.079,8.324,8.238,8.031,7.85,7.066,7.0,7.479,7.522,7.331,7.077,7.192,6.946,6.868,7.446,7.451,7.576,7.463,7.413,7.268,7.066,7.314,7.267,7.099,7.293,7.374,7.034,6.691,7.077,7.138,6.829,6.674,6.492,6.301,6.348,6.768,7.317,7.208,7.305,7.57,7.779,7.353,7.441,7.712,7.934,8.11,8.41,8.086,7.843,8.161,8.016,8.363,8.443,8.375,8.165,8.109,8.371,8.437,8.054,7.998,8.247,8.268,8.075,8.266,8.662,8.811,8.894,7.806,7.668,7.431,7.304,7.45,7.333,6.927,6.813,6.711,6.395,6.763,7.061,7.292,7.573,7.341,6.897,6.379,6.577,6.729,6.981,7.075,6.954,6.673,6.194,6.611,6.942,7.043,7.033,7.115,7.017,7.882,7.821,8.156,8.362,8.463,8.553,8.689,8.659,8.791,8.912,9.078,9.132,9.146,9.069,8.777,8.836,8.593,8.907,9.005,9.028,8.907,8.573,8.522,8.328,8.615,8.887,8.915,8.978,8.632,8.753,8.898,9.017,8.958,9.01,8.849,8.567,8.738,8.818,8.851,8.796,8.484,7.961,7.225,7.083,7.575,7.797,7.997,8.109,8.284,8.007,8.183,8.368,8.435,8.552,8.372,8.136,7.583,7.605,7.716,7.742,7.552,7.631,7.492,7.253,7.328,7.282,7.605,7.822,7.949,7.849,7.584,7.97,8.112,8.128,8.049,8.154,8.14,7.725,7.786,8.098,8.273,8.327,8.533,8.319,7.934,8.222,8.384,8.364,8.283,8.444,8.566,8.277
Guntur_55,7.886,7.94,8.09,8.11,7.809,7.854,8.025,8.035,7.875,7.787,7.929,7.932,8.029,7.886,7.656,7.615,7.97,7.935,7.614,7.938,7.996,7.817,7.905,8.096,8.184,7.81,8.061,8.179,8.242,8.297,8.229,7.825,7.45,7.688,7.887,7.888,7.882,7.97,7.696,7.526,7.655,7.691,7.77,8.046,8.032,8.112,7.772,7.962,8.125,8.092,7.916,7.641,7.706,7.503,7.755,7.893,7.979,7.883,7.837,7.748,7.821,8.044,8.133,8.005,7.879,7.927,8.034,7.799,7.74,7.178,7.458,7.912,7.96,7.909,7.604,7.87,8.12,8.086,8.962,8.831,8.519,8.382,8.233,8.568,8.872,8.97,8.934,8.887,8.611,8.386,8.367,8.614,8.804,8.865,8.808,8.467,8.893,8.936,8.89,8.948,9.015,8.847,8.637,9.128,8.961,8.897,8.638,8.574,8.491,8.206,8.719,8.765,8.549,8.685,8.775,8.691,8.521,8.836,8.845,8.861,8.709,9.214,9.235,9.101,9.367,9.332,9.446,9.697,9.686,9.626,9.244,9.096,9.173,9.139,9.065,9.116,9.01,9.039,8.462,8.86,9.126,8.844,8.724,8.953,9.093,8.693,8.9,9.051,9.31,9.284,9.073,8.862,7.063,7.152,7.133,7.328,7.272,7.317,7.179,7.632,7.769,7.869,7.772,7.793,7.566,7.308,7.676,7.67,7.79,7.897,7.734,7.685,7.387,7.811,8.012,7.913,7.911,7.642,7.478,7.252,7.594,7.973,0.0,0.0,0.0,0.0,0.0,0.0,0.0,0.0,0.0,0.0,0.0,0.0,0.0,0.0,0.0,0.0,0.0,0.0,0.0,0.0,0.0,0.0,0.0,0.0,0.0,0.0,0.0,0.0,0.0,0.0,0.0,0.0,0.0,0.0,0.0,0.0,0.0,0.0,0.0,0.0,0.0,0.0,0.0,0.0,0.0,0.0,0.0,0.0,0.0,0.0,0.0,0.0,0.0,0.0,0.0,0.0,0.0,0.0,0.0,0.0,0.0,0.0,7.985,8.012,8.016,8.17,8.234,7.802,7.887,8.106,8.469,8.349,8.24,7.977,7.734,7.819,7.952,8.064,7.911,7.853,8.065,7.71,7.848,7.741,7.605,7.846,7.884,7.533,7.284,7.846,8.013,7.946,9.266,9.208,9.479,9.184,9.356,9.636,9.957,10.095,10.098,9.799,9.259,9.355,9.5,9.093,9.25,9.354,9.563,9.316,9.535,9.544,9.508,9.326,9.092,9.079,8.616,8.789,9.243,9.425,9.637,9.817,9.739,9.161,9.481,9.583,9.551,9.454,9.667,9.527,9.143,9.331,9.299,9.233,9.395,9.223,8.396,8.157,8.217,8.757,9.009,9.162,9.231,9.158,9.004,9.443,9.405,9.147,8.618,8.637,8.806,8.962,9.277,7.714,7.827,7.745,7.821,7.773,7.438,7.586,7.717,7.578,7.7,7.767,7.618,7.414,7.624,7.83,7.837,7.91,8.02,7.885,7.774,7.983,8.18,8.284,8.16,8.148,8.275,7.961,8.199,8.287,8.242,8.243,8.634,8.383,8.091,8.313,8.379,8.411,8.298,8.397,8.235,8.204,8.537,8.584,8.554,8.453,8.469,8.639,8.535,8.625,8.913,9.09,9.246,9.198,9.056,8.739,8.818,8.515,8.74,8.849,9.017,8.998,8.734,9.022,9.133,9.206,9.037,9.07,9.003,8.751,8.847,9.052,9.224,9.266,9.271,9.228,9.01,9.154,9.155,9.122,9.041,8.939,8.942,8.792,9.135,9.284,9.422,9.454,9.516,9.471,9.321,9.93,9.98,9.947,9.91,10.132,10.075,9.682,9.909,10.099,10.206,10.102,9.754,9.577,9.572,9.93,10.003,10.155,10.304,10.273,10.164,9.842,9.946,9.699,9.93,10.089,9.949,10.0,9.624,9.073,9.223,9.653,10.536,10.806,10.891,10.658,10.942,10.938,10.948,11.203,11.095,11.069,10.671,11.016,11.086,10.676,10.722,10.811,10.547,10.475,10.682,10.881,10.535,10.327,10.22,10.381,10.173,10.556,10.714,10.669,10.714,10.651,7.884,7.736,7.783,7.821,7.67,7.757,7.922,7.866,7.697,7.847,7.656,7.406,7.192,7.435,7.38,6.829,6.866,6.708,6.724,6.675,6.768,7.002,7.146,7.309,7.192,7.057,7.085,7.355,7.529,7.101,7.454,6.271,6.752,6.883,6.904,6.739,6.427,6.623,6.516,6.497,6.357,6.147,6.131,5.833,6.36,6.391,6.554,6.597,6.644,6.362,6.04,6.543,6.791,7.163,6.881,6.851,6.663,6.824,7.333,7.581,7.418,5.71,5.513,5.529,5.597,5.915,6.026,5.983,5.869,5.782,5.887,5.493,5.434,5.375,5.303,5.394,5.652,5.703,5.174,4.781,4.787,4.688,4.827,5.083,4.975,4.897,5.056,5.011,4.719,4.81,4.785,4.713,0.0,0.0,0.0,0.0,0.0,0.0,0.0,0.0,0.0,0.0,0.0,0.0,0.0,0.0,0.0,0.0,0.0,0.0,0.0,0.0,0.0,0.0,0.0,0.0,0.0,0.0,0.0,0.0,0.0,0.0,0.0,0.0,0.0,0.0,0.0,0.0,0.0,0.0,0.0,0.0,0.0,0.0,0.0,0.0,0.0,0.0,0.0,0.0,0.0,0.0,0.0,0.0,0.0,0.0,0.0,0.0,0.0,0.0,0.0,0.0,0.0,8.0,7.711,7.523,7.87,8.04,8.2,8.203,8.285,8.165,7.907,8.282,8.369,8.383,8.265,8.007,8.11,7.684,7.502,7.831,7.905,7.855,7.807,7.909,7.431,7.733,7.798,7.779,7.722,7.822,7.743,7.619,8.482,8.482,8.388,7.748,7.505,8.027,7.869,8.294,8.518,8.818,8.576,8.761,8.696,8.553,8.668,8.654,8.752,8.829,8.606,8.611,8.243,8.717,8.85,8.902,8.822,8.756,8.634,8.166,8.318,8.357,7.314,7.107,7.248,7.263,7.109,7.345,7.491,7.471,7.552,7.436,7.371,7.066,7.413,7.659,7.637,7.563,7.524,7.513,7.137,7.65,7.878,8.014,8.094,8.154,8.072,7.83,7.996,7.831,7.642,7.563,7.693,8.751,8.417,8.89,9.135,9.273,9.097,9.059,8.744,8.351,8.629,8.678,8.721,8.894,8.726,8.507,8.503,8.909,9.185,9.191,9.147,9.229,8.737,8.596,9.074,9.128,8.839,8.989,9.118,9.155,9.146,9.313,9.14,9.176,8.824,8.976,9.084,8.954,9.112,9.364,9.196,9.002,9.051,9.029,8.92,8.978,9.04,9.17,9.092,9.138,9.059,8.908,9.137,9.11,9.122,9.378,9.179,9.031,8.694,9.078,8.795,8.615,8.564,8.803,8.945,8.726,8.692,8.755,8.842,8.998,9.116,9.094,8.872,9.07,9.13,9.254,9.219,8.706,8.769,8.941,9.194,9.27,9.322,9.406,9.367,9.303,9.015,9.182,9.269,9.44,9.498,10.149,10.138,9.823,10.172,10.277,10.088,10.248,10.189,10.227,9.905,10.104,10.251,10.272,10.172,10.066,10.212,9.746,10.011,10.187,10.11,10.149,10.172,10.16,9.838,10.182,10.303,10.408,10.34,10.247,9.982,8.147,8.348,8.319,8.517,8.508,8.734,8.68,8.291,8.419,8.289,8.326,8.315,8.237,8.157,7.933,8.254,8.452,8.689,8.605,8.245,7.519,6.988,6.903,7.515,8.075,8.126,8.004,7.935,7.867,8.308,8.428,6.996,7.066,7.058,6.978,6.808,6.995,7.042,6.893,6.828,6.994,6.924,6.722,7.052,7.152,6.96,6.805,6.706,6.545,6.075,6.093,6.144,6.633,6.891,6.811,6.676,6.481,6.859,6.956,6.678,6.218,6.152,6.256,6.098,6.555,6.583,6.576,6.597,6.473,6.202,5.81,6.031,6.045,6.139,6.048,6.063,6.075,5.812,6.253,6.349,6.236,5.854,6.031,5.876,5.461,5.876,6.261,6.332,6.283,6.394,6.186,5.818,7.699,7.895,8.221,8.215,7.928,7.694,7.319,7.499,7.491,7.488,7.057,7.44,7.722,7.199,6.827,7.311,7.733,7.999,7.903,7.803,7.466,7.873,8.071,7.998,8.131,8.397,8.123,7.778,8.34,8.558,8.502,8.391,8.472,8.428,7.933,8.338,8.47,8.504,8.389,8.171,7.965,7.438,7.556,7.588,7.592,7.476,7.104,7.346,7.399,7.816,7.803,7.707,7.385,7.268,7.172,7.196,7.834,7.894,7.867,7.98,8.001,7.7,7.356,7.805,8.04,7.622,7.732,7.694,7.739,7.481,7.718,7.648,7.779,7.787,7.722,7.611,7.348,7.934,8.01,8.024,7.998,7.895,7.686,7.229,6.817,6.675,7.152,7.547,7.701,7.741,7.528,7.606,7.766,7.866,7.798,7.924,7.896,7.733,7.846,7.907,7.909,7.905,7.913,7.676,7.489,7.546,7.746,7.862,7.92,7.99,8.016,7.704,7.986,8.098,8.08,8.076,8.079,8.086,7.908,8.111,8.011,8.021,7.874,7.99,8.004,7.723,7.887,8.068,8.164,7.966,7.908,7.602,7.4,7.791,7.803,7.85,7.996,8.157,8.217,8.034,8.349,8.377,8.312,8.346,8.483,8.428,8.14,8.304,8.461,8.595,8.626,8.527,8.437,8.838,9.077,9.041,8.889,9.0,9.067,9.12,9.037,9.183,9.196,9.279,9.303,9.356,9.024,8.665,8.909,9.09,9.263,9.181,9.295,9.185,8.919,8.986,9.145,9.076,8.482,8.756,9.016,8.787,8.902,8.913,9.021,9.143,9.436,9.408,9.192,9.253,9.413,9.645,9.513,9.528,9.573,9.129,9.564,9.723,9.599,9.578,9.707,9.644,9.391,9.653,9.742,9.71,9.872,9.953,9.757,9.55,9.961,9.856,9.55,9.585,9.782,9.688,9.31,9.498,8.969,8.751,9.083,9.608,9.72,9.474,9.97,10.018,9.992,9.775,9.236,8.736,8.111,8.733,9.071,9.311,9.5,9.553,9.776,9.403,9.761,9.875,9.925,9.877,9.501,9.709,9.583,9.999,10.417,10.453,10.518,10.675,10.437,10.171,10.595,10.806,10.885,11.018,10.909,10.804,10.411,10.685,10.975,10.864,10.726,10.507,10.22,9.391,9.993,10.462,10.474,10.566,10.553,10.155,9.262,7.988,8.296,8.639,8.658,8.932,9.062,8.727,9.084,9.383,9.487,9.632,9.562,9.422,8.925,9.094,9.435,9.68,9.444,9.867,9.761,9.413,9.663,9.73,9.122,8.684,8.319,8.551,8.903,9.332,9.495,9.281,8.77,8.932,9.285,8.608,9.041,9.133,9.325,9.449,9.375,9.02,8.633,8.988,8.942,8.778,8.897,9.137,8.971,8.542,8.821,8.875,9.021,9.077,9.062,8.773,8.039,8.079,8.324,8.238,8.031,7.85,11.658,11.55,12.341,12.411,12.097,11.677,11.867,11.46,11.332,12.287,12.294,12.501,12.315,12.232,11.992,11.659,12.068,11.99,11.713,12.034,12.167,11.606,11.041,11.678,11.778,11.268,11.013,10.711,10.396,10.474,11.168,0.0,0.0,0.0,0.0,0.0,0.0,0.0,0.0,0.0,0.0,0.0,0.0,0.0,0.0,0.0,0.0,0.0,0.0,0.0,0.0,0.0,0.0,0.0,0.0,0.0,0.0,0.0,0.0,0.0,0.0,0.0,9.288,9.123,8.842,8.691,8.864,8.725,8.242,8.107,7.984,7.609,8.047,8.402,8.676,9.01,8.734,8.207,7.59,7.826,8.006,8.307,8.418,8.274,7.939,7.369,7.866,8.26,8.38,8.368,8.466,8.349,7.882,7.821,8.156,8.362,8.463,8.553,8.689,8.659,8.791,8.912,9.078,9.132,9.146,9.069,8.777,8.836,8.593,8.907,9.005,9.028,8.907,8.573,8.522,8.328,8.615,8.887,8.915,8.978,8.632,8.753,8.898,9.017,8.958,9.01,8.849,8.567,8.738,8.818,8.851,8.796,8.484,7.961,7.225,7.083,7.575,7.797,7.997,8.109,8.284,8.007,8.183,8.368,8.435,8.552,8.372,8.136,7.583,7.605,7.716,7.742,7.552,7.631,7.492,7.253,7.328,7.282,7.605,7.822,7.949,7.849,7.584,7.97,8.112,8.128,8.049,8.154,8.14,7.725,7.786,8.098,8.273,8.327,8.533,8.319,7.934,8.222,8.384,8.364,8.283,8.444,8.566,8.277,8.832,8.992,9.224,9.216,9.246,9.007,8.616,8.909,8.899,9.055,9.109,9.242,9.37,8.95,9.03,9.339,9.433,9.44,9.486,9.555,9.349,9.38,9.513,9.455,8.818,8.241,8.507,8.759,8.537,8.649,8.659,9.029,9.152,9.444,9.417,9.2,9.261,9.421,9.654,9.522,9.537,9.581,9.138,9.573,9.732,9.608,9.586,9.716,9.652,9.399,9.662,9.751,9.719,9.881,9.961,9.765,9.558,9.97,9.865,8.714,9.271,9.306,9.497,9.406,9.039,9.222,8.708,8.496,8.818,9.328,9.437,9.198,9.679,9.726,9.701,9.49,8.967,8.482,7.875,8.479,8.807,9.04,9.223,9.275,9.491,9.129,9.476,9.587,9.636,9.589,9.224,8.164,8.058,8.408,8.759,8.79,8.844,8.976,8.776,8.553,8.909,9.086,9.153,9.265,9.173,9.085,8.754,8.984,9.228,9.135,9.019,8.835,8.594,7.896,8.403,8.798,8.807,8.885,8.873,8.539,7.788,6.658,6.915,7.201,7.217,7.445,7.554,7.274,7.572,7.821,7.908,8.029,7.971,7.854,7.44,7.58,7.865,8.069,7.872,8.225,8.136,7.847,8.055,8.11,7.604,7.239,6.935,7.128,7.421,7.778,7.914,7.736,8.77,8.932,9.285,8.608,9.041,9.133,9.325,9.449,9.375,9.02,8.633,8.988,8.942,8.778,8.897,9.137,8.971,8.542,8.821,8.875,9.021,9.077,9.062,8.773,8.039,8.079,8.324,8.238,8.031,7.85,7.066,7.0,7.479,7.522,7.331,7.077,7.192,6.946,6.868,7.446,7.451,7.576,7.463,7.413,7.268,7.066,7.314,7.267,7.099,7.293,7.374,7.034,6.691,7.077,7.138,6.829,6.674,6.492,6.301,6.348,6.768,7.317,7.208,7.305,7.57,7.779,7.353,7.441,7.712,7.934,8.11,8.41,8.086,7.843,8.161,8.016,8.363,8.443,8.375,8.165,8.109,8.371,8.437,8.054,7.998,8.247,8.268,8.075,8.266,8.662,8.811,8.894,7.806,7.668,7.431,7.304,7.45,7.333,6.927,6.813,6.711,6.395,6.763,7.061,7.292,7.573,7.341,6.897,6.379,6.577,6.729,6.981,7.075,6.954,6.673,6.194,6.611,6.942,7.043,7.033,7.115,7.017,7.882,7.821,8.156,8.362,8.463,8.553,8.689,8.659,8.791,8.912,9.078,9.132,9.146,9.069,8.777,8.836,8.593,8.907,9.005,9.028,8.907,8.573,8.522,8.328,8.615,8.887,8.915,8.978,8.632,8.753,8.898,9.017,8.958,9.01,8.849,8.567,8.738,8.818,8.851,8.796,8.484,7.961,7.225,7.083,7.575,7.797,7.997,8.109,8.284,8.007,8.183,8.368,8.435,8.552,8.372,8.136,7.583,7.605,7.716,7.742,7.552,7.631,7.492,7.253,7.328,7.282,7.605,7.822,7.949,7.849,7.584,7.97,8.112,8.128,8.049,8.154,8.14,7.725,7.786,8.098,8.273,8.327,8.533,8.319,7.934,8.222,8.384,8.364,8.283,8.444,8.566,8.277
Guntur_56,10.322,10.392,10.589,10.615,10.221,10.279,10.503,10.517,10.306,10.191,10.377,10.381,10.508,10.321,10.021,9.966,10.431,10.385,9.965,10.39,10.465,10.232,10.346,10.597,10.711,10.222,10.551,10.705,10.787,10.859,10.77,9.702,9.237,9.532,9.779,9.78,9.772,9.881,9.541,9.332,9.492,9.536,9.634,9.975,9.959,10.057,9.636,9.872,10.074,10.033,9.814,9.474,9.554,9.303,9.615,9.786,9.893,9.774,9.716,9.606,10.18,10.469,10.585,10.419,10.254,10.317,10.457,10.151,10.075,9.343,9.707,10.298,10.36,10.294,9.898,10.243,10.569,10.524,11.665,11.495,11.088,10.909,10.716,11.151,11.547,11.675,11.629,11.568,11.208,10.914,10.891,10.908,11.15,11.227,11.155,10.722,11.262,11.316,11.258,11.331,11.417,11.204,10.938,11.56,11.349,11.268,10.939,10.859,10.753,10.392,11.042,11.1,10.827,10.999,11.113,11.006,10.791,11.19,11.202,11.222,11.029,10.191,10.215,10.066,10.361,10.322,10.448,10.726,10.713,10.647,10.225,10.061,10.146,10.108,10.026,10.084,9.966,9.998,9.359,9.8,10.094,9.783,9.65,9.903,10.058,9.615,9.844,10.011,10.298,10.27,10.035,9.803,9.052,9.167,9.142,9.392,9.32,9.378,9.202,9.781,9.957,10.086,9.962,9.989,9.698,9.366,9.839,9.83,9.984,10.121,9.913,9.849,9.468,10.011,10.269,10.141,10.139,9.794,9.585,9.294,9.733,10.219,0.0,0.0,0.0,0.0,0.0,0.0,0.0,0.0,0.0,0.0,0.0,0.0,0.0,0.0,0.0,0.0,0.0,0.0,0.0,0.0,0.0,0.0,0.0,0.0,0.0,0.0,0.0,0.0,0.0,0.0,0.0,0.0,0.0,0.0,0.0,0.0,0.0,0.0,0.0,0.0,0.0,0.0,0.0,0.0,0.0,0.0,0.0,0.0,0.0,0.0,0.0,0.0,0.0,0.0,0.0,0.0,0.0,0.0,0.0,0.0,0.0,0.0,12.617,12.66,12.666,12.91,13.011,12.328,12.462,12.808,13.382,13.193,13.021,12.604,12.221,12.356,12.564,12.742,12.501,12.409,12.743,12.183,12.401,12.232,12.016,12.397,12.458,11.904,11.51,12.397,12.661,12.556,8.461,8.407,8.656,8.385,8.542,8.798,9.091,9.217,9.22,8.948,8.454,8.542,8.674,8.302,8.446,8.541,8.732,8.506,8.706,8.715,8.681,8.515,8.301,8.29,7.867,8.026,8.44,8.605,8.799,8.964,8.893,9.595,9.93,10.037,10.004,9.902,10.125,9.978,9.577,9.773,9.739,9.67,9.84,9.66,8.794,8.543,8.606,9.171,9.436,9.596,9.669,9.592,9.431,9.89,9.851,9.58,9.027,9.047,9.224,9.387,9.716,8.803,8.932,8.84,8.926,8.871,8.489,8.658,8.807,8.649,8.788,8.864,8.694,8.461,8.701,8.936,8.944,9.028,9.153,8.999,8.872,9.111,9.336,9.454,9.313,9.3,9.444,9.086,9.358,9.458,9.407,9.407,9.171,8.904,8.595,8.83,8.9,8.935,8.814,8.92,8.747,8.714,9.068,9.118,9.086,8.979,8.996,9.177,9.066,9.162,9.467,9.655,9.821,9.771,9.62,9.283,9.367,9.045,9.283,9.4,9.578,9.558,9.278,9.794,9.914,9.993,9.81,9.846,9.773,9.5,9.604,9.827,10.013,10.059,10.064,10.018,9.78,9.938,9.938,9.903,9.814,9.704,9.707,9.544,9.916,10.079,10.228,10.262,10.33,10.281,10.118,10.755,10.809,10.773,10.734,10.974,10.912,10.486,10.733,10.938,11.054,10.941,10.564,10.373,10.367,10.755,10.834,10.999,11.16,11.126,11.008,10.66,10.773,10.505,10.755,10.928,10.776,10.831,10.424,9.827,9.99,10.455,9.843,10.095,10.175,9.957,10.222,10.219,10.228,10.466,10.365,10.341,9.97,10.291,10.357,9.974,10.017,10.1,9.854,9.786,9.979,10.166,9.842,9.648,9.548,9.698,9.504,9.862,10.01,9.968,10.009,9.951,10.248,10.057,10.118,10.166,9.97,10.084,10.298,10.225,10.005,10.2,9.952,9.627,9.348,9.665,9.594,8.878,8.925,8.72,8.741,8.677,8.798,9.102,9.29,9.501,9.349,9.174,9.21,9.561,9.787,9.231,9.69,9.636,10.374,10.576,10.608,10.355,9.876,10.176,10.012,9.983,9.768,9.445,9.421,8.963,9.772,9.819,10.07,10.137,10.209,9.776,9.28,10.054,10.434,11.007,10.574,10.528,10.237,10.485,11.268,11.648,11.398,11.966,11.553,11.587,11.729,12.397,12.629,12.539,12.3,12.117,12.338,11.512,11.387,11.264,11.114,11.305,11.845,11.952,10.843,10.02,10.031,9.824,10.117,10.653,10.426,10.262,10.596,10.502,9.889,10.081,10.029,9.877,0.0,0.0,0.0,0.0,0.0,0.0,0.0,0.0,0.0,0.0,0.0,0.0,0.0,0.0,0.0,0.0,0.0,0.0,0.0,0.0,0.0,0.0,0.0,0.0,0.0,0.0,0.0,0.0,0.0,0.0,0.0,0.0,0.0,0.0,0.0,0.0,0.0,0.0,0.0,0.0,0.0,0.0,0.0,0.0,0.0,0.0,0.0,0.0,0.0,0.0,0.0,0.0,0.0,0.0,0.0,0.0,0.0,0.0,0.0,0.0,0.0,12.306,11.861,11.572,12.105,12.367,12.612,12.618,12.743,12.559,12.162,12.739,12.873,12.894,12.712,12.316,12.474,11.82,11.539,12.045,12.159,12.083,12.009,12.166,11.429,11.894,11.994,11.965,11.878,12.031,11.91,11.719,9.931,9.93,9.82,9.071,8.786,9.397,9.212,9.711,9.973,10.324,10.041,10.256,10.18,10.014,10.148,10.131,10.247,10.337,10.075,10.081,9.65,10.205,10.361,10.422,10.328,10.251,10.108,9.56,9.739,9.784,9.623,9.351,9.538,9.557,9.354,9.665,9.857,9.83,9.937,9.785,9.699,9.297,9.755,10.078,10.049,9.952,9.901,9.886,9.391,10.066,10.366,10.545,10.65,10.729,10.621,10.303,10.521,10.305,10.055,9.951,10.123,9.142,8.793,9.288,9.543,9.688,9.504,9.465,9.135,8.724,9.015,9.067,9.111,9.292,9.116,8.887,8.883,9.307,9.596,9.602,9.556,9.642,9.128,8.981,9.479,9.536,9.234,9.391,9.526,9.564,9.555,9.73,10.406,10.447,10.046,10.219,10.342,10.194,10.374,10.661,10.47,10.249,10.305,10.28,10.156,10.221,10.292,10.441,10.351,10.404,10.314,10.141,10.403,10.372,10.385,10.677,10.451,10.282,9.898,10.335,11.337,11.105,11.04,11.348,11.531,11.249,11.205,11.286,11.398,11.6,11.751,11.723,11.437,11.693,11.769,11.93,11.885,11.223,11.305,11.526,11.852,11.95,12.017,12.126,12.075,11.993,11.621,11.837,11.949,12.17,12.243,10.523,10.512,10.186,10.548,10.657,10.46,10.627,10.566,10.605,10.271,10.477,10.63,10.651,10.548,10.438,10.589,10.106,10.381,10.563,10.484,10.524,10.548,10.535,10.202,10.558,10.684,10.793,10.721,10.625,10.351,8.439,8.647,8.617,8.822,8.813,9.047,8.991,8.589,8.72,8.586,8.625,8.613,8.532,8.449,8.217,8.55,8.755,9.0,8.913,8.541,7.789,7.238,7.151,7.785,8.365,8.418,8.291,8.22,8.149,8.606,8.73,11.27,11.384,11.37,11.243,10.968,11.27,11.345,11.104,11.0,11.267,11.154,10.83,11.362,11.522,11.213,10.964,10.804,10.545,9.788,9.816,9.899,10.686,11.101,10.972,10.755,10.442,11.05,11.206,10.759,10.017,9.911,10.079,9.823,10.561,10.606,10.594,10.628,10.428,9.992,9.36,9.716,9.739,9.89,9.743,9.767,9.787,9.364,10.073,10.229,10.047,9.431,9.716,9.466,8.797,9.466,10.086,10.202,10.122,10.302,9.966,9.373,13.084,13.418,13.971,13.961,13.474,13.076,12.438,12.744,12.731,12.725,11.993,12.644,13.123,12.234,11.602,12.426,13.142,13.593,13.43,13.261,12.689,13.379,13.715,13.592,13.819,14.27,13.804,13.218,14.174,14.544,14.45,13.399,13.527,13.458,12.667,13.314,13.524,13.579,13.395,13.047,12.718,11.876,12.065,12.116,12.123,11.938,11.344,11.729,11.815,12.481,12.459,12.306,11.793,11.605,11.452,11.49,12.509,12.605,12.562,12.743,12.776,8.559,8.176,8.676,8.937,8.472,8.594,8.552,8.602,8.315,8.579,8.501,8.646,8.655,8.583,8.459,8.167,8.818,8.903,8.918,8.89,8.775,8.543,8.034,7.577,7.419,7.949,8.388,8.56,8.604,8.367,8.454,9.659,9.783,9.698,9.855,9.82,9.617,9.757,9.834,9.836,9.832,9.841,9.547,9.314,9.384,9.633,9.777,9.85,9.937,9.969,9.581,9.932,10.072,10.049,10.044,10.047,10.056,9.835,10.087,9.963,9.975,11.249,11.414,11.434,11.033,11.267,11.526,11.663,11.38,11.297,10.86,10.572,11.13,11.147,11.215,11.423,11.653,11.739,11.476,11.927,11.967,11.874,11.923,12.118,12.04,11.628,11.862,12.087,12.279,12.323,12.181,12.053,9.864,10.131,10.09,9.921,10.045,10.119,10.179,10.086,10.249,10.263,10.356,10.383,10.442,10.072,9.671,9.944,10.145,10.338,10.246,10.374,10.251,9.954,10.029,10.206,10.13,9.467,9.773,10.063,9.807,9.936,9.948,12.384,12.552,12.954,12.916,12.619,12.702,12.922,13.241,13.06,13.081,13.142,12.533,13.13,13.349,13.178,13.149,13.326,13.239,12.892,13.252,13.375,13.331,13.552,13.663,13.394,13.111,13.676,13.531,11.226,11.268,11.499,11.389,10.944,11.166,10.544,10.287,10.677,11.294,11.427,11.137,11.719,11.777,11.746,11.491,10.858,10.27,9.535,10.266,10.663,10.946,11.167,11.23,11.492,11.053,11.474,11.608,11.667,11.611,11.168,10.509,10.372,10.822,11.275,11.314,11.384,11.554,11.296,11.009,11.468,11.696,11.781,11.925,11.807,11.694,11.268,11.565,11.879,11.759,11.61,11.373,11.061,10.164,10.816,11.324,11.336,11.436,11.422,10.992,10.024,9.264,9.621,10.019,10.042,10.359,10.51,10.121,10.535,10.882,11.003,11.17,11.09,10.928,10.351,10.546,10.943,11.227,10.953,11.444,11.32,10.917,11.206,11.284,10.579,10.072,9.648,9.917,10.325,10.822,11.011,10.763,12.044,12.266,12.75,11.822,12.416,12.542,12.806,12.976,12.874,12.386,11.856,12.343,12.28,12.054,12.218,12.548,12.319,11.731,12.113,12.188,12.389,12.465,12.444,12.048,11.04,11.094,11.431,11.313,11.029,10.781,11.444,11.337,12.113,12.182,11.874,11.462,11.649,11.249,11.124,12.06,12.068,12.271,12.088,12.007,11.771,11.444,11.846,11.77,11.497,11.812,11.943,11.393,10.837,11.463,11.561,11.061,10.81,10.514,10.205,10.281,10.962,0.0,0.0,0.0,0.0,0.0,0.0,0.0,0.0,0.0,0.0,0.0,0.0,0.0,0.0,0.0,0.0,0.0,0.0,0.0,0.0,0.0,0.0,0.0,0.0,0.0,0.0,0.0,0.0,0.0,0.0,0.0,12.726,12.501,12.115,11.908,12.145,11.955,11.293,11.108,10.94,10.425,11.025,11.512,11.888,12.345,11.967,11.244,10.399,10.722,10.97,11.382,11.534,11.336,10.878,10.097,10.777,11.318,11.482,11.465,11.6,11.44,9.379,9.307,9.705,9.951,10.071,10.178,10.34,10.304,10.461,10.606,10.802,10.867,10.884,10.792,10.444,10.514,10.225,10.599,10.716,10.743,10.6,10.201,10.141,9.91,10.252,10.575,10.609,10.684,10.272,10.415,10.589,10.831,10.761,10.823,10.629,10.29,10.497,10.592,10.632,10.566,10.191,9.563,8.678,8.509,9.099,9.365,9.606,9.741,9.951,9.618,9.83,10.052,10.133,10.273,10.057,9.773,9.109,9.136,9.269,9.3,9.072,8.553,8.397,8.129,8.214,8.162,8.524,8.767,8.91,8.798,8.501,8.934,9.092,9.11,9.022,9.139,9.124,8.658,8.727,9.077,9.273,9.334,9.565,9.324,8.893,9.216,9.397,9.375,9.284,9.465,9.601,9.277,10.075,10.257,10.522,10.513,10.547,10.274,9.828,10.162,10.151,10.329,10.391,10.543,10.689,10.21,10.3,10.653,10.761,10.769,10.82,10.899,10.665,10.7,10.851,10.785,10.059,9.4,9.704,9.992,9.738,9.866,9.878,8.88,9.001,9.288,9.261,9.049,9.108,9.266,9.494,9.365,9.38,9.423,8.987,9.415,9.572,9.45,9.428,9.555,9.493,9.244,9.502,9.59,9.559,9.718,9.797,9.604,9.401,9.806,9.702,8.57,9.209,9.243,9.433,9.342,8.978,9.159,8.649,8.439,8.759,9.265,9.374,9.136,9.614,9.661,9.636,9.426,8.907,8.425,7.822,8.422,8.748,8.979,9.161,9.212,9.427,9.067,9.412,9.523,9.571,9.525,9.162,10.181,10.049,10.485,10.923,10.961,11.029,11.193,10.944,10.665,11.11,11.331,11.414,11.554,11.439,11.329,10.917,11.204,11.508,11.392,11.248,11.018,10.716,9.847,10.479,10.971,10.983,11.08,11.065,10.649,9.712,7.946,8.253,8.594,8.613,8.885,9.015,8.681,9.036,9.333,9.437,9.581,9.512,9.373,8.878,9.046,9.386,9.629,9.394,9.816,9.71,9.364,9.612,9.678,9.074,8.639,8.276,8.506,8.856,9.283,9.445,9.232,12.044,12.266,12.75,11.822,12.416,12.542,12.806,12.976,12.874,12.386,11.856,12.343,12.28,12.054,12.218,12.548,12.319,11.731,12.113,12.188,12.389,12.465,12.444,12.048,11.04,11.094,11.431,11.313,11.029,10.781,8.432,8.353,8.925,8.976,8.749,8.445,8.583,8.289,8.196,8.886,8.892,9.041,8.907,8.847,8.673,8.432,8.728,8.672,8.471,8.703,8.8,8.394,7.985,8.446,8.518,8.15,7.965,7.747,7.519,7.575,8.077,7.803,7.688,7.791,8.074,8.297,7.842,7.936,8.226,8.462,8.649,8.969,8.624,8.365,8.704,8.55,8.919,9.005,8.933,8.708,8.649,8.928,8.998,8.59,8.53,8.795,8.818,8.612,8.816,9.239,9.397,9.485,9.746,9.574,9.278,9.12,9.302,9.156,8.649,8.507,8.379,7.985,8.444,8.817,9.104,9.455,9.165,8.612,7.964,8.212,8.401,8.717,8.834,8.682,8.331,7.733,8.254,8.668,8.794,8.781,8.884,8.761,9.379,9.307,9.705,9.951,10.071,10.178,10.34,10.304,10.461,10.606,10.802,10.867,10.884,10.792,10.444,10.514,10.225,10.599,10.716,10.743,10.6,10.201,10.141,9.91,10.252,10.575,10.609,10.684,10.272,10.415,10.589,10.831,10.761,10.823,10.629,10.29,10.497,10.592,10.632,10.566,10.191,9.563,8.678,8.509,9.099,9.365,9.606,9.741,9.951,9.618,9.83,10.052,10.133,10.273,10.057,9.773,9.109,9.136,9.269,9.3,9.072,8.553,8.397,8.129,8.214,8.162,8.524,8.767,8.91,8.798,8.501,8.934,9.092,9.11,9.022,9.139,9.124,8.658,8.727,9.077,9.273,9.334,9.565,9.324,8.893,9.216,9.397,9.375,9.284,9.465,9.601,9.277
Guntur_57,9.811,9.878,10.064,10.089,9.715,9.77,9.983,9.996,9.796,9.687,9.864,9.867,9.988,9.81,9.525,9.473,9.915,9.871,9.472,9.875,9.947,9.725,9.834,10.072,10.181,9.716,10.029,10.175,10.253,10.322,10.237,9.791,9.321,9.619,9.868,9.869,9.861,9.971,9.628,9.417,9.578,9.622,9.722,10.066,10.05,10.149,9.723,9.962,10.166,10.124,9.903,9.56,9.641,9.387,9.703,9.875,9.983,9.863,9.805,9.694,9.804,10.083,10.195,10.034,9.876,9.937,10.071,9.776,9.703,8.998,9.349,9.918,9.978,9.914,9.533,9.865,10.179,10.136,11.235,11.07,10.678,10.507,10.321,10.74,11.121,11.244,11.199,11.141,10.794,10.512,10.489,10.777,11.016,11.092,11.021,10.593,11.127,11.18,11.123,11.195,11.279,11.069,10.806,11.421,11.212,11.132,10.807,10.728,10.624,10.267,10.909,10.967,10.697,10.866,10.98,10.874,10.662,11.055,11.067,11.087,10.896,10.102,10.125,9.978,10.27,10.231,10.356,10.632,10.619,10.553,10.135,9.972,10.057,10.019,9.938,9.995,9.879,9.91,9.277,9.714,10.005,9.697,9.565,9.815,9.969,9.531,9.757,9.923,10.207,10.179,9.947,9.716,8.528,8.636,8.612,8.848,8.78,8.835,8.668,9.215,9.38,9.501,9.385,9.41,9.136,8.824,9.269,9.26,9.406,9.535,9.339,9.279,8.92,9.431,9.674,9.554,9.552,9.227,9.029,8.756,9.169,9.627,0.0,0.0,0.0,0.0,0.0,0.0,0.0,0.0,0.0,0.0,0.0,0.0,0.0,0.0,0.0,0.0,0.0,0.0,0.0,0.0,0.0,0.0,0.0,0.0,0.0,0.0,0.0,0.0,0.0,0.0,0.0,0.0,0.0,0.0,0.0,0.0,0.0,0.0,0.0,0.0,0.0,0.0,0.0,0.0,0.0,0.0,0.0,0.0,0.0,0.0,0.0,0.0,0.0,0.0,0.0,0.0,0.0,0.0,0.0,0.0,0.0,0.0,13.813,13.86,13.866,14.133,14.243,13.496,13.643,14.022,14.65,14.443,14.254,13.798,13.378,13.526,13.755,13.949,13.685,13.585,13.951,13.337,13.576,13.391,13.155,13.572,13.638,13.031,12.601,13.571,13.86,13.746,9.543,9.483,9.763,9.458,9.635,9.924,10.254,10.396,10.4,10.092,9.536,9.635,9.784,9.365,9.527,9.634,9.849,9.595,9.82,9.83,9.792,9.605,9.364,9.351,8.874,9.052,9.52,9.706,9.925,10.111,10.03,9.429,9.759,9.863,9.83,9.731,9.95,9.805,9.411,9.604,9.571,9.503,9.67,9.493,8.642,8.396,8.458,9.013,9.273,9.43,9.501,9.426,9.268,9.719,9.68,9.415,8.87,8.89,9.064,9.225,9.548,9.34,9.477,9.379,9.47,9.412,9.006,9.186,9.344,9.176,9.324,9.404,9.224,8.977,9.231,9.481,9.49,9.578,9.711,9.548,9.413,9.666,9.905,10.031,9.881,9.867,10.02,9.64,9.928,10.034,9.98,9.981,9.325,9.053,8.739,8.978,9.049,9.084,8.961,9.069,8.893,8.86,9.22,9.271,9.238,9.13,9.147,9.33,9.217,9.315,9.626,9.817,9.986,9.934,9.781,9.438,9.524,9.196,9.439,9.557,9.738,9.718,9.433,10.157,10.282,10.364,10.174,10.211,10.136,9.852,9.96,10.191,10.384,10.432,10.437,10.389,10.143,10.306,10.307,10.27,10.178,10.064,10.067,9.898,10.284,10.452,10.608,10.643,10.713,10.662,10.493,10.364,10.417,10.382,10.344,10.576,10.515,10.105,10.343,10.54,10.652,10.544,10.181,9.996,9.991,10.364,10.441,10.599,10.754,10.722,10.608,10.273,10.381,10.123,10.365,10.53,10.385,10.437,10.045,9.47,9.627,10.075,10.4,10.667,10.751,10.521,10.801,10.797,10.807,11.059,10.952,10.926,10.534,10.874,10.944,10.538,10.584,10.671,10.412,10.34,10.544,10.741,10.399,10.194,10.088,10.248,10.042,10.42,10.577,10.532,10.576,10.514,10.538,10.341,10.404,10.454,10.252,10.369,10.59,10.514,10.288,10.488,10.233,9.899,9.613,9.938,9.865,9.129,9.177,8.967,8.988,8.923,9.047,9.36,9.552,9.769,9.614,9.434,9.47,9.831,10.064,9.492,9.964,9.194,9.899,10.091,10.122,9.881,9.423,9.71,9.554,9.526,9.321,9.012,8.989,8.553,9.324,9.369,9.609,9.672,9.741,9.328,8.855,9.593,9.956,10.502,10.089,10.045,9.768,10.005,10.751,11.114,10.876,11.966,11.553,11.587,11.729,12.397,12.629,12.539,12.3,12.117,12.338,11.512,11.387,11.264,11.114,11.305,11.845,11.952,10.843,10.02,10.031,9.824,10.117,10.653,10.426,10.262,10.596,10.502,9.889,10.081,10.029,9.877,0.0,0.0,0.0,0.0,0.0,0.0,0.0,0.0,0.0,0.0,0.0,0.0,0.0,0.0,0.0,0.0,0.0,0.0,0.0,0.0,0.0,0.0,0.0,0.0,0.0,0.0,0.0,0.0,0.0,0.0,0.0,0.0,0.0,0.0,0.0,0.0,0.0,0.0,0.0,0.0,0.0,0.0,0.0,0.0,0.0,0.0,0.0,0.0,0.0,0.0,0.0,0.0,0.0,0.0,0.0,0.0,0.0,0.0,0.0,0.0,0.0,11.102,10.7,10.44,10.92,11.157,11.379,11.383,11.496,11.331,10.972,11.493,11.613,11.633,11.469,11.111,11.254,10.663,10.41,10.867,10.969,10.901,10.834,10.975,10.311,10.73,10.821,10.795,10.716,10.854,10.745,10.572,10.887,10.886,10.765,9.945,9.632,10.302,10.1,10.646,10.933,11.318,11.008,11.244,11.161,10.978,11.125,11.107,11.234,11.332,11.045,11.052,10.579,11.188,11.359,11.426,11.323,11.238,11.081,10.481,10.677,10.726,10.418,10.123,10.325,10.346,10.126,10.463,10.671,10.641,10.757,10.592,10.499,10.065,10.56,10.909,10.878,10.773,10.718,10.702,10.166,10.897,11.221,11.415,11.529,11.614,11.498,11.154,11.389,11.155,10.885,10.772,10.959,9.913,9.534,10.071,10.348,10.505,10.305,10.262,9.906,9.459,9.775,9.831,9.879,10.076,9.885,9.636,9.632,10.092,10.405,10.411,10.361,10.455,9.898,9.738,10.278,10.34,10.012,10.183,10.329,10.37,10.36,10.55,11.613,11.659,11.211,11.404,11.541,11.376,11.577,11.898,11.684,11.437,11.5,11.472,11.333,11.407,11.485,11.651,11.551,11.611,11.51,11.317,11.609,11.575,11.589,11.915,11.663,11.474,11.046,11.534,11.142,10.914,10.849,11.152,11.332,11.055,11.012,11.092,11.202,11.4,11.549,11.521,11.239,11.491,11.566,11.724,11.68,11.03,11.11,11.327,11.648,11.744,11.809,11.917,11.866,11.786,11.421,11.633,11.743,11.96,12.032,11.29,11.278,10.928,11.317,11.433,11.223,11.401,11.336,11.378,11.019,11.24,11.404,11.428,11.316,11.199,11.361,10.842,11.137,11.333,11.248,11.291,11.317,11.303,10.945,11.328,11.462,11.58,11.503,11.4,11.105,10.899,11.167,11.129,11.393,11.382,11.683,11.611,11.092,11.262,11.088,11.138,11.124,11.019,10.912,10.612,11.042,11.306,11.623,11.511,11.03,10.059,9.348,9.235,10.054,10.802,10.871,10.708,10.615,10.525,11.114,11.275,11.27,11.384,11.37,11.243,10.968,11.27,11.345,11.104,11.0,11.267,11.154,10.83,11.362,11.522,11.213,10.964,10.804,10.545,9.788,9.816,9.899,10.686,11.101,10.972,10.755,10.442,11.05,11.206,10.759,10.017,9.911,10.079,9.823,10.561,10.606,10.594,10.628,10.428,9.992,9.36,9.716,9.739,9.89,9.743,9.767,9.787,9.364,10.073,10.229,10.047,9.431,9.716,9.466,8.797,9.466,10.086,10.202,10.122,10.302,9.966,9.373,13.084,13.418,13.971,13.961,13.474,13.076,12.438,12.744,12.731,12.725,11.993,12.644,13.123,12.234,11.602,12.426,13.142,13.593,13.43,13.261,12.689,13.379,13.715,13.592,13.819,14.27,13.804,13.218,14.174,14.544,14.45,9.732,9.825,9.774,9.201,9.67,9.823,9.863,9.729,9.476,9.237,8.626,8.763,8.8,8.805,8.67,8.239,8.519,8.581,9.065,9.049,8.938,8.565,8.429,8.318,8.345,9.085,9.155,9.124,9.255,9.279,9.853,9.412,9.987,10.288,9.752,9.893,9.845,9.902,9.572,9.876,9.786,9.953,9.964,9.88,9.738,9.401,10.151,10.249,10.266,10.233,10.102,9.835,9.249,8.723,8.54,9.151,9.656,9.854,9.905,9.632,9.732,9.351,9.47,9.388,9.54,9.507,9.31,9.446,9.52,9.523,9.518,9.527,9.242,9.016,9.085,9.325,9.465,9.536,9.62,9.65,9.275,9.615,9.75,9.728,9.724,9.726,9.735,9.521,9.765,9.645,9.657,10.764,10.923,10.941,10.558,10.782,11.03,11.161,10.89,10.811,10.393,10.116,10.65,10.667,10.732,10.932,11.151,11.233,10.982,11.414,11.451,11.362,11.409,11.596,11.522,11.127,11.351,11.566,11.75,11.792,11.657,11.534,10.149,10.424,10.382,10.207,10.335,10.411,10.472,10.377,10.545,10.56,10.655,10.682,10.744,10.363,9.95,10.231,10.438,10.636,10.542,10.673,10.547,10.241,10.318,10.501,10.422,9.74,10.055,10.353,10.09,10.223,10.235,13.03,13.207,13.629,13.59,13.278,13.365,13.596,13.932,13.741,13.763,13.827,13.187,13.815,14.045,13.866,13.834,14.021,13.93,13.564,13.943,14.072,14.026,14.259,14.376,14.093,13.794,14.389,14.237,11.022,11.063,11.29,11.181,10.745,10.962,10.352,10.1,10.483,11.089,11.219,10.934,11.506,11.562,11.532,11.282,10.66,10.083,9.361,10.079,10.469,10.746,10.964,11.026,11.283,10.852,11.265,11.397,11.455,11.399,10.965,10.59,10.452,10.905,11.361,11.401,11.472,11.642,11.383,11.093,11.556,11.786,11.872,12.017,11.898,11.784,11.354,11.653,11.97,11.849,11.699,11.46,11.146,10.242,10.899,11.411,11.423,11.524,11.509,11.076,10.101,9.034,9.383,9.771,9.793,10.102,10.249,9.87,10.274,10.612,10.73,10.893,10.815,10.657,10.094,10.285,10.671,10.948,10.681,11.16,11.039,10.647,10.929,11.004,10.317,9.822,9.409,9.671,10.069,10.554,10.738,10.496,10.993,11.196,11.638,10.79,11.332,11.448,11.688,11.844,11.751,11.306,10.821,11.266,11.208,11.002,11.152,11.453,11.244,10.707,11.056,11.125,11.308,11.377,11.358,10.997,10.076,10.126,10.434,10.326,10.067,9.84,12.753,12.634,13.499,13.576,13.233,12.773,12.981,12.536,12.397,13.44,13.448,13.675,13.471,13.381,13.118,12.754,13.201,13.116,12.813,13.164,13.31,12.696,12.077,12.774,12.884,12.326,12.047,11.717,11.373,11.458,12.216,0.0,0.0,0.0,0.0,0.0,0.0,0.0,0.0,0.0,0.0,0.0,0.0,0.0,0.0,0.0,0.0,0.0,0.0,0.0,0.0,0.0,0.0,0.0,0.0,0.0,0.0,0.0,0.0,0.0,0.0,0.0,11.37,11.169,10.824,10.64,10.851,10.682,10.09,9.924,9.775,9.315,9.851,10.286,10.621,11.03,10.692,10.046,9.291,9.58,9.801,10.169,10.305,10.129,9.719,9.021,9.629,10.112,10.259,10.244,10.364,10.221,9.876,9.8,10.219,10.478,10.605,10.717,10.888,10.85,11.016,11.168,11.375,11.442,11.461,11.364,10.997,11.071,10.767,11.161,11.284,11.312,11.161,10.742,10.679,10.435,10.795,11.135,11.171,11.25,10.816,10.967,11.15,11.697,11.621,11.688,11.479,11.113,11.336,11.439,11.482,11.41,11.006,10.327,9.372,9.189,9.826,10.114,10.373,10.52,10.746,10.387,10.615,10.856,10.943,11.095,10.861,10.554,9.837,9.866,10.01,10.043,9.797,9.078,8.913,8.629,8.719,8.663,9.048,9.306,9.458,9.338,9.023,9.483,9.651,9.67,9.576,9.701,9.684,9.191,9.264,9.634,9.843,9.907,10.152,9.897,9.439,9.782,9.975,9.951,9.854,10.046,10.191,9.848,10.028,10.209,10.473,10.465,10.498,10.227,9.783,10.115,10.105,10.281,10.343,10.494,10.64,10.163,10.253,10.604,10.711,10.719,10.77,10.849,10.616,10.651,10.801,10.735,10.012,9.357,9.659,9.946,9.693,9.821,9.832,9.866,10.0,10.32,10.29,10.053,10.12,10.295,10.549,10.404,10.421,10.47,9.985,10.46,10.634,10.499,10.475,10.616,10.547,10.27,10.557,10.655,10.62,10.797,10.885,10.671,10.445,10.895,10.78,9.521,9.809,9.846,10.048,9.951,9.563,9.756,9.213,8.989,9.33,9.869,9.985,9.731,10.24,10.29,10.264,10.041,9.487,8.974,8.332,8.97,9.318,9.564,9.758,9.813,10.042,9.658,10.026,10.143,10.195,10.145,9.759,10.017,9.886,10.315,10.746,10.784,10.851,11.012,10.767,10.493,10.93,11.148,11.229,11.367,11.254,11.146,10.74,11.023,11.322,11.208,11.066,10.84,10.543,9.688,10.309,10.793,10.805,10.9,10.886,10.477,9.555,8.312,8.633,8.99,9.01,9.295,9.43,9.081,9.453,9.764,9.872,10.023,9.951,9.805,9.287,9.463,9.819,10.073,9.827,10.268,10.157,9.796,10.055,10.125,9.492,9.037,8.657,8.898,9.264,9.71,9.88,9.657,10.993,11.196,11.638,10.79,11.332,11.448,11.688,11.844,11.751,11.306,10.821,11.266,11.208,11.002,11.152,11.453,11.244,10.707,11.056,11.125,11.308,11.377,11.358,10.997,10.076,10.126,10.434,10.326,10.067,9.84,8.821,8.739,9.337,9.39,9.152,8.835,8.979,8.671,8.574,9.296,9.302,9.458,9.317,9.255,9.073,8.821,9.13,9.072,8.862,9.105,9.206,8.781,8.353,8.835,8.911,8.525,8.332,8.104,7.866,7.925,8.449,9.385,9.246,9.37,9.71,9.978,9.432,9.545,9.893,10.177,10.403,10.787,10.372,10.06,10.468,10.283,10.727,10.83,10.743,10.473,10.402,10.738,10.822,10.331,10.259,10.578,10.606,10.358,10.603,11.111,11.302,11.408,11.929,11.718,11.357,11.163,11.385,11.207,10.586,10.412,10.255,9.773,10.335,10.791,11.143,11.572,11.218,10.54,9.748,10.051,10.283,10.669,10.812,10.627,10.197,9.465,10.102,10.61,10.764,10.747,10.874,10.724,9.876,9.8,10.219,10.478,10.605,10.717,10.888,10.85,11.016,11.168,11.375,11.442,11.461,11.364,10.997,11.071,10.767,11.161,11.284,11.312,11.161,10.742,10.679,10.435,10.795,11.135,11.171,11.25,10.816,10.967,11.15,11.697,11.621,11.688,11.479,11.113,11.336,11.439,11.482,11.41,11.006,10.327,9.372,9.189,9.826,10.114,10.373,10.52,10.746,10.387,10.615,10.856,10.943,11.095,10.861,10.554,9.837,9.866,10.01,10.043,9.797,9.078,8.913,8.629,8.719,8.663,9.048,9.306,9.458,9.338,9.023,9.483,9.651,9.67,9.576,9.701,9.684,9.191,9.264,9.634,9.843,9.907,10.152,9.897,9.439,9.782,9.975,9.951,9.854,10.046,10.191,9.848
Guntur_58,9.533,9.598,9.78,9.804,9.44,9.494,9.7,9.713,9.519,9.412,9.584,9.588,9.705,9.533,9.255,9.205,9.634,9.592,9.204,9.596,9.665,9.45,9.556,9.787,9.893,9.441,9.745,9.887,9.963,10.029,9.947,9.626,9.164,9.457,9.702,9.703,9.695,9.803,9.466,9.258,9.417,9.46,9.558,9.897,9.881,9.978,9.56,9.794,9.995,9.953,9.737,9.399,9.479,9.229,9.539,9.709,9.815,9.697,9.64,9.53,9.478,9.747,9.855,9.7,9.547,9.606,9.736,9.451,9.38,8.698,9.037,9.588,9.646,9.584,9.215,9.536,9.84,9.799,10.861,10.702,10.323,10.157,9.977,10.382,10.751,10.87,10.827,10.77,10.435,10.162,10.139,10.007,10.228,10.299,10.233,9.836,10.331,10.381,10.328,10.395,10.473,10.278,10.034,10.605,10.411,10.336,10.035,9.961,9.864,9.533,10.13,10.183,9.932,10.09,10.195,10.096,9.9,10.265,10.276,10.295,10.117,9.206,9.227,9.093,9.359,9.323,9.438,9.688,9.677,9.617,9.236,9.088,9.165,9.131,9.057,9.108,9.002,9.031,8.454,8.852,9.118,8.836,8.716,8.945,9.085,8.685,8.892,9.043,9.302,9.276,9.065,8.855,7.422,7.516,7.496,7.7,7.642,7.689,7.544,8.02,8.164,8.269,8.168,8.19,7.951,7.679,8.067,8.06,8.186,8.298,8.128,8.075,7.763,8.208,8.42,8.315,8.313,8.03,7.859,7.62,7.98,8.379,0.0,0.0,0.0,0.0,0.0,0.0,0.0,0.0,0.0,0.0,0.0,0.0,0.0,0.0,0.0,0.0,0.0,0.0,0.0,0.0,0.0,0.0,0.0,0.0,0.0,0.0,0.0,0.0,0.0,0.0,0.0,0.0,0.0,0.0,0.0,0.0,0.0,0.0,0.0,0.0,0.0,0.0,0.0,0.0,0.0,0.0,0.0,0.0,0.0,0.0,0.0,0.0,0.0,0.0,0.0,0.0,0.0,0.0,0.0,0.0,0.0,0.0,13.813,13.86,13.866,14.133,14.243,13.496,13.643,14.022,14.65,14.443,14.254,13.798,13.378,13.526,13.755,13.949,13.685,13.585,13.951,13.337,13.576,13.391,13.155,13.572,13.638,13.031,12.601,13.571,13.86,13.746,9.353,9.294,9.568,9.269,9.443,9.726,10.05,10.189,10.192,9.891,9.345,9.442,9.589,9.178,9.337,9.441,9.653,9.403,9.624,9.633,9.597,9.413,9.177,9.164,8.697,8.872,9.33,9.513,9.727,9.909,9.83,9.691,10.029,10.137,10.103,10.001,10.226,10.078,9.672,9.871,9.836,9.767,9.938,9.757,8.882,8.629,8.692,9.263,9.53,9.692,9.765,9.688,9.525,9.989,9.949,9.676,9.117,9.137,9.316,9.481,9.813,9.227,9.363,9.265,9.356,9.299,8.897,9.075,9.231,9.066,9.211,9.291,9.113,8.869,9.12,9.366,9.375,9.463,9.594,9.432,9.299,9.549,9.786,9.909,9.762,9.748,9.899,9.523,9.808,9.913,9.86,9.86,9.254,8.985,8.673,8.91,8.981,9.016,8.894,9.001,8.826,8.793,9.151,9.201,9.168,9.061,9.078,9.26,9.148,9.245,9.553,9.743,9.91,9.859,9.707,9.367,9.452,9.127,9.368,9.485,9.665,9.645,9.362,9.67,9.79,9.868,9.687,9.722,9.65,9.38,9.483,9.703,9.887,9.932,9.937,9.892,9.657,9.813,9.813,9.778,9.691,9.582,9.585,9.424,9.791,9.952,10.1,10.133,10.2,10.152,9.991,10.487,10.54,10.505,10.466,10.701,10.64,10.225,10.465,10.665,10.779,10.669,10.301,10.114,10.109,10.487,10.564,10.725,10.882,10.849,10.734,10.395,10.505,10.243,10.488,10.655,10.508,10.561,10.164,9.583,9.741,10.195,10.995,11.277,11.366,11.122,11.419,11.415,11.425,11.691,11.579,11.551,11.137,11.496,11.57,11.141,11.189,11.282,11.007,10.931,11.148,11.356,10.994,10.777,10.666,10.834,10.617,11.016,11.182,11.134,11.181,11.115,10.459,10.263,10.326,10.375,10.175,10.291,10.51,10.435,10.211,10.41,10.157,9.825,9.541,9.863,9.791,9.06,9.108,8.899,8.921,8.856,8.979,9.29,9.481,9.696,9.541,9.363,9.399,9.757,9.989,9.42,9.889,9.485,10.212,10.41,10.442,10.193,9.721,10.017,9.855,9.827,9.615,9.297,9.273,8.823,9.619,9.666,9.913,9.978,10.049,9.623,9.135,9.896,10.271,10.834,10.408,10.363,10.077,10.321,11.091,11.466,11.22,10.135,9.785,9.814,9.934,10.5,10.696,10.62,10.417,10.263,10.45,9.75,9.644,9.54,9.413,9.575,10.032,10.122,9.183,8.486,8.496,8.321,8.568,9.023,8.83,8.691,8.974,8.895,8.375,8.538,8.494,8.365,0.0,0.0,0.0,0.0,0.0,0.0,0.0,0.0,0.0,0.0,0.0,0.0,0.0,0.0,0.0,0.0,0.0,0.0,0.0,0.0,0.0,0.0,0.0,0.0,0.0,0.0,0.0,0.0,0.0,0.0,0.0,0.0,0.0,0.0,0.0,0.0,0.0,0.0,0.0,0.0,0.0,0.0,0.0,0.0,0.0,0.0,0.0,0.0,0.0,0.0,0.0,0.0,0.0,0.0,0.0,0.0,0.0,0.0,0.0,0.0,0.0,9.071,8.743,8.53,8.923,9.116,9.297,9.301,9.394,9.258,8.965,9.391,9.489,9.505,9.371,9.079,9.195,8.713,8.506,8.879,8.963,8.907,8.852,8.968,8.425,8.768,8.842,8.82,8.756,8.869,8.78,8.639,9.633,9.632,9.525,8.799,8.523,9.115,8.936,9.419,9.674,10.014,9.739,9.949,9.875,9.713,9.844,9.827,9.939,10.026,9.773,9.779,9.36,9.899,10.05,10.109,10.019,9.943,9.804,9.273,9.447,9.49,9.727,9.452,9.641,9.661,9.455,9.769,9.964,9.936,10.044,9.89,9.804,9.398,9.86,10.186,10.157,10.059,10.008,9.992,9.493,10.175,10.478,10.659,10.765,10.844,10.736,10.415,10.635,10.416,10.164,10.058,10.232,9.385,9.027,9.535,9.797,9.946,9.757,9.716,9.378,8.956,9.255,9.308,9.353,9.539,9.359,9.123,9.119,9.555,9.851,9.857,9.81,9.899,9.371,9.219,9.731,9.79,9.479,9.641,9.779,9.818,9.809,9.988,12.524,12.573,12.091,12.299,12.447,12.268,12.486,12.831,12.601,12.334,12.402,12.372,12.223,12.302,12.386,12.565,12.458,12.522,12.413,12.205,12.52,12.483,12.499,12.85,12.578,12.374,11.912,12.438,11.386,11.153,11.088,11.397,11.581,11.298,11.253,11.335,11.447,11.65,11.802,11.774,11.486,11.743,11.82,11.981,11.936,11.272,11.353,11.576,11.903,12.001,12.069,12.178,12.127,12.045,11.672,11.888,12.001,12.222,12.296,11.444,11.431,11.076,11.471,11.589,11.375,11.556,11.49,11.533,11.169,11.393,11.559,11.583,11.47,11.351,11.515,10.989,11.289,11.487,11.401,11.445,11.471,11.457,11.094,11.482,11.618,11.737,11.659,11.555,11.256,10.66,10.923,10.885,11.144,11.133,11.428,11.357,10.849,11.016,10.846,10.895,10.88,10.778,10.673,10.38,10.801,11.059,11.369,11.259,10.789,9.839,9.143,9.033,9.834,10.566,10.633,10.474,10.383,10.294,10.871,11.028,10.979,11.09,11.076,10.952,10.684,10.978,11.051,10.817,10.715,10.976,10.866,10.549,11.067,11.223,10.923,10.68,10.524,10.272,9.534,9.562,9.643,10.41,10.814,10.688,10.476,10.171,10.764,10.916,10.48,9.758,9.655,9.818,9.569,10.287,10.331,10.319,10.353,10.158,9.733,9.118,9.464,9.487,9.634,9.491,9.514,9.534,9.121,9.812,9.964,9.786,9.187,9.464,9.221,8.57,9.221,9.825,9.938,9.86,10.035,9.708,9.13,10.346,10.609,11.047,11.039,10.654,10.339,9.835,10.077,10.066,10.062,9.483,9.997,10.376,9.673,9.173,9.825,10.391,10.748,10.619,10.485,10.033,10.579,10.845,10.747,10.927,11.283,10.915,10.451,11.207,11.5,11.425,9.648,9.74,9.69,9.121,9.587,9.738,9.778,9.645,9.395,9.158,8.552,8.687,8.724,8.729,8.596,8.168,8.446,8.507,8.987,8.972,8.861,8.492,8.356,8.246,8.274,9.007,9.077,9.046,9.175,9.199,10.793,10.31,10.94,11.27,10.683,10.838,10.785,10.847,10.485,10.818,10.72,10.903,10.915,10.823,10.667,10.299,11.12,11.228,11.246,11.21,11.066,10.774,10.132,9.555,9.355,10.025,10.578,10.795,10.85,10.551,10.661,9.998,10.126,10.038,10.201,10.165,9.955,10.1,10.179,10.182,10.177,10.187,9.882,9.64,9.714,9.971,10.121,10.196,10.286,10.318,9.918,10.28,10.425,10.401,10.397,10.4,10.409,10.18,10.441,10.313,10.325,10.345,10.497,10.515,10.146,10.362,10.6,10.726,10.466,10.389,9.987,9.722,10.235,10.251,10.313,10.505,10.716,10.795,10.554,10.968,11.005,10.919,10.964,11.144,11.072,10.693,10.909,11.115,11.292,11.332,11.202,11.084,10.57,10.856,10.812,10.631,10.764,10.843,10.907,10.808,10.982,10.998,11.097,11.126,11.19,10.793,10.363,10.655,10.871,11.078,10.98,11.116,10.985,10.666,10.747,10.937,10.855,10.145,10.472,10.783,10.509,10.647,10.66,10.352,10.492,10.828,10.796,10.548,10.618,10.802,11.068,10.917,10.934,10.985,10.476,10.975,11.158,11.016,10.991,11.139,11.066,10.776,11.077,11.18,11.143,11.328,11.421,11.196,10.959,11.431,11.31,11.296,11.339,11.571,11.46,11.013,11.236,10.61,10.352,10.744,11.365,11.498,11.207,11.793,11.851,11.82,11.563,10.926,10.334,9.595,10.33,10.73,11.014,11.237,11.3,11.564,11.122,11.546,11.681,11.74,11.683,11.238,9.998,9.868,10.296,10.727,10.764,10.831,10.992,10.747,10.474,10.91,11.128,11.209,11.346,11.233,11.126,10.72,11.003,11.301,11.188,11.045,10.82,10.524,9.67,10.29,10.774,10.785,10.881,10.867,10.457,9.537,10.023,10.41,10.84,10.865,11.208,11.371,10.95,11.399,11.773,11.904,12.086,11.999,11.823,11.199,11.411,11.84,12.147,11.85,12.382,12.248,11.812,12.125,12.209,11.446,10.897,10.439,10.73,11.171,11.709,11.914,11.645,10.508,10.702,11.125,10.314,10.833,10.943,11.173,11.322,11.233,10.807,10.344,10.769,10.714,10.517,10.66,10.948,10.748,10.235,10.568,10.634,10.809,10.875,10.857,10.511,9.632,9.679,9.973,9.87,9.623,9.406,0.0,0.0,0.0,0.0,0.0,0.0,0.0,0.0,0.0,0.0,0.0,0.0,0.0,0.0,0.0,0.0,0.0,0.0,0.0,0.0,0.0,0.0,0.0,0.0,0.0,0.0,0.0,0.0,0.0,0.0,0.0,14.822,14.603,14.799,15.336,15.76,14.897,15.075,15.625,16.073,16.43,17.037,16.382,15.889,16.533,16.24,16.942,17.105,16.968,16.542,16.429,16.959,17.093,16.316,16.203,16.707,16.751,16.359,16.745,17.549,17.85,18.018,12.646,12.423,12.039,11.834,12.069,11.881,11.223,11.038,10.872,10.36,10.956,11.44,11.814,12.268,11.892,11.174,10.334,10.655,10.901,11.311,11.462,11.266,10.81,10.034,10.71,11.247,11.411,11.394,11.527,11.368,10.029,9.952,10.377,10.64,10.769,10.883,11.056,11.018,11.186,11.34,11.551,11.619,11.638,11.54,11.168,11.243,10.934,11.333,11.458,11.487,11.334,10.908,10.844,10.596,10.962,11.308,11.344,11.424,10.983,11.137,11.323,12.943,12.859,12.934,12.702,12.297,12.544,12.658,12.705,12.626,12.179,11.428,10.371,10.168,10.874,11.192,11.479,11.641,11.892,11.494,11.747,12.012,12.109,12.277,12.018,11.679,10.885,10.917,11.077,11.113,10.841,9.341,9.171,8.879,8.971,8.914,9.309,9.575,9.732,9.609,9.284,9.757,9.931,9.95,9.853,9.982,9.965,9.457,9.532,9.913,10.127,10.194,10.446,10.184,9.712,10.065,10.263,10.239,10.139,10.337,10.486,10.133,10.336,10.523,10.795,10.786,10.82,10.541,10.083,10.426,10.415,10.597,10.66,10.816,10.966,10.475,10.567,10.929,11.04,11.048,11.101,11.182,10.942,10.978,11.133,11.064,10.319,9.644,9.956,10.251,9.991,10.122,10.134,9.455,9.584,9.89,9.861,9.635,9.698,9.866,10.11,9.971,9.987,10.034,9.569,10.025,10.192,10.062,10.039,10.174,10.108,9.843,10.118,10.211,10.178,10.347,10.432,10.226,10.01,10.441,10.331,9.125,10.684,10.724,10.944,10.839,10.416,10.627,10.035,9.791,10.162,10.75,10.875,10.6,11.154,11.209,11.179,10.937,10.334,9.774,9.075,9.771,10.149,10.418,10.629,10.688,10.938,10.52,10.92,11.048,11.104,11.051,10.63,10.124,9.993,10.426,10.862,10.9,10.968,11.131,10.883,10.606,11.048,11.268,11.35,11.489,11.375,11.266,10.856,11.141,11.444,11.329,11.185,10.957,10.657,9.792,10.42,10.91,10.921,11.018,11.004,10.589,9.658,8.452,8.778,9.141,9.162,9.451,9.589,9.234,9.612,9.928,10.039,10.192,10.118,9.97,9.444,9.622,9.984,10.243,9.993,10.441,10.328,9.961,10.225,10.295,9.652,9.189,8.803,9.048,9.42,9.874,10.047,9.82,10.508,10.702,11.125,10.314,10.833,10.943,11.173,11.322,11.233,10.807,10.344,10.769,10.714,10.517,10.66,10.948,10.748,10.235,10.568,10.634,10.809,10.875,10.857,10.511,9.632,9.679,9.973,9.87,9.623,9.406,8.969,8.886,9.494,9.548,9.307,8.984,9.13,8.817,8.719,9.453,9.458,9.618,9.474,9.411,9.226,8.97,9.284,9.225,9.011,9.258,9.361,8.929,8.494,8.984,9.061,8.669,8.473,8.241,7.998,8.058,8.592,10.205,10.054,10.189,10.559,10.85,10.256,10.379,10.757,11.066,11.312,11.73,11.279,10.939,11.383,11.181,11.664,11.777,11.682,11.389,11.311,11.676,11.768,11.234,11.156,11.502,11.533,11.263,11.529,12.082,12.289,12.405,11.929,11.718,11.357,11.163,11.385,11.207,10.586,10.412,10.255,9.773,10.335,10.791,11.143,11.572,11.218,10.54,9.748,10.051,10.283,10.669,10.812,10.627,10.197,9.465,10.102,10.61,10.764,10.747,10.874,10.724,10.029,9.952,10.377,10.64,10.769,10.883,11.056,11.018,11.186,11.34,11.551,11.619,11.638,11.54,11.168,11.243,10.934,11.333,11.458,11.487,11.334,10.908,10.844,10.596,10.962,11.308,11.344,11.424,10.983,11.137,11.323,12.943,12.859,12.934,12.702,12.297,12.544,12.658,12.705,12.626,12.179,11.428,10.371,10.168,10.874,11.192,11.479,11.641,11.892,11.494,11.747,12.012,12.109,12.277,12.018,11.679,10.885,10.917,11.077,11.113,10.841,9.341,9.171,8.879,8.971,8.914,9.309,9.575,9.732,9.609,9.284,9.757,9.931,9.95,9.853,9.982,9.965,9.457,9.532,9.913,10.127,10.194,10.446,10.184,9.712,10.065,10.263,10.239,10.139,10.337,10.486,10.133
Guntur_59,9.52,9.586,9.767,9.791,9.427,9.481,9.687,9.7,9.506,9.4,9.572,9.575,9.692,9.52,9.243,9.193,9.622,9.579,9.192,9.583,9.653,9.437,9.543,9.774,9.88,9.429,9.732,9.874,9.949,10.016,9.934,10.567,10.06,10.382,10.651,10.652,10.643,10.762,10.392,10.164,10.338,10.386,10.493,10.865,10.847,10.954,10.495,10.752,10.972,10.927,10.689,10.318,10.406,10.132,10.472,10.658,10.775,10.645,10.583,10.463,9.989,10.273,10.387,10.223,10.062,10.124,10.261,9.96,9.886,9.167,9.525,10.105,10.166,10.101,9.712,10.051,10.371,10.327,11.447,11.279,10.88,10.705,10.515,10.942,11.331,11.456,11.41,11.351,10.998,10.71,10.686,10.417,10.647,10.72,10.652,10.239,10.754,10.806,10.751,10.821,10.902,10.699,10.444,11.039,10.837,10.76,10.446,10.369,10.268,9.924,10.544,10.6,10.339,10.503,10.612,10.51,10.305,10.686,10.697,10.716,10.531,9.246,9.268,9.133,9.4,9.365,9.479,9.731,9.72,9.66,9.276,9.128,9.205,9.171,9.097,9.149,9.042,9.071,8.492,8.891,9.158,8.875,8.755,8.984,9.125,8.724,8.931,9.083,9.343,9.317,9.105,8.894,7.234,7.325,7.306,7.505,7.448,7.494,7.353,7.817,7.957,8.06,7.961,7.982,7.75,7.485,7.862,7.855,7.979,8.088,7.922,7.871,7.566,8.0,8.206,8.104,8.102,7.827,7.659,7.427,7.778,8.166,0.0,0.0,0.0,0.0,0.0,0.0,0.0,0.0,0.0,0.0,0.0,0.0,0.0,0.0,0.0,0.0,0.0,0.0,0.0,0.0,0.0,0.0,0.0,0.0,0.0,0.0,0.0,0.0,0.0,0.0,0.0,0.0,0.0,0.0,0.0,0.0,0.0,0.0,0.0,0.0,0.0,0.0,0.0,0.0,0.0,0.0,0.0,0.0,0.0,0.0,0.0,0.0,0.0,0.0,0.0,0.0,0.0,0.0,0.0,0.0,0.0,0.0,4.772,4.789,4.791,4.883,4.921,4.663,4.714,4.845,5.062,4.99,4.925,4.767,4.622,4.673,4.752,4.819,4.728,4.694,4.82,4.608,4.691,4.627,4.545,4.689,4.712,4.502,4.354,4.689,4.789,4.749,9.621,9.56,9.843,9.535,9.714,10.005,10.338,10.481,10.485,10.175,9.614,9.713,9.864,9.441,9.605,9.712,9.93,9.673,9.9,9.91,9.872,9.683,9.44,9.427,8.946,9.126,9.598,9.786,10.006,10.193,10.112,9.793,10.135,10.244,10.21,10.106,10.334,10.184,9.774,9.975,9.94,9.87,10.043,9.86,8.975,8.72,8.784,9.361,9.631,9.794,9.868,9.79,9.625,10.094,10.054,9.778,9.213,9.233,9.414,9.581,9.917,9.587,9.728,9.627,9.721,9.661,9.244,9.428,9.591,9.419,9.57,9.653,9.468,9.214,9.475,9.731,9.74,9.832,9.968,9.8,9.662,9.922,10.167,10.296,10.142,10.127,10.285,9.895,10.191,10.3,10.244,10.245,9.235,8.966,8.655,8.891,8.962,8.997,8.875,8.982,8.808,8.775,9.132,9.182,9.149,9.042,9.059,9.241,9.129,9.226,9.533,9.723,9.89,9.839,9.687,9.348,9.432,9.108,9.348,9.465,9.645,9.625,9.342,10.176,10.302,10.384,10.193,10.231,10.155,9.871,9.979,10.211,10.404,10.452,10.457,10.409,10.163,10.326,10.326,10.29,10.198,10.083,10.086,9.917,10.304,10.472,10.628,10.663,10.733,10.683,10.514,11.138,11.195,11.158,11.117,11.366,11.301,10.86,11.115,11.328,11.448,11.331,10.941,10.743,10.737,11.138,11.221,11.391,11.558,11.523,11.401,11.04,11.157,10.879,11.139,11.317,11.161,11.217,10.796,10.178,10.346,10.828,11.251,11.54,11.631,11.381,11.685,11.681,11.691,11.964,11.848,11.82,11.396,11.764,11.839,11.401,11.45,11.545,11.264,11.186,11.407,11.62,11.25,11.028,10.914,11.086,10.864,11.273,11.442,11.394,11.442,11.374,10.69,10.49,10.553,10.604,10.4,10.518,10.742,10.665,10.436,10.639,10.38,10.042,9.751,10.081,10.007,9.26,9.309,9.096,9.117,9.051,9.177,9.494,9.69,9.91,9.752,9.569,9.606,9.972,10.209,9.628,10.107,9.027,9.718,9.907,9.937,9.701,9.251,9.533,9.379,9.352,9.151,8.848,8.825,8.397,9.154,9.199,9.434,9.496,9.563,9.158,8.693,9.418,9.774,10.311,9.905,9.862,9.59,9.822,10.555,10.911,10.678,10.566,10.201,10.231,10.356,10.946,11.151,11.071,10.86,10.699,10.894,10.164,10.054,9.946,9.813,9.982,10.459,10.553,9.574,8.847,8.857,8.674,8.933,9.406,9.206,9.061,9.356,9.273,8.731,8.901,8.855,8.721,13.517,14.762,15.171,15.42,15.953,16.178,16.705,16.604,16.926,16.953,16.983,17.222,17.368,16.935,16.504,15.517,17.682,17.388,16.929,16.805,16.481,15.776,16.45,16.563,16.64,16.781,17.01,16.858,16.248,16.524,16.418,0.0,0.0,0.0,0.0,0.0,0.0,0.0,0.0,0.0,0.0,0.0,0.0,0.0,0.0,0.0,0.0,0.0,0.0,0.0,0.0,0.0,0.0,0.0,0.0,0.0,0.0,0.0,0.0,0.0,0.0,10.73,10.342,10.09,10.555,10.783,10.998,11.002,11.112,10.951,10.605,11.108,11.224,11.243,11.085,10.739,10.877,10.306,10.062,10.503,10.602,10.536,10.471,10.608,9.966,10.371,10.458,10.433,10.357,10.491,10.385,10.218,9.605,9.604,9.498,8.774,8.498,9.089,8.91,9.392,9.646,9.985,9.711,9.92,9.847,9.685,9.815,9.799,9.911,9.998,9.745,9.75,9.333,9.871,10.021,10.08,9.99,9.914,9.776,9.246,9.419,9.463,9.94,9.659,9.852,9.872,9.662,9.983,10.182,10.153,10.264,10.107,10.018,9.603,10.076,10.409,10.38,10.279,10.227,10.211,9.7,10.397,10.707,10.892,11.001,11.082,10.971,10.642,10.867,10.644,10.386,10.279,10.456,9.688,9.318,9.842,10.113,10.266,10.071,10.029,9.68,9.244,9.553,9.607,9.654,9.847,9.66,9.417,9.413,9.862,10.168,10.175,10.126,10.217,9.673,9.516,10.045,10.105,9.785,9.951,10.094,10.135,10.125,10.31,12.719,12.769,12.279,12.491,12.641,12.46,12.68,13.031,12.797,12.527,12.596,12.565,12.413,12.493,12.579,12.761,12.652,12.717,12.606,12.396,12.715,12.677,12.693,13.05,12.774,12.567,12.098,12.632,11.484,11.249,11.183,11.495,11.68,11.395,11.35,11.433,11.546,11.75,11.903,11.875,11.585,11.844,11.922,12.084,12.039,11.369,11.451,11.675,12.005,12.104,12.172,12.283,12.231,12.148,11.772,11.99,12.104,12.327,12.402,11.87,11.857,11.489,11.898,12.02,11.799,11.986,11.917,11.962,11.585,11.817,11.99,12.014,11.897,11.774,11.944,11.399,11.709,11.914,11.825,11.871,11.898,11.883,11.507,11.909,12.051,12.174,12.093,11.985,11.675,11.936,12.23,12.188,12.478,12.465,12.796,12.717,12.148,12.334,12.144,12.198,12.183,12.068,11.951,11.622,12.093,12.383,12.73,12.607,12.08,11.017,10.238,10.114,11.011,11.831,11.906,11.727,11.626,11.526,12.172,12.348,14.323,14.468,14.45,14.287,13.939,14.322,14.418,14.112,13.979,14.319,14.175,13.763,14.438,14.642,14.25,13.933,13.73,13.4,12.438,12.474,12.58,13.58,14.108,13.944,13.667,13.269,14.042,14.241,13.672,12.73,12.595,12.809,12.484,13.421,13.478,13.463,13.507,13.253,12.698,11.895,12.347,12.376,12.569,12.382,12.412,12.438,11.899,12.801,12.999,12.767,11.985,12.347,12.029,11.18,12.029,12.818,12.965,12.864,13.092,12.665,11.911,13.042,13.374,13.926,13.915,13.43,13.033,12.398,12.703,12.69,12.684,11.954,12.603,13.081,12.194,11.564,12.385,13.099,13.549,13.387,13.218,12.648,13.336,13.671,13.548,13.774,14.224,13.759,13.175,14.128,14.497,14.403,10.434,10.534,10.48,9.865,10.368,10.532,10.574,10.431,10.16,9.904,9.248,9.395,9.435,9.44,9.296,8.834,9.134,9.201,9.719,9.703,9.583,9.184,9.038,8.918,8.948,9.741,9.816,9.783,9.923,9.949,11.828,11.299,11.99,12.351,11.708,11.877,11.819,11.888,11.491,11.856,11.748,11.949,11.961,11.861,11.69,11.286,12.187,12.305,12.325,12.285,12.128,11.807,11.104,10.472,10.252,10.986,11.592,11.83,11.891,11.563,11.684,10.411,10.544,10.453,10.622,10.585,10.366,10.517,10.599,10.602,10.597,10.608,10.29,10.039,10.115,10.383,10.539,10.617,10.71,10.745,10.327,10.705,10.856,10.831,10.826,10.829,10.839,10.601,10.873,10.739,10.751,10.501,10.655,10.673,10.299,10.518,10.76,10.888,10.624,10.546,10.138,9.868,10.389,10.406,10.469,10.664,10.878,10.958,10.713,11.134,11.171,11.084,11.13,11.312,11.239,10.855,11.073,11.283,11.462,11.503,11.371,11.251,12.094,12.422,12.372,12.164,12.317,12.407,12.48,12.366,12.566,12.584,12.698,12.73,12.803,12.349,11.857,12.192,12.439,12.675,12.563,12.719,12.569,12.205,12.296,12.514,12.42,11.608,11.983,12.338,12.025,12.183,12.197,10.212,10.351,10.682,10.651,10.406,10.475,10.656,10.919,10.77,10.787,10.837,10.335,10.827,11.008,10.867,10.843,10.989,10.917,10.631,10.928,11.029,10.993,11.176,11.267,11.045,10.811,11.277,11.158,13.444,13.495,13.771,13.639,13.107,13.372,12.627,12.32,12.787,13.526,13.685,13.338,14.035,14.104,14.067,13.762,13.003,12.299,11.419,12.295,12.771,13.109,13.374,13.449,13.763,13.237,13.741,13.902,13.973,13.905,13.375,11.188,11.042,11.521,12.003,12.045,12.119,12.3,12.025,11.72,12.208,12.451,12.542,12.696,12.57,12.449,11.996,12.311,12.646,12.518,12.359,12.107,11.776,10.82,11.514,12.055,12.068,12.175,12.159,11.701,10.672,10.802,11.218,11.682,11.708,12.078,12.254,11.8,12.284,12.688,12.829,13.024,12.931,12.741,12.069,12.297,12.759,13.09,12.771,13.343,13.199,12.729,13.066,13.157,12.335,11.743,11.25,11.563,12.039,12.619,12.839,12.55,12.542,12.774,13.278,12.311,12.93,13.061,13.336,13.514,13.407,12.899,12.346,12.854,12.788,12.553,12.723,13.067,12.829,12.216,12.614,12.693,12.901,12.981,12.959,12.546,11.496,11.553,11.904,11.781,11.486,11.227,0.0,0.0,0.0,0.0,0.0,0.0,0.0,0.0,0.0,0.0,0.0,0.0,0.0,0.0,0.0,0.0,0.0,0.0,0.0,0.0,0.0,0.0,0.0,0.0,0.0,0.0,0.0,0.0,0.0,0.0,0.0,14.822,14.603,14.799,15.336,15.76,14.897,15.075,15.625,16.073,16.43,17.037,16.382,15.889,16.533,16.24,16.942,17.105,16.968,16.542,16.429,16.959,17.093,16.316,16.203,16.707,16.751,16.359,16.745,17.549,17.85,18.018,14.955,14.69,14.237,13.994,14.272,14.049,13.271,13.053,12.856,12.251,12.956,13.528,13.97,14.507,14.063,13.214,12.22,12.6,12.891,13.375,13.554,13.322,12.783,11.866,12.664,13.3,13.493,13.473,13.631,13.443,11.221,11.134,11.61,11.904,12.048,12.176,12.37,12.327,12.515,12.688,12.923,13.0,13.021,12.911,12.494,12.579,12.233,12.68,12.82,12.852,12.681,12.204,12.132,11.855,12.264,12.651,12.692,12.781,12.288,12.46,12.668,14.64,14.545,14.63,14.367,13.909,14.188,14.317,14.371,14.281,13.775,12.926,11.73,11.501,12.299,12.659,12.984,13.167,13.451,13.001,13.286,13.587,13.696,13.886,13.593,13.21,12.312,12.348,12.529,12.57,12.263,10.982,10.782,10.439,10.547,10.48,10.945,11.258,11.441,11.297,10.915,11.472,11.675,11.698,11.584,11.736,11.715,11.118,11.206,11.655,11.907,11.985,12.282,11.973,11.419,11.833,12.067,12.038,11.921,12.153,12.329,11.913,10.748,10.942,11.225,11.216,11.252,10.961,10.485,10.841,10.83,11.02,11.086,11.248,11.403,10.892,10.989,11.365,11.48,11.489,11.544,11.628,11.378,11.416,11.577,11.506,10.731,10.029,10.353,10.66,10.389,10.526,10.538,10.878,11.026,11.378,11.345,11.084,11.157,11.351,11.631,11.471,11.49,11.544,11.009,11.533,11.725,11.576,11.549,11.705,11.629,11.324,11.64,11.748,11.709,11.904,12.001,11.765,11.516,12.012,11.885,10.498,11.128,11.17,11.399,11.29,10.849,11.068,10.452,10.198,10.584,11.196,11.327,11.04,11.618,11.674,11.644,11.391,10.763,10.18,9.452,10.177,10.571,10.85,11.07,11.132,11.392,10.957,11.374,11.507,11.566,11.51,11.071,11.244,11.098,11.579,12.063,12.105,12.18,12.361,12.086,11.778,12.269,12.514,12.605,12.759,12.633,12.512,12.056,12.373,12.709,12.581,12.421,12.168,11.835,10.875,11.572,12.116,12.129,12.236,12.22,11.76,10.725,9.395,9.758,10.161,10.184,10.505,10.659,10.264,10.684,11.036,11.158,11.328,11.247,11.082,10.497,10.695,11.098,11.386,11.108,11.606,11.48,11.072,11.365,11.443,10.729,10.214,9.785,10.057,10.471,10.975,11.167,10.916,12.542,12.774,13.278,12.311,12.93,13.061,13.336,13.514,13.407,12.899,12.346,12.854,12.788,12.553,12.723,13.067,12.829,12.216,12.614,12.693,12.901,12.981,12.959,12.546,11.496,11.553,11.904,11.781,11.486,11.227,9.97,9.877,10.553,10.613,10.345,9.985,10.148,9.8,9.691,10.507,10.513,10.69,10.531,10.46,10.255,9.97,10.32,10.253,10.016,10.291,10.405,9.925,9.441,9.986,10.072,9.636,9.418,9.16,8.891,8.957,9.55,10.205,10.054,10.189,10.559,10.85,10.256,10.379,10.757,11.066,11.312,11.73,11.279,10.939,11.383,11.181,11.664,11.777,11.682,11.389,11.311,11.676,11.768,11.234,11.156,11.502,11.533,11.263,11.529,12.082,12.289,12.405,19.295,18.953,18.369,18.055,18.414,18.126,17.122,16.841,16.587,15.807,16.716,17.454,18.024,18.718,18.144,17.048,15.767,16.257,16.632,17.257,17.488,17.188,16.493,15.309,16.34,17.16,17.409,17.383,17.587,17.345,11.221,11.134,11.61,11.904,12.048,12.176,12.37,12.327,12.515,12.688,12.923,13.0,13.021,12.911,12.494,12.579,12.233,12.68,12.82,12.852,12.681,12.204,12.132,11.855,12.264,12.651,12.692,12.781,12.288,12.46,12.668,14.64,14.545,14.63,14.367,13.909,14.188,14.317,14.371,14.281,13.775,12.926,11.73,11.501,12.299,12.659,12.984,13.167,13.451,13.001,13.286,13.587,13.696,13.886,13.593,13.21,12.312,12.348,12.529,12.57,12.263,10.982,10.782,10.439,10.547,10.48,10.945,11.258,11.441,11.297,10.915,11.472,11.675,11.698,11.584,11.736,11.715,11.118,11.206,11.655,11.907,11.985,12.282,11.973,11.419,11.833,12.067,12.038,11.921,12.153,12.329,11.913
Guntur_60,8.587,8.646,8.809,8.831,8.503,8.551,8.737,8.749,8.574,8.478,8.633,8.636,8.742,8.586,8.336,8.291,8.678,8.64,8.29,8.643,8.706,8.512,8.607,8.815,8.911,8.504,8.777,8.906,8.974,9.034,8.96,8.555,8.144,8.405,8.623,8.624,8.616,8.713,8.413,8.228,8.369,8.408,8.495,8.796,8.781,8.868,8.496,8.705,8.883,8.846,8.654,8.353,8.424,8.203,8.478,8.629,8.723,8.618,8.567,8.47,8.234,8.468,8.562,8.427,8.294,8.345,8.458,8.21,8.149,7.557,7.851,8.329,8.38,8.326,8.006,8.285,8.548,8.512,9.435,9.297,8.968,8.824,8.668,9.02,9.34,9.443,9.406,9.356,9.065,8.828,8.809,9.556,9.768,9.835,9.772,9.393,9.866,9.914,9.863,9.927,10.001,9.815,9.582,10.127,9.942,9.871,9.583,9.512,9.42,9.104,9.673,9.724,9.485,9.635,9.736,9.641,9.454,9.803,9.813,9.831,9.661,8.733,8.754,8.626,8.878,8.845,8.953,9.191,9.18,9.124,8.762,8.621,8.695,8.662,8.592,8.641,8.54,8.568,8.02,8.398,8.65,8.383,8.269,8.486,8.619,8.239,8.435,8.579,8.825,8.8,8.6,8.4,7.234,7.325,7.306,7.505,7.448,7.494,7.353,7.817,7.957,8.06,7.961,7.982,7.75,7.485,7.862,7.855,7.979,8.088,7.922,7.871,7.566,8.0,8.206,8.104,8.102,7.827,7.659,7.427,7.778,8.166,0.0,0.0,0.0,0.0,0.0,0.0,0.0,0.0,0.0,0.0,0.0,0.0,0.0,0.0,0.0,0.0,0.0,0.0,0.0,0.0,0.0,0.0,0.0,0.0,0.0,0.0,0.0,0.0,0.0,0.0,0.0,0.0,0.0,0.0,0.0,0.0,0.0,0.0,0.0,0.0,0.0,0.0,0.0,0.0,0.0,0.0,0.0,0.0,0.0,0.0,0.0,0.0,0.0,0.0,0.0,0.0,0.0,0.0,0.0,0.0,0.0,0.0,3.101,3.111,3.112,3.173,3.197,3.03,3.062,3.148,3.289,3.242,3.2,3.097,3.003,3.036,3.088,3.131,3.072,3.049,3.132,2.994,3.047,3.006,2.953,3.047,3.061,2.925,2.829,3.046,3.111,3.086,9.11,9.053,9.32,9.029,9.198,9.474,9.789,9.925,9.928,9.634,9.103,9.197,9.34,8.94,9.095,9.197,9.402,9.159,9.374,9.384,9.348,9.169,8.939,8.926,8.471,8.642,9.088,9.266,9.475,9.652,9.575,8.344,8.635,8.728,8.699,8.611,8.805,8.677,8.328,8.499,8.469,8.409,8.557,8.401,7.647,7.429,7.484,7.975,8.205,8.345,8.408,8.341,8.201,8.601,8.566,8.331,7.85,7.867,8.021,8.163,8.449,7.225,7.331,7.255,7.326,7.281,6.967,7.106,7.228,7.099,7.213,7.275,7.136,6.944,7.141,7.334,7.341,7.409,7.512,7.386,7.282,7.477,7.662,7.759,7.643,7.632,7.751,7.457,7.68,7.762,7.72,7.721,8.206,7.967,7.69,7.9,7.963,7.994,7.886,7.981,7.826,7.797,8.114,8.158,8.129,8.034,8.049,8.21,8.111,8.197,8.47,8.639,8.787,8.742,8.607,8.305,8.38,8.092,8.306,8.41,8.569,8.552,8.301,9.151,9.264,9.338,9.167,9.201,9.133,8.877,8.974,9.183,9.356,9.399,9.404,9.361,9.139,9.286,9.286,9.253,9.171,9.068,9.07,8.919,9.266,9.418,9.558,9.589,9.653,9.607,9.455,9.423,9.471,9.439,9.405,9.615,9.561,9.188,9.404,9.583,9.685,9.586,9.256,9.088,9.084,9.423,9.493,9.637,9.778,9.749,9.645,9.34,9.439,9.204,9.424,9.574,9.442,9.49,9.133,8.61,8.753,9.161,9.06,9.292,9.365,9.165,9.409,9.406,9.414,9.633,9.54,9.518,9.176,9.472,9.533,9.18,9.22,9.296,9.07,9.007,9.185,9.357,9.059,8.88,8.788,8.927,8.748,9.077,9.213,9.174,9.213,9.159,10.334,10.141,10.202,10.251,10.054,10.168,10.385,10.31,10.088,10.285,10.035,9.707,9.427,9.745,9.674,8.952,8.999,8.793,8.814,8.75,8.872,9.178,9.367,9.58,9.427,9.251,9.286,9.64,9.869,9.308,9.771,8.334,8.972,9.147,9.174,8.956,8.541,8.801,8.659,8.634,8.448,8.168,8.148,7.752,8.451,8.492,8.709,8.767,8.829,8.455,8.026,8.695,9.024,9.519,9.145,9.105,8.854,9.068,9.745,10.074,9.858,10.566,10.201,10.231,10.356,10.946,11.151,11.071,10.86,10.699,10.894,10.164,10.054,9.946,9.813,9.982,10.459,10.553,9.574,8.847,8.857,8.674,8.933,9.406,9.206,9.061,9.356,9.273,8.731,8.901,8.855,8.721,13.517,14.762,15.171,15.42,15.953,16.178,16.705,16.604,16.926,16.953,16.983,17.222,17.368,16.935,16.504,15.517,17.682,17.388,16.929,16.805,16.481,15.776,16.45,16.563,16.64,16.781,17.01,16.858,16.248,16.524,16.418,0.0,0.0,0.0,0.0,0.0,0.0,0.0,0.0,0.0,0.0,0.0,0.0,0.0,0.0,0.0,0.0,0.0,0.0,0.0,0.0,0.0,0.0,0.0,0.0,0.0,0.0,0.0,0.0,0.0,0.0,9.365,9.027,8.807,9.212,9.412,9.599,9.603,9.698,9.558,9.256,9.695,9.797,9.813,9.675,9.373,9.493,8.995,8.782,9.167,9.254,9.196,9.139,9.259,8.698,9.052,9.128,9.106,9.04,9.156,9.064,8.919,9.037,9.036,8.936,8.255,7.995,8.551,8.383,8.837,9.075,9.394,9.137,9.333,9.264,9.112,9.235,9.219,9.325,9.406,9.168,9.174,8.781,9.287,9.428,9.484,9.399,9.328,9.198,8.699,8.862,8.903,8.139,7.909,8.066,8.083,7.911,8.174,8.337,8.314,8.404,8.275,8.203,7.863,8.25,8.523,8.499,8.417,8.374,8.361,7.943,8.513,8.767,8.918,9.007,9.074,8.983,8.714,8.898,8.715,8.504,8.416,8.562,8.864,8.525,9.005,9.252,9.393,9.214,9.176,8.857,8.458,8.74,8.79,8.833,9.009,8.838,8.616,8.612,9.023,9.303,9.309,9.264,9.348,8.85,8.707,9.19,9.245,8.952,9.105,9.235,9.273,9.263,9.433,10.4,10.441,10.04,10.213,10.336,10.188,10.368,10.655,10.464,10.243,10.299,10.274,10.15,10.216,10.286,10.435,10.345,10.398,10.308,10.136,10.397,10.366,10.379,10.671,10.445,10.276,9.892,10.329,10.45,10.236,10.176,10.46,10.629,10.369,10.328,10.403,10.506,10.692,10.832,10.806,10.542,10.778,10.848,10.996,10.955,10.345,10.42,10.624,10.925,11.015,11.076,11.177,11.13,11.055,10.712,10.911,11.014,11.218,11.285,10.515,10.504,10.177,10.54,10.648,10.452,10.618,10.557,10.597,10.262,10.468,10.621,10.643,10.539,10.43,10.581,10.097,10.372,10.555,10.475,10.516,10.54,10.527,10.194,10.55,10.675,10.784,10.713,10.617,10.342,10.568,10.829,10.791,11.048,11.037,11.329,11.259,10.755,10.92,10.752,10.8,10.786,10.685,10.581,10.29,10.707,10.964,11.271,11.162,10.696,9.754,9.064,8.955,9.749,10.475,10.541,10.383,10.293,10.205,10.777,10.933,14.323,14.468,14.45,14.287,13.939,14.322,14.418,14.112,13.979,14.319,14.175,13.763,14.438,14.642,14.25,13.933,13.73,13.4,12.438,12.474,12.58,13.58,14.108,13.944,13.667,13.269,14.042,14.241,13.672,12.73,12.595,12.809,12.484,13.421,13.478,13.463,13.507,13.253,12.698,11.895,12.347,12.376,12.569,12.382,12.412,12.438,11.899,12.801,12.999,12.767,11.985,12.347,12.029,11.18,12.029,12.818,12.965,12.864,13.092,12.665,11.911,12.058,12.365,12.876,12.866,12.417,12.05,11.463,11.745,11.733,11.727,11.052,11.652,12.094,11.274,10.692,11.451,12.111,12.527,12.377,12.221,11.694,12.33,12.64,12.526,12.735,13.151,12.721,12.181,13.062,13.403,13.316,10.228,10.326,10.273,9.67,10.163,10.324,10.365,10.225,9.96,9.708,9.066,9.21,9.249,9.254,9.113,8.659,8.953,9.019,9.527,9.511,9.394,9.002,8.859,8.742,8.771,9.548,9.622,9.59,9.727,9.752,9.783,9.346,9.917,10.215,9.684,9.824,9.776,9.832,9.504,9.806,9.717,9.883,9.893,9.811,9.669,9.335,10.08,10.177,10.194,10.161,10.031,9.766,9.184,8.661,8.48,9.087,9.588,9.785,9.835,9.564,9.664,8.358,8.465,8.392,8.528,8.498,8.322,8.444,8.51,8.512,8.508,8.516,8.261,8.059,8.121,8.336,8.461,8.524,8.599,8.626,8.291,8.595,8.715,8.695,8.692,8.694,8.702,8.511,8.729,8.622,8.632,10.361,10.513,10.531,10.162,10.378,10.616,10.743,10.482,10.405,10.003,9.737,10.251,10.267,10.329,10.522,10.733,10.812,10.57,10.986,11.022,10.936,10.982,11.162,11.09,10.71,10.926,11.132,11.31,11.35,11.22,11.101,11.187,11.49,11.443,11.251,11.393,11.476,11.543,11.439,11.623,11.64,11.745,11.775,11.843,11.423,10.968,11.277,11.506,11.724,11.62,11.765,11.626,11.289,11.374,11.575,11.488,10.737,11.083,11.412,11.122,11.268,11.282,9.862,9.996,10.315,10.285,10.049,10.115,10.29,10.544,10.4,10.417,10.465,9.98,10.455,10.63,10.494,10.47,10.612,10.542,10.266,10.553,10.65,10.615,10.792,10.88,10.666,10.44,10.89,10.775,12.134,12.18,12.43,12.31,11.83,12.069,11.397,11.12,11.541,12.208,12.351,12.038,12.668,12.73,12.697,12.421,11.736,11.101,10.307,11.097,11.526,11.831,12.071,12.139,12.422,11.947,12.402,12.548,12.611,12.55,12.072,10.516,10.379,10.829,11.282,11.321,11.391,11.561,11.303,11.016,11.475,11.703,11.789,11.933,11.815,11.701,11.275,11.572,11.886,11.766,11.617,11.38,11.068,10.171,10.823,11.331,11.343,11.444,11.429,10.999,10.031,8.747,9.085,9.46,9.481,9.781,9.924,9.556,9.948,10.275,10.389,10.547,10.471,10.318,9.773,9.958,10.332,10.6,10.342,10.805,10.689,10.308,10.581,10.654,9.989,9.51,9.11,9.364,9.749,10.219,10.397,10.163,9.511,9.687,10.069,9.336,9.805,9.904,10.113,10.248,10.167,9.782,9.363,9.748,9.697,9.519,9.648,9.909,9.729,9.264,9.566,9.625,9.784,9.844,9.827,9.514,8.718,8.761,9.027,8.934,8.71,8.514,0.0,0.0,0.0,0.0,0.0,0.0,0.0,0.0,0.0,0.0,0.0,0.0,0.0,0.0,0.0,0.0,0.0,0.0,0.0,0.0,0.0,0.0,0.0,0.0,0.0,0.0,0.0,0.0,0.0,0.0,0.0,11.805,11.63,11.786,12.214,12.551,11.864,12.005,12.443,12.801,13.085,13.568,13.047,12.654,13.167,12.934,13.492,13.622,13.513,13.174,13.084,13.506,13.612,12.994,12.904,13.305,13.34,13.029,13.336,13.976,14.216,14.349,15.12,14.852,14.394,14.148,14.43,14.204,13.417,13.197,12.998,12.386,13.099,13.677,14.124,14.667,14.218,13.359,12.355,12.739,13.033,13.522,13.704,13.469,12.924,11.996,12.804,13.447,13.642,13.622,13.782,13.591,9.214,9.142,9.533,9.775,9.893,9.998,10.157,10.122,10.277,10.418,10.612,10.675,10.692,10.602,10.259,10.329,10.044,10.412,10.526,10.553,10.412,10.021,9.962,9.735,10.071,10.388,10.421,10.495,10.09,10.231,10.402,11.516,11.442,11.509,11.302,10.942,11.161,11.263,11.305,11.235,10.837,10.168,9.228,9.048,9.675,9.958,10.214,10.358,10.581,10.227,10.452,10.688,10.774,10.924,10.693,10.392,9.686,9.714,9.856,9.888,9.646,9.718,9.541,9.237,9.333,9.273,9.685,9.962,10.124,9.996,9.659,10.151,10.331,10.351,10.251,10.385,10.367,9.838,9.916,10.313,10.536,10.605,10.868,10.595,10.104,10.471,10.678,10.652,10.548,10.754,10.91,10.541,9.976,10.156,10.419,10.41,10.443,10.173,9.732,10.062,10.052,10.228,10.289,10.439,10.584,10.11,10.199,10.549,10.655,10.663,10.714,10.792,10.56,10.595,10.745,10.679,9.96,9.308,9.609,9.894,9.643,9.769,9.781,10.909,11.057,11.41,11.377,11.116,11.189,11.383,11.664,11.504,11.522,11.576,11.04,11.565,11.758,11.608,11.582,11.738,11.662,11.356,11.673,11.781,11.742,11.938,12.035,11.798,11.548,12.046,11.919,10.528,9.922,9.959,10.163,10.065,9.673,9.868,9.319,9.092,9.437,9.982,10.099,9.843,10.358,10.409,10.381,10.156,9.596,9.077,8.427,9.073,9.425,9.674,9.87,9.925,10.157,9.769,10.141,10.26,10.312,10.262,9.871,9.965,9.836,10.262,10.692,10.729,10.795,10.956,10.712,10.439,10.875,11.091,11.172,11.309,11.196,11.089,10.685,10.966,11.264,11.151,11.009,10.784,10.489,9.638,10.256,10.738,10.75,10.845,10.831,10.423,9.506,9.255,9.612,10.009,10.032,10.349,10.5,10.111,10.525,10.871,10.992,11.16,11.079,10.917,10.341,10.536,10.932,11.216,10.942,11.433,11.309,10.907,11.196,11.273,10.569,10.062,9.639,9.908,10.315,10.812,11.001,10.753,9.511,9.687,10.069,9.336,9.805,9.904,10.113,10.248,10.167,9.782,9.363,9.748,9.697,9.519,9.648,9.909,9.729,9.264,9.566,9.625,9.784,9.844,9.827,9.514,8.718,8.761,9.027,8.934,8.71,8.514,9.821,9.73,10.396,10.455,10.19,9.837,9.997,9.654,9.547,10.35,10.357,10.531,10.374,10.304,10.102,9.821,10.166,10.101,9.867,10.137,10.25,9.777,9.301,9.837,9.922,9.492,9.277,9.023,8.758,8.823,9.408,9.766,9.621,9.751,10.104,10.383,9.815,9.932,10.294,10.59,10.825,11.225,10.793,10.469,10.893,10.7,11.162,11.27,11.179,10.899,10.824,11.173,11.262,10.75,10.676,11.007,11.036,10.779,11.033,11.562,11.761,11.871,8.144,8.0,7.753,7.621,7.773,7.651,7.227,7.109,7.001,6.672,7.056,7.367,7.608,7.901,7.659,7.196,6.655,6.862,7.02,7.284,7.382,7.255,6.962,6.462,6.897,7.243,7.348,7.337,7.424,7.321,9.214,9.142,9.533,9.775,9.893,9.998,10.157,10.122,10.277,10.418,10.612,10.675,10.692,10.602,10.259,10.329,10.044,10.412,10.526,10.553,10.412,10.021,9.962,9.735,10.071,10.388,10.421,10.495,10.09,10.231,10.402,11.516,11.442,11.509,11.302,10.942,11.161,11.263,11.305,11.235,10.837,10.168,9.228,9.048,9.675,9.958,10.214,10.358,10.581,10.227,10.452,10.688,10.774,10.924,10.693,10.392,9.686,9.714,9.856,9.888,9.646,9.718,9.541,9.237,9.333,9.273,9.685,9.962,10.124,9.996,9.659,10.151,10.331,10.351,10.251,10.385,10.367,9.838,9.916,10.313,10.536,10.605,10.868,10.595,10.104,10.471,10.678,10.652,10.548,10.754,10.91,10.541
Guntur_61,5.331,5.368,5.469,5.483,5.279,5.309,5.425,5.432,5.323,5.264,5.36,5.362,5.427,5.331,5.176,5.148,5.388,5.364,5.147,5.366,5.405,5.285,5.344,5.473,5.533,5.28,5.45,5.529,5.571,5.609,5.563,6.219,5.921,6.11,6.268,6.269,6.264,6.334,6.116,5.982,6.084,6.112,6.175,6.394,6.384,6.447,6.176,6.328,6.457,6.431,6.291,6.072,6.124,5.963,6.163,6.273,6.341,6.265,6.228,6.158,5.814,5.979,6.045,5.95,5.856,5.892,5.972,5.797,5.753,5.335,5.543,5.881,5.917,5.879,5.652,5.85,6.036,6.01,6.662,6.564,6.332,6.23,6.12,6.368,6.594,6.667,6.641,6.606,6.401,6.233,6.219,6.048,6.182,6.225,6.185,5.945,6.244,6.275,6.242,6.283,6.33,6.212,6.065,6.41,6.292,6.248,6.065,6.021,5.962,5.762,6.123,6.155,6.003,6.098,6.162,6.102,5.984,6.205,6.211,6.222,6.115,5.841,5.855,5.769,5.938,5.916,5.988,6.147,6.14,6.102,5.86,5.766,5.815,5.793,5.747,5.779,5.712,5.73,5.364,5.617,5.785,5.607,5.531,5.676,5.764,5.511,5.642,5.738,5.902,5.886,5.752,5.618,3.854,3.902,3.892,3.998,3.968,3.992,3.917,4.164,4.239,4.293,4.241,4.252,4.128,3.987,4.188,4.185,4.25,4.308,4.22,4.193,4.03,4.262,4.372,4.317,4.316,4.169,4.08,3.956,4.143,4.35,0.0,0.0,0.0,0.0,0.0,0.0,0.0,0.0,0.0,0.0,0.0,0.0,0.0,0.0,0.0,0.0,0.0,0.0,0.0,0.0,0.0,0.0,0.0,0.0,0.0,0.0,0.0,0.0,0.0,0.0,0.0,0.0,0.0,0.0,0.0,0.0,0.0,0.0,0.0,0.0,0.0,0.0,0.0,0.0,0.0,0.0,0.0,0.0,0.0,0.0,0.0,0.0,0.0,0.0,0.0,0.0,0.0,0.0,0.0,0.0,0.0,0.0,5.688,5.707,5.709,5.82,5.865,5.557,5.618,5.774,6.032,5.947,5.869,5.682,5.509,5.57,5.664,5.744,5.635,5.594,5.744,5.492,5.59,5.514,5.417,5.589,5.616,5.366,5.189,5.588,5.707,5.66,6.772,6.729,6.928,6.712,6.837,7.042,7.277,7.378,7.38,7.162,6.767,6.837,6.943,6.645,6.761,6.836,6.989,6.808,6.968,6.975,6.949,6.816,6.645,6.635,6.297,6.424,6.756,6.888,7.043,7.175,7.118,5.471,5.662,5.723,5.704,5.646,5.773,5.689,5.461,5.573,5.553,5.514,5.611,5.508,5.014,4.871,4.907,5.23,5.38,5.472,5.513,5.469,5.377,5.639,5.617,5.463,5.147,5.158,5.259,5.353,5.54,6.307,6.4,6.333,6.395,6.356,6.082,6.203,6.31,6.197,6.296,6.351,6.229,6.062,6.234,6.402,6.408,6.468,6.558,6.447,6.357,6.527,6.689,6.774,6.672,6.663,6.766,6.51,6.704,6.776,6.739,6.74,6.728,6.532,6.305,6.478,6.529,6.555,6.466,6.544,6.417,6.393,6.653,6.689,6.665,6.587,6.6,6.732,6.651,6.721,6.945,7.083,7.205,7.168,7.057,6.81,6.872,6.635,6.81,6.896,7.026,7.012,6.806,6.505,6.585,6.638,6.516,6.54,6.492,6.31,6.379,6.527,6.651,6.681,6.685,6.654,6.497,6.601,6.601,6.578,6.519,6.446,6.448,6.34,6.587,6.695,6.794,6.817,6.861,6.829,6.721,7.411,7.449,7.424,7.397,7.562,7.519,7.226,7.396,7.537,7.617,7.54,7.28,7.148,7.144,7.411,7.466,7.579,7.69,7.667,7.586,7.346,7.424,7.239,7.412,7.53,7.426,7.463,7.183,6.772,6.884,7.205,7.426,7.616,7.676,7.511,7.712,7.709,7.716,7.896,7.819,7.801,7.521,7.764,7.813,7.524,7.557,7.619,7.434,7.382,7.528,7.669,7.425,7.278,7.203,7.317,7.17,7.44,7.551,7.52,7.551,7.507,6.777,6.651,6.691,6.723,6.593,6.669,6.81,6.762,6.616,6.745,6.581,6.366,6.182,6.391,6.344,5.871,5.902,5.767,5.78,5.738,5.818,6.02,6.143,6.283,6.183,6.067,6.09,6.323,6.473,6.104,6.408,6.35,6.836,6.969,6.99,6.824,6.507,6.705,6.597,6.578,6.437,6.223,6.208,5.906,6.439,6.47,6.636,6.679,6.727,6.442,6.115,6.625,6.875,7.253,6.967,6.937,6.746,6.909,7.425,7.675,7.511,5.24,5.06,5.074,5.136,5.429,5.531,5.491,5.387,5.307,5.403,5.042,4.987,4.933,4.867,4.951,5.188,5.234,4.748,4.388,4.393,4.302,4.431,4.665,4.566,4.494,4.641,4.599,4.331,4.415,4.392,4.326,9.193,10.039,10.317,10.486,10.849,11.002,11.361,11.292,11.511,11.529,11.549,11.712,11.811,11.517,11.224,10.553,12.025,11.825,11.513,11.428,11.208,10.729,11.187,11.264,11.316,11.412,11.568,11.465,11.05,11.238,11.165,0.0,0.0,0.0,0.0,0.0,0.0,0.0,0.0,0.0,0.0,0.0,0.0,0.0,0.0,0.0,0.0,0.0,0.0,0.0,0.0,0.0,0.0,0.0,0.0,0.0,0.0,0.0,0.0,0.0,0.0,5.97,5.754,5.614,5.872,5.999,6.119,6.121,6.182,6.093,5.9,6.18,6.245,6.255,6.167,5.975,6.051,5.734,5.598,5.843,5.899,5.862,5.826,5.902,5.545,5.77,5.819,5.805,5.762,5.837,5.778,5.685,6.119,6.119,6.051,5.59,5.414,5.791,5.677,5.984,6.145,6.361,6.187,6.32,6.273,6.17,6.253,6.243,6.314,6.369,6.208,6.212,5.946,6.288,6.384,6.422,6.364,6.316,6.228,5.891,6.001,6.029,5.855,5.69,5.803,5.815,5.691,5.88,5.997,5.981,6.046,5.953,5.901,5.657,5.935,6.131,6.114,6.055,6.024,6.015,5.714,6.124,6.307,6.416,6.48,6.528,6.462,6.269,6.401,6.27,6.118,6.054,6.159,6.99,6.723,7.101,7.297,7.407,7.267,7.236,6.985,6.67,6.893,6.932,6.966,7.105,6.97,6.795,6.792,7.116,7.337,7.342,7.306,7.372,6.979,6.867,7.248,7.291,7.06,7.18,7.283,7.313,7.305,7.439,7.377,7.406,7.122,7.245,7.332,7.227,7.355,7.558,7.422,7.265,7.306,7.288,7.2,7.246,7.296,7.402,7.338,7.376,7.312,7.189,7.375,7.353,7.362,7.569,7.409,7.289,7.017,7.327,7.349,7.198,7.156,7.356,7.474,7.291,7.263,7.316,7.388,7.519,7.617,7.599,7.413,7.579,7.629,7.733,7.704,7.275,7.327,7.471,7.682,7.746,7.789,7.86,7.827,7.774,7.533,7.673,7.745,7.888,7.936,8.555,8.546,8.281,8.575,8.663,8.504,8.639,8.589,8.622,8.35,8.517,8.641,8.659,8.575,8.486,8.609,8.215,8.439,8.587,8.523,8.556,8.575,8.565,8.294,8.584,8.686,8.774,8.716,8.638,8.415,7.594,7.781,7.754,7.938,7.93,8.14,8.09,7.728,7.847,7.726,7.76,7.75,7.678,7.603,7.394,7.694,7.878,8.098,8.02,7.685,7.009,6.513,6.434,7.005,7.527,7.574,7.461,7.396,7.333,7.744,7.856,6.554,6.62,6.612,6.538,6.378,6.554,6.597,6.458,6.397,6.552,6.487,6.298,6.607,6.7,6.521,6.376,6.283,6.132,5.692,5.708,5.756,6.214,6.456,6.381,6.254,6.072,6.426,6.517,6.256,5.825,5.764,5.861,5.713,6.141,6.168,6.16,6.181,6.064,5.81,5.443,5.65,5.663,5.751,5.666,5.68,5.692,5.445,5.858,5.948,5.842,5.484,5.65,5.505,5.116,5.505,5.866,5.933,5.886,5.991,5.796,5.451,7.062,7.242,7.541,7.535,7.273,7.058,6.714,6.879,6.872,6.868,6.473,6.824,7.083,6.603,6.262,6.707,7.093,7.337,7.249,7.157,6.849,7.222,7.403,7.336,7.459,7.702,7.451,7.134,7.65,7.85,7.799,8.166,8.244,8.201,7.72,8.114,8.242,8.275,8.163,7.951,7.751,7.238,7.353,7.384,7.388,7.275,6.913,7.148,7.2,7.606,7.593,7.499,7.187,7.073,6.979,7.002,7.623,7.682,7.656,7.766,7.786,7.681,7.338,7.786,8.021,7.603,7.713,7.676,7.72,7.462,7.699,7.629,7.76,7.768,7.703,7.592,7.33,7.914,7.991,8.004,7.978,7.876,7.668,7.211,6.801,6.658,7.134,7.528,7.682,7.722,7.509,7.588,7.36,7.454,7.389,7.509,7.483,7.328,7.435,7.493,7.495,7.491,7.499,7.274,7.097,7.151,7.34,7.45,7.505,7.572,7.596,7.301,7.568,7.674,7.657,7.653,7.655,7.663,7.494,7.686,7.592,7.6,5.996,6.084,6.094,5.881,6.006,6.144,6.217,6.066,6.022,5.789,5.635,5.932,5.942,5.978,6.089,6.211,6.257,6.117,6.357,6.378,6.329,6.355,6.459,6.418,6.198,6.323,6.442,6.545,6.568,6.493,6.424,8.168,8.389,8.355,8.215,8.318,8.379,8.428,8.351,8.486,8.498,8.575,8.597,8.646,8.34,8.008,8.234,8.401,8.56,8.484,8.59,8.488,8.242,8.304,8.451,8.388,7.839,8.092,8.332,8.121,8.227,8.237,7.172,7.27,7.502,7.48,7.308,7.356,7.484,7.668,7.563,7.576,7.611,7.258,7.604,7.731,7.632,7.615,7.718,7.667,7.466,7.675,7.746,7.72,7.849,7.913,7.757,7.593,7.92,7.836,7.972,8.002,8.166,8.088,7.772,7.929,7.488,7.306,7.582,8.021,8.115,7.909,8.323,8.363,8.342,8.16,7.711,7.293,6.771,7.291,7.573,7.773,7.931,7.975,8.161,7.849,8.148,8.244,8.286,8.245,7.931,7.022,6.93,7.231,7.533,7.56,7.606,7.72,7.548,7.356,7.662,7.815,7.872,7.968,7.889,7.813,7.529,7.727,7.937,7.857,7.757,7.599,7.391,6.791,7.227,7.566,7.574,7.641,7.631,7.344,6.698,6.412,6.659,6.935,6.95,7.17,7.274,7.005,7.292,7.532,7.615,7.732,7.676,7.564,7.164,7.3,7.574,7.771,7.581,7.921,7.835,7.556,7.757,7.81,7.322,6.971,6.678,6.864,7.146,7.491,7.622,7.45,7.127,7.258,7.545,6.995,7.347,7.421,7.577,7.678,7.618,7.329,7.015,7.304,7.266,7.133,7.229,7.425,7.29,6.941,7.168,7.212,7.331,7.376,7.363,7.129,6.532,6.565,6.764,6.694,6.526,6.379,0.0,0.0,0.0,0.0,0.0,0.0,0.0,0.0,0.0,0.0,0.0,0.0,0.0,0.0,0.0,0.0,0.0,0.0,0.0,0.0,0.0,0.0,0.0,0.0,0.0,0.0,0.0,0.0,0.0,0.0,0.0,11.805,11.63,11.786,12.214,12.551,11.864,12.005,12.443,12.801,13.085,13.568,13.047,12.654,13.167,12.934,13.492,13.622,13.513,13.174,13.084,13.506,13.612,12.994,12.904,13.305,13.34,13.029,13.336,13.976,14.216,14.349,6.735,6.616,6.412,6.303,6.428,6.328,5.977,5.879,5.79,5.518,5.835,6.093,6.292,6.534,6.334,5.951,5.504,5.675,5.806,6.024,6.105,6.0,5.757,5.344,5.704,5.99,6.077,6.068,6.139,6.055,7.289,7.233,7.542,7.733,7.827,7.91,8.036,8.008,8.13,8.242,8.395,8.445,8.459,8.388,8.117,8.171,7.947,8.237,8.328,8.349,8.238,7.928,7.882,7.702,7.967,8.219,8.245,8.303,7.983,8.095,8.229,8.843,8.786,8.837,8.679,8.402,8.57,8.649,8.681,8.627,8.321,7.808,7.086,6.947,7.429,7.647,7.843,7.954,8.125,7.853,8.026,8.208,8.273,8.388,8.211,7.98,7.437,7.459,7.568,7.593,7.407,7.041,6.912,6.692,6.762,6.719,7.017,7.217,7.335,7.242,6.998,7.354,7.485,7.499,7.426,7.524,7.511,7.128,7.184,7.472,7.633,7.684,7.874,7.676,7.32,7.586,7.736,7.717,7.642,7.791,7.904,7.637,7.107,7.236,7.423,7.417,7.44,7.248,6.933,7.169,7.162,7.287,7.33,7.438,7.541,7.203,7.267,7.516,7.591,7.597,7.633,7.689,7.524,7.549,7.655,7.608,7.096,6.632,6.846,7.049,6.87,6.96,6.969,7.298,7.397,7.634,7.612,7.437,7.486,7.615,7.803,7.696,7.709,7.745,7.386,7.738,7.866,7.766,7.749,7.853,7.802,7.597,7.809,7.882,7.856,7.987,8.052,7.893,7.726,8.059,7.974,7.043,7.927,7.957,8.12,8.042,7.728,7.885,7.445,7.265,7.54,7.976,8.069,7.864,8.276,8.316,8.295,8.115,7.667,7.252,6.733,7.25,7.53,7.729,7.886,7.93,8.115,7.805,8.102,8.197,8.239,8.199,7.887,8.204,8.098,8.449,8.802,8.833,8.887,9.02,8.819,8.594,8.953,9.131,9.197,9.31,9.217,9.129,8.797,9.028,9.273,9.18,9.063,8.878,8.635,7.935,8.444,8.84,8.85,8.928,8.917,8.581,7.826,6.421,6.669,6.945,6.96,7.18,7.285,7.015,7.303,7.543,7.626,7.743,7.687,7.575,7.175,7.31,7.585,7.782,7.592,7.932,7.847,7.567,7.768,7.821,7.333,6.981,6.688,6.874,7.157,7.502,7.633,7.461,7.127,7.258,7.545,6.995,7.347,7.421,7.577,7.678,7.618,7.329,7.015,7.304,7.266,7.133,7.229,7.425,7.29,6.941,7.168,7.212,7.331,7.376,7.363,7.129,6.532,6.565,6.764,6.694,6.526,6.379,6.814,6.751,7.213,7.254,7.07,6.825,6.936,6.698,6.624,7.181,7.186,7.307,7.198,7.149,7.009,6.814,7.053,7.008,6.846,7.033,7.112,6.784,6.453,6.825,6.884,6.586,6.437,6.261,6.077,6.122,6.527,6.83,6.729,6.819,7.066,7.262,6.864,6.946,7.199,7.406,7.571,7.85,7.548,7.321,7.618,7.483,7.806,7.882,7.818,7.622,7.57,7.814,7.876,7.518,7.466,7.698,7.718,7.538,7.716,8.086,8.225,8.302,8.144,8.0,7.753,7.621,7.773,7.651,7.227,7.109,7.001,6.672,7.056,7.367,7.608,7.901,7.659,7.196,6.655,6.862,7.02,7.284,7.382,7.255,6.962,6.462,6.897,7.243,7.348,7.337,7.424,7.321,7.289,7.233,7.542,7.733,7.827,7.91,8.036,8.008,8.13,8.242,8.395,8.445,8.459,8.388,8.117,8.171,7.947,8.237,8.328,8.349,8.238,7.928,7.882,7.702,7.967,8.219,8.245,8.303,7.983,8.095,8.229,8.843,8.786,8.837,8.679,8.402,8.57,8.649,8.681,8.627,8.321,7.808,7.086,6.947,7.429,7.647,7.843,7.954,8.125,7.853,8.026,8.208,8.273,8.388,8.211,7.98,7.437,7.459,7.568,7.593,7.407,7.041,6.912,6.692,6.762,6.719,7.017,7.217,7.335,7.242,6.998,7.354,7.485,7.499,7.426,7.524,7.511,7.128,7.184,7.472,7.633,7.684,7.874,7.676,7.32,7.586,7.736,7.717,7.642,7.791,7.904,7.637
Guntur_62,4.101,4.129,4.207,4.217,4.061,4.084,4.173,4.178,4.095,4.049,4.123,4.125,4.175,4.101,3.981,3.96,4.145,4.126,3.959,4.128,4.158,4.065,4.111,4.21,4.256,4.061,4.192,4.253,4.286,4.314,4.279,4.189,3.988,4.116,4.222,4.223,4.219,4.267,4.12,4.029,4.098,4.117,4.16,4.307,4.3,4.342,4.16,4.263,4.35,4.332,4.238,4.09,4.125,4.017,4.152,4.225,4.271,4.22,4.195,4.148,4.545,4.674,4.726,4.652,4.578,4.606,4.669,4.532,4.498,4.171,4.334,4.598,4.626,4.596,4.419,4.573,4.719,4.699,5.208,5.132,4.95,4.871,4.784,4.979,5.155,5.212,5.192,5.164,5.004,4.873,4.862,5.032,5.144,5.179,5.146,4.946,5.195,5.22,5.194,5.227,5.267,5.169,5.046,5.333,5.235,5.198,5.046,5.009,4.96,4.794,5.094,5.121,4.994,5.074,5.127,5.077,4.978,5.162,5.167,5.177,5.088,4.684,4.695,4.627,4.762,4.744,4.802,4.93,4.924,4.894,4.7,4.624,4.664,4.646,4.608,4.635,4.581,4.595,4.302,4.504,4.64,4.496,4.435,4.552,4.623,4.419,4.525,4.602,4.733,4.72,4.613,4.506,3.854,3.902,3.892,3.998,3.968,3.992,3.917,4.164,4.239,4.293,4.241,4.252,4.128,3.987,4.188,4.185,4.25,4.308,4.22,4.193,4.03,4.262,4.372,4.317,4.316,4.169,4.08,3.956,4.143,4.35,0.0,0.0,0.0,0.0,0.0,0.0,0.0,0.0,0.0,0.0,0.0,0.0,0.0,0.0,0.0,0.0,0.0,0.0,0.0,0.0,0.0,0.0,0.0,0.0,0.0,0.0,0.0,0.0,0.0,0.0,0.0,0.0,0.0,0.0,0.0,0.0,0.0,0.0,0.0,0.0,0.0,0.0,0.0,0.0,0.0,0.0,0.0,0.0,0.0,0.0,0.0,0.0,0.0,0.0,0.0,0.0,0.0,0.0,0.0,0.0,0.0,0.0,3.82,3.833,3.834,3.908,3.939,3.732,3.773,3.878,4.051,3.994,3.942,3.816,3.7,3.741,3.804,3.857,3.784,3.757,3.858,3.688,3.754,3.703,3.638,3.753,3.772,3.604,3.485,3.753,3.833,3.801,5.109,5.077,5.227,5.064,5.159,5.313,5.49,5.566,5.568,5.403,5.105,5.158,5.238,5.014,5.101,5.158,5.273,5.137,5.258,5.263,5.243,5.142,5.013,5.006,4.751,4.847,5.097,5.197,5.314,5.413,5.37,3.952,4.09,4.134,4.12,4.078,4.17,4.109,3.944,4.025,4.011,3.983,4.053,3.979,3.622,3.519,3.545,3.777,3.886,3.952,3.982,3.951,3.884,4.073,4.057,3.946,3.718,3.726,3.799,3.866,4.002,4.085,4.145,4.102,4.142,4.117,3.939,4.017,4.087,4.013,4.078,4.113,4.034,3.926,4.037,4.146,4.15,4.189,4.247,4.176,4.117,4.228,4.332,4.387,4.321,4.315,4.382,4.216,4.342,4.389,4.365,4.365,4.931,4.787,4.621,4.747,4.785,4.804,4.739,4.796,4.703,4.685,4.876,4.902,4.885,4.828,4.837,4.934,4.874,4.926,5.09,5.191,5.281,5.253,5.172,4.991,5.036,4.863,4.991,5.054,5.15,5.139,4.988,5.007,5.069,5.109,5.015,5.034,4.997,4.857,4.91,5.024,5.119,5.143,5.145,5.122,5.0,5.081,5.081,5.063,5.018,4.961,4.963,4.88,5.07,5.153,5.229,5.247,5.281,5.256,5.173,5.428,5.456,5.437,5.417,5.539,5.507,5.293,5.417,5.52,5.579,5.522,5.332,5.235,5.233,5.428,5.468,5.551,5.632,5.616,5.556,5.38,5.437,5.302,5.428,5.515,5.439,5.466,5.261,4.96,5.042,5.277,6.349,6.511,6.563,6.422,6.593,6.591,6.597,6.751,6.685,6.67,6.43,6.638,6.68,6.433,6.461,6.514,6.356,6.312,6.437,6.557,6.348,6.223,6.158,6.255,6.13,6.361,6.456,6.429,6.456,6.418,5.216,5.119,5.15,5.175,5.075,5.133,5.242,5.204,5.092,5.192,5.066,4.9,4.758,4.919,4.883,4.519,4.543,4.439,4.449,4.417,4.478,4.633,4.728,4.836,4.759,4.67,4.688,4.866,4.982,4.698,4.932,4.807,5.175,5.276,5.292,5.166,4.926,5.076,4.995,4.98,4.873,4.711,4.7,4.471,4.875,4.898,5.023,5.057,5.093,4.877,4.629,5.015,5.205,5.491,5.275,5.252,5.107,5.23,5.621,5.81,5.686,5.24,5.06,5.074,5.136,5.429,5.531,5.491,5.387,5.307,5.403,5.042,4.987,4.933,4.867,4.951,5.188,5.234,4.748,4.388,4.393,4.302,4.431,4.665,4.566,4.494,4.641,4.599,4.331,4.415,4.392,4.326,9.204,10.051,10.33,10.499,10.862,11.015,11.374,11.305,11.525,11.543,11.563,11.726,11.825,11.531,11.237,10.565,12.039,11.839,11.527,11.442,11.222,10.741,11.2,11.277,11.33,11.426,11.582,11.478,11.063,11.251,11.179,0.0,0.0,0.0,0.0,0.0,0.0,0.0,0.0,0.0,0.0,0.0,0.0,0.0,0.0,0.0,0.0,0.0,0.0,0.0,0.0,0.0,0.0,0.0,0.0,0.0,0.0,0.0,0.0,0.0,0.0,5.764,5.556,5.421,5.67,5.793,5.908,5.911,5.969,5.883,5.697,5.968,6.03,6.04,5.955,5.769,5.843,5.537,5.406,5.642,5.696,5.66,5.625,5.699,5.354,5.572,5.619,5.605,5.564,5.636,5.579,5.49,5.357,5.357,5.297,4.893,4.74,5.069,4.969,5.238,5.38,5.569,5.416,5.533,5.492,5.402,5.474,5.465,5.527,5.576,5.435,5.438,5.205,5.505,5.589,5.622,5.571,5.529,5.452,5.157,5.253,5.278,4.77,4.635,4.728,4.737,4.637,4.791,4.886,4.873,4.926,4.85,4.808,4.609,4.835,4.995,4.981,4.933,4.908,4.9,4.655,4.99,5.138,5.227,5.279,5.318,5.265,5.107,5.215,5.108,4.984,4.933,5.018,5.283,5.081,5.367,5.514,5.598,5.492,5.469,5.279,5.041,5.209,5.239,5.264,5.369,5.268,5.135,5.133,5.378,5.545,5.548,5.521,5.571,5.274,5.189,5.477,5.51,5.335,5.426,5.504,5.526,5.521,5.622,5.407,5.428,5.22,5.31,5.374,5.297,5.391,5.54,5.44,5.325,5.355,5.342,5.277,5.311,5.348,5.425,5.378,5.406,5.359,5.27,5.405,5.389,5.396,5.548,5.43,5.343,5.143,5.37,6.552,6.418,6.38,6.559,6.664,6.501,6.476,6.523,6.588,6.704,6.792,6.775,6.61,6.758,6.802,6.895,6.869,6.486,6.533,6.661,6.85,6.906,6.945,7.008,6.978,6.931,6.717,6.841,6.906,7.033,7.076,7.422,7.414,7.184,7.439,7.516,7.377,7.495,7.452,7.48,7.244,7.389,7.497,7.512,7.439,7.362,7.468,7.127,7.321,7.45,7.394,7.422,7.439,7.43,7.195,7.447,7.535,7.612,7.561,7.494,7.3,6.072,6.221,6.2,6.347,6.341,6.509,6.469,6.179,6.274,6.177,6.205,6.197,6.139,6.079,5.912,6.152,6.299,6.475,6.413,6.145,5.604,5.208,5.145,5.601,6.018,6.057,5.966,5.914,5.863,6.192,6.281,6.554,6.62,6.612,6.538,6.378,6.554,6.597,6.458,6.397,6.552,6.487,6.298,6.607,6.7,6.521,6.376,6.283,6.132,5.692,5.708,5.756,6.214,6.456,6.381,6.254,6.072,6.426,6.517,6.256,5.825,5.764,5.861,5.713,6.141,6.168,6.16,6.181,6.064,5.81,5.443,5.65,5.663,5.751,5.666,5.68,5.692,5.445,5.858,5.948,5.842,5.484,5.65,5.505,5.116,5.505,5.866,5.933,5.886,5.991,5.796,5.451,5.859,6.009,6.257,6.252,6.034,5.855,5.57,5.707,5.701,5.698,5.371,5.662,5.877,5.478,5.195,5.564,5.885,6.087,6.014,5.938,5.682,5.991,6.142,6.087,6.188,6.39,6.182,5.919,6.347,6.513,6.471,5.594,5.648,5.619,5.289,5.559,5.646,5.669,5.593,5.447,5.31,4.958,5.037,5.058,5.061,4.984,4.736,4.897,4.933,5.211,5.202,5.138,4.924,4.845,4.781,4.797,5.222,5.263,5.245,5.32,5.334,4.829,4.612,4.894,5.042,4.779,4.848,4.825,4.853,4.691,4.84,4.796,4.878,4.883,4.842,4.772,4.607,4.975,5.023,5.031,5.015,4.951,4.82,4.533,4.275,4.185,4.485,4.732,4.829,4.854,4.72,4.77,4.802,4.863,4.821,4.899,4.882,4.781,4.851,4.889,4.89,4.888,4.892,4.746,4.63,4.665,4.789,4.861,4.897,4.94,4.956,4.763,4.937,5.007,4.995,4.993,4.995,4.999,4.889,5.015,4.953,4.959,5.91,5.997,6.007,5.796,5.919,6.055,6.127,5.979,5.935,5.706,5.554,5.847,5.856,5.892,6.001,6.122,6.167,6.029,6.266,6.287,6.238,6.264,6.366,6.325,6.109,6.232,6.35,6.451,6.474,6.4,6.332,6.341,6.513,6.486,6.377,6.457,6.505,6.543,6.483,6.588,6.597,6.657,6.674,6.712,6.474,6.217,6.392,6.522,6.645,6.587,6.668,6.59,6.399,6.447,6.561,6.512,6.086,6.282,6.468,6.304,6.387,6.395,5.769,5.847,6.034,6.017,5.878,5.917,6.02,6.168,6.084,6.093,6.122,5.838,6.116,6.218,6.139,6.125,6.208,6.167,6.005,6.173,6.23,6.21,6.313,6.365,6.239,6.107,6.37,6.303,6.035,6.058,6.182,6.123,5.884,6.003,5.669,5.531,5.74,6.072,6.143,5.988,6.301,6.332,6.315,6.178,5.837,5.521,5.126,5.519,5.733,5.885,6.004,6.038,6.179,5.942,6.169,6.241,6.273,6.242,6.005,5.832,5.757,6.006,6.257,6.279,6.318,6.412,6.269,6.11,6.364,6.491,6.538,6.618,6.553,6.49,6.254,6.418,6.592,6.526,6.443,6.312,6.139,5.641,6.003,6.285,6.291,6.347,6.339,6.1,5.563,5.2,5.4,5.624,5.636,5.814,5.899,5.681,5.913,6.108,6.176,6.27,6.225,6.134,5.81,5.92,6.142,6.302,6.148,6.423,6.354,6.128,6.29,6.334,5.938,5.653,5.416,5.566,5.795,6.074,6.181,6.041,5.449,5.55,5.769,5.349,5.618,5.675,5.794,5.871,5.825,5.604,5.364,5.585,5.556,5.454,5.528,5.677,5.574,5.308,5.481,5.515,5.605,5.64,5.63,5.451,4.995,5.02,5.172,5.119,4.99,4.878,0.0,0.0,0.0,0.0,0.0,0.0,0.0,0.0,0.0,0.0,0.0,0.0,0.0,0.0,0.0,0.0,0.0,0.0,0.0,0.0,0.0,0.0,0.0,0.0,0.0,0.0,0.0,0.0,0.0,0.0,0.0,8.41,8.285,8.396,8.701,8.941,8.452,8.553,8.865,9.119,9.322,9.666,9.294,9.015,9.38,9.214,9.612,9.705,9.627,9.385,9.321,9.622,9.697,9.257,9.193,9.479,9.504,9.282,9.5,9.956,10.127,10.222,5.74,5.638,5.465,5.371,5.478,5.392,5.094,5.01,4.935,4.702,4.973,5.193,5.362,5.568,5.398,5.072,4.691,4.836,4.948,5.134,5.203,5.113,4.907,4.554,4.861,5.105,5.179,5.171,5.232,5.16,5.722,5.678,5.921,6.07,6.144,6.209,6.308,6.286,6.382,6.47,6.59,6.629,6.64,6.584,6.371,6.414,6.238,6.466,6.537,6.554,6.466,6.223,6.187,6.045,6.254,6.451,6.472,6.518,6.266,6.354,6.46,6.904,6.86,6.9,6.776,6.56,6.691,6.752,6.777,6.735,6.497,6.096,5.532,5.424,5.8,5.97,6.123,6.21,6.344,6.131,6.266,6.408,6.459,6.549,6.411,6.23,5.807,5.824,5.909,5.928,5.783,5.147,5.053,4.892,4.943,4.911,5.129,5.276,5.362,5.294,5.115,5.376,5.471,5.482,5.429,5.5,5.49,5.21,5.252,5.462,5.58,5.617,5.755,5.611,5.351,5.545,5.655,5.641,5.586,5.695,5.778,5.583,5.145,5.238,5.373,5.369,5.386,5.247,5.019,5.189,5.184,5.275,5.306,5.384,5.458,5.214,5.26,5.44,5.495,5.499,5.526,5.566,5.446,5.464,5.541,5.507,5.137,4.8,4.956,5.102,4.973,5.038,5.044,5.49,5.565,5.743,5.726,5.595,5.631,5.729,5.87,5.79,5.799,5.826,5.556,5.821,5.918,5.842,5.829,5.908,5.869,5.715,5.875,5.929,5.91,6.008,6.057,5.938,5.812,6.063,5.999,5.299,6.089,6.112,6.237,6.178,5.936,6.057,5.719,5.58,5.792,6.126,6.198,6.041,6.357,6.388,6.371,6.233,5.889,5.571,5.172,5.569,5.784,5.937,6.057,6.092,6.234,5.995,6.224,6.297,6.329,6.298,6.058,6.272,6.191,6.459,6.729,6.753,6.795,6.896,6.742,6.571,6.845,6.981,7.032,7.118,7.047,6.98,6.725,6.902,7.09,7.018,6.929,6.788,6.602,6.067,6.456,6.759,6.766,6.826,6.817,6.56,5.983,5.753,5.975,6.222,6.236,6.433,6.527,6.285,6.543,6.758,6.833,6.937,6.887,6.787,6.428,6.55,6.796,6.972,6.802,7.107,7.03,6.78,6.96,7.008,6.57,6.255,5.992,6.159,6.412,6.721,6.839,6.685,5.449,5.55,5.769,5.349,5.618,5.675,5.794,5.871,5.825,5.604,5.364,5.585,5.556,5.454,5.528,5.677,5.574,5.308,5.481,5.515,5.605,5.64,5.63,5.451,4.995,5.02,5.172,5.119,4.99,4.878,6.105,6.048,6.463,6.499,6.335,6.115,6.215,6.002,5.935,6.434,6.438,6.547,6.449,6.406,6.28,6.106,6.32,6.279,6.134,6.302,6.372,6.078,5.782,6.115,6.168,5.901,5.767,5.609,5.444,5.485,5.848,5.058,4.983,5.05,5.233,5.377,5.083,5.144,5.331,5.484,5.606,5.813,5.59,5.422,5.641,5.541,5.781,5.836,5.79,5.644,5.606,5.786,5.832,5.567,5.529,5.7,5.715,5.582,5.714,5.988,6.091,6.148,4.883,4.796,4.648,4.569,4.66,4.587,4.333,4.262,4.197,4.0,4.23,4.417,4.561,4.737,4.592,4.314,3.99,4.114,4.209,4.367,4.425,4.35,4.174,3.874,4.135,4.343,4.406,4.399,4.451,4.389,5.722,5.678,5.921,6.07,6.144,6.209,6.308,6.286,6.382,6.47,6.59,6.629,6.64,6.584,6.371,6.414,6.238,6.466,6.537,6.554,6.466,6.223,6.187,6.045,6.254,6.451,6.472,6.518,6.266,6.354,6.46,6.904,6.86,6.9,6.776,6.56,6.691,6.752,6.777,6.735,6.497,6.096,5.532,5.424,5.8,5.97,6.123,6.21,6.344,6.131,6.266,6.408,6.459,6.549,6.411,6.23,5.807,5.824,5.909,5.928,5.783,5.147,5.053,4.892,4.943,4.911,5.129,5.276,5.362,5.294,5.115,5.376,5.471,5.482,5.429,5.5,5.49,5.21,5.252,5.462,5.58,5.617,5.755,5.611,5.351,5.545,5.655,5.641,5.586,5.695,5.778,5.583
Guntur_63,3.836,3.862,3.935,3.945,3.798,3.82,3.903,3.908,3.83,3.787,3.857,3.858,3.905,3.836,3.724,3.704,3.877,3.86,3.703,3.861,3.889,3.802,3.845,3.938,3.981,3.799,3.921,3.978,4.009,4.036,4.003,4.254,4.05,4.179,4.288,4.288,4.285,4.332,4.183,4.091,4.162,4.181,4.224,4.374,4.367,4.409,4.225,4.328,4.417,4.399,4.303,4.154,4.189,4.079,4.216,4.291,4.337,4.285,4.26,4.212,4.323,4.446,4.495,4.425,4.355,4.382,4.441,4.311,4.278,3.968,4.122,4.373,4.4,4.372,4.203,4.35,4.488,4.47,4.954,4.882,4.709,4.633,4.551,4.736,4.904,4.958,4.938,4.913,4.76,4.635,4.625,4.991,5.102,5.137,5.104,4.906,5.153,5.178,5.151,5.185,5.224,5.126,5.004,5.289,5.193,5.156,5.005,4.968,4.92,4.755,5.052,5.079,4.954,5.032,5.085,5.036,4.938,5.12,5.125,5.135,5.046,4.407,4.418,4.353,4.481,4.464,4.518,4.638,4.633,4.604,4.422,4.351,4.388,4.371,4.336,4.361,4.31,4.324,4.048,4.238,4.365,4.231,4.173,4.282,4.349,4.158,4.257,4.329,4.453,4.441,4.34,4.239,2.85,2.886,2.878,2.957,2.935,2.953,2.897,3.08,3.135,3.176,3.137,3.145,3.053,2.949,3.098,3.095,3.144,3.187,3.121,3.101,2.981,3.152,3.233,3.193,3.192,3.084,3.018,2.926,3.064,3.218,275.706,278.029,276.933,260.115,234.596,246.744,263.361,262.292,267.428,267.076,251.449,234.682,271.11,284.17,274.541,271.016,274.717,278.346,263.34,259.363,252.661,269.035,271.32,273.198,268.684,261.115,271.722,280.351,275.855,272.684,277.602,269.96,260.833,255.846,255.953,253.594,246.52,262.198,274.032,266.614,266.758,262.69,248.63,249.96,247.179,246.373,240.314,259.152,263.355,252.633,249.991,250.878,249.289,240.667,250.859,259.055,265.717,259.596,258.548,255.89,241.977,257.355,3.689,3.702,3.703,3.775,3.804,3.605,3.644,3.745,3.913,3.857,3.807,3.685,3.573,3.613,3.674,3.725,3.655,3.628,3.726,3.562,3.626,3.576,3.513,3.625,3.642,3.48,3.365,3.625,3.702,3.671,4.538,4.509,4.642,4.497,4.582,4.719,4.876,4.944,4.945,4.799,4.534,4.581,4.652,4.453,4.53,4.581,4.683,4.562,4.669,4.674,4.656,4.567,4.452,4.446,4.22,4.304,4.527,4.615,4.719,4.808,4.769,3.913,4.05,4.094,4.08,4.039,4.13,4.07,3.906,3.986,3.972,3.944,4.013,3.94,3.587,3.484,3.51,3.741,3.848,3.914,3.943,3.912,3.846,4.034,4.018,3.907,3.682,3.69,3.762,3.829,3.963,4.08,4.139,4.096,4.136,4.111,3.934,4.012,4.081,4.008,4.073,4.108,4.029,3.921,4.032,4.141,4.145,4.184,4.242,4.17,4.111,4.222,4.326,4.381,4.316,4.31,4.377,4.21,4.336,4.383,4.359,4.359,4.656,4.52,4.363,4.483,4.518,4.536,4.475,4.528,4.441,4.424,4.604,4.629,4.613,4.558,4.567,4.659,4.602,4.651,4.806,4.902,4.986,4.96,4.884,4.713,4.755,4.592,4.713,4.772,4.862,4.853,4.71,4.164,4.215,4.249,4.171,4.186,4.155,4.039,4.083,4.178,4.257,4.277,4.279,4.259,4.158,4.225,4.225,4.21,4.173,4.126,4.127,4.058,4.216,4.285,4.349,4.363,4.392,4.371,4.302,5.095,5.121,5.104,5.085,5.199,5.169,4.968,5.085,5.182,5.237,5.183,5.005,4.914,4.912,5.095,5.133,5.211,5.287,5.271,5.215,5.05,5.104,4.977,5.095,5.177,5.105,5.131,4.938,4.656,4.733,4.953,5.452,5.592,5.636,5.516,5.663,5.661,5.666,5.798,5.742,5.728,5.523,5.701,5.737,5.525,5.549,5.595,5.458,5.421,5.528,5.631,5.452,5.344,5.289,5.372,5.265,5.463,5.545,5.521,5.545,5.512,4.604,4.518,4.545,4.567,4.479,4.53,4.626,4.593,4.494,4.582,4.471,4.325,4.2,4.342,4.31,3.988,4.009,3.917,3.927,3.898,3.952,4.089,4.173,4.268,4.2,4.121,4.137,4.295,4.397,4.147,4.353,5.053,5.44,5.546,5.563,5.43,5.178,5.336,5.25,5.235,5.122,4.952,4.94,4.7,5.124,5.149,5.28,5.315,5.353,5.126,4.866,5.272,5.471,5.771,5.544,5.52,5.368,5.498,5.908,6.108,5.977,3.309,3.195,3.204,3.243,3.428,3.492,3.467,3.401,3.351,3.412,3.183,3.149,3.115,3.073,3.126,3.276,3.305,2.998,2.771,2.774,2.717,2.798,2.946,2.883,2.838,2.93,2.904,2.735,2.788,2.773,2.731,5.683,6.206,6.378,6.483,6.707,6.801,7.023,6.98,7.116,7.127,7.14,7.24,7.302,7.12,6.939,6.524,7.434,7.31,7.117,7.065,6.929,6.633,6.916,6.963,6.996,7.055,7.151,7.087,6.831,6.947,6.902,0.0,0.0,0.0,0.0,0.0,0.0,0.0,0.0,0.0,0.0,0.0,0.0,0.0,0.0,0.0,0.0,0.0,0.0,0.0,0.0,0.0,0.0,0.0,0.0,0.0,0.0,0.0,0.0,0.0,0.0,4.411,4.251,4.148,4.339,4.433,4.521,4.523,4.568,4.502,4.359,4.566,4.614,4.622,4.557,4.414,4.471,4.237,4.136,4.317,4.358,4.331,4.304,4.36,4.097,4.263,4.299,4.289,4.257,4.312,4.269,4.2,4.276,4.276,4.228,3.906,3.783,4.046,3.967,4.181,4.294,4.445,4.323,4.416,4.383,4.312,4.369,4.362,4.412,4.451,4.338,4.341,4.155,4.394,4.461,4.487,4.447,4.414,4.352,4.116,4.193,4.213,3.976,3.864,3.941,3.949,3.865,3.993,4.073,4.061,4.106,4.043,4.007,3.841,4.03,4.164,4.152,4.112,4.091,4.084,3.88,4.159,4.283,4.357,4.4,4.433,4.388,4.257,4.347,4.258,4.154,4.111,4.183,4.34,4.174,4.409,4.53,4.599,4.512,4.493,4.337,4.141,4.28,4.304,4.325,4.411,4.328,4.219,4.217,4.418,4.555,4.558,4.536,4.577,4.333,4.263,4.5,4.527,4.383,4.458,4.522,4.54,4.536,4.619,5.153,5.173,4.975,5.06,5.121,5.048,5.137,5.279,5.184,5.075,5.103,5.09,5.029,5.061,5.096,5.17,5.125,5.152,5.107,5.022,5.151,5.136,5.142,5.287,5.175,5.091,4.901,5.118,5.421,5.31,5.278,5.426,5.513,5.379,5.357,5.396,5.45,5.546,5.619,5.605,5.468,5.591,5.627,5.704,5.682,5.366,5.405,5.511,5.667,5.713,5.746,5.798,5.773,5.734,5.557,5.66,5.713,5.819,5.854,6.851,6.843,6.631,6.867,6.938,6.81,6.918,6.878,6.904,6.686,6.821,6.92,6.934,6.867,6.796,6.894,6.579,6.758,6.877,6.825,6.852,6.867,6.859,6.642,6.874,6.955,7.026,6.98,6.917,6.738,5.903,6.048,6.027,6.171,6.164,6.328,6.289,6.007,6.1,6.005,6.032,6.025,5.968,5.91,5.747,5.98,6.124,6.295,6.235,5.974,5.448,5.063,5.002,5.445,5.851,5.888,5.799,5.749,5.7,6.019,6.107,5.418,5.473,5.466,5.405,5.273,5.418,5.454,5.339,5.288,5.417,5.363,5.207,5.462,5.539,5.391,5.271,5.194,5.069,4.705,4.719,4.759,5.138,5.337,5.275,5.17,5.02,5.312,5.387,5.172,4.816,4.765,4.846,4.723,5.077,5.099,5.093,5.11,5.014,4.804,4.5,4.671,4.682,4.755,4.684,4.696,4.705,4.502,4.843,4.917,4.83,4.534,4.671,4.551,4.229,4.551,4.849,4.905,4.866,4.953,4.791,4.506,3.821,3.919,4.08,4.077,3.935,3.819,3.633,3.722,3.718,3.716,3.503,3.693,3.833,3.573,3.388,3.629,3.838,3.97,3.922,3.873,3.706,3.907,4.006,3.969,4.036,4.168,4.031,3.86,4.139,4.248,4.22,5.504,5.557,5.528,5.203,5.469,5.555,5.578,5.502,5.359,5.224,4.878,4.956,4.977,4.98,4.904,4.66,4.818,4.853,5.127,5.118,5.055,4.844,4.767,4.704,4.72,5.138,5.178,5.16,5.234,5.248,4.273,4.082,4.331,4.462,4.23,4.291,4.27,4.294,4.151,4.283,4.244,4.317,4.321,4.285,4.223,4.077,4.403,4.445,4.453,4.438,4.381,4.265,4.011,3.783,3.704,3.969,4.188,4.274,4.296,4.177,4.221,4.863,4.926,4.883,4.962,4.945,4.842,4.913,4.951,4.953,4.95,4.955,4.807,4.689,4.725,4.85,4.923,4.96,5.003,5.019,4.824,5.001,5.071,5.06,5.057,5.059,5.063,4.952,5.079,5.017,5.022,4.871,4.943,4.951,4.777,4.879,4.991,5.05,4.928,4.892,4.703,4.578,4.819,4.827,4.856,4.947,5.046,5.083,4.969,5.165,5.182,5.142,5.163,5.247,5.214,5.035,5.137,5.234,5.317,5.336,5.275,5.219,5.196,5.337,5.315,5.226,5.292,5.33,5.362,5.313,5.399,5.406,5.455,5.469,5.501,5.306,5.094,5.238,5.344,5.446,5.397,5.464,5.4,5.243,5.283,5.376,5.336,4.987,5.148,5.301,5.166,5.234,5.24,4.956,5.023,5.184,5.169,5.05,5.083,5.171,5.299,5.226,5.235,5.259,5.016,5.254,5.342,5.274,5.262,5.333,5.298,5.159,5.303,5.352,5.335,5.423,5.468,5.36,5.247,5.473,5.415,5.099,5.118,5.223,5.173,4.971,5.071,4.789,4.673,4.85,5.13,5.19,5.058,5.323,5.349,5.335,5.219,4.932,4.665,4.331,4.663,4.843,4.972,5.072,5.101,5.22,5.02,5.211,5.272,5.299,5.274,5.073,5.093,5.027,5.245,5.464,5.483,5.517,5.599,5.475,5.335,5.558,5.668,5.71,5.78,5.722,5.668,5.461,5.605,5.757,5.699,5.627,5.512,5.361,4.926,5.242,5.488,5.494,5.543,5.536,5.327,4.858,4.575,4.751,4.947,4.959,5.115,5.19,4.998,5.202,5.373,5.433,5.516,5.476,5.396,5.111,5.208,5.404,5.544,5.408,5.651,5.59,5.391,5.534,5.572,5.224,4.973,4.764,4.897,5.098,5.344,5.437,5.315,5.207,5.303,5.512,5.111,5.368,5.422,5.536,5.61,5.566,5.355,5.126,5.336,5.309,5.211,5.282,5.425,5.326,5.072,5.237,5.269,5.356,5.389,5.38,5.209,4.773,4.796,4.942,4.891,4.768,4.661,0.0,0.0,0.0,0.0,0.0,0.0,0.0,0.0,0.0,0.0,0.0,0.0,0.0,0.0,0.0,0.0,0.0,0.0,0.0,0.0,0.0,0.0,0.0,0.0,0.0,0.0,0.0,0.0,0.0,0.0,0.0,6.753,6.653,6.743,6.987,7.18,6.787,6.868,7.119,7.323,7.486,7.762,7.464,7.239,7.533,7.399,7.719,7.793,7.731,7.537,7.485,7.727,7.788,7.434,7.382,7.612,7.632,7.454,7.629,7.996,8.133,8.209,5.771,5.668,5.494,5.4,5.507,5.421,5.121,5.037,4.961,4.727,4.999,5.22,5.391,5.598,5.427,5.099,4.716,4.862,4.974,5.161,5.23,5.141,4.933,4.579,4.887,5.132,5.207,5.199,5.26,5.187,4.919,4.881,5.09,5.219,5.282,5.338,5.423,5.404,5.487,5.562,5.665,5.699,5.708,5.66,5.477,5.514,5.363,5.559,5.62,5.634,5.559,5.35,5.319,5.197,5.377,5.546,5.564,5.603,5.387,5.462,5.553,5.942,5.903,5.938,5.831,5.645,5.758,5.811,5.833,5.796,5.591,5.246,4.761,4.668,4.992,5.138,5.27,5.344,5.459,5.276,5.393,5.515,5.559,5.636,5.517,5.362,4.997,5.012,5.085,5.102,4.977,4.448,4.366,4.227,4.271,4.244,4.432,4.559,4.633,4.575,4.42,4.646,4.728,4.737,4.691,4.753,4.744,4.502,4.538,4.72,4.822,4.854,4.974,4.849,4.624,4.792,4.887,4.875,4.828,4.922,4.993,4.824,4.767,4.853,4.979,4.975,4.991,4.862,4.651,4.809,4.804,4.888,4.917,4.989,5.058,4.831,4.874,5.041,5.092,5.096,5.12,5.157,5.047,5.063,5.135,5.103,4.76,4.448,4.592,4.728,4.608,4.669,4.674,4.602,4.664,4.813,4.799,4.689,4.72,4.802,4.92,4.853,4.861,4.883,4.657,4.879,4.96,4.897,4.886,4.952,4.919,4.79,4.924,4.97,4.953,5.036,5.077,4.977,4.872,5.082,5.028,4.441,5.633,5.654,5.77,5.715,5.491,5.603,5.291,5.162,5.357,5.667,5.734,5.588,5.881,5.909,5.894,5.766,5.448,5.153,4.784,5.151,5.351,5.492,5.603,5.635,5.766,5.546,5.757,5.825,5.854,5.826,5.604,5.71,5.636,5.88,6.126,6.147,6.185,6.277,6.138,5.981,6.231,6.355,6.401,6.48,6.415,6.354,6.122,6.284,6.454,6.389,6.308,6.179,6.01,5.523,5.877,6.153,6.159,6.214,6.206,5.972,5.447,4.854,5.041,5.249,5.261,5.427,5.507,5.303,5.52,5.701,5.765,5.853,5.81,5.725,5.423,5.526,5.733,5.882,5.739,5.996,5.931,5.72,5.871,5.912,5.543,5.277,5.055,5.196,5.41,5.67,5.769,5.639,5.207,5.303,5.512,5.111,5.368,5.422,5.536,5.61,5.566,5.355,5.126,5.336,5.309,5.211,5.282,5.425,5.326,5.072,5.237,5.269,5.356,5.389,5.38,5.209,4.773,4.796,4.942,4.891,4.768,4.661,5.151,5.103,5.452,5.483,5.344,5.159,5.243,5.063,5.007,5.428,5.431,5.523,5.441,5.404,5.298,5.151,5.331,5.297,5.175,5.316,5.375,5.128,4.878,5.159,5.203,4.978,4.865,4.732,4.593,4.627,4.934,4.735,4.665,4.727,4.899,5.034,4.759,4.815,4.991,5.134,5.248,5.442,5.233,5.076,5.281,5.188,5.412,5.464,5.42,5.284,5.248,5.417,5.46,5.212,5.176,5.337,5.351,5.226,5.349,5.606,5.702,5.756,4.883,4.796,4.648,4.569,4.66,4.587,4.333,4.262,4.197,4.0,4.23,4.417,4.561,4.737,4.592,4.314,3.99,4.114,4.209,4.367,4.425,4.35,4.174,3.874,4.135,4.343,4.406,4.399,4.451,4.389,4.919,4.881,5.09,5.219,5.282,5.338,5.423,5.404,5.487,5.562,5.665,5.699,5.708,5.66,5.477,5.514,5.363,5.559,5.62,5.634,5.559,5.35,5.319,5.197,5.377,5.546,5.564,5.603,5.387,5.462,5.553,5.942,5.903,5.938,5.831,5.645,5.758,5.811,5.833,5.796,5.591,5.246,4.761,4.668,4.992,5.138,5.27,5.344,5.459,5.276,5.393,5.515,5.559,5.636,5.517,5.362,4.997,5.012,5.085,5.102,4.977,4.448,4.366,4.227,4.271,4.244,4.432,4.559,4.633,4.575,4.42,4.646,4.728,4.737,4.691,4.753,4.744,4.502,4.538,4.72,4.822,4.854,4.974,4.849,4.624,4.792,4.887,4.875,4.828,4.922,4.993,4.824
Guntur_64,5.413,5.45,5.553,5.567,5.36,5.391,5.508,5.515,5.405,5.345,5.442,5.445,5.511,5.413,5.255,5.227,5.471,5.447,5.226,5.449,5.488,5.366,5.426,5.557,5.618,5.361,5.533,5.614,5.657,5.695,5.648,5.078,4.834,4.989,5.118,5.119,5.114,5.171,4.993,4.884,4.967,4.99,5.042,5.221,5.212,5.263,5.043,5.167,5.272,5.25,5.136,4.958,5.0,4.869,5.032,5.121,5.177,5.115,5.085,5.027,4.982,5.124,5.181,5.099,5.019,5.049,5.118,4.968,4.931,4.572,4.751,5.04,5.071,5.038,4.844,5.013,5.172,5.151,5.709,5.626,5.426,5.339,5.245,5.458,5.651,5.714,5.691,5.661,5.485,5.342,5.33,5.516,5.638,5.677,5.64,5.421,5.694,5.722,5.693,5.73,5.773,5.665,5.53,5.845,5.738,5.697,5.531,5.49,5.437,5.255,5.583,5.613,5.474,5.561,5.619,5.565,5.457,5.658,5.664,5.674,5.576,5.418,5.43,5.351,5.508,5.487,5.554,5.702,5.695,5.66,5.435,5.348,5.394,5.373,5.33,5.36,5.298,5.315,4.975,5.209,5.366,5.2,5.129,5.264,5.346,5.111,5.233,5.322,5.474,5.459,5.335,5.211,3.876,3.925,3.915,4.022,3.991,4.016,3.94,4.189,4.264,4.319,4.266,4.277,4.153,4.011,4.213,4.209,4.275,4.334,4.245,4.218,4.054,4.287,4.397,4.343,4.342,4.194,4.104,3.98,4.168,4.376,275.706,278.029,276.933,260.115,234.596,246.744,263.361,262.292,267.428,267.076,251.449,234.682,271.11,284.17,274.541,271.016,274.717,278.346,263.34,259.363,252.661,269.035,271.32,273.198,268.684,261.115,271.722,280.351,275.855,272.684,277.602,269.96,260.833,255.846,255.953,253.594,246.52,262.198,274.032,266.614,266.758,262.69,248.63,249.96,247.179,246.373,240.314,259.152,263.355,252.633,249.991,250.878,249.289,240.667,250.859,259.055,265.717,259.596,258.548,255.89,241.977,257.355,3.857,3.87,3.872,3.947,3.977,3.769,3.81,3.916,4.091,4.033,3.98,3.853,3.736,3.777,3.841,3.895,3.821,3.793,3.896,3.724,3.791,3.739,3.673,3.79,3.808,3.639,3.519,3.79,3.87,3.838,5.69,5.654,5.821,5.639,5.745,5.917,6.113,6.198,6.2,6.017,5.685,5.744,5.833,5.583,5.68,5.744,5.872,5.72,5.855,5.86,5.838,5.726,5.582,5.575,5.291,5.397,5.676,5.787,5.917,6.028,5.98,4.245,4.394,4.441,4.426,4.381,4.48,4.415,4.237,4.324,4.309,4.279,4.354,4.274,3.891,3.78,3.808,4.058,4.175,4.246,4.278,4.244,4.173,4.376,4.358,4.239,3.994,4.003,4.081,4.153,4.299,4.788,4.858,4.808,4.855,4.825,4.617,4.709,4.79,4.704,4.78,4.821,4.729,4.602,4.732,4.86,4.865,4.91,4.979,4.895,4.826,4.955,5.078,5.142,5.065,5.058,5.137,4.942,5.09,5.144,5.116,5.117,5.308,5.154,4.975,5.111,5.151,5.171,5.101,5.163,5.063,5.044,5.249,5.277,5.259,5.197,5.207,5.312,5.247,5.303,5.48,5.589,5.685,5.655,5.568,5.373,5.422,5.235,5.373,5.441,5.544,5.532,5.37,4.949,5.01,5.05,4.957,4.975,4.938,4.8,4.853,4.966,5.06,5.083,5.085,5.062,4.942,5.021,5.022,5.004,4.959,4.903,4.905,4.823,5.011,5.093,5.168,5.186,5.22,5.195,5.113,5.978,6.008,5.988,5.966,6.1,6.065,5.829,5.966,6.08,6.144,6.082,5.872,5.766,5.763,5.978,6.022,6.114,6.203,6.185,6.119,5.925,5.988,5.839,5.978,6.074,5.99,6.02,5.794,5.463,5.553,5.812,5.272,5.407,5.449,5.333,5.475,5.473,5.478,5.605,5.551,5.538,5.339,5.512,5.547,5.342,5.365,5.409,5.277,5.241,5.345,5.445,5.271,5.167,5.114,5.194,5.09,5.282,5.361,5.338,5.361,5.329,4.9,4.809,4.838,4.861,4.767,4.822,4.924,4.889,4.784,4.877,4.759,4.603,4.47,4.621,4.587,4.245,4.267,4.17,4.179,4.149,4.207,4.352,4.442,4.543,4.47,4.387,4.404,4.571,4.68,4.414,4.633,5.64,6.072,6.19,6.209,6.061,5.78,5.956,5.86,5.843,5.717,5.528,5.514,5.246,5.719,5.747,5.894,5.933,5.975,5.722,5.431,5.884,6.107,6.442,6.188,6.161,5.992,6.137,6.595,6.817,6.671,5.617,5.424,5.44,5.506,5.82,5.929,5.886,5.774,5.689,5.792,5.404,5.346,5.288,5.217,5.307,5.561,5.611,5.09,4.704,4.709,4.612,4.749,5.001,4.895,4.817,4.974,4.93,4.642,4.733,4.708,4.637,5.683,6.206,6.378,6.483,6.707,6.801,7.023,6.98,7.116,7.127,7.14,7.24,7.302,7.12,6.939,6.524,7.434,7.31,7.117,7.065,6.929,6.633,6.916,6.963,6.996,7.055,7.151,7.087,6.831,6.947,6.902,0.0,0.0,0.0,0.0,0.0,0.0,0.0,0.0,0.0,0.0,0.0,0.0,0.0,0.0,0.0,0.0,0.0,0.0,0.0,0.0,0.0,0.0,0.0,0.0,0.0,0.0,0.0,0.0,0.0,0.0,4.422,4.262,4.158,4.35,4.444,4.532,4.534,4.579,4.513,4.37,4.578,4.626,4.633,4.568,4.425,4.482,4.247,4.146,4.328,4.369,4.342,4.315,4.371,4.107,4.274,4.31,4.299,4.268,4.323,4.28,4.211,4.207,4.206,4.159,3.842,3.722,3.981,3.902,4.113,4.224,4.373,4.253,4.344,4.312,4.242,4.299,4.292,4.34,4.378,4.268,4.27,4.088,4.323,4.389,4.415,4.375,4.342,4.281,4.049,4.125,4.144,4.204,4.086,4.167,4.176,4.087,4.223,4.307,4.295,4.341,4.275,4.237,4.062,4.262,4.403,4.39,4.348,4.326,4.319,4.103,4.398,4.529,4.607,4.653,4.687,4.64,4.501,4.597,4.502,4.393,4.348,4.423,4.832,4.647,4.909,5.044,5.12,5.023,5.002,4.828,4.611,4.765,4.792,4.815,4.911,4.818,4.697,4.695,4.919,5.072,5.075,5.05,5.096,4.824,4.747,5.01,5.04,4.88,4.963,5.035,5.055,5.05,5.142,5.224,5.244,5.043,5.13,5.192,5.117,5.208,5.352,5.256,5.145,5.173,5.16,5.098,5.131,5.166,5.241,5.196,5.223,5.177,5.091,5.222,5.207,5.213,5.36,5.246,5.161,4.969,5.188,5.316,5.207,5.176,5.321,5.407,5.275,5.254,5.292,5.344,5.439,5.51,5.497,5.362,5.482,5.518,5.594,5.573,5.262,5.301,5.404,5.557,5.603,5.634,5.686,5.662,5.623,5.449,5.55,5.603,5.706,5.741,6.237,6.231,6.037,6.252,6.316,6.2,6.299,6.262,6.286,6.088,6.21,6.3,6.313,6.252,6.187,6.276,5.99,6.153,6.261,6.214,6.238,6.252,6.244,6.047,6.258,6.332,6.397,6.355,6.298,6.135,6.064,6.214,6.192,6.339,6.333,6.501,6.461,6.172,6.266,6.17,6.197,6.189,6.131,6.072,5.905,6.144,6.291,6.467,6.405,6.137,5.597,5.201,5.138,5.594,6.011,6.049,5.958,5.906,5.856,6.184,6.273,5.418,5.473,5.466,5.405,5.273,5.418,5.454,5.339,5.288,5.417,5.363,5.207,5.462,5.539,5.391,5.271,5.194,5.069,4.705,4.719,4.759,5.138,5.337,5.275,5.17,5.02,5.312,5.387,5.172,4.816,4.765,4.846,4.723,5.077,5.099,5.093,5.11,5.014,4.804,4.5,4.671,4.682,4.755,4.684,4.696,4.705,4.502,4.843,4.917,4.83,4.534,4.671,4.551,4.229,4.551,4.849,4.905,4.866,4.953,4.791,4.506,3.793,3.89,4.05,4.047,3.906,3.79,3.606,3.694,3.691,3.689,3.477,3.665,3.804,3.546,3.363,3.602,3.81,3.941,3.893,3.844,3.678,3.879,3.976,3.94,4.006,4.137,4.002,3.832,4.109,4.216,4.189,5.13,5.179,5.153,4.85,5.098,5.178,5.199,5.129,4.996,4.869,4.547,4.619,4.639,4.641,4.571,4.343,4.491,4.524,4.779,4.77,4.712,4.515,4.443,4.385,4.399,4.789,4.826,4.81,4.879,4.892,4.147,3.961,4.203,4.33,4.105,4.164,4.144,4.168,4.029,4.157,4.119,4.189,4.194,4.158,4.098,3.957,4.273,4.314,4.321,4.307,4.252,4.139,3.893,3.671,3.594,3.852,4.064,4.147,4.169,4.054,4.096,4.888,4.951,4.908,4.987,4.97,4.867,4.938,4.977,4.978,4.975,4.98,4.831,4.713,4.749,4.875,4.948,4.985,5.029,5.045,4.849,5.026,5.097,5.085,5.083,5.084,5.089,4.977,5.105,5.042,5.048,4.521,4.588,4.595,4.434,4.528,4.633,4.688,4.574,4.54,4.365,4.249,4.473,4.48,4.507,4.591,4.683,4.718,4.613,4.794,4.81,4.772,4.792,4.871,4.839,4.673,4.768,4.858,4.935,4.953,4.896,4.844,4.793,4.923,4.903,4.82,4.881,4.917,4.945,4.9,4.98,4.987,5.032,5.045,5.074,4.894,4.699,4.831,4.929,5.023,4.978,5.04,4.981,4.836,4.873,4.959,4.922,4.6,4.748,4.889,4.765,4.828,4.833,4.739,4.803,4.957,4.942,4.829,4.861,4.945,5.067,4.997,5.005,5.029,4.796,5.024,5.108,5.043,5.031,5.099,5.066,4.933,5.071,5.118,5.101,5.186,5.228,5.125,5.017,5.233,5.178,4.951,4.969,5.071,5.023,4.827,4.924,4.65,4.537,4.709,4.981,5.039,4.912,5.169,5.194,5.18,5.068,4.788,4.529,4.205,4.528,4.703,4.827,4.925,4.953,5.068,4.875,5.06,5.12,5.146,5.121,4.926,4.784,4.722,4.927,5.133,5.151,5.183,5.26,5.142,5.012,5.221,5.324,5.363,5.429,5.375,5.324,5.13,5.265,5.408,5.353,5.285,5.177,5.036,4.627,4.924,5.155,5.161,5.206,5.2,5.004,4.563,4.677,4.857,5.058,5.069,5.229,5.306,5.109,5.318,5.493,5.554,5.639,5.598,5.517,5.225,5.324,5.524,5.668,5.529,5.777,5.715,5.511,5.657,5.696,5.341,5.084,4.871,5.006,5.212,5.463,5.559,5.434,5.524,5.625,5.848,5.422,5.694,5.752,5.873,5.951,5.904,5.681,5.437,5.661,5.632,5.528,5.603,5.754,5.65,5.38,5.555,5.59,5.682,5.717,5.707,5.525,5.063,5.088,5.242,5.188,5.058,4.944,0.0,0.0,0.0,0.0,0.0,0.0,0.0,0.0,0.0,0.0,0.0,0.0,0.0,0.0,0.0,0.0,0.0,0.0,0.0,0.0,0.0,0.0,0.0,0.0,0.0,0.0,0.0,0.0,0.0,0.0,0.0,6.753,6.653,6.743,6.987,7.18,6.787,6.868,7.119,7.323,7.486,7.762,7.464,7.239,7.533,7.399,7.719,7.793,7.731,7.537,7.485,7.727,7.788,7.434,7.382,7.612,7.632,7.454,7.629,7.996,8.133,8.209,5.905,5.8,5.621,5.526,5.635,5.547,5.24,5.154,5.076,4.838,5.116,5.342,5.516,5.728,5.553,5.217,4.825,4.975,5.09,5.281,5.352,5.26,5.048,4.685,5.001,5.252,5.328,5.32,5.382,5.308,5.142,5.102,5.321,5.455,5.521,5.58,5.669,5.649,5.735,5.814,5.922,5.957,5.967,5.917,5.726,5.764,5.606,5.811,5.875,5.889,5.811,5.593,5.56,5.433,5.62,5.798,5.816,5.857,5.631,5.71,5.805,5.796,5.759,5.792,5.688,5.507,5.617,5.669,5.69,5.654,5.454,5.118,4.644,4.554,4.87,5.012,5.141,5.213,5.326,5.147,5.261,5.38,5.423,5.498,5.382,5.23,4.875,4.889,4.961,4.977,4.855,4.586,4.503,4.359,4.405,4.377,4.571,4.701,4.778,4.718,4.558,4.791,4.876,4.885,4.838,4.901,4.892,4.643,4.68,4.867,4.972,5.005,5.129,5.0,4.769,4.942,5.039,5.027,4.978,5.075,5.149,4.975,5.075,5.167,5.3,5.296,5.313,5.176,4.951,5.119,5.114,5.203,5.234,5.311,5.384,5.143,5.189,5.366,5.421,5.425,5.451,5.49,5.372,5.39,5.466,5.433,5.067,4.735,4.888,5.033,4.906,4.97,4.976,4.884,4.951,5.109,5.094,4.977,5.01,5.096,5.222,5.151,5.159,5.183,4.943,5.178,5.265,5.198,5.186,5.256,5.221,5.084,5.226,5.275,5.258,5.345,5.389,5.283,5.171,5.394,5.337,4.714,5.664,5.685,5.802,5.746,5.522,5.634,5.32,5.191,5.387,5.699,5.765,5.619,5.913,5.942,5.927,5.798,5.478,5.182,4.811,5.18,5.38,5.523,5.635,5.666,5.798,5.577,5.789,5.857,5.887,5.858,5.635,5.0,4.935,5.149,5.364,5.383,5.416,5.497,5.374,5.238,5.456,5.564,5.605,5.674,5.617,5.564,5.361,5.502,5.651,5.594,5.523,5.411,5.263,4.836,5.146,5.388,5.393,5.441,5.434,5.229,4.769,5.193,5.394,5.616,5.629,5.807,5.892,5.673,5.906,6.1,6.168,6.262,6.217,6.126,5.802,5.912,6.134,6.293,6.14,6.415,6.346,6.12,6.282,6.325,5.93,5.646,5.409,5.559,5.788,6.067,6.173,6.034,5.524,5.625,5.848,5.422,5.694,5.752,5.873,5.951,5.904,5.681,5.437,5.661,5.632,5.528,5.603,5.754,5.65,5.38,5.555,5.59,5.682,5.717,5.707,5.525,5.063,5.088,5.242,5.188,5.058,4.944,5.511,5.459,5.833,5.866,5.718,5.52,5.609,5.417,5.357,5.808,5.811,5.909,5.821,5.782,5.668,5.511,5.704,5.668,5.537,5.688,5.751,5.486,5.219,5.52,5.567,5.326,5.206,5.063,4.914,4.951,5.279,4.735,4.665,4.727,4.899,5.034,4.759,4.815,4.991,5.134,5.248,5.442,5.233,5.076,5.281,5.188,5.412,5.464,5.42,5.284,5.248,5.417,5.46,5.212,5.176,5.337,5.351,5.226,5.349,5.606,5.702,5.756,5.63,5.53,5.359,5.268,5.373,5.289,4.996,4.914,4.839,4.612,4.877,5.093,5.259,5.461,5.294,4.974,4.6,4.743,4.853,5.035,5.102,5.015,4.812,4.467,4.767,5.007,5.079,5.072,5.131,5.061,5.142,5.102,5.321,5.455,5.521,5.58,5.669,5.649,5.735,5.814,5.922,5.957,5.967,5.917,5.726,5.764,5.606,5.811,5.875,5.889,5.811,5.593,5.56,5.433,5.62,5.798,5.816,5.857,5.631,5.71,5.805,5.796,5.759,5.792,5.688,5.507,5.617,5.669,5.69,5.654,5.454,5.118,4.644,4.554,4.87,5.012,5.141,5.213,5.326,5.147,5.261,5.38,5.423,5.498,5.382,5.23,4.875,4.889,4.961,4.977,4.855,4.586,4.503,4.359,4.405,4.377,4.571,4.701,4.778,4.718,4.558,4.791,4.876,4.885,4.838,4.901,4.892,4.643,4.68,4.867,4.972,5.005,5.129,5.0,4.769,4.942,5.039,5.027,4.978,5.075,5.149,4.975
Guntur_65,10.625,10.697,10.899,10.926,10.521,10.581,10.811,10.825,10.609,10.49,10.682,10.686,10.816,10.624,10.315,10.259,10.738,10.69,10.258,10.694,10.772,10.532,10.65,10.907,11.026,10.522,10.86,11.019,11.103,11.178,11.086,11.162,10.626,10.966,11.25,11.251,11.242,11.367,10.976,10.735,10.919,10.97,11.083,11.476,11.457,11.57,11.085,11.357,11.589,11.541,11.29,10.898,10.991,10.702,11.061,11.258,11.381,11.244,11.178,11.051,10.094,10.381,10.496,10.331,10.168,10.23,10.369,10.065,9.989,9.264,9.625,10.211,10.273,10.207,9.814,10.156,10.479,10.435,11.566,11.397,10.994,10.817,10.625,11.057,11.449,11.576,11.53,11.47,11.113,10.822,10.798,12.113,12.381,12.466,12.387,11.906,12.506,12.566,12.502,12.583,12.678,12.441,12.145,12.837,12.602,12.512,12.147,12.058,11.941,11.54,12.262,12.326,12.022,12.213,12.341,12.221,11.983,12.426,12.439,12.461,12.247,10.68,10.705,10.549,10.858,10.817,10.949,11.24,11.227,11.158,10.715,10.543,10.633,10.593,10.507,10.567,10.444,10.478,9.808,10.27,10.578,10.252,10.112,10.377,10.54,10.076,10.316,10.492,10.792,10.762,10.517,10.273,10.854,10.991,10.961,11.261,11.175,11.245,11.033,11.728,11.938,12.092,11.944,11.976,11.627,11.23,11.796,11.786,11.971,12.135,11.886,11.809,11.352,12.003,12.313,12.159,12.157,11.743,11.492,11.144,11.669,12.253,0.0,0.0,0.0,0.0,0.0,0.0,0.0,0.0,0.0,0.0,0.0,0.0,0.0,0.0,0.0,0.0,0.0,0.0,0.0,0.0,0.0,0.0,0.0,0.0,0.0,0.0,0.0,0.0,0.0,0.0,0.0,0.0,0.0,0.0,0.0,0.0,0.0,0.0,0.0,0.0,0.0,0.0,0.0,0.0,0.0,0.0,0.0,0.0,0.0,0.0,0.0,0.0,0.0,0.0,0.0,0.0,0.0,0.0,0.0,0.0,0.0,0.0,13.355,13.401,13.406,13.665,13.772,13.049,13.191,13.557,14.165,13.964,13.782,13.341,12.935,13.078,13.299,13.487,13.231,13.135,13.488,12.895,13.126,12.948,12.719,13.122,13.187,12.6,12.183,13.122,13.401,13.29,9.803,9.741,10.029,9.716,9.898,10.194,10.533,10.68,10.683,10.367,9.795,9.897,10.05,9.62,9.786,9.896,10.117,9.856,10.087,10.097,10.059,9.866,9.618,9.605,9.116,9.299,9.779,9.971,10.195,10.386,10.303,8.082,8.365,8.454,8.426,8.341,8.529,8.405,8.067,8.232,8.204,8.145,8.288,8.137,7.407,7.196,7.249,7.725,7.948,8.083,8.144,8.08,7.944,8.331,8.297,8.07,7.603,7.62,7.769,7.907,8.184,9.249,9.385,9.287,9.378,9.32,8.918,9.096,9.253,9.087,9.233,9.312,9.134,8.889,9.141,9.388,9.397,9.485,9.617,9.454,9.321,9.572,9.808,9.933,9.784,9.77,9.922,9.546,9.831,9.936,9.883,9.883,9.536,9.258,8.937,9.181,9.254,9.29,9.164,9.274,9.095,9.061,9.429,9.48,9.447,9.336,9.354,9.542,9.426,9.526,9.844,10.039,10.212,10.159,10.002,9.652,9.739,9.404,9.652,9.773,9.958,9.938,9.646,10.111,10.236,10.318,10.128,10.166,10.091,9.808,9.916,10.146,10.338,10.385,10.391,10.343,10.098,10.26,10.26,10.224,10.133,10.019,10.022,9.854,10.238,10.406,10.56,10.595,10.665,10.615,10.447,10.407,10.46,10.425,10.387,10.62,10.559,10.148,10.386,10.584,10.697,10.588,10.223,10.038,10.033,10.407,10.484,10.643,10.799,10.767,10.653,10.316,10.425,10.165,10.408,10.575,10.428,10.481,10.087,9.51,9.667,10.118,9.866,10.118,10.198,9.98,10.246,10.242,10.251,10.49,10.389,10.365,9.992,10.315,10.381,9.997,10.04,10.123,9.876,9.808,10.002,10.189,9.865,9.67,9.57,9.721,9.526,9.885,10.033,9.99,10.032,9.973,9.069,8.9,8.954,8.997,8.823,8.924,9.114,9.048,8.854,9.027,8.807,8.52,8.273,8.553,8.49,7.856,7.898,7.717,7.735,7.679,7.786,8.055,8.221,8.408,8.274,8.119,8.15,8.461,8.662,8.169,8.575,9.032,9.724,9.914,9.944,9.707,9.257,9.539,9.385,9.358,9.156,8.853,8.831,8.402,9.16,9.204,9.439,9.502,9.569,9.164,8.699,9.424,9.78,10.317,9.911,9.868,9.596,9.828,10.562,10.918,10.684,0.0,0.0,0.0,0.0,0.0,0.0,0.0,0.0,0.0,0.0,0.0,0.0,0.0,0.0,0.0,0.0,0.0,0.0,0.0,0.0,0.0,0.0,0.0,0.0,0.0,0.0,0.0,0.0,0.0,0.0,0.0,13.92,15.201,15.622,15.878,16.428,16.659,17.202,17.098,17.43,17.457,17.488,17.734,17.885,17.439,16.995,15.979,18.208,17.905,17.433,17.305,16.971,16.245,16.939,17.055,17.135,17.281,17.516,17.36,16.732,17.016,16.906,0.0,0.0,0.0,0.0,0.0,0.0,0.0,0.0,0.0,0.0,0.0,0.0,0.0,0.0,0.0,0.0,0.0,0.0,0.0,0.0,0.0,0.0,0.0,0.0,0.0,0.0,0.0,0.0,0.0,0.0,9.77,9.417,9.188,9.611,9.819,10.014,10.018,10.118,9.972,9.656,10.115,10.22,10.238,10.093,9.778,9.904,9.384,9.162,9.563,9.654,9.593,9.534,9.659,9.074,9.443,9.523,9.5,9.43,9.552,9.456,9.304,8.344,8.343,8.25,7.622,7.382,7.896,7.74,8.159,8.379,8.674,8.436,8.617,8.554,8.414,8.526,8.512,8.609,8.685,8.465,8.47,8.108,8.574,8.705,8.757,8.678,8.613,8.492,8.032,8.182,8.22,8.321,8.085,8.246,8.264,8.088,8.357,8.523,8.499,8.592,8.46,8.386,8.039,8.434,8.713,8.689,8.605,8.56,8.547,8.12,8.703,8.963,9.117,9.208,9.276,9.184,8.909,9.097,8.91,8.694,8.604,8.753,8.644,8.314,8.782,9.023,9.16,8.986,8.949,8.638,8.249,8.524,8.573,8.614,8.786,8.62,8.403,8.399,8.8,9.073,9.079,9.035,9.117,8.631,8.491,8.963,9.017,8.731,8.879,9.007,9.043,9.034,9.2,8.726,8.76,8.424,8.569,8.672,8.548,8.699,8.94,8.779,8.594,8.641,8.62,8.516,8.571,8.63,8.755,8.68,8.724,8.648,8.504,8.723,8.697,8.708,8.953,8.764,8.622,8.3,8.666,9.046,8.861,8.809,9.055,9.201,8.976,8.94,9.006,9.095,9.256,9.376,9.354,9.125,9.33,9.391,9.519,9.483,8.955,9.02,9.197,9.457,9.535,9.588,9.675,9.634,9.569,9.273,9.445,9.534,9.71,9.769,9.697,9.686,9.386,9.72,9.82,9.639,9.792,9.736,9.772,9.464,9.654,9.795,9.815,9.719,9.619,9.757,9.312,9.565,9.733,9.661,9.698,9.72,9.708,9.401,9.729,9.845,9.945,9.879,9.791,9.538,8.77,8.986,8.955,9.168,9.158,9.401,9.343,8.925,9.062,8.922,8.962,8.951,8.866,8.78,8.539,8.885,9.098,9.352,9.262,8.876,8.094,7.522,7.431,8.09,8.692,8.747,8.616,8.541,8.469,8.943,9.072,7.713,7.791,7.782,7.694,7.507,7.713,7.765,7.6,7.528,7.711,7.634,7.412,7.776,7.885,7.674,7.503,7.394,7.217,6.699,6.718,6.775,7.314,7.598,7.509,7.36,7.146,7.563,7.669,7.363,6.856,6.783,6.898,6.723,7.228,7.259,7.25,7.274,7.137,6.838,6.406,6.65,6.665,6.769,6.668,6.685,6.698,6.408,6.894,7.0,6.876,6.455,6.65,6.478,6.021,6.478,6.903,6.982,6.928,7.05,6.821,6.415,6.956,7.133,7.428,7.422,7.163,6.952,6.613,6.775,6.768,6.765,6.376,6.722,6.977,6.504,6.168,6.606,6.987,7.227,7.14,7.05,6.746,7.113,7.292,7.226,7.347,7.587,7.339,7.027,7.535,7.732,7.682,7.341,7.411,7.373,6.94,7.294,7.409,7.439,7.339,7.148,6.968,6.506,6.61,6.638,6.642,6.54,6.215,6.426,6.473,6.838,6.826,6.742,6.461,6.358,6.274,6.295,6.853,6.906,6.882,6.981,6.999,5.838,5.577,5.918,6.096,5.779,5.862,5.834,5.868,5.672,5.852,5.799,5.898,5.904,5.855,5.77,5.571,6.015,6.074,6.084,6.064,5.986,5.828,5.481,5.169,5.061,5.423,5.722,5.839,5.869,5.707,5.767,6.756,6.842,6.783,6.893,6.869,6.726,6.825,6.878,6.88,6.877,6.883,6.677,6.514,6.564,6.737,6.839,6.889,6.95,6.972,6.701,6.947,7.044,7.028,7.025,7.027,7.034,6.879,7.055,6.969,6.977,6.755,6.854,6.866,6.625,6.766,6.921,7.004,6.834,6.784,6.521,6.348,6.683,6.694,6.734,6.86,6.997,7.049,6.891,7.162,7.186,7.13,7.159,7.277,7.23,6.982,7.123,7.258,7.373,7.4,7.315,7.237,6.495,6.671,6.644,6.532,6.614,6.663,6.702,6.641,6.748,6.758,6.819,6.836,6.876,6.632,6.368,6.548,6.68,6.807,6.747,6.831,6.75,6.554,6.604,6.72,6.67,6.234,6.435,6.626,6.458,6.542,6.55,7.283,7.382,7.619,7.596,7.422,7.471,7.6,7.788,7.681,7.693,7.729,7.371,7.722,7.851,7.751,7.733,7.837,7.786,7.582,7.794,7.866,7.84,7.971,8.036,7.878,7.711,8.043,7.958,6.859,6.885,7.026,6.959,6.687,6.823,6.443,6.286,6.524,6.901,6.982,6.805,7.161,7.196,7.177,7.021,6.634,6.275,5.826,6.273,6.516,6.688,6.824,6.862,7.022,6.754,7.011,7.093,7.129,7.095,6.824,7.512,7.415,7.736,8.06,8.088,8.138,8.259,8.075,7.869,8.198,8.361,8.422,8.525,8.44,8.359,8.055,8.267,8.491,8.406,8.299,8.13,7.907,7.266,7.732,8.095,8.103,8.175,8.165,7.857,7.166,6.572,6.825,7.107,7.123,7.348,7.455,7.179,7.473,7.719,7.805,7.924,7.867,7.752,7.343,7.481,7.762,7.964,7.77,8.118,8.03,7.744,7.949,8.004,7.505,7.144,6.844,7.035,7.324,7.677,7.811,7.635,6.305,6.421,6.675,6.188,6.5,6.566,6.704,6.793,6.74,6.484,6.206,6.462,6.428,6.31,6.396,6.569,6.449,6.141,6.341,6.38,6.485,6.525,6.514,6.307,5.779,5.808,5.984,5.922,5.774,5.644,8.588,8.508,9.091,9.143,8.911,8.602,8.742,8.442,8.348,9.051,9.057,9.209,9.072,9.011,8.834,8.589,8.89,8.833,8.629,8.865,8.963,8.55,8.133,8.603,8.676,8.301,8.113,7.891,7.659,7.716,8.227,9.955,9.808,9.94,10.3,10.585,10.005,10.125,10.494,10.795,11.035,11.443,11.003,10.672,11.104,10.907,11.379,11.488,11.396,11.11,11.034,11.39,11.48,10.959,10.883,11.221,11.25,10.988,11.247,11.786,11.989,12.101,8.714,8.56,8.296,8.154,8.316,8.186,7.733,7.606,7.491,7.139,7.549,7.883,8.14,8.453,8.194,7.699,7.121,7.342,7.511,7.793,7.898,7.762,7.449,6.914,7.379,7.75,7.862,7.851,7.943,7.833,7.449,7.391,7.707,7.902,7.998,8.083,8.211,8.183,8.308,8.423,8.579,8.63,8.643,8.571,8.294,8.35,8.12,8.417,8.51,8.531,8.418,8.101,8.054,7.87,8.141,8.398,8.425,8.485,8.157,8.271,8.409,8.116,8.064,8.111,7.965,7.711,7.866,7.937,7.967,7.918,7.637,7.166,6.503,6.376,6.819,7.018,7.198,7.3,7.457,7.207,7.366,7.533,7.593,7.699,7.536,7.324,6.826,6.846,6.946,6.969,6.798,6.247,6.133,5.938,6.0,5.962,6.226,6.404,6.508,6.426,6.209,6.526,6.641,6.654,6.59,6.676,6.664,6.324,6.375,6.63,6.773,6.818,6.986,6.811,6.496,6.731,6.864,6.848,6.781,6.913,7.013,6.777,6.492,6.609,6.78,6.774,6.796,6.62,6.333,6.548,6.541,6.656,6.696,6.794,6.888,6.579,6.637,6.865,6.934,6.939,6.972,7.023,6.872,6.895,6.992,6.949,6.482,6.057,6.253,6.438,6.275,6.358,6.365,7.108,7.205,7.435,7.413,7.243,7.291,7.417,7.6,7.496,7.508,7.543,7.194,7.536,7.662,7.564,7.547,7.649,7.599,7.399,7.606,7.677,7.651,7.779,7.842,7.688,7.525,7.849,7.766,6.86,8.646,8.679,8.857,8.772,8.429,8.6,8.121,7.923,8.224,8.699,8.801,8.578,9.026,9.071,9.047,8.85,8.363,7.91,7.344,7.907,8.213,8.43,8.601,8.649,8.851,8.513,8.837,8.941,8.986,8.943,8.602,7.238,7.144,7.454,7.766,7.793,7.841,7.958,7.78,7.582,7.899,8.056,8.115,8.214,8.132,8.054,7.761,7.965,8.182,8.099,7.996,7.833,7.619,7.001,7.45,7.8,7.808,7.877,7.867,7.571,6.904,6.939,7.206,7.504,7.521,7.759,7.872,7.58,7.891,8.15,8.241,8.366,8.306,8.185,7.753,7.899,8.196,8.409,8.203,8.571,8.479,8.177,8.393,8.451,7.924,7.543,7.226,7.428,7.733,8.106,8.247,8.061,6.305,6.421,6.675,6.188,6.5,6.566,6.704,6.793,6.74,6.484,6.206,6.462,6.428,6.31,6.396,6.569,6.449,6.141,6.341,6.38,6.485,6.525,6.514,6.307,5.779,5.808,5.984,5.922,5.774,5.644,7.363,7.294,7.794,7.838,7.64,7.375,7.495,7.238,7.157,7.76,7.764,7.895,7.777,7.725,7.573,7.363,7.621,7.573,7.397,7.6,7.684,7.33,6.973,7.375,7.438,7.116,6.955,6.765,6.566,6.615,7.053,5.846,5.759,5.837,6.048,6.215,5.875,5.945,6.162,6.339,6.48,6.719,6.461,6.267,6.521,6.405,6.682,6.746,6.692,6.524,6.479,6.688,6.741,6.435,6.39,6.589,6.606,6.452,6.604,6.921,7.04,7.106,7.697,7.561,7.328,7.203,7.346,7.231,6.831,6.719,6.617,6.306,6.669,6.963,7.191,7.467,7.239,6.801,6.29,6.486,6.635,6.884,6.977,6.857,6.58,6.107,6.519,6.846,6.945,6.935,7.016,6.92,7.449,7.391,7.707,7.902,7.998,8.083,8.211,8.183,8.308,8.423,8.579,8.63,8.643,8.571,8.294,8.35,8.12,8.417,8.51,8.531,8.418,8.101,8.054,7.87,8.141,8.398,8.425,8.485,8.157,8.271,8.409,8.116,8.064,8.111,7.965,7.711,7.866,7.937,7.967,7.918,7.637,7.166,6.503,6.376,6.819,7.018,7.198,7.3,7.457,7.207,7.366,7.533,7.593,7.699,7.536,7.324,6.826,6.846,6.946,6.969,6.798,6.247,6.133,5.938,6.0,5.962,6.226,6.404,6.508,6.426,6.209,6.526,6.641,6.654,6.59,6.676,6.664,6.324,6.375,6.63,6.773,6.818,6.986,6.811,6.496,6.731,6.864,6.848,6.781,6.913,7.013,6.777
Guntur_66,8.233,8.29,8.446,8.467,8.153,8.199,8.378,8.389,8.221,8.129,8.278,8.281,8.382,8.233,7.993,7.95,8.321,8.284,7.949,8.287,8.348,8.161,8.253,8.453,8.544,8.154,8.416,8.539,8.604,8.662,8.591,8.861,8.436,8.706,8.931,8.932,8.925,9.024,8.714,8.522,8.668,8.709,8.799,9.11,9.095,9.185,8.8,9.016,9.2,9.163,8.963,8.652,8.726,8.496,8.781,8.937,9.035,8.926,8.874,8.773,8.375,8.614,8.709,8.572,8.437,8.489,8.604,8.351,8.289,7.687,7.986,8.472,8.524,8.469,8.143,8.427,8.695,8.659,9.598,9.457,9.122,8.976,8.817,9.175,9.5,9.606,9.567,9.517,9.221,8.98,8.96,10.081,10.304,10.375,10.309,9.908,10.407,10.458,10.404,10.472,10.55,10.354,10.108,10.683,10.487,10.413,10.109,10.035,9.937,9.604,10.204,10.258,10.005,10.164,10.27,10.171,9.973,10.341,10.352,10.37,10.192,10.143,10.166,10.018,10.311,10.272,10.398,10.674,10.662,10.596,10.175,10.013,10.098,10.06,9.978,10.035,9.918,9.95,9.315,9.753,10.046,9.736,9.603,9.855,10.009,9.569,9.797,9.963,10.249,10.22,9.987,9.756,7.696,7.793,7.772,7.984,7.923,7.973,7.822,8.315,8.465,8.574,8.469,8.492,8.244,7.962,8.364,8.357,8.488,8.604,8.427,8.373,8.049,8.51,8.73,8.621,8.62,8.326,8.148,7.901,8.274,8.688,0.0,0.0,0.0,0.0,0.0,0.0,0.0,0.0,0.0,0.0,0.0,0.0,0.0,0.0,0.0,0.0,0.0,0.0,0.0,0.0,0.0,0.0,0.0,0.0,0.0,0.0,0.0,0.0,0.0,0.0,0.0,0.0,0.0,0.0,0.0,0.0,0.0,0.0,0.0,0.0,0.0,0.0,0.0,0.0,0.0,0.0,0.0,0.0,0.0,0.0,0.0,0.0,0.0,0.0,0.0,0.0,0.0,0.0,0.0,0.0,0.0,0.0,13.355,13.401,13.406,13.665,13.772,13.049,13.191,13.557,14.165,13.964,13.782,13.341,12.935,13.078,13.299,13.487,13.231,13.135,13.488,12.895,13.126,12.948,12.719,13.122,13.187,12.6,12.183,13.122,13.401,13.29,8.244,8.192,8.434,8.171,8.324,8.573,8.858,8.981,8.984,8.719,8.238,8.323,8.452,8.09,8.23,8.322,8.509,8.289,8.483,8.492,8.459,8.298,8.089,8.078,7.666,7.82,8.224,8.385,8.574,8.734,8.665,7.003,7.248,7.326,7.301,7.227,7.39,7.283,6.99,7.133,7.108,7.058,7.182,7.051,6.418,6.236,6.282,6.694,6.887,7.004,7.057,7.001,6.883,7.219,7.19,6.992,6.588,6.603,6.732,6.851,7.092,7.236,7.342,7.266,7.337,7.292,6.977,7.116,7.239,7.109,7.223,7.286,7.146,6.955,7.152,7.345,7.352,7.42,7.524,7.397,7.292,7.488,7.674,7.771,7.655,7.644,7.763,7.468,7.691,7.774,7.732,7.732,7.969,7.737,7.468,7.672,7.733,7.763,7.658,7.75,7.6,7.572,7.88,7.923,7.895,7.802,7.817,7.974,7.877,7.961,8.226,8.39,8.534,8.49,8.359,8.066,8.139,7.859,8.066,8.168,8.322,8.305,8.061,7.712,7.807,7.869,7.725,7.753,7.696,7.48,7.562,7.738,7.884,7.92,7.925,7.888,7.701,7.825,7.825,7.798,7.728,7.641,7.643,7.515,7.808,7.936,8.054,8.081,8.134,8.096,7.967,8.649,8.693,8.664,8.632,8.825,8.775,8.433,8.631,8.796,8.889,8.799,8.496,8.341,8.337,8.649,8.713,8.845,8.974,8.948,8.853,8.572,8.663,8.447,8.649,8.788,8.666,8.71,8.383,7.903,8.034,8.408,9.135,9.369,9.443,9.241,9.487,9.484,9.492,9.713,9.62,9.597,9.253,9.551,9.612,9.256,9.296,9.373,9.145,9.082,9.262,9.435,9.134,8.954,8.861,9.001,8.821,9.153,9.29,9.251,9.29,9.235,8.273,8.118,8.167,8.206,8.048,8.14,8.313,8.253,8.076,8.233,8.033,7.771,7.546,7.801,7.744,7.166,7.204,7.039,7.056,7.004,7.102,7.347,7.498,7.669,7.547,7.405,7.434,7.717,7.9,7.451,7.822,7.4,7.967,8.122,8.147,7.953,7.584,7.815,7.689,7.667,7.502,7.253,7.235,6.884,7.505,7.541,7.734,7.785,7.84,7.508,7.127,7.721,8.013,8.453,8.12,8.085,7.862,8.052,8.653,8.945,8.754,7.657,7.393,7.414,7.505,7.932,8.081,8.023,7.87,7.754,7.895,7.366,7.286,7.208,7.111,7.234,7.579,7.647,6.938,6.412,6.419,6.286,6.473,6.817,6.671,6.566,6.78,6.72,6.328,6.451,6.417,6.32,11.909,13.006,13.366,13.585,14.055,14.253,14.718,14.628,14.913,14.936,14.962,15.173,15.302,14.921,14.541,13.671,15.578,15.319,14.915,14.806,14.52,13.899,14.493,14.592,14.661,14.785,14.986,14.853,14.315,14.558,14.465,0.0,0.0,0.0,0.0,0.0,0.0,0.0,0.0,0.0,0.0,0.0,0.0,0.0,0.0,0.0,0.0,0.0,0.0,0.0,0.0,0.0,0.0,0.0,0.0,0.0,0.0,0.0,0.0,0.0,0.0,7.984,7.695,7.508,7.853,8.023,8.183,8.186,8.268,8.148,7.891,8.265,8.352,8.366,8.248,7.99,8.093,7.668,7.487,7.815,7.889,7.839,7.791,7.893,7.415,7.716,7.782,7.763,7.706,7.806,7.727,7.603,6.805,6.805,6.729,6.216,6.021,6.44,6.313,6.655,6.834,7.074,6.881,7.028,6.976,6.862,6.954,6.943,7.022,7.083,6.904,6.908,6.613,6.993,7.1,7.142,7.078,7.025,6.927,6.551,6.674,6.705,7.76,7.541,7.691,7.707,7.543,7.794,7.949,7.927,8.013,7.89,7.821,7.497,7.866,8.126,8.103,8.025,7.984,7.971,7.573,8.117,8.359,8.503,8.588,8.651,8.565,8.308,8.484,8.309,8.108,8.024,8.163,8.158,7.847,8.288,8.516,8.645,8.481,8.446,8.152,7.785,8.045,8.091,8.13,8.292,8.135,7.93,7.927,8.305,8.563,8.568,8.527,8.604,8.145,8.014,8.459,8.51,8.24,8.38,8.5,8.535,8.526,8.682,8.051,8.083,7.773,7.907,8.002,7.887,8.027,8.249,8.101,7.93,7.973,7.954,7.858,7.909,7.963,8.078,8.009,8.05,7.98,7.847,8.049,8.025,8.035,8.261,8.086,7.955,7.658,7.997,8.292,8.122,8.074,8.3,8.433,8.227,8.195,8.255,8.336,8.484,8.594,8.574,8.364,8.552,8.608,8.725,8.692,8.208,8.268,8.43,8.668,8.74,8.789,8.868,8.831,8.771,8.499,8.657,8.739,8.901,8.954,8.734,8.725,8.454,8.755,8.845,8.682,8.82,8.769,8.802,8.524,8.695,8.822,8.84,8.754,8.663,8.789,8.387,8.616,8.767,8.701,8.735,8.755,8.744,8.467,8.763,8.867,8.958,8.898,8.819,8.591,8.624,8.836,8.806,9.015,9.006,9.245,9.187,8.776,8.911,8.773,8.813,8.802,8.719,8.634,8.397,8.737,8.946,9.197,9.108,8.728,7.959,7.396,7.307,7.955,8.547,8.602,8.473,8.399,8.328,8.794,8.921,10.379,10.484,10.471,10.354,10.101,10.379,10.448,10.226,10.13,10.376,10.272,9.973,10.463,10.61,10.327,10.097,9.95,9.711,9.014,9.04,9.116,9.841,10.223,10.105,9.904,9.616,10.176,10.32,9.908,9.225,9.128,9.282,9.047,9.726,9.767,9.756,9.788,9.604,9.202,8.62,8.948,8.969,9.108,8.973,8.995,9.013,8.623,9.277,9.42,9.252,8.685,8.948,8.717,8.102,8.717,9.289,9.395,9.322,9.487,9.178,8.632,6.956,7.133,7.428,7.422,7.163,6.952,6.613,6.775,6.768,6.765,6.376,6.722,6.977,6.504,6.168,6.606,6.987,7.227,7.14,7.05,6.746,7.113,7.292,7.226,7.347,7.587,7.339,7.027,7.535,7.732,7.682,7.315,7.385,7.347,6.916,7.269,7.383,7.413,7.313,7.123,6.943,6.484,6.587,6.614,6.618,6.517,6.193,6.403,6.45,6.814,6.802,6.718,6.438,6.336,6.252,6.273,6.829,6.882,6.858,6.957,6.975,6.735,6.433,6.827,7.032,6.666,6.762,6.729,6.768,6.543,6.75,6.689,6.803,6.81,6.754,6.656,6.426,6.939,7.006,7.017,6.995,6.905,6.723,6.322,5.962,5.837,6.255,6.6,6.736,6.77,6.583,6.652,6.756,6.842,6.783,6.893,6.869,6.726,6.825,6.878,6.88,6.877,6.883,6.677,6.514,6.564,6.737,6.839,6.889,6.95,6.972,6.701,6.947,7.044,7.028,7.025,7.027,7.034,6.879,7.055,6.969,6.977,7.04,7.144,7.156,6.905,7.051,7.214,7.299,7.122,7.07,6.797,6.616,6.965,6.976,7.019,7.149,7.293,7.346,7.182,7.464,7.489,7.431,7.462,7.584,7.535,7.277,7.424,7.564,7.685,7.712,7.624,7.543,7.118,7.311,7.281,7.159,7.249,7.302,7.345,7.278,7.395,7.406,7.473,7.492,7.535,7.268,6.978,7.175,7.321,7.46,7.394,7.486,7.397,7.183,7.237,7.365,7.31,6.831,7.052,7.261,7.077,7.17,7.178,7.818,7.924,8.178,8.154,7.967,8.019,8.158,8.359,8.245,8.258,8.296,7.912,8.289,8.427,8.319,8.301,8.413,8.358,8.139,8.366,8.443,8.416,8.556,8.626,8.456,8.277,8.633,8.542,7.965,7.995,8.159,8.081,7.765,7.922,7.481,7.299,7.576,8.014,8.108,7.902,8.315,8.356,8.334,8.153,7.704,7.287,6.765,7.284,7.566,7.766,7.924,7.968,8.154,7.842,8.141,8.236,8.278,8.238,7.924,7.942,7.839,8.179,8.521,8.551,8.604,8.732,8.537,8.32,8.667,8.839,8.904,9.013,8.923,8.838,8.516,8.74,8.977,8.887,8.774,8.595,8.36,7.682,8.174,8.558,8.567,8.643,8.632,8.307,7.576,7.222,7.501,7.811,7.829,8.076,8.194,7.89,8.213,8.483,8.578,8.709,8.646,8.519,8.07,8.222,8.531,8.753,8.539,8.922,8.825,8.511,8.737,8.797,8.248,7.852,7.522,7.732,8.049,8.437,8.585,8.391,8.245,8.397,8.728,8.093,8.499,8.586,8.766,8.883,8.813,8.479,8.116,8.45,8.406,8.252,8.364,8.59,8.433,8.031,8.292,8.344,8.481,8.533,8.519,8.247,7.557,7.595,7.825,7.744,7.55,7.38,7.797,7.724,8.253,8.3,8.09,7.809,7.936,7.664,7.579,8.217,8.222,8.36,8.236,8.181,8.02,7.797,8.071,8.019,7.833,8.048,8.137,7.762,7.384,7.81,7.877,7.536,7.365,7.164,6.953,7.005,7.469,9.955,9.808,9.94,10.3,10.585,10.005,10.125,10.494,10.795,11.035,11.443,11.003,10.672,11.104,10.907,11.379,11.488,11.396,11.11,11.034,11.39,11.48,10.959,10.883,11.221,11.25,10.988,11.247,11.786,11.989,12.101,8.006,7.864,7.621,7.491,7.64,7.521,7.104,6.988,6.882,6.558,6.936,7.242,7.478,7.766,7.528,7.073,6.542,6.745,6.901,7.16,7.256,7.131,6.843,6.352,6.78,7.12,7.223,7.212,7.297,7.196,7.404,7.347,7.661,7.855,7.95,8.034,8.162,8.134,8.258,8.372,8.527,8.578,8.592,8.519,8.244,8.3,8.072,8.367,8.459,8.48,8.367,8.053,8.006,7.823,8.093,8.348,8.375,8.434,8.108,8.222,8.359,8.372,8.318,8.367,8.217,7.955,8.114,8.188,8.219,8.168,7.878,7.392,6.709,6.578,7.034,7.24,7.425,7.53,7.692,7.435,7.599,7.771,7.833,7.942,7.774,7.555,7.041,7.062,7.165,7.189,7.013,6.634,6.513,6.306,6.371,6.331,6.612,6.8,6.911,6.824,6.593,6.93,7.053,7.066,6.998,7.089,7.077,6.716,6.769,7.04,7.192,7.24,7.419,7.232,6.898,7.148,7.289,7.272,7.201,7.341,7.447,7.196,7.055,7.183,7.368,7.362,7.386,7.195,6.882,7.116,7.109,7.233,7.277,7.383,7.485,7.15,7.213,7.46,7.536,7.541,7.577,7.633,7.469,7.493,7.599,7.552,7.044,6.583,6.796,6.997,6.82,6.909,6.917,7.591,7.694,7.94,7.917,7.735,7.786,7.921,8.116,8.005,8.018,8.055,7.682,8.048,8.182,8.078,8.059,8.168,8.115,7.902,8.123,8.198,8.171,8.307,8.375,8.21,8.036,8.382,8.294,7.326,8.728,8.76,8.94,8.854,8.508,8.681,8.197,7.998,8.301,8.781,8.884,8.658,9.111,9.156,9.132,8.934,8.441,7.984,7.413,7.981,8.29,8.51,8.682,8.731,8.934,8.593,8.92,9.025,9.071,9.027,8.683,7.443,7.346,7.665,7.985,8.013,8.063,8.183,8.0,7.797,8.122,8.283,8.344,8.446,8.362,8.282,7.98,8.19,8.413,8.328,8.222,8.055,7.834,7.199,7.66,8.02,8.029,8.1,8.089,7.785,7.1,7.418,7.704,8.023,8.041,8.295,8.416,8.104,8.436,8.713,8.81,8.945,8.88,8.75,8.288,8.445,8.762,8.99,8.77,9.163,9.064,8.742,8.973,9.035,8.471,8.065,7.726,7.941,8.268,8.666,8.817,8.618,8.245,8.397,8.728,8.093,8.499,8.586,8.766,8.883,8.813,8.479,8.116,8.45,8.406,8.252,8.364,8.59,8.433,8.031,8.292,8.344,8.481,8.533,8.519,8.247,7.557,7.595,7.825,7.744,7.55,7.38,7.872,7.798,8.332,8.38,8.168,7.884,8.013,7.738,7.652,8.296,8.301,8.441,8.315,8.259,8.097,7.872,8.148,8.096,7.909,8.125,8.215,7.837,7.455,7.885,7.952,7.608,7.436,7.232,7.02,7.072,7.54,4.962,4.889,4.955,5.134,5.276,4.987,5.047,5.231,5.381,5.5,5.704,5.484,5.319,5.535,5.437,5.672,5.726,5.68,5.538,5.5,5.678,5.722,5.462,5.425,5.593,5.608,5.477,5.606,5.875,5.976,6.032,7.697,7.561,7.328,7.203,7.346,7.231,6.831,6.719,6.617,6.306,6.669,6.963,7.191,7.467,7.239,6.801,6.29,6.486,6.635,6.884,6.977,6.857,6.58,6.107,6.519,6.846,6.945,6.935,7.016,6.92,7.404,7.347,7.661,7.855,7.95,8.034,8.162,8.134,8.258,8.372,8.527,8.578,8.592,8.519,8.244,8.3,8.072,8.367,8.459,8.48,8.367,8.053,8.006,7.823,8.093,8.348,8.375,8.434,8.108,8.222,8.359,8.372,8.318,8.367,8.217,7.955,8.114,8.188,8.219,8.168,7.878,7.392,6.709,6.578,7.034,7.24,7.425,7.53,7.692,7.435,7.599,7.771,7.833,7.942,7.774,7.555,7.041,7.062,7.165,7.189,7.013,6.634,6.513,6.306,6.371,6.331,6.612,6.8,6.911,6.824,6.593,6.93,7.053,7.066,6.998,7.089,7.077,6.716,6.769,7.04,7.192,7.24,7.419,7.232,6.898,7.148,7.289,7.272,7.201,7.341,7.447,7.196
Guntur_67,7.842,7.896,8.045,8.065,7.766,7.81,7.98,7.99,7.831,7.743,7.885,7.888,7.984,7.842,7.614,7.572,7.926,7.891,7.571,7.894,7.951,7.774,7.861,8.051,8.138,7.766,8.016,8.134,8.196,8.251,8.183,7.725,7.355,7.59,7.787,7.788,7.781,7.868,7.597,7.43,7.558,7.593,7.671,7.943,7.93,8.008,7.672,7.861,8.021,7.988,7.814,7.543,7.607,7.407,7.656,7.792,7.877,7.782,7.737,7.649,8.178,8.411,8.504,8.37,8.238,8.289,8.401,8.155,8.094,7.506,7.798,8.273,8.323,8.27,7.952,8.229,8.491,8.455,9.372,9.235,8.908,8.764,8.609,8.959,9.277,9.38,9.342,9.293,9.004,8.769,8.749,9.786,10.002,10.071,10.007,9.618,10.103,10.152,10.099,10.165,10.242,10.051,9.812,10.37,10.18,10.108,9.813,9.741,9.646,9.323,9.906,9.958,9.712,9.867,9.969,9.873,9.681,10.038,10.049,10.067,9.893,9.303,9.325,9.189,9.458,9.422,9.538,9.791,9.78,9.719,9.334,9.184,9.262,9.228,9.153,9.205,9.098,9.127,8.544,8.946,9.215,8.93,8.809,9.04,9.181,8.777,8.986,9.139,9.401,9.375,9.161,8.949,5.929,6.004,5.987,6.151,6.104,6.142,6.026,6.406,6.521,6.605,6.524,6.542,6.351,6.134,6.443,6.438,6.539,6.628,6.492,6.45,6.201,6.556,6.726,6.642,6.64,6.414,6.277,6.087,6.374,6.693,0.0,0.0,0.0,0.0,0.0,0.0,0.0,0.0,0.0,0.0,0.0,0.0,0.0,0.0,0.0,0.0,0.0,0.0,0.0,0.0,0.0,0.0,0.0,0.0,0.0,0.0,0.0,0.0,0.0,0.0,0.0,0.0,0.0,0.0,0.0,0.0,0.0,0.0,0.0,0.0,0.0,0.0,0.0,0.0,0.0,0.0,0.0,0.0,0.0,0.0,0.0,0.0,0.0,0.0,0.0,0.0,0.0,0.0,0.0,0.0,0.0,0.0,8.966,8.996,9.0,9.174,9.245,8.76,8.855,9.102,9.509,9.375,9.252,8.956,8.684,8.78,8.928,9.054,8.883,8.818,9.055,8.657,8.812,8.692,8.538,8.809,8.853,8.459,8.179,8.809,8.996,8.922,8.08,8.029,8.266,8.008,8.158,8.402,8.682,8.802,8.805,8.545,8.073,8.157,8.284,7.929,8.066,8.156,8.339,8.123,8.314,8.322,8.29,8.132,7.928,7.917,7.513,7.664,8.06,8.218,8.403,8.56,8.492,7.15,7.4,7.479,7.454,7.379,7.545,7.435,7.136,7.283,7.257,7.206,7.333,7.199,6.553,6.366,6.413,6.834,7.031,7.151,7.205,7.148,7.028,7.37,7.34,7.139,6.726,6.741,6.873,6.995,7.24,7.488,7.598,7.519,7.592,7.546,7.22,7.364,7.491,7.357,7.475,7.54,7.395,7.197,7.401,7.601,7.608,7.679,7.786,7.655,7.547,7.75,7.941,8.042,7.922,7.91,8.033,7.728,7.96,8.045,8.001,8.002,8.103,7.867,7.594,7.802,7.864,7.894,7.787,7.881,7.728,7.699,8.012,8.056,8.028,7.934,7.948,8.108,8.01,8.095,8.365,8.531,8.678,8.633,8.5,8.202,8.276,7.992,8.202,8.305,8.462,8.445,8.197,7.614,7.708,7.77,7.627,7.655,7.599,7.386,7.467,7.64,7.785,7.82,7.825,7.789,7.604,7.726,7.727,7.699,7.63,7.545,7.547,7.421,7.71,7.836,7.952,7.979,8.031,7.993,7.867,8.497,8.54,8.511,8.48,8.67,8.621,8.285,8.479,8.641,8.733,8.644,8.346,8.195,8.191,8.497,8.559,8.689,8.817,8.79,8.697,8.422,8.511,8.299,8.497,8.633,8.514,8.557,8.235,7.764,7.892,8.26,9.15,9.385,9.459,9.256,9.503,9.5,9.508,9.73,9.636,9.613,9.268,9.567,9.628,9.272,9.312,9.389,9.16,9.097,9.277,9.45,9.149,8.968,8.876,9.016,8.835,9.168,9.305,9.266,9.305,9.25,8.154,8.001,8.05,8.089,7.933,8.023,8.194,8.135,7.96,8.115,7.918,7.66,7.438,7.689,7.633,7.063,7.101,6.938,6.954,6.904,7.0,7.242,7.391,7.559,7.438,7.299,7.327,7.607,7.787,7.344,7.71,7.289,7.847,8.0,8.024,7.833,7.47,7.697,7.573,7.551,7.388,7.144,7.126,6.78,7.391,7.427,7.617,7.667,7.722,7.394,7.019,7.604,7.892,8.325,7.998,7.963,7.743,7.931,8.523,8.81,8.622,7.18,6.932,6.952,7.037,7.438,7.577,7.523,7.38,7.27,7.403,6.907,6.832,6.759,6.668,6.783,7.107,7.171,6.506,6.012,6.019,5.894,6.07,6.392,6.256,6.157,6.358,6.301,5.933,6.049,6.017,5.926,0.0,0.0,0.0,0.0,0.0,0.0,0.0,0.0,0.0,0.0,0.0,0.0,0.0,0.0,0.0,0.0,0.0,0.0,0.0,0.0,0.0,0.0,0.0,0.0,0.0,0.0,0.0,0.0,0.0,0.0,0.0,0.0,0.0,0.0,0.0,0.0,0.0,0.0,0.0,0.0,0.0,0.0,0.0,0.0,0.0,0.0,0.0,0.0,0.0,0.0,0.0,0.0,0.0,0.0,0.0,0.0,0.0,0.0,0.0,0.0,0.0,7.457,7.187,7.012,7.335,7.494,7.643,7.646,7.722,7.61,7.37,7.72,7.8,7.813,7.703,7.463,7.559,7.162,6.992,7.299,7.368,7.322,7.277,7.372,6.926,7.207,7.268,7.25,7.197,7.29,7.217,7.101,7.609,7.609,7.524,6.951,6.732,7.2,7.059,7.441,7.641,7.91,7.693,7.859,7.801,7.673,7.776,7.763,7.851,7.92,7.72,7.724,7.394,7.82,7.939,7.986,7.914,7.854,7.745,7.325,7.462,7.497,7.402,7.193,7.336,7.351,7.195,7.434,7.582,7.561,7.643,7.526,7.46,7.151,7.503,7.751,7.729,7.655,7.615,7.604,7.223,7.742,7.973,8.111,8.192,8.252,8.169,7.925,8.092,7.926,7.734,7.654,7.786,8.478,8.154,8.613,8.85,8.984,8.814,8.777,8.472,8.09,8.36,8.408,8.449,8.617,8.454,8.241,8.238,8.631,8.899,8.905,8.861,8.942,8.465,8.328,8.791,8.843,8.563,8.709,8.834,8.869,8.861,9.023,8.004,8.036,7.727,7.86,7.955,7.841,7.98,8.201,8.053,7.883,7.927,7.907,7.812,7.862,7.916,8.031,7.962,8.003,7.933,7.801,8.001,7.978,7.988,8.213,8.039,7.909,7.613,7.95,8.781,8.601,8.55,8.789,8.931,8.712,8.678,8.741,8.828,8.984,9.101,9.079,8.858,9.056,9.115,9.239,9.205,8.692,8.755,8.927,9.179,9.255,9.307,9.391,9.352,9.289,9.001,9.168,9.255,9.425,9.482,8.998,8.988,8.709,9.019,9.112,8.944,9.087,9.034,9.068,8.782,8.958,9.089,9.108,9.019,8.925,9.054,8.641,8.876,9.032,8.964,8.999,9.019,9.008,8.723,9.028,9.135,9.229,9.168,9.085,8.85,8.408,8.616,8.586,8.79,8.781,9.014,8.958,8.557,8.689,8.554,8.593,8.582,8.501,8.419,8.187,8.519,8.723,8.967,8.881,8.51,7.761,7.212,7.125,7.756,8.334,8.387,8.261,8.19,8.12,8.574,8.699,8.684,8.771,8.761,8.662,8.451,8.683,8.741,8.556,8.475,8.681,8.594,8.344,8.754,8.877,8.64,8.447,8.324,8.124,7.541,7.563,7.627,8.234,8.553,8.454,8.286,8.045,8.514,8.634,8.289,7.718,7.636,7.766,7.569,8.137,8.172,8.162,8.189,8.035,7.698,7.212,7.486,7.503,7.62,7.507,7.525,7.541,7.214,7.761,7.881,7.741,7.266,7.486,7.293,6.778,7.293,7.771,7.86,7.799,7.937,7.679,7.222,7.02,7.199,7.496,7.49,7.229,7.015,6.673,6.837,6.83,6.827,6.434,6.783,7.041,6.564,6.224,6.666,7.051,7.293,7.205,7.114,6.808,7.178,7.358,7.292,7.414,7.656,7.406,7.091,7.604,7.803,7.752,8.185,8.263,8.221,7.738,8.133,8.261,8.295,8.183,7.97,7.769,7.255,7.37,7.401,7.405,7.292,6.929,7.165,7.217,7.624,7.611,7.517,7.204,7.089,6.996,7.019,7.641,7.7,7.674,7.784,7.804,7.448,7.115,7.55,7.777,7.372,7.479,7.442,7.485,7.235,7.465,7.398,7.524,7.532,7.469,7.361,7.107,7.674,7.748,7.761,7.736,7.636,7.434,6.992,6.594,6.456,6.918,7.299,7.449,7.487,7.281,7.357,6.799,6.886,6.826,6.937,6.912,6.769,6.868,6.922,6.924,6.92,6.927,6.72,6.556,6.606,6.78,6.882,6.933,6.994,7.017,6.744,6.991,7.089,7.073,7.07,7.072,7.079,6.923,7.1,7.013,7.021,8.095,8.214,8.228,7.94,8.108,8.295,8.393,8.19,8.13,7.815,7.607,8.009,8.022,8.07,8.22,8.386,8.447,8.259,8.583,8.612,8.545,8.58,8.721,8.664,8.368,8.536,8.698,8.836,8.868,8.766,8.673,7.895,8.109,8.076,7.94,8.04,8.099,8.146,8.072,8.203,8.214,8.289,8.31,8.358,8.061,7.74,7.959,8.12,8.274,8.201,8.303,8.205,7.967,8.027,8.169,8.108,7.577,7.822,8.054,7.849,7.952,7.962,8.018,8.127,8.387,8.363,8.171,8.225,8.367,8.573,8.456,8.47,8.509,8.115,8.501,8.643,8.533,8.513,8.628,8.572,8.347,8.58,8.66,8.631,8.775,8.847,8.673,8.489,8.855,8.761,8.965,8.999,9.183,9.095,8.74,8.917,8.42,8.216,8.527,9.02,9.126,8.894,9.359,9.405,9.381,9.177,8.671,8.202,7.615,8.199,8.516,8.741,8.918,8.968,9.178,8.827,9.163,9.271,9.318,9.272,8.919,8.399,8.29,8.649,9.011,9.043,9.099,9.234,9.028,8.799,9.165,9.348,9.416,9.531,9.437,9.346,9.006,9.243,9.494,9.398,9.279,9.089,8.841,8.123,8.644,9.051,9.06,9.14,9.128,8.785,8.012,7.65,7.945,8.273,8.292,8.554,8.679,8.357,8.7,8.986,9.085,9.224,9.158,9.024,8.547,8.709,9.036,9.271,9.044,9.45,9.348,9.015,9.254,9.318,8.736,8.317,7.967,8.189,8.526,8.937,9.093,8.888,9.222,9.392,9.762,9.051,9.506,9.603,9.805,9.936,9.857,9.484,9.077,9.451,9.402,9.229,9.355,9.607,9.432,8.982,9.274,9.332,9.486,9.544,9.528,9.224,8.453,8.494,8.752,8.662,8.445,8.254,9.557,9.469,10.117,10.174,9.917,9.573,9.729,9.395,9.29,10.072,10.079,10.248,10.095,10.028,9.831,9.558,9.893,9.83,9.602,9.865,9.975,9.515,9.051,9.573,9.655,9.238,9.028,8.781,8.523,8.587,9.155,9.744,9.599,9.728,10.081,10.36,9.793,9.909,10.271,10.566,10.8,11.199,10.769,10.445,10.868,10.676,11.137,11.244,11.154,10.874,10.799,11.148,11.236,10.726,10.651,10.982,11.011,10.754,11.008,11.536,11.734,11.844,9.886,9.711,9.412,9.251,9.435,9.288,8.773,8.629,8.499,8.099,8.565,8.943,9.235,9.591,9.297,8.735,8.079,8.33,8.522,8.842,8.961,8.807,8.451,7.844,8.372,8.793,8.92,8.907,9.012,8.887,7.334,7.277,7.589,7.781,7.875,7.958,8.085,8.057,8.18,8.293,8.447,8.497,8.51,8.439,8.166,8.221,7.995,8.288,8.379,8.4,8.288,7.977,7.93,7.749,8.016,8.269,8.295,8.354,8.032,8.144,8.28,9.12,9.061,9.114,8.951,8.665,8.839,8.919,8.953,8.897,8.582,8.053,7.308,7.165,7.662,7.886,8.089,8.203,8.38,8.099,8.277,8.465,8.533,8.651,8.469,8.23,7.67,7.693,7.805,7.831,7.639,6.694,6.572,6.362,6.428,6.387,6.671,6.861,6.973,6.885,6.653,6.992,7.116,7.13,7.06,7.153,7.14,6.776,6.83,7.104,7.257,7.305,7.485,7.297,6.96,7.212,7.354,7.337,7.265,7.407,7.514,7.261,7.828,7.969,8.175,8.168,8.194,7.982,7.636,7.895,7.887,8.025,8.073,8.191,8.305,7.932,8.003,8.277,8.36,8.367,8.407,8.468,8.286,8.313,8.431,8.379,7.815,7.304,7.54,7.763,7.566,7.665,7.675,7.586,7.689,7.935,7.912,7.73,7.781,7.915,8.111,8.0,8.013,8.05,7.677,8.042,8.176,8.072,8.054,8.163,8.109,7.897,8.117,8.192,8.165,8.301,8.369,8.204,8.031,8.377,8.288,7.321,8.459,8.49,8.665,8.581,8.246,8.413,7.945,7.752,8.045,8.51,8.61,8.392,8.831,8.874,8.851,8.659,8.181,7.738,7.185,7.736,8.035,8.248,8.415,8.462,8.659,8.328,8.645,8.747,8.791,8.749,8.415,7.659,7.559,7.887,8.217,8.245,8.297,8.42,8.232,8.023,8.357,8.524,8.586,8.691,8.605,8.522,8.212,8.428,8.657,8.57,8.461,8.288,8.061,7.407,7.882,8.253,8.261,8.335,8.324,8.01,7.305,7.235,7.514,7.825,7.842,8.09,8.208,7.904,8.228,8.498,8.593,8.724,8.661,8.534,8.084,8.236,8.546,8.768,8.554,8.937,8.841,8.526,8.752,8.812,8.262,7.866,7.535,7.745,8.063,8.452,8.6,8.406,9.222,9.392,9.762,9.051,9.506,9.603,9.805,9.936,9.857,9.484,9.077,9.451,9.402,9.229,9.355,9.607,9.432,8.982,9.274,9.332,9.486,9.544,9.528,9.224,8.453,8.494,8.752,8.662,8.445,8.254,7.677,7.606,8.127,8.173,7.966,7.69,7.815,7.547,7.463,8.091,8.096,8.232,8.11,8.055,7.897,7.678,7.947,7.896,7.713,7.924,8.012,7.643,7.271,7.69,7.756,7.42,7.252,7.054,6.846,6.897,7.354,7.057,6.953,7.046,7.302,7.504,7.093,7.177,7.439,7.653,7.823,8.112,7.8,7.565,7.872,7.732,8.066,8.144,8.079,7.876,7.822,8.074,8.138,7.769,7.715,7.954,7.975,7.789,7.973,8.355,8.499,8.579,10.008,9.831,9.528,9.365,9.551,9.402,8.881,8.735,8.603,8.199,8.67,9.053,9.349,9.709,9.411,8.843,8.178,8.432,8.627,8.951,9.071,8.915,8.555,7.941,8.475,8.901,9.03,9.016,9.122,8.996,7.334,7.277,7.589,7.781,7.875,7.958,8.085,8.057,8.18,8.293,8.447,8.497,8.51,8.439,8.166,8.221,7.995,8.288,8.379,8.4,8.288,7.977,7.93,7.749,8.016,8.269,8.295,8.354,8.032,8.144,8.28,9.12,9.061,9.114,8.951,8.665,8.839,8.919,8.953,8.897,8.582,8.053,7.308,7.165,7.662,7.886,8.089,8.203,8.38,8.099,8.277,8.465,8.533,8.651,8.469,8.23,7.67,7.693,7.805,7.831,7.639,6.694,6.572,6.362,6.428,6.387,6.671,6.861,6.973,6.885,6.653,6.992,7.116,7.13,7.06,7.153,7.14,6.776,6.83,7.104,7.257,7.305,7.485,7.297,6.96,7.212,7.354,7.337,7.265,7.407,7.514,7.261
Guntur_68,11.022,11.098,11.307,11.335,10.914,10.976,11.215,11.23,11.006,10.883,11.081,11.086,11.221,11.021,10.701,10.643,11.139,11.09,10.641,11.094,11.175,10.926,11.048,11.316,11.438,10.916,11.267,11.432,11.519,11.596,11.501,10.491,9.987,10.307,10.574,10.575,10.566,10.684,10.317,10.09,10.263,10.31,10.417,10.786,10.768,10.874,10.419,10.674,10.893,10.848,10.612,10.243,10.331,10.059,10.397,10.581,10.697,10.568,10.506,10.387,10.666,10.97,11.091,10.917,10.745,10.81,10.957,10.636,10.556,9.789,10.171,10.79,10.856,10.786,10.371,10.732,11.074,11.027,12.223,12.044,11.618,11.431,11.228,11.684,12.099,12.233,12.184,12.12,11.744,11.436,11.411,11.49,11.745,11.825,11.75,11.294,11.863,11.92,11.859,11.936,12.026,11.802,11.521,12.177,11.954,11.869,11.522,11.438,11.327,10.947,11.631,11.692,11.404,11.585,11.706,11.593,11.367,11.787,11.799,11.821,11.617,10.338,10.362,10.211,10.51,10.47,10.599,10.88,10.867,10.8,10.372,10.206,10.292,10.254,10.171,10.229,10.11,10.142,9.494,9.941,10.239,9.923,9.788,10.045,10.202,9.754,9.986,10.156,10.446,10.417,10.18,9.944,8.078,8.18,8.158,8.381,8.317,8.368,8.211,8.728,8.885,8.999,8.889,8.913,8.653,8.358,8.779,8.771,8.909,9.031,8.846,8.789,8.448,8.933,9.164,9.049,9.047,8.739,8.553,8.293,8.685,9.119,0.0,0.0,0.0,0.0,0.0,0.0,0.0,0.0,0.0,0.0,0.0,0.0,0.0,0.0,0.0,0.0,0.0,0.0,0.0,0.0,0.0,0.0,0.0,0.0,0.0,0.0,0.0,0.0,0.0,0.0,0.0,0.0,0.0,0.0,0.0,0.0,0.0,0.0,0.0,0.0,0.0,0.0,0.0,0.0,0.0,0.0,0.0,0.0,0.0,0.0,0.0,0.0,0.0,0.0,0.0,0.0,0.0,0.0,0.0,0.0,0.0,0.0,13.616,13.663,13.669,13.933,14.041,13.305,13.449,13.823,14.442,14.238,14.052,13.602,13.188,13.334,13.56,13.751,13.491,13.392,13.753,13.148,13.383,13.201,12.968,13.379,13.445,12.846,12.422,13.379,13.663,13.551,10.193,10.128,10.427,10.102,10.291,10.599,10.952,11.104,11.108,10.779,10.185,10.29,10.45,10.002,10.175,10.289,10.52,10.248,10.488,10.499,10.458,10.259,10.001,9.987,9.478,9.668,10.168,10.367,10.6,10.799,10.713,7.527,7.79,7.873,7.847,7.767,7.943,7.827,7.512,7.666,7.64,7.586,7.719,7.578,6.898,6.702,6.751,7.194,7.402,7.528,7.584,7.524,7.398,7.758,7.727,7.515,7.081,7.096,7.235,7.364,7.622,10.317,10.468,10.36,10.461,10.397,9.948,10.146,10.321,10.136,10.299,10.388,10.189,9.916,10.197,10.472,10.482,10.58,10.727,10.546,10.398,10.677,10.941,11.08,10.914,10.899,11.068,10.648,10.967,11.084,11.024,11.025,9.766,9.482,9.152,9.402,9.477,9.514,9.385,9.498,9.314,9.279,9.657,9.709,9.675,9.562,9.58,9.772,9.654,9.756,10.081,10.282,10.458,10.404,10.244,9.885,9.974,9.631,9.886,10.009,10.199,10.178,9.879,9.923,10.046,10.126,9.94,9.977,9.903,9.626,9.731,9.957,10.146,10.192,10.197,10.151,9.91,10.069,10.07,10.034,9.944,9.833,9.835,9.671,10.047,10.212,10.364,10.398,10.467,10.417,10.252,10.842,10.897,10.86,10.82,11.063,11.0,10.571,10.819,11.026,11.143,11.029,10.65,10.456,10.451,10.842,10.922,11.087,11.25,11.216,11.097,10.746,10.86,10.589,10.842,11.016,10.863,10.918,10.508,9.907,10.07,10.54,10.747,11.022,11.109,10.871,11.161,11.157,11.167,11.427,11.317,11.29,10.885,11.236,11.308,10.889,10.937,11.027,10.758,10.684,10.896,11.099,10.746,10.533,10.425,10.589,10.377,10.767,10.929,10.883,10.929,10.864,9.708,9.527,9.584,9.631,9.445,9.552,9.756,9.686,9.478,9.662,9.428,9.12,8.856,9.155,9.088,8.41,8.455,8.261,8.28,8.22,8.335,8.623,8.8,9.0,8.856,8.691,8.724,9.057,9.272,8.744,9.179,8.982,9.67,9.858,9.888,9.653,9.205,9.485,9.333,9.306,9.105,8.804,8.782,8.355,9.109,9.153,9.387,9.449,9.516,9.113,8.65,9.371,9.726,10.26,9.856,9.813,9.543,9.774,10.503,10.857,10.625,4.833,4.666,4.68,4.737,5.007,5.1,5.064,4.967,4.894,4.983,4.649,4.599,4.549,4.488,4.566,4.784,4.827,4.379,4.047,4.051,3.968,4.086,4.302,4.211,4.144,4.279,4.241,3.994,4.071,4.05,3.989,0.0,0.0,0.0,0.0,0.0,0.0,0.0,0.0,0.0,0.0,0.0,0.0,0.0,0.0,0.0,0.0,0.0,0.0,0.0,0.0,0.0,0.0,0.0,0.0,0.0,0.0,0.0,0.0,0.0,0.0,0.0,0.0,0.0,0.0,0.0,0.0,0.0,0.0,0.0,0.0,0.0,0.0,0.0,0.0,0.0,0.0,0.0,0.0,0.0,0.0,0.0,0.0,0.0,0.0,0.0,0.0,0.0,0.0,0.0,0.0,0.0,8.927,8.604,8.395,8.781,8.971,9.149,9.153,9.244,9.111,8.823,9.242,9.338,9.354,9.222,8.934,9.049,8.574,8.371,8.738,8.821,8.765,8.711,8.825,8.291,8.628,8.701,8.68,8.616,8.728,8.64,8.501,9.113,9.112,9.011,8.324,8.063,8.623,8.454,8.911,9.152,9.473,9.214,9.412,9.342,9.189,9.313,9.297,9.403,9.485,9.245,9.251,8.855,9.365,9.508,9.564,9.478,9.407,9.275,8.773,8.937,8.978,10.179,9.891,10.088,10.109,9.894,10.223,10.426,10.397,10.51,10.35,10.259,9.834,10.318,10.659,10.629,10.526,10.472,10.456,9.933,10.647,10.964,11.154,11.265,11.348,11.234,10.898,11.128,10.9,10.636,10.525,10.707,9.688,9.318,9.842,10.113,10.266,10.071,10.029,9.68,9.244,9.553,9.607,9.654,9.847,9.66,9.417,9.413,9.862,10.168,10.175,10.126,10.217,9.673,9.516,10.045,10.105,9.785,9.951,10.094,10.135,10.125,10.31,9.785,9.824,9.446,9.609,9.725,9.585,9.755,10.025,9.845,9.637,9.69,9.666,9.549,9.611,9.677,9.817,9.733,9.783,9.698,9.536,9.782,9.753,9.765,10.04,9.827,9.668,9.307,9.718,10.157,9.949,9.89,10.167,10.33,10.078,10.038,10.111,10.211,10.392,10.528,10.502,10.246,10.475,10.544,10.687,10.647,10.055,10.127,10.326,10.618,10.705,10.765,10.863,10.817,10.744,10.411,10.605,10.705,10.903,10.969,10.455,10.444,10.12,10.48,10.588,10.393,10.558,10.497,10.537,10.204,10.409,10.561,10.582,10.479,10.371,10.521,10.04,10.314,10.495,10.416,10.456,10.48,10.467,10.136,10.49,10.615,10.723,10.652,10.557,10.284,9.615,9.852,9.818,10.051,10.041,10.307,10.244,9.785,9.936,9.782,9.826,9.814,9.721,9.627,9.362,9.742,9.975,10.254,10.155,9.731,8.874,8.247,8.147,8.87,9.53,9.591,9.447,9.365,9.285,9.805,9.947,8.684,8.771,8.761,8.662,8.451,8.683,8.741,8.556,8.475,8.681,8.594,8.344,8.754,8.877,8.64,8.447,8.324,8.124,7.541,7.563,7.627,8.234,8.553,8.454,8.286,8.045,8.514,8.634,8.289,7.718,7.636,7.766,7.569,8.137,8.172,8.162,8.189,8.035,7.698,7.212,7.486,7.503,7.62,7.507,7.525,7.541,7.214,7.761,7.881,7.741,7.266,7.486,7.293,6.778,7.293,7.771,7.86,7.799,7.937,7.679,7.222,8.761,8.984,9.355,9.347,9.022,8.755,8.328,8.533,8.524,8.52,8.03,8.466,8.787,8.191,7.768,8.32,8.799,9.102,8.992,8.879,8.496,8.958,9.183,9.1,9.252,9.555,9.242,8.85,9.49,9.738,9.675,10.641,10.742,10.687,10.06,10.573,10.74,10.783,10.638,10.361,10.1,9.431,9.581,9.622,9.627,9.48,9.008,9.315,9.383,9.911,9.894,9.772,9.365,9.216,9.095,9.125,9.934,10.01,9.976,10.119,10.146,8.597,8.212,8.714,8.976,8.509,8.632,8.59,8.64,8.351,8.617,8.538,8.684,8.693,8.621,8.496,8.203,8.857,8.943,8.958,8.929,8.814,8.581,8.07,7.611,7.451,7.984,8.425,8.598,8.642,8.404,8.492,9.012,9.127,9.048,9.194,9.162,8.973,9.104,9.175,9.177,9.173,9.182,8.907,8.689,8.756,8.987,9.122,9.19,9.271,9.301,8.939,9.266,9.397,9.375,9.371,9.374,9.382,9.176,9.411,9.296,9.306,9.413,9.552,9.568,9.233,9.429,9.646,9.76,9.524,9.454,9.088,8.847,9.314,9.328,9.385,9.56,9.752,9.823,9.604,9.981,10.014,9.936,9.978,10.141,10.076,9.731,9.927,10.115,10.275,10.312,10.194,10.086,9.336,9.589,9.55,9.39,9.508,9.578,9.634,9.546,9.7,9.714,9.802,9.827,9.883,9.533,9.153,9.412,9.602,9.785,9.698,9.819,9.703,9.421,9.492,9.66,9.588,8.96,9.25,9.524,9.282,9.404,9.415,8.703,8.822,9.104,9.077,8.869,8.927,9.082,9.306,9.178,9.193,9.236,8.808,9.227,9.381,9.262,9.241,9.365,9.304,9.06,9.313,9.4,9.369,9.525,9.602,9.413,9.214,9.611,9.509,10.331,10.37,10.583,10.481,10.072,10.276,9.703,9.468,9.826,10.394,10.516,10.25,10.786,10.838,10.81,10.575,9.992,9.452,8.775,9.448,9.814,10.074,10.277,10.335,10.576,10.172,10.559,10.683,10.737,10.686,10.279,9.669,9.543,9.957,10.374,10.41,10.474,10.63,10.393,10.129,10.551,10.761,10.84,10.972,10.863,10.759,10.367,10.64,10.929,10.819,10.682,10.464,10.177,9.352,9.952,10.419,10.43,10.522,10.509,10.113,9.223,8.415,8.74,9.101,9.122,9.41,9.547,9.194,9.57,9.885,9.995,10.147,10.074,9.927,9.403,9.58,9.94,10.198,9.949,10.396,10.283,9.917,10.18,10.25,9.61,9.149,8.764,9.009,9.379,9.831,10.003,9.777,9.606,9.783,10.169,9.428,9.902,10.003,10.213,10.349,10.268,9.879,9.455,9.844,9.794,9.614,9.744,10.007,9.825,9.356,9.661,9.72,9.881,9.941,9.925,9.608,8.804,8.848,9.117,9.022,8.796,8.598,11.525,11.418,12.2,12.269,11.959,11.543,11.732,11.329,11.203,12.146,12.154,12.358,12.174,12.092,11.855,11.526,11.93,11.853,11.579,11.896,12.028,11.474,10.914,11.544,11.643,11.139,10.887,10.589,10.278,10.354,11.04,0.0,0.0,0.0,0.0,0.0,0.0,0.0,0.0,0.0,0.0,0.0,0.0,0.0,0.0,0.0,0.0,0.0,0.0,0.0,0.0,0.0,0.0,0.0,0.0,0.0,0.0,0.0,0.0,0.0,0.0,0.0,9.886,9.711,9.412,9.251,9.435,9.288,8.773,8.629,8.499,8.099,8.565,8.943,9.235,9.591,9.297,8.735,8.079,8.33,8.522,8.842,8.961,8.807,8.451,7.844,8.372,8.793,8.92,8.907,9.012,8.887,8.812,8.744,9.118,9.349,9.462,9.562,9.714,9.681,9.829,9.964,10.149,10.21,10.226,10.14,9.812,9.879,9.607,9.958,10.068,10.093,9.959,9.585,9.528,9.31,9.632,9.936,9.967,10.038,9.651,9.786,9.949,9.931,9.866,9.924,9.746,9.435,9.624,9.712,9.748,9.688,9.344,8.768,7.957,7.802,8.343,8.587,8.807,8.931,9.124,8.819,9.013,9.217,9.291,9.42,9.221,8.961,8.352,8.376,8.499,8.527,8.318,8.95,8.786,8.506,8.595,8.54,8.919,9.174,9.323,9.206,8.895,9.348,9.514,9.533,9.44,9.563,9.547,9.06,9.132,9.498,9.703,9.767,10.008,9.757,9.305,9.643,9.833,9.81,9.714,9.903,10.047,9.708,9.726,9.902,10.158,10.149,10.182,9.919,9.488,9.811,9.8,9.972,10.031,10.178,10.319,9.857,9.944,10.285,10.389,10.396,10.446,10.522,10.296,10.33,10.476,10.412,9.711,9.075,9.369,9.646,9.402,9.525,9.536,9.198,9.323,9.622,9.593,9.373,9.435,9.598,9.835,9.7,9.716,9.761,9.309,9.752,9.915,9.788,9.766,9.898,9.833,9.575,9.843,9.934,9.901,10.066,10.148,9.949,9.738,10.158,10.05,8.877,9.853,9.89,10.093,9.996,9.605,9.8,9.254,9.029,9.371,9.913,10.029,9.775,10.286,10.336,10.309,10.086,9.53,9.014,8.369,9.011,9.359,9.607,9.801,9.856,10.086,9.701,10.07,10.189,10.24,10.191,9.802,9.295,9.174,9.572,9.972,10.007,10.069,10.219,9.991,9.737,10.143,10.345,10.42,10.548,10.443,10.343,9.966,10.229,10.506,10.401,10.268,10.059,9.784,8.99,9.566,10.016,10.027,10.115,10.102,9.722,8.866,8.113,8.426,8.774,8.794,9.072,9.204,8.863,9.226,9.53,9.635,9.782,9.712,9.57,9.065,9.236,9.583,9.832,9.592,10.022,9.914,9.561,9.814,9.882,9.265,8.82,8.449,8.685,9.042,9.478,9.643,9.426,9.606,9.783,10.169,9.428,9.902,10.003,10.213,10.349,10.268,9.879,9.455,9.844,9.794,9.614,9.744,10.007,9.825,9.356,9.661,9.72,9.881,9.941,9.925,9.608,8.804,8.848,9.117,9.022,8.796,8.598,8.609,8.529,9.113,9.165,8.933,8.623,8.763,8.463,8.369,9.073,9.079,9.231,9.094,9.033,8.855,8.61,8.911,8.854,8.65,8.886,8.985,8.571,8.153,8.623,8.697,8.321,8.132,7.91,7.677,7.735,8.247,7.994,7.875,7.981,8.271,8.499,8.034,8.13,8.426,8.668,8.861,9.188,8.835,8.569,8.916,8.758,9.137,9.225,9.151,8.921,8.86,9.146,9.218,8.799,8.738,9.01,9.034,8.823,9.031,9.464,9.626,9.717,10.551,10.364,10.044,9.873,10.069,9.912,9.363,9.209,9.07,8.643,9.14,9.544,9.856,10.235,9.921,9.322,8.622,8.889,9.094,9.436,9.563,9.399,9.019,8.371,8.935,9.383,9.52,9.505,9.617,9.484,8.812,8.744,9.118,9.349,9.462,9.562,9.714,9.681,9.829,9.964,10.149,10.21,10.226,10.14,9.812,9.879,9.607,9.958,10.068,10.093,9.959,9.585,9.528,9.31,9.632,9.936,9.967,10.038,9.651,9.786,9.949,9.931,9.866,9.924,9.746,9.435,9.624,9.712,9.748,9.688,9.344,8.768,7.957,7.802,8.343,8.587,8.807,8.931,9.124,8.819,9.013,9.217,9.291,9.42,9.221,8.961,8.352,8.376,8.499,8.527,8.318,8.95,8.786,8.506,8.595,8.54,8.919,9.174,9.323,9.206,8.895,9.348,9.514,9.533,9.44,9.563,9.547,9.06,9.132,9.498,9.703,9.767,10.008,9.757,9.305,9.643,9.833,9.81,9.714,9.903,10.047,9.708
Guntur_69,11.867,11.949,12.174,12.204,11.751,11.818,12.075,12.092,11.85,11.717,11.931,11.936,12.082,11.867,11.521,11.459,11.994,11.941,11.458,11.945,12.032,11.764,11.896,12.183,12.316,11.753,12.131,12.308,12.402,12.485,12.383,10.867,10.346,10.677,10.953,10.955,10.945,11.068,10.687,10.452,10.631,10.681,10.791,11.173,11.155,11.265,10.793,11.057,11.284,11.237,10.993,10.611,10.701,10.42,10.77,10.961,11.081,10.947,10.883,10.76,10.636,10.938,11.059,10.885,10.714,10.779,10.925,10.605,10.526,9.761,10.141,10.759,10.824,10.755,10.341,10.701,11.042,10.996,12.187,12.009,11.584,11.398,11.196,11.651,12.064,12.198,12.149,12.085,11.71,11.403,11.378,11.515,11.77,11.851,11.775,11.318,11.888,11.946,11.884,11.961,12.051,11.827,11.546,12.203,11.979,11.894,11.547,11.462,11.351,10.97,11.656,11.717,11.429,11.61,11.731,11.618,11.391,11.812,11.824,11.846,11.642,12.261,12.289,12.11,12.465,12.417,12.57,12.904,12.888,12.809,12.3,12.103,12.206,12.161,12.062,12.131,11.99,12.028,11.26,11.79,12.144,11.769,11.609,11.913,12.1,11.567,11.843,12.044,12.389,12.355,12.073,11.793,9.372,9.49,9.464,9.723,9.649,9.709,9.526,10.126,10.308,10.441,10.313,10.341,10.04,9.696,10.186,10.177,10.336,10.478,10.263,10.197,9.802,10.364,10.632,10.499,10.497,10.139,9.923,9.622,10.076,10.58,0.0,0.0,0.0,0.0,0.0,0.0,0.0,0.0,0.0,0.0,0.0,0.0,0.0,0.0,0.0,0.0,0.0,0.0,0.0,0.0,0.0,0.0,0.0,0.0,0.0,0.0,0.0,0.0,0.0,0.0,0.0,0.0,0.0,0.0,0.0,0.0,0.0,0.0,0.0,0.0,0.0,0.0,0.0,0.0,0.0,0.0,0.0,0.0,0.0,0.0,0.0,0.0,0.0,0.0,0.0,0.0,0.0,0.0,0.0,0.0,0.0,0.0,11.058,11.095,11.1,11.314,11.402,10.804,10.922,11.225,11.728,11.562,11.411,11.046,10.71,10.828,11.011,11.167,10.955,10.875,11.168,10.677,10.868,10.72,10.531,10.865,10.918,10.432,10.087,10.864,11.096,11.004,11.05,10.98,11.305,10.952,11.157,11.491,11.873,12.038,12.042,11.686,11.041,11.156,11.329,10.843,11.031,11.155,11.404,11.109,11.371,11.382,11.338,11.121,10.842,10.827,10.275,10.482,11.023,11.239,11.492,11.707,11.614,10.559,10.928,11.045,11.009,10.897,11.142,10.98,10.539,10.755,10.718,10.642,10.829,10.631,9.677,9.402,9.471,10.093,10.384,10.561,10.64,10.556,10.378,10.884,10.84,10.543,9.933,9.955,10.15,10.33,10.692,10.607,10.763,10.651,10.755,10.689,10.228,10.431,10.611,10.421,10.589,10.68,10.475,10.195,10.483,10.767,10.777,10.877,11.029,10.843,10.69,10.977,11.249,11.391,11.221,11.205,11.379,10.947,11.275,11.395,11.334,11.335,11.058,10.736,10.363,10.646,10.731,10.773,10.627,10.755,10.546,10.507,10.934,10.994,10.955,10.826,10.847,11.065,10.931,11.047,11.415,11.642,11.842,11.781,11.599,11.193,11.294,10.906,11.193,11.334,11.548,11.525,11.186,10.974,11.109,11.198,10.992,11.033,10.951,10.645,10.761,11.011,11.22,11.271,11.277,11.225,10.959,11.135,11.136,11.096,10.997,10.874,10.877,10.695,11.111,11.293,11.461,11.499,11.575,11.52,11.338,11.623,11.682,11.643,11.6,11.861,11.793,11.333,11.599,11.821,11.947,11.825,11.418,11.21,11.205,11.623,11.709,11.887,12.061,12.025,11.897,11.521,11.643,11.353,11.624,11.81,11.646,11.705,11.266,10.621,10.797,11.3,11.854,12.158,12.253,11.991,12.311,12.306,12.317,12.604,12.483,12.453,12.006,12.394,12.473,12.011,12.063,12.163,11.867,11.785,12.018,12.243,11.853,11.618,11.498,11.68,11.446,11.877,12.055,12.004,12.054,11.983,11.092,10.884,10.95,11.003,10.79,10.913,11.146,11.066,10.828,11.039,10.771,10.419,10.117,10.46,10.383,9.608,9.659,9.437,9.46,9.391,9.522,9.851,10.054,10.282,10.118,9.929,9.967,10.347,10.593,9.99,10.487,10.446,11.247,11.466,11.5,11.226,10.706,11.032,10.854,10.823,10.59,10.239,10.213,9.717,10.594,10.645,10.917,10.989,11.067,10.598,10.061,10.899,11.312,11.932,11.463,11.413,11.099,11.367,12.215,12.628,12.357,7.164,6.917,6.937,7.022,7.422,7.561,7.507,7.364,7.255,7.387,6.892,6.818,6.744,6.654,6.768,7.092,7.156,6.492,5.999,6.006,5.882,6.057,6.378,6.242,6.144,6.344,6.288,5.921,6.036,6.004,5.914,0.0,0.0,0.0,0.0,0.0,0.0,0.0,0.0,0.0,0.0,0.0,0.0,0.0,0.0,0.0,0.0,0.0,0.0,0.0,0.0,0.0,0.0,0.0,0.0,0.0,0.0,0.0,0.0,0.0,0.0,0.0,0.0,0.0,0.0,0.0,0.0,0.0,0.0,0.0,0.0,0.0,0.0,0.0,0.0,0.0,0.0,0.0,0.0,0.0,0.0,0.0,0.0,0.0,0.0,0.0,0.0,0.0,0.0,0.0,0.0,0.0,10.808,10.417,10.163,10.631,10.861,11.077,11.082,11.192,11.031,10.682,11.189,11.306,11.325,11.165,10.817,10.955,10.381,10.135,10.579,10.679,10.612,10.547,10.685,10.038,10.446,10.534,10.509,10.432,10.567,10.46,10.292,10.575,10.575,10.457,9.66,9.357,10.007,9.81,10.341,10.62,10.994,10.692,10.922,10.841,10.664,10.807,10.789,10.912,11.007,10.729,10.735,10.276,10.868,11.033,11.099,10.999,10.916,10.764,10.18,10.371,10.419,11.279,10.96,11.179,11.202,10.964,11.328,11.553,11.521,11.647,11.468,11.368,10.897,11.433,11.812,11.778,11.664,11.604,11.587,11.007,11.798,12.15,12.359,12.483,12.575,12.449,12.076,12.331,12.078,11.785,11.663,11.865,10.31,9.917,10.474,10.762,10.926,10.718,10.674,10.302,9.838,10.167,10.225,10.275,10.479,10.281,10.022,10.018,10.496,10.822,10.829,10.776,10.874,10.294,10.128,10.69,10.754,10.413,10.591,10.743,10.786,10.775,10.973,11.163,11.207,10.777,10.963,11.094,10.936,11.129,11.437,11.232,10.994,11.055,11.028,10.895,10.965,11.041,11.2,11.104,11.161,11.064,10.879,11.16,11.127,11.141,11.454,11.211,11.03,10.618,11.087,11.512,11.276,11.21,11.523,11.709,11.422,11.378,11.46,11.574,11.779,11.932,11.904,11.613,11.873,11.951,12.113,12.068,11.396,11.479,11.703,12.035,12.134,12.202,12.313,12.261,12.178,11.8,12.019,12.133,12.357,12.432,11.682,11.67,11.307,11.71,11.83,11.612,11.797,11.729,11.773,11.402,11.631,11.8,11.824,11.709,11.588,11.755,11.219,11.524,11.726,11.638,11.683,11.71,11.696,11.325,11.721,11.86,11.982,11.902,11.795,11.49,9.984,10.23,10.195,10.437,10.427,10.703,10.637,10.161,10.317,10.157,10.203,10.19,10.094,9.996,9.721,10.115,10.358,10.648,10.545,10.105,9.215,8.563,8.46,9.21,9.896,9.959,9.809,9.724,9.641,10.181,10.329,11.349,11.464,11.45,11.321,11.045,11.349,11.424,11.182,11.077,11.346,11.232,10.906,11.441,11.602,11.292,11.04,10.88,10.619,9.856,9.885,9.968,10.761,11.179,11.049,10.83,10.515,11.127,11.284,10.834,10.087,9.981,10.15,9.892,10.635,10.68,10.668,10.703,10.501,10.062,9.426,9.784,9.807,9.959,9.812,9.836,9.856,9.429,10.144,10.3,10.117,9.497,9.784,9.532,8.859,9.532,10.157,10.273,10.193,10.374,10.036,9.439,10.353,10.617,11.055,11.046,10.661,10.346,9.842,10.084,10.073,10.069,9.489,10.004,10.384,9.68,9.18,9.832,10.398,10.756,10.626,10.492,10.04,10.586,10.852,10.754,10.934,11.291,10.922,10.459,11.215,11.508,11.433,10.84,10.944,10.888,10.249,10.772,10.942,10.986,10.837,10.556,10.289,9.608,9.761,9.802,9.808,9.658,9.177,9.489,9.559,10.097,10.08,9.956,9.541,9.389,9.265,9.296,10.12,10.198,10.164,10.309,10.336,9.55,9.122,9.68,9.971,9.453,9.589,9.542,9.598,9.277,9.572,9.485,9.647,9.657,9.577,9.438,9.112,9.839,9.934,9.951,9.919,9.792,9.532,8.965,8.455,8.277,8.87,9.359,9.551,9.6,9.335,9.433,9.357,9.477,9.395,9.547,9.513,9.316,9.452,9.526,9.529,9.524,9.534,9.248,9.022,9.091,9.332,9.472,9.542,9.626,9.657,9.282,9.621,9.757,9.734,9.73,9.733,9.742,9.527,9.772,9.652,9.663,10.21,10.36,10.378,10.014,10.227,10.462,10.586,10.33,10.254,9.857,9.595,10.102,10.118,10.179,10.369,10.577,10.655,10.417,10.826,10.862,10.777,10.822,10.999,10.928,10.554,10.767,10.971,11.145,11.185,11.057,10.94,10.73,11.021,10.976,10.792,10.927,11.008,11.072,10.972,11.148,11.165,11.265,11.294,11.359,10.956,10.52,10.817,11.036,11.246,11.146,11.285,11.151,10.828,10.909,11.102,11.019,10.298,10.631,10.946,10.668,10.808,10.821,10.769,10.916,11.265,11.232,10.974,11.046,11.237,11.515,11.357,11.375,11.428,10.899,11.418,11.608,11.46,11.434,11.588,11.513,11.211,11.524,11.631,11.592,11.785,11.882,11.648,11.401,11.892,11.767,11.078,11.119,11.347,11.238,10.8,11.018,10.405,10.152,10.536,11.146,11.276,10.99,11.565,11.622,11.591,11.34,10.714,10.134,9.409,10.131,10.523,10.801,11.02,11.082,11.341,10.907,11.322,11.455,11.513,11.458,11.021,11.369,11.221,11.708,12.197,12.24,12.316,12.499,12.22,11.91,12.406,12.653,12.745,12.901,12.773,12.651,12.19,12.511,12.851,12.721,12.56,12.303,11.967,10.996,11.701,12.251,12.264,12.372,12.356,11.891,10.845,9.583,9.953,10.364,10.387,10.716,10.872,10.469,10.898,11.256,11.381,11.555,11.472,11.304,10.707,10.909,11.32,11.613,11.33,11.838,11.71,11.293,11.592,11.672,10.944,10.418,9.98,10.259,10.681,11.195,11.391,11.134,11.067,11.271,11.716,10.863,11.409,11.525,11.767,11.924,11.83,11.382,10.894,11.342,11.284,11.077,11.227,11.53,11.32,10.78,11.131,11.2,11.384,11.454,11.435,11.071,10.144,10.194,10.504,10.395,10.135,9.906,11.658,11.55,12.341,12.411,12.097,11.677,11.867,11.46,11.332,12.287,12.294,12.501,12.315,12.232,11.992,11.659,12.068,11.99,11.713,12.034,12.167,11.606,11.041,11.678,11.778,11.268,11.013,10.711,10.396,10.474,11.168,0.0,0.0,0.0,0.0,0.0,0.0,0.0,0.0,0.0,0.0,0.0,0.0,0.0,0.0,0.0,0.0,0.0,0.0,0.0,0.0,0.0,0.0,0.0,0.0,0.0,0.0,0.0,0.0,0.0,0.0,0.0,12.298,12.081,11.708,11.508,11.737,11.554,10.914,10.734,10.572,10.075,10.655,11.125,11.488,11.931,11.565,10.867,10.05,10.362,10.601,10.999,11.147,10.956,10.513,9.758,10.415,10.938,11.097,11.08,11.21,11.055,9.717,9.642,10.054,10.309,10.434,10.544,10.712,10.675,10.838,10.987,11.191,11.258,11.276,11.181,10.82,10.893,10.593,10.981,11.102,11.129,10.981,10.569,10.506,10.266,10.621,10.956,10.991,11.068,10.641,10.79,10.97,10.997,10.926,10.99,10.792,10.448,10.658,10.755,10.795,10.728,10.348,9.71,8.812,8.639,9.239,9.509,9.753,9.891,10.104,9.766,9.981,10.206,10.288,10.431,10.211,9.923,9.249,9.276,9.411,9.442,9.211,9.217,9.049,8.761,8.852,8.796,9.186,9.448,9.602,9.481,9.161,9.628,9.799,9.818,9.722,9.849,9.832,9.331,9.405,9.782,9.993,10.059,10.308,10.049,9.584,9.931,10.127,10.103,10.005,10.2,10.347,9.998,10.539,10.73,11.007,10.998,11.033,10.748,10.281,10.631,10.619,10.805,10.87,11.029,11.182,10.681,10.775,11.144,11.257,11.265,11.319,11.402,11.157,11.193,11.351,11.282,10.522,9.834,10.152,10.452,10.187,10.321,10.333,9.979,10.115,10.438,10.408,10.169,10.236,10.413,10.67,10.524,10.541,10.59,10.099,10.58,10.756,10.619,10.595,10.738,10.668,10.388,10.678,10.777,10.742,10.92,11.01,10.793,10.564,11.02,10.903,9.631,10.39,10.429,10.643,10.541,10.13,10.335,9.759,9.522,9.883,10.454,10.576,10.308,10.847,10.9,10.872,10.636,10.05,9.506,8.825,9.502,9.87,10.131,10.336,10.394,10.637,10.23,10.62,10.744,10.799,10.747,10.337,9.636,9.511,9.923,10.338,10.374,10.438,10.594,10.357,10.094,10.515,10.724,10.802,10.935,10.826,10.722,10.332,10.604,10.892,10.782,10.645,10.428,10.142,9.32,9.917,10.383,10.394,10.486,10.473,10.078,9.191,9.034,9.383,9.77,9.792,10.102,10.249,9.869,10.274,10.612,10.73,10.893,10.815,10.656,10.094,10.285,10.671,10.948,10.681,11.16,11.039,10.646,10.928,11.004,10.317,9.822,9.409,9.671,10.069,10.554,10.738,10.496,11.067,11.271,11.716,10.863,11.409,11.525,11.767,11.924,11.83,11.382,10.894,11.342,11.284,11.077,11.227,11.53,11.32,10.78,11.131,11.2,11.384,11.454,11.435,11.071,10.144,10.194,10.504,10.395,10.135,9.906,9.587,9.497,10.148,10.205,9.947,9.602,9.758,9.424,9.319,10.103,10.109,10.28,10.126,10.058,9.861,9.587,9.923,9.86,9.632,9.895,10.005,9.544,9.079,9.603,9.685,9.266,9.056,8.808,8.549,8.613,9.183,8.004,7.886,7.992,8.282,8.51,8.044,8.14,8.437,8.68,8.872,9.2,8.846,8.58,8.928,8.77,9.149,9.237,9.163,8.933,8.872,9.158,9.23,8.811,8.75,9.022,9.046,8.834,9.043,9.477,9.639,9.73,10.551,10.364,10.044,9.873,10.069,9.912,9.363,9.209,9.07,8.643,9.14,9.544,9.856,10.235,9.921,9.322,8.622,8.889,9.094,9.436,9.563,9.399,9.019,8.371,8.935,9.383,9.52,9.505,9.617,9.484,9.717,9.642,10.054,10.309,10.434,10.544,10.712,10.675,10.838,10.987,11.191,11.258,11.276,11.181,10.82,10.893,10.593,10.981,11.102,11.129,10.981,10.569,10.506,10.266,10.621,10.956,10.991,11.068,10.641,10.79,10.97,10.997,10.926,10.99,10.792,10.448,10.658,10.755,10.795,10.728,10.348,9.71,8.812,8.639,9.239,9.509,9.753,9.891,10.104,9.766,9.981,10.206,10.288,10.431,10.211,9.923,9.249,9.276,9.411,9.442,9.211,9.217,9.049,8.761,8.852,8.796,9.186,9.448,9.602,9.481,9.161,9.628,9.799,9.818,9.722,9.849,9.832,9.331,9.405,9.782,9.993,10.059,10.308,10.049,9.584,9.931,10.127,10.103,10.005,10.2,10.347,9.998
Guntur_70,9.438,9.503,9.683,9.706,9.346,9.399,9.604,9.617,9.424,9.319,9.489,9.493,9.609,9.438,9.163,9.114,9.539,9.497,9.112,9.5,9.569,9.356,9.461,9.69,9.795,9.347,9.648,9.789,9.864,9.93,9.848,9.19,8.749,9.029,9.263,9.264,9.256,9.36,9.038,8.839,8.991,9.032,9.126,9.449,9.434,9.526,9.127,9.351,9.543,9.503,9.296,8.974,9.05,8.812,9.108,9.27,9.371,9.258,9.204,9.099,9.348,9.614,9.721,9.568,9.417,9.475,9.603,9.322,9.252,8.58,8.914,9.457,9.514,9.453,9.089,9.406,9.706,9.665,10.713,10.556,10.182,10.018,9.841,10.241,10.604,10.721,10.679,10.623,10.293,10.023,10.001,10.335,10.563,10.636,10.568,10.158,10.67,10.721,10.666,10.735,10.816,10.615,10.362,10.952,10.752,10.675,10.364,10.287,10.187,9.846,10.461,10.516,10.257,10.42,10.529,10.427,10.224,10.601,10.613,10.632,10.449,9.686,9.709,9.568,9.847,9.81,9.93,10.194,10.182,10.119,9.718,9.562,9.643,9.607,9.53,9.584,9.472,9.503,8.896,9.314,9.594,9.298,9.171,9.412,9.559,9.139,9.356,9.515,9.788,9.761,9.538,9.317,6.943,7.031,7.012,7.204,7.149,7.193,7.058,7.502,7.637,7.736,7.641,7.661,7.438,7.184,7.546,7.54,7.658,7.763,7.603,7.554,7.262,7.678,7.877,7.778,7.777,7.512,7.352,7.129,7.465,7.838,0.0,0.0,0.0,0.0,0.0,0.0,0.0,0.0,0.0,0.0,0.0,0.0,0.0,0.0,0.0,0.0,0.0,0.0,0.0,0.0,0.0,0.0,0.0,0.0,0.0,0.0,0.0,0.0,0.0,0.0,0.0,0.0,0.0,0.0,0.0,0.0,0.0,0.0,0.0,0.0,0.0,0.0,0.0,0.0,0.0,0.0,0.0,0.0,0.0,0.0,0.0,0.0,0.0,0.0,0.0,0.0,0.0,0.0,0.0,0.0,0.0,0.0,9.218,9.249,9.253,9.432,9.505,9.007,9.104,9.357,9.777,9.638,9.513,9.208,8.928,9.027,9.179,9.309,9.133,9.066,9.31,8.9,9.06,8.937,8.779,9.057,9.101,8.696,8.409,9.057,9.25,9.173,10.323,10.257,10.56,10.231,10.422,10.734,11.092,11.246,11.249,10.917,10.315,10.421,10.583,10.129,10.305,10.42,10.654,10.378,10.622,10.632,10.592,10.389,10.128,10.114,9.599,9.792,10.297,10.499,10.735,10.936,10.85,9.168,9.488,9.589,9.558,9.461,9.674,9.533,9.15,9.338,9.305,9.239,9.401,9.23,8.402,8.163,8.223,8.763,9.015,9.169,9.238,9.165,9.01,9.45,9.411,9.153,8.624,8.643,8.812,8.969,9.283,9.077,9.21,9.114,9.204,9.147,8.753,8.927,9.081,8.918,9.061,9.139,8.965,8.724,8.971,9.214,9.222,9.309,9.438,9.279,9.148,9.394,9.626,9.748,9.603,9.589,9.738,9.368,9.649,9.752,9.699,9.7,9.683,9.401,9.074,9.322,9.397,9.433,9.306,9.417,9.235,9.2,9.574,9.627,9.593,9.48,9.498,9.689,9.571,9.673,9.996,10.194,10.369,10.316,10.157,9.801,9.889,9.549,9.801,9.924,10.112,10.092,9.795,9.956,10.078,10.159,9.972,10.009,9.935,9.657,9.763,9.99,10.179,10.225,10.231,10.184,9.942,10.102,10.103,10.067,9.977,9.865,9.868,9.702,10.08,10.246,10.398,10.432,10.501,10.451,10.286,10.089,10.14,10.106,10.069,10.295,10.236,9.837,10.068,10.261,10.37,10.264,9.91,9.73,9.726,10.089,10.163,10.318,10.469,10.438,10.327,10.0,10.106,9.854,10.089,10.251,10.109,10.16,9.779,9.219,9.371,9.808,11.01,11.292,11.381,11.138,11.435,11.431,11.441,11.707,11.594,11.567,11.152,11.512,11.585,11.156,11.205,11.297,11.022,10.946,11.163,11.371,11.009,10.792,10.68,10.849,10.631,11.031,11.197,11.15,11.197,11.131,9.05,8.88,8.934,8.977,8.804,8.904,9.094,9.029,8.835,9.007,8.788,8.501,8.255,8.534,8.471,7.839,7.881,7.7,7.718,7.662,7.769,8.038,8.203,8.389,8.256,8.101,8.132,8.442,8.643,8.151,8.557,7.982,8.593,8.76,8.787,8.577,8.18,8.429,8.293,8.269,8.091,7.823,7.803,7.424,8.094,8.133,8.341,8.396,8.456,8.098,7.687,8.328,8.643,9.117,8.758,8.72,8.48,8.685,9.333,9.648,9.441,5.079,4.904,4.918,4.978,5.262,5.36,5.322,5.221,5.143,5.237,4.886,4.833,4.781,4.717,4.798,5.028,5.073,4.602,4.253,4.258,4.17,4.294,4.522,4.425,4.356,4.497,4.457,4.197,4.279,4.257,4.192,0.0,0.0,0.0,0.0,0.0,0.0,0.0,0.0,0.0,0.0,0.0,0.0,0.0,0.0,0.0,0.0,0.0,0.0,0.0,0.0,0.0,0.0,0.0,0.0,0.0,0.0,0.0,0.0,0.0,0.0,0.0,38.983,39.457,39.238,37.571,37.093,38.292,36.846,36.066,38.373,37.234,35.606,33.078,34.468,35.232,36.119,36.084,36.984,38.765,39.514,39.942,39.132,37.805,38.0,38.356,37.696,37.453,36.909,36.587,36.374,37.679,9.581,9.235,9.01,9.425,9.629,9.82,9.825,9.922,9.779,9.47,9.919,10.023,10.04,9.898,9.589,9.713,9.203,8.985,9.379,9.467,9.408,9.35,9.472,8.899,9.261,9.339,9.316,9.248,9.368,9.274,9.125,9.161,9.161,9.059,8.368,8.106,8.669,8.499,8.959,9.2,9.524,9.263,9.462,9.392,9.238,9.362,9.347,9.453,9.536,9.295,9.3,8.902,9.415,9.558,9.615,9.528,9.457,9.325,8.819,8.984,9.026,8.611,8.368,8.535,8.552,8.37,8.649,8.82,8.796,8.892,8.756,8.679,8.32,8.729,9.018,8.992,8.905,8.86,8.846,8.403,9.007,9.276,9.436,9.53,9.6,9.504,9.22,9.415,9.221,8.998,8.904,9.058,9.207,8.856,9.354,9.611,9.757,9.572,9.532,9.201,8.786,9.079,9.131,9.176,9.358,9.181,8.95,8.946,9.374,9.664,9.67,9.624,9.711,9.193,9.045,9.547,9.604,9.3,9.458,9.594,9.632,9.623,9.799,10.589,10.631,10.223,10.399,10.524,10.373,10.557,10.849,10.654,10.429,10.487,10.461,10.335,10.402,10.473,10.625,10.533,10.587,10.495,10.32,10.586,10.555,10.568,10.865,10.635,10.463,10.072,10.517,10.038,9.832,9.775,10.048,10.21,9.96,9.921,9.993,10.092,10.271,10.405,10.38,10.126,10.353,10.421,10.562,10.523,9.937,10.009,10.205,10.494,10.58,10.64,10.736,10.691,10.619,10.29,10.481,10.58,10.775,10.84,10.967,10.955,10.615,10.992,11.105,10.901,11.074,11.011,11.052,10.703,10.918,11.077,11.1,10.992,10.878,11.035,10.531,10.818,11.008,10.925,10.968,10.992,10.979,10.631,11.003,11.134,11.247,11.173,11.073,10.786,8.777,8.994,8.963,9.176,9.166,9.409,9.351,8.933,9.07,8.93,8.97,8.959,8.874,8.788,8.546,8.893,9.106,9.361,9.271,8.883,8.101,7.528,7.437,8.097,8.7,8.755,8.624,8.549,8.476,8.951,9.08,9.488,9.584,9.572,9.465,9.234,9.488,9.551,9.348,9.26,9.485,9.39,9.117,9.565,9.699,9.44,9.23,9.095,8.877,8.24,8.264,8.333,8.996,9.346,9.237,9.054,8.79,9.302,9.434,9.057,8.433,8.344,8.485,8.27,8.89,8.929,8.918,8.947,8.779,8.412,7.88,8.179,8.198,8.326,8.202,8.223,8.239,7.883,8.48,8.611,8.458,7.94,8.179,7.969,7.406,7.969,8.491,8.588,8.522,8.672,8.39,7.891,11.428,11.72,12.203,12.194,11.769,11.421,10.864,11.132,11.12,11.115,10.475,11.043,11.462,10.686,10.134,10.853,11.479,11.873,11.731,11.582,11.083,11.686,11.98,11.872,12.07,12.464,12.057,11.545,12.38,12.703,12.621,10.112,10.209,10.156,9.56,10.048,10.207,10.248,10.109,9.847,9.598,8.963,9.105,9.144,9.149,9.009,8.561,8.852,8.917,9.419,9.403,9.287,8.9,8.758,8.643,8.672,9.44,9.513,9.481,9.617,9.642,8.868,8.471,8.989,9.26,8.778,8.905,8.861,8.912,8.615,8.889,8.808,8.958,8.968,8.893,8.765,8.462,9.137,9.225,9.24,9.211,9.093,8.852,8.325,7.851,7.687,8.237,8.691,8.869,8.915,8.669,8.76,8.851,8.965,8.887,9.031,8.999,8.813,8.942,9.012,9.014,9.01,9.019,8.749,8.535,8.6,8.827,8.96,9.027,9.106,9.135,8.78,9.102,9.23,9.208,9.205,9.207,9.216,9.013,9.244,9.13,9.141,8.908,9.039,9.054,8.737,8.922,9.127,9.236,9.012,8.946,8.6,8.371,8.813,8.827,8.88,9.046,9.227,9.295,9.088,9.445,9.476,9.402,9.441,9.596,9.534,9.208,9.393,9.571,9.723,9.758,9.646,9.544,9.241,9.492,9.453,9.294,9.411,9.48,9.536,9.449,9.602,9.615,9.702,9.727,9.783,9.436,9.06,9.316,9.505,9.685,9.599,9.719,9.604,9.326,9.396,9.562,9.49,8.869,9.156,9.427,9.188,9.309,9.32,9.455,9.584,9.89,9.861,9.635,9.698,9.866,10.109,9.971,9.987,10.034,9.569,10.024,10.191,10.062,10.039,10.174,10.108,9.843,10.118,10.211,10.178,10.347,10.432,10.226,10.01,10.441,10.331,9.888,9.925,10.128,10.031,9.639,9.835,9.287,9.061,9.404,9.948,10.065,9.809,10.323,10.373,10.346,10.121,9.563,9.046,8.398,9.042,9.392,9.641,9.836,9.891,10.122,9.735,10.106,10.225,10.276,10.227,9.837,9.83,9.703,10.123,10.547,10.583,10.649,10.807,10.567,10.298,10.727,10.941,11.02,11.155,11.045,10.939,10.54,10.818,11.112,11.0,10.86,10.638,10.347,9.508,10.117,10.593,10.604,10.698,10.684,10.282,9.377,8.524,8.853,9.219,9.239,9.531,9.67,9.312,9.694,10.012,10.124,10.278,10.204,10.055,9.524,9.704,10.069,10.33,10.078,10.53,10.416,10.045,10.311,10.382,9.734,9.267,8.877,9.125,9.5,9.958,10.132,9.903,10.131,10.318,10.725,9.944,10.444,10.55,10.772,10.915,10.83,10.419,9.973,10.383,10.329,10.139,10.277,10.555,10.363,9.868,10.189,10.252,10.421,10.485,10.467,10.134,9.286,9.332,9.615,9.516,9.277,9.068,11.658,11.55,12.341,12.411,12.097,11.677,11.867,11.46,11.332,12.287,12.294,12.501,12.315,12.232,11.992,11.659,12.068,11.99,11.713,12.034,12.167,11.606,11.041,11.678,11.778,11.268,11.013,10.711,10.396,10.474,11.168,0.0,0.0,0.0,0.0,0.0,0.0,0.0,0.0,0.0,0.0,0.0,0.0,0.0,0.0,0.0,0.0,0.0,0.0,0.0,0.0,0.0,0.0,0.0,0.0,0.0,0.0,0.0,0.0,0.0,0.0,0.0,11.37,11.169,10.824,10.64,10.851,10.682,10.09,9.924,9.775,9.315,9.851,10.286,10.621,11.03,10.692,10.046,9.291,9.58,9.801,10.169,10.305,10.129,9.719,9.021,9.629,10.112,10.259,10.244,10.364,10.221,9.188,9.117,9.507,9.748,9.866,9.97,10.129,10.094,10.248,10.389,10.582,10.645,10.662,10.572,10.231,10.3,10.017,10.383,10.497,10.524,10.384,9.993,9.935,9.708,10.043,10.359,10.393,10.466,10.062,10.203,10.373,10.928,10.857,10.92,10.724,10.383,10.591,10.687,10.727,10.66,10.283,9.649,8.756,8.585,9.181,9.449,9.692,9.828,10.04,9.704,9.918,10.142,10.224,10.365,10.147,9.861,9.191,9.218,9.352,9.383,9.153,8.543,8.387,8.12,8.205,8.152,8.514,8.757,8.9,8.788,8.491,8.923,9.082,9.1,9.011,9.129,9.113,8.648,8.717,9.066,9.262,9.323,9.554,9.314,8.882,9.205,9.386,9.364,9.273,9.454,9.59,9.267,9.575,9.748,10.0,9.992,10.024,9.765,9.341,9.658,9.648,9.817,9.876,10.02,10.159,9.704,9.79,10.125,10.227,10.235,10.284,10.359,10.136,10.17,10.313,10.25,9.56,8.935,9.223,9.496,9.256,9.377,9.388,9.08,9.204,9.498,9.47,9.253,9.314,9.475,9.709,9.576,9.591,9.636,9.19,9.627,9.787,9.663,9.641,9.771,9.707,9.452,9.717,9.807,9.774,9.937,10.018,9.821,9.613,10.027,9.921,8.763,9.734,9.771,9.971,9.875,9.49,9.682,9.142,8.92,9.258,9.793,9.908,9.657,10.162,10.212,10.185,9.964,9.415,8.905,8.268,8.902,9.246,9.491,9.683,9.738,9.965,9.584,9.949,10.066,10.117,10.068,9.684,9.215,9.096,9.49,9.887,9.921,9.983,10.131,9.906,9.654,10.056,10.256,10.331,10.458,10.354,10.255,9.881,10.141,10.416,10.312,10.181,9.973,9.7,8.913,9.485,9.93,9.941,10.029,10.016,9.639,8.79,7.876,8.18,8.518,8.537,8.807,8.935,8.604,8.957,9.251,9.354,9.497,9.428,9.29,8.8,8.966,9.303,9.545,9.312,9.729,9.624,9.281,9.527,9.593,8.994,8.563,8.203,8.431,8.778,9.201,9.361,9.151,10.131,10.318,10.725,9.944,10.444,10.55,10.772,10.915,10.83,10.419,9.973,10.383,10.329,10.139,10.277,10.555,10.363,9.868,10.189,10.252,10.421,10.485,10.467,10.134,9.286,9.332,9.615,9.516,9.277,9.068,8.358,8.28,8.847,8.897,8.672,8.371,8.507,8.216,8.124,8.808,8.813,8.962,8.828,8.769,8.596,8.358,8.651,8.596,8.397,8.627,8.722,8.32,7.915,8.371,8.443,8.078,7.895,7.679,7.453,7.509,8.006,7.618,7.505,7.606,7.882,8.1,7.656,7.748,8.03,8.261,8.444,8.756,8.42,8.166,8.497,8.347,8.707,8.791,8.721,8.502,8.444,8.716,8.785,8.386,8.328,8.587,8.609,8.408,8.606,9.019,9.174,9.26,9.223,9.06,8.78,8.63,8.802,8.664,8.184,8.05,7.929,7.556,7.99,8.343,8.615,8.947,8.673,8.149,7.537,7.771,7.95,8.249,8.359,8.216,7.884,7.318,7.811,8.203,8.322,8.309,8.407,8.291,9.188,9.117,9.507,9.748,9.866,9.97,10.129,10.094,10.248,10.389,10.582,10.645,10.662,10.572,10.231,10.3,10.017,10.383,10.497,10.524,10.384,9.993,9.935,9.708,10.043,10.359,10.393,10.466,10.062,10.203,10.373,10.928,10.857,10.92,10.724,10.383,10.591,10.687,10.727,10.66,10.283,9.649,8.756,8.585,9.181,9.449,9.692,9.828,10.04,9.704,9.918,10.142,10.224,10.365,10.147,9.861,9.191,9.218,9.352,9.383,9.153,8.543,8.387,8.12,8.205,8.152,8.514,8.757,8.9,8.788,8.491,8.923,9.082,9.1,9.011,9.129,9.113,8.648,8.717,9.066,9.262,9.323,9.554,9.314,8.882,9.205,9.386,9.364,9.273,9.454,9.59,9.267
Guntur_71,9.438,9.503,9.683,9.706,9.346,9.399,9.604,9.617,9.424,9.319,9.489,9.493,9.609,9.438,9.163,9.114,9.539,9.497,9.112,9.5,9.569,9.356,9.461,9.69,9.795,9.347,9.648,9.789,9.864,9.93,9.848,9.19,8.749,9.029,9.263,9.264,9.256,9.36,9.038,8.839,8.991,9.032,9.126,9.449,9.434,9.526,9.127,9.351,9.543,9.503,9.296,8.974,9.05,8.812,9.108,9.27,9.371,9.258,9.204,9.099,9.348,9.614,9.721,9.568,9.417,9.475,9.603,9.322,9.252,8.58,8.914,9.457,9.514,9.453,9.089,9.406,9.706,9.665,10.713,10.556,10.182,10.018,9.841,10.241,10.604,10.721,10.679,10.623,10.293,10.023,10.001,10.335,10.563,10.636,10.568,10.158,10.67,10.721,10.666,10.735,10.816,10.615,10.362,10.952,10.752,10.675,10.364,10.287,10.187,9.846,10.461,10.516,10.257,10.42,10.529,10.427,10.224,10.601,10.613,10.632,10.449,9.686,9.709,9.568,9.847,9.81,9.93,10.194,10.182,10.119,9.718,9.562,9.643,9.607,9.53,9.584,9.472,9.503,8.896,9.314,9.594,9.298,9.171,9.412,9.559,9.139,9.356,9.515,9.788,9.761,9.538,9.317,6.943,7.031,7.012,7.204,7.149,7.193,7.058,7.502,7.637,7.736,7.641,7.661,7.438,7.184,7.546,7.54,7.658,7.763,7.603,7.554,7.262,7.678,7.877,7.778,7.777,7.512,7.352,7.129,7.465,7.838,0.0,0.0,0.0,0.0,0.0,0.0,0.0,0.0,0.0,0.0,0.0,0.0,0.0,0.0,0.0,0.0,0.0,0.0,0.0,0.0,0.0,0.0,0.0,0.0,0.0,0.0,0.0,0.0,0.0,0.0,0.0,0.0,0.0,0.0,0.0,0.0,0.0,0.0,0.0,0.0,0.0,0.0,0.0,0.0,0.0,0.0,0.0,0.0,0.0,0.0,0.0,0.0,0.0,0.0,0.0,0.0,0.0,0.0,0.0,0.0,0.0,0.0,9.218,9.249,9.253,9.432,9.505,9.007,9.104,9.357,9.777,9.638,9.513,9.208,8.928,9.027,9.179,9.309,9.133,9.066,9.31,8.9,9.06,8.937,8.779,9.057,9.101,8.696,8.409,9.057,9.25,9.173,10.323,10.257,10.56,10.231,10.422,10.734,11.092,11.246,11.249,10.917,10.315,10.421,10.583,10.129,10.305,10.42,10.654,10.378,10.622,10.632,10.592,10.389,10.128,10.114,9.599,9.792,10.297,10.499,10.735,10.936,10.85,9.168,9.488,9.589,9.558,9.461,9.674,9.533,9.15,9.338,9.305,9.239,9.401,9.23,8.402,8.163,8.223,8.763,9.015,9.169,9.238,9.165,9.01,9.45,9.411,9.153,8.624,8.643,8.812,8.969,9.283,9.077,9.21,9.114,9.204,9.147,8.753,8.927,9.081,8.918,9.061,9.139,8.965,8.724,8.971,9.214,9.222,9.309,9.438,9.279,9.148,9.394,9.626,9.748,9.603,9.589,9.738,9.368,9.649,9.752,9.699,9.7,9.683,9.401,9.074,9.322,9.397,9.433,9.306,9.417,9.235,9.2,9.574,9.627,9.593,9.48,9.498,9.689,9.571,9.673,9.996,10.194,10.369,10.316,10.157,9.801,9.889,9.549,9.801,9.924,10.112,10.092,9.795,9.956,10.078,10.159,9.972,10.009,9.935,9.657,9.763,9.99,10.179,10.225,10.231,10.184,9.942,10.102,10.103,10.067,9.977,9.865,9.868,9.702,10.08,10.246,10.398,10.432,10.501,10.451,10.286,10.089,10.14,10.106,10.069,10.295,10.236,9.837,10.068,10.261,10.37,10.264,9.91,9.73,9.726,10.089,10.163,10.318,10.469,10.438,10.327,10.0,10.106,9.854,10.089,10.251,10.109,10.16,9.779,9.219,9.371,9.808,11.01,11.292,11.381,11.138,11.435,11.431,11.441,11.707,11.594,11.567,11.152,11.512,11.585,11.156,11.205,11.297,11.022,10.946,11.163,11.371,11.009,10.792,10.68,10.849,10.631,11.031,11.197,11.15,11.197,11.131,9.05,8.88,8.934,8.977,8.804,8.904,9.094,9.029,8.835,9.007,8.788,8.501,8.255,8.534,8.471,7.839,7.881,7.7,7.718,7.662,7.769,8.038,8.203,8.389,8.256,8.101,8.132,8.442,8.643,8.151,8.557,7.982,8.593,8.76,8.787,8.577,8.18,8.429,8.293,8.269,8.091,7.823,7.803,7.424,8.094,8.133,8.341,8.396,8.456,8.098,7.687,8.328,8.643,9.117,8.758,8.72,8.48,8.685,9.333,9.648,9.441,5.079,4.904,4.918,4.978,5.262,5.36,5.322,5.221,5.143,5.237,4.886,4.833,4.781,4.717,4.798,5.028,5.073,4.602,4.253,4.258,4.17,4.294,4.522,4.425,4.356,4.497,4.457,4.197,4.279,4.257,4.192,0.0,0.0,0.0,0.0,0.0,0.0,0.0,0.0,0.0,0.0,0.0,0.0,0.0,0.0,0.0,0.0,0.0,0.0,0.0,0.0,0.0,0.0,0.0,0.0,0.0,0.0,0.0,0.0,0.0,0.0,0.0,38.983,39.457,39.238,37.571,37.093,38.292,36.846,36.066,38.373,37.234,35.606,33.078,34.468,35.232,36.119,36.084,36.984,38.765,39.514,39.942,39.132,37.805,38.0,38.356,37.696,37.453,36.909,36.587,36.374,37.679,9.581,9.235,9.01,9.425,9.629,9.82,9.825,9.922,9.779,9.47,9.919,10.023,10.04,9.898,9.589,9.713,9.203,8.985,9.379,9.467,9.408,9.35,9.472,8.899,9.261,9.339,9.316,9.248,9.368,9.274,9.125,9.161,9.161,9.059,8.368,8.106,8.669,8.499,8.959,9.2,9.524,9.263,9.462,9.392,9.238,9.362,9.347,9.453,9.536,9.295,9.3,8.902,9.415,9.558,9.615,9.528,9.457,9.325,8.819,8.984,9.026,8.611,8.368,8.535,8.552,8.37,8.649,8.82,8.796,8.892,8.756,8.679,8.32,8.729,9.018,8.992,8.905,8.86,8.846,8.403,9.007,9.276,9.436,9.53,9.6,9.504,9.22,9.415,9.221,8.998,8.904,9.058,9.207,8.856,9.354,9.611,9.757,9.572,9.532,9.201,8.786,9.079,9.131,9.176,9.358,9.181,8.95,8.946,9.374,9.664,9.67,9.624,9.711,9.193,9.045,9.547,9.604,9.3,9.458,9.594,9.632,9.623,9.799,10.589,10.631,10.223,10.399,10.524,10.373,10.557,10.849,10.654,10.429,10.487,10.461,10.335,10.402,10.473,10.625,10.533,10.587,10.495,10.32,10.586,10.555,10.568,10.865,10.635,10.463,10.072,10.517,10.038,9.832,9.775,10.048,10.21,9.96,9.921,9.993,10.092,10.271,10.405,10.38,10.126,10.353,10.421,10.562,10.523,9.937,10.009,10.205,10.494,10.58,10.64,10.736,10.691,10.619,10.29,10.481,10.58,10.775,10.84,10.967,10.955,10.615,10.992,11.105,10.901,11.074,11.011,11.052,10.703,10.918,11.077,11.1,10.992,10.878,11.035,10.531,10.818,11.008,10.925,10.968,10.992,10.979,10.631,11.003,11.134,11.247,11.173,11.073,10.786,8.777,8.994,8.963,9.176,9.166,9.409,9.351,8.933,9.07,8.93,8.97,8.959,8.874,8.788,8.546,8.893,9.106,9.361,9.271,8.883,8.101,7.528,7.437,8.097,8.7,8.755,8.624,8.549,8.476,8.951,9.08,9.488,9.584,9.572,9.465,9.234,9.488,9.551,9.348,9.26,9.485,9.39,9.117,9.565,9.699,9.44,9.23,9.095,8.877,8.24,8.264,8.333,8.996,9.346,9.237,9.054,8.79,9.302,9.434,9.057,8.433,8.344,8.485,8.27,8.89,8.929,8.918,8.947,8.779,8.412,7.88,8.179,8.198,8.326,8.202,8.223,8.239,7.883,8.48,8.611,8.458,7.94,8.179,7.969,7.406,7.969,8.491,8.588,8.522,8.672,8.39,7.891,11.428,11.72,12.203,12.194,11.769,11.421,10.864,11.132,11.12,11.115,10.475,11.043,11.462,10.686,10.134,10.853,11.479,11.873,11.731,11.582,11.083,11.686,11.98,11.872,12.07,12.464,12.057,11.545,12.38,12.703,12.621,10.112,10.209,10.156,9.56,10.048,10.207,10.248,10.109,9.847,9.598,8.963,9.105,9.144,9.149,9.009,8.561,8.852,8.917,9.419,9.403,9.287,8.9,8.758,8.643,8.672,9.44,9.513,9.481,9.617,9.642,8.868,8.471,8.989,9.26,8.778,8.905,8.861,8.912,8.615,8.889,8.808,8.958,8.968,8.893,8.765,8.462,9.137,9.225,9.24,9.211,9.093,8.852,8.325,7.851,7.687,8.237,8.691,8.869,8.915,8.669,8.76,8.851,8.965,8.887,9.031,8.999,8.813,8.942,9.012,9.014,9.01,9.019,8.749,8.535,8.6,8.827,8.96,9.027,9.106,9.135,8.78,9.102,9.23,9.208,9.205,9.207,9.216,9.013,9.244,9.13,9.141,8.908,9.039,9.054,8.737,8.922,9.127,9.236,9.012,8.946,8.6,8.371,8.813,8.827,8.88,9.046,9.227,9.295,9.088,9.445,9.476,9.402,9.441,9.596,9.534,9.208,9.393,9.571,9.723,9.758,9.646,9.544,9.241,9.492,9.453,9.294,9.411,9.48,9.536,9.449,9.602,9.615,9.702,9.727,9.783,9.436,9.06,9.316,9.505,9.685,9.599,9.719,9.604,9.326,9.396,9.562,9.49,8.869,9.156,9.427,9.188,9.309,9.32,9.455,9.584,9.89,9.861,9.635,9.698,9.866,10.109,9.971,9.987,10.034,9.569,10.024,10.191,10.062,10.039,10.174,10.108,9.843,10.118,10.211,10.178,10.347,10.432,10.226,10.01,10.441,10.331,9.888,9.925,10.128,10.031,9.639,9.835,9.287,9.061,9.404,9.948,10.065,9.809,10.323,10.373,10.346,10.121,9.563,9.046,8.398,9.042,9.392,9.641,9.836,9.891,10.122,9.735,10.106,10.225,10.276,10.227,9.837,9.83,9.703,10.123,10.547,10.583,10.649,10.807,10.567,10.298,10.727,10.941,11.02,11.155,11.045,10.939,10.54,10.818,11.112,11.0,10.86,10.638,10.347,9.508,10.117,10.593,10.604,10.698,10.684,10.282,9.377,8.524,8.853,9.219,9.239,9.531,9.67,9.312,9.694,10.012,10.124,10.278,10.204,10.055,9.524,9.704,10.069,10.33,10.078,10.53,10.416,10.045,10.311,10.382,9.734,9.267,8.877,9.125,9.5,9.958,10.132,9.903,10.131,10.318,10.725,9.944,10.444,10.55,10.772,10.915,10.83,10.419,9.973,10.383,10.329,10.139,10.277,10.555,10.363,9.868,10.189,10.252,10.421,10.485,10.467,10.134,9.286,9.332,9.615,9.516,9.277,9.068,11.658,11.55,12.341,12.411,12.097,11.677,11.867,11.46,11.332,12.287,12.294,12.501,12.315,12.232,11.992,11.659,12.068,11.99,11.713,12.034,12.167,11.606,11.041,11.678,11.778,11.268,11.013,10.711,10.396,10.474,11.168,0.0,0.0,0.0,0.0,0.0,0.0,0.0,0.0,0.0,0.0,0.0,0.0,0.0,0.0,0.0,0.0,0.0,0.0,0.0,0.0,0.0,0.0,0.0,0.0,0.0,0.0,0.0,0.0,0.0,0.0,0.0,11.37,11.169,10.824,10.64,10.851,10.682,10.09,9.924,9.775,9.315,9.851,10.286,10.621,11.03,10.692,10.046,9.291,9.58,9.801,10.169,10.305,10.129,9.719,9.021,9.629,10.112,10.259,10.244,10.364,10.221,9.188,9.117,9.507,9.748,9.866,9.97,10.129,10.094,10.248,10.389,10.582,10.645,10.662,10.572,10.231,10.3,10.017,10.383,10.497,10.524,10.384,9.993,9.935,9.708,10.043,10.359,10.393,10.466,10.062,10.203,10.373,10.928,10.857,10.92,10.724,10.383,10.591,10.687,10.727,10.66,10.283,9.649,8.756,8.585,9.181,9.449,9.692,9.828,10.04,9.704,9.918,10.142,10.224,10.365,10.147,9.861,9.191,9.218,9.352,9.383,9.153,8.543,8.387,8.12,8.205,8.152,8.514,8.757,8.9,8.788,8.491,8.923,9.082,9.1,9.011,9.129,9.113,8.648,8.717,9.066,9.262,9.323,9.554,9.314,8.882,9.205,9.386,9.364,9.273,9.454,9.59,9.267,9.575,9.748,10.0,9.992,10.024,9.765,9.341,9.658,9.648,9.817,9.876,10.02,10.159,9.704,9.79,10.125,10.227,10.235,10.284,10.359,10.136,10.17,10.313,10.25,9.56,8.935,9.223,9.496,9.256,9.377,9.388,9.08,9.204,9.498,9.47,9.253,9.314,9.475,9.709,9.576,9.591,9.636,9.19,9.627,9.787,9.663,9.641,9.771,9.707,9.452,9.717,9.807,9.774,9.937,10.018,9.821,9.613,10.027,9.921,8.763,9.734,9.771,9.971,9.875,9.49,9.682,9.142,8.92,9.258,9.793,9.908,9.657,10.162,10.212,10.185,9.964,9.415,8.905,8.268,8.902,9.246,9.491,9.683,9.738,9.965,9.584,9.949,10.066,10.117,10.068,9.684,9.215,9.096,9.49,9.887,9.921,9.983,10.131,9.906,9.654,10.056,10.256,10.331,10.458,10.354,10.255,9.881,10.141,10.416,10.312,10.181,9.973,9.7,8.913,9.485,9.93,9.941,10.029,10.016,9.639,8.79,7.876,8.18,8.518,8.537,8.807,8.935,8.604,8.957,9.251,9.354,9.497,9.428,9.29,8.8,8.966,9.303,9.545,9.312,9.729,9.624,9.281,9.527,9.593,8.994,8.563,8.203,8.431,8.778,9.201,9.361,9.151,10.131,10.318,10.725,9.944,10.444,10.55,10.772,10.915,10.83,10.419,9.973,10.383,10.329,10.139,10.277,10.555,10.363,9.868,10.189,10.252,10.421,10.485,10.467,10.134,9.286,9.332,9.615,9.516,9.277,9.068,8.358,8.28,8.847,8.897,8.672,8.371,8.507,8.216,8.124,8.808,8.813,8.962,8.828,8.769,8.596,8.358,8.651,8.596,8.397,8.627,8.722,8.32,7.915,8.371,8.443,8.078,7.895,7.679,7.453,7.509,8.006,7.618,7.505,7.606,7.882,8.1,7.656,7.748,8.03,8.261,8.444,8.756,8.42,8.166,8.497,8.347,8.707,8.791,8.721,8.502,8.444,8.716,8.785,8.386,8.328,8.587,8.609,8.408,8.606,9.019,9.174,9.26,9.223,9.06,8.78,8.63,8.802,8.664,8.184,8.05,7.929,7.556,7.99,8.343,8.615,8.947,8.673,8.149,7.537,7.771,7.95,8.249,8.359,8.216,7.884,7.318,7.811,8.203,8.322,8.309,8.407,8.291,9.188,9.117,9.507,9.748,9.866,9.97,10.129,10.094,10.248,10.389,10.582,10.645,10.662,10.572,10.231,10.3,10.017,10.383,10.497,10.524,10.384,9.993,9.935,9.708,10.043,10.359,10.393,10.466,10.062,10.203,10.373,10.928,10.857,10.92,10.724,10.383,10.591,10.687,10.727,10.66,10.283,9.649,8.756,8.585,9.181,9.449,9.692,9.828,10.04,9.704,9.918,10.142,10.224,10.365,10.147,9.861,9.191,9.218,9.352,9.383,9.153,8.543,8.387,8.12,8.205,8.152,8.514,8.757,8.9,8.788,8.491,8.923,9.082,9.1,9.011,9.129,9.113,8.648,8.717,9.066,9.262,9.323,9.554,9.314,8.882,9.205,9.386,9.364,9.273,9.454,9.59,9.267
Guntur_72,10.196,10.265,10.459,10.485,10.096,10.153,10.374,10.388,10.18,10.067,10.251,10.254,10.38,10.195,9.898,9.845,10.304,10.258,9.843,10.263,10.337,10.106,10.22,10.467,10.581,10.097,10.422,10.574,10.655,10.726,10.638,9.691,9.226,9.521,9.767,9.769,9.76,9.869,9.53,9.32,9.48,9.524,9.623,9.963,9.947,10.045,9.624,9.86,10.062,10.02,9.802,9.462,9.543,9.291,9.604,9.774,9.881,9.762,9.705,9.595,9.884,10.165,10.278,10.116,9.957,10.018,10.154,9.856,9.782,9.071,9.425,9.999,10.06,9.995,9.61,9.945,10.262,10.219,11.327,11.161,10.766,10.592,10.405,10.828,11.212,11.336,11.291,11.232,10.883,10.598,10.574,10.736,10.974,11.049,10.979,10.553,11.084,11.138,11.081,11.153,11.236,11.027,10.765,11.378,11.169,11.09,10.766,10.687,10.583,10.228,10.868,10.925,10.656,10.825,10.938,10.832,10.621,11.013,11.025,11.045,10.855,10.159,10.183,10.034,10.328,10.289,10.415,10.692,10.679,10.613,10.192,10.029,10.114,10.076,9.994,10.051,9.934,9.966,9.33,9.769,10.062,9.751,9.619,9.871,10.025,9.584,9.812,9.979,10.265,10.237,10.003,9.771,8.391,8.497,8.474,8.706,8.639,8.693,8.529,9.067,9.23,9.349,9.234,9.259,8.989,8.682,9.12,9.112,9.255,9.382,9.189,9.13,8.776,9.28,9.519,9.401,9.399,9.079,8.885,8.615,9.022,9.473,0.0,0.0,0.0,0.0,0.0,0.0,0.0,0.0,0.0,0.0,0.0,0.0,0.0,0.0,0.0,0.0,0.0,0.0,0.0,0.0,0.0,0.0,0.0,0.0,0.0,0.0,0.0,0.0,0.0,0.0,0.0,0.0,0.0,0.0,0.0,0.0,0.0,0.0,0.0,0.0,0.0,0.0,0.0,0.0,0.0,0.0,0.0,0.0,0.0,0.0,0.0,0.0,0.0,0.0,0.0,0.0,0.0,0.0,0.0,0.0,0.0,0.0,12.029,12.07,12.075,12.308,12.404,11.753,11.881,12.211,12.758,12.578,12.413,12.016,11.651,11.78,11.979,12.148,11.918,11.83,12.149,11.615,11.823,11.662,11.456,11.819,11.877,11.349,10.974,11.819,12.07,11.971,7.404,7.357,7.575,7.338,7.476,7.7,7.956,8.066,8.069,7.83,7.398,7.475,7.591,7.266,7.392,7.474,7.642,7.444,7.619,7.626,7.597,7.452,7.265,7.255,6.885,7.023,7.386,7.531,7.7,7.844,7.782,9.263,9.587,9.69,9.657,9.559,9.775,9.633,9.245,9.435,9.402,9.336,9.5,9.326,8.49,8.248,8.309,8.854,9.109,9.264,9.334,9.26,9.105,9.548,9.51,9.249,8.714,8.734,8.905,9.062,9.38,9.904,10.049,9.945,10.042,9.98,9.55,9.74,9.908,9.73,9.887,9.972,9.781,9.519,9.788,10.053,10.062,10.156,10.297,10.124,9.981,10.249,10.503,10.636,10.477,10.462,10.625,10.221,10.527,10.64,10.582,10.583,9.677,9.395,9.068,9.316,9.39,9.427,9.299,9.411,9.229,9.194,9.568,9.62,9.586,9.474,9.492,9.682,9.565,9.667,9.989,10.187,10.362,10.309,10.15,9.794,9.883,9.543,9.795,9.918,10.105,10.085,9.789,10.286,10.413,10.496,10.304,10.342,10.265,9.978,10.087,10.322,10.517,10.565,10.571,10.522,10.273,10.438,10.438,10.401,10.308,10.192,10.195,10.025,10.415,10.586,10.743,10.779,10.85,10.799,10.627,11.334,11.391,11.353,11.312,11.565,11.499,11.051,11.31,11.527,11.649,11.53,11.133,10.931,10.926,11.334,11.417,11.591,11.761,11.725,11.601,11.234,11.353,11.07,11.334,11.516,11.356,11.414,10.985,10.356,10.528,11.018,10.468,10.736,10.821,10.589,10.872,10.868,10.877,11.131,11.023,10.998,10.603,10.945,11.015,10.607,10.653,10.741,10.48,10.407,10.613,10.811,10.467,10.26,10.154,10.314,10.108,10.488,10.646,10.601,10.645,10.582,10.933,10.729,10.794,10.846,10.637,10.758,10.987,10.908,10.674,10.882,10.617,10.27,9.973,10.311,10.235,9.471,9.521,9.303,9.325,9.257,9.386,9.711,9.91,10.136,9.974,9.787,9.825,10.2,10.442,9.848,10.338,9.211,9.917,10.11,10.141,9.899,9.44,9.727,9.571,9.543,9.338,9.028,9.006,8.568,9.341,9.387,9.626,9.69,9.759,9.345,8.871,9.61,9.974,10.521,10.107,10.063,9.786,10.023,10.771,11.134,10.896,9.242,8.923,8.949,9.059,9.575,9.754,9.684,9.5,9.359,9.529,8.891,8.795,8.7,8.584,8.731,9.149,9.231,8.374,7.739,7.748,7.588,7.814,8.228,8.053,7.926,8.184,8.111,7.638,7.786,7.746,7.629,0.0,0.0,0.0,0.0,0.0,0.0,0.0,0.0,0.0,0.0,0.0,0.0,0.0,0.0,0.0,0.0,0.0,0.0,0.0,0.0,0.0,0.0,0.0,0.0,0.0,0.0,0.0,0.0,0.0,0.0,0.0,0.0,0.0,0.0,0.0,0.0,0.0,0.0,0.0,0.0,0.0,0.0,0.0,0.0,0.0,0.0,0.0,0.0,0.0,0.0,0.0,0.0,0.0,0.0,0.0,0.0,0.0,0.0,0.0,0.0,0.0,10.369,9.994,9.751,10.2,10.421,10.628,10.633,10.738,10.583,10.249,10.735,10.847,10.866,10.712,10.378,10.511,9.96,9.724,10.15,10.246,10.182,10.119,10.251,9.631,10.022,10.107,10.083,10.009,10.138,10.036,9.875,10.88,10.879,10.758,9.938,9.626,10.296,10.093,10.639,10.926,11.311,11.001,11.237,11.154,10.971,11.118,11.1,11.227,11.325,11.038,11.045,10.573,11.181,11.351,11.419,11.316,11.231,11.074,10.474,10.67,10.719,9.598,9.326,9.512,9.532,9.329,9.639,9.831,9.804,9.91,9.758,9.673,9.272,9.729,10.05,10.022,9.925,9.874,9.859,9.366,10.039,10.338,10.517,10.622,10.7,10.593,10.276,10.493,10.277,10.028,9.924,10.096,9.966,9.586,10.125,10.403,10.561,10.361,10.318,9.959,9.51,9.828,9.884,9.932,10.13,9.938,9.688,9.684,10.146,10.461,10.467,10.417,10.511,9.951,9.79,10.334,10.396,10.066,10.237,10.384,10.426,10.416,10.607,10.814,10.857,10.44,10.62,10.748,10.594,10.781,11.08,10.881,10.651,10.709,10.683,10.554,10.622,10.695,10.85,10.757,10.812,10.718,10.539,10.811,10.779,10.792,11.096,10.861,10.685,10.286,10.74,10.793,10.571,10.509,10.803,10.977,10.708,10.666,10.744,10.85,11.043,11.187,11.16,10.887,11.131,11.204,11.356,11.314,10.684,10.761,10.972,11.283,11.375,11.439,11.543,11.494,11.417,11.063,11.268,11.375,11.585,11.655,11.001,10.989,10.648,11.027,11.14,10.935,11.109,11.045,11.086,10.736,10.952,11.112,11.134,11.026,10.912,11.069,10.564,10.851,11.042,10.959,11.002,11.026,11.013,10.664,11.037,11.168,11.282,11.208,11.107,10.82,9.592,9.828,9.795,10.027,10.017,10.283,10.219,9.762,9.912,9.759,9.803,9.79,9.698,9.604,9.34,9.718,9.951,10.23,10.131,9.708,8.853,8.227,8.128,8.848,9.507,9.568,9.424,9.342,9.263,9.781,9.923,10.174,10.277,10.264,10.149,9.901,10.174,10.242,10.024,9.93,10.171,10.069,9.776,10.256,10.401,10.123,9.897,9.753,9.519,8.836,8.861,8.936,9.647,10.021,9.905,9.709,9.426,9.975,10.116,9.712,9.043,8.947,9.099,8.868,9.533,9.574,9.563,9.594,9.414,9.02,8.45,8.771,8.791,8.928,8.796,8.817,8.835,8.453,9.093,9.234,9.069,8.514,8.771,8.545,7.942,8.545,9.105,9.21,9.138,9.3,8.997,8.461,10.388,10.653,11.092,11.084,10.698,10.381,9.875,10.118,10.108,10.103,9.522,10.038,10.419,9.713,9.211,9.865,10.434,10.792,10.663,10.528,10.074,10.622,10.889,10.791,10.971,11.33,10.96,10.494,11.253,11.547,11.472,13.296,13.423,13.354,12.57,13.212,13.42,13.474,13.292,12.947,12.62,11.785,11.972,12.023,12.029,11.846,11.256,11.639,11.724,12.385,12.364,12.211,11.702,11.516,11.364,11.402,12.412,12.508,12.466,12.644,12.677,9.398,8.978,9.526,9.813,9.303,9.437,9.391,9.445,9.13,9.42,9.335,9.494,9.504,9.425,9.289,8.968,9.683,9.777,9.793,9.761,9.636,9.381,8.822,8.32,8.146,8.729,9.211,9.399,9.448,9.187,9.283,10.01,10.138,10.051,10.213,10.178,9.967,10.112,10.192,10.194,10.189,10.199,9.894,9.652,9.726,9.983,10.133,10.208,10.298,10.331,9.93,10.293,10.438,10.414,10.41,10.412,10.422,10.193,10.454,10.326,10.338,10.689,10.846,10.865,10.484,10.707,10.953,11.083,10.814,10.735,10.32,10.046,10.576,10.592,10.657,10.855,11.073,11.154,10.905,11.334,11.371,11.283,11.33,11.515,11.441,11.049,11.272,11.485,11.668,11.71,11.575,11.453,9.502,9.76,9.72,9.557,9.677,9.748,9.805,9.716,9.873,9.887,9.976,10.002,10.059,9.703,9.316,9.579,9.773,9.959,9.871,9.993,9.875,9.589,9.661,9.832,9.758,9.12,9.414,9.693,9.448,9.572,9.583,11.972,12.135,12.523,12.486,12.199,12.28,12.492,12.801,12.625,12.646,12.705,12.116,12.693,12.904,12.74,12.711,12.883,12.799,12.463,12.811,12.93,12.887,13.102,13.209,12.949,12.674,13.221,13.081,10.853,10.893,11.117,11.01,10.58,10.794,10.193,9.945,10.322,10.919,11.047,10.767,11.33,11.385,11.356,11.109,10.497,9.928,9.218,9.925,10.309,10.582,10.796,10.857,11.11,10.685,11.092,11.222,11.279,11.225,10.797,10.18,10.047,10.483,10.921,10.96,11.028,11.192,10.942,10.664,11.108,11.329,11.412,11.552,11.437,11.328,10.915,11.202,11.506,11.391,11.246,11.016,10.715,9.846,10.477,10.969,10.981,11.078,11.064,10.647,9.71,9.2,9.555,9.95,9.972,10.287,10.438,10.051,10.463,10.807,10.927,11.093,11.014,10.852,10.28,10.474,10.867,11.149,10.877,11.365,11.242,10.842,11.129,11.206,10.506,10.002,9.582,9.849,10.254,10.748,10.936,10.689,10.906,11.107,11.545,10.704,11.242,11.356,11.595,11.75,11.658,11.216,10.735,11.177,11.119,10.915,11.063,11.362,11.155,10.622,10.968,11.036,11.218,11.287,11.268,10.909,9.996,10.046,10.35,10.243,9.987,9.762,11.444,11.337,12.113,12.182,11.874,11.462,11.649,11.249,11.124,12.06,12.068,12.271,12.088,12.007,11.771,11.444,11.846,11.77,11.497,11.812,11.943,11.393,10.837,11.463,11.561,11.061,10.81,10.514,10.205,10.281,10.962,0.0,0.0,0.0,0.0,0.0,0.0,0.0,0.0,0.0,0.0,0.0,0.0,0.0,0.0,0.0,0.0,0.0,0.0,0.0,0.0,0.0,0.0,0.0,0.0,0.0,0.0,0.0,0.0,0.0,0.0,0.0,12.726,12.501,12.115,11.908,12.145,11.955,11.293,11.108,10.94,10.425,11.025,11.512,11.888,12.345,11.967,11.244,10.399,10.722,10.97,11.382,11.534,11.336,10.878,10.097,10.777,11.318,11.482,11.465,11.6,11.44,9.583,9.509,9.916,10.167,10.29,10.399,10.564,10.528,10.689,10.836,11.037,11.103,11.12,11.027,10.671,10.743,10.447,10.829,10.949,10.976,10.83,10.423,10.362,10.125,10.475,10.805,10.839,10.916,10.495,10.642,10.819,11.281,11.208,11.273,11.071,10.718,10.933,11.033,11.074,11.005,10.615,9.96,9.039,8.863,9.477,9.755,10.005,10.146,10.365,10.018,10.238,10.47,10.554,10.7,10.475,10.179,9.488,9.515,9.654,9.686,9.449,9.54,9.366,9.067,9.162,9.103,9.507,9.779,9.938,9.813,9.481,9.964,10.141,10.161,10.062,10.194,10.176,9.657,9.734,10.124,10.342,10.411,10.668,10.4,9.919,10.279,10.481,10.456,10.355,10.556,10.709,10.348,9.935,10.115,10.376,10.368,10.401,10.132,9.692,10.021,10.011,10.186,10.247,10.397,10.541,10.069,10.158,10.506,10.612,10.62,10.671,10.748,10.517,10.552,10.701,10.636,9.919,9.27,9.57,9.854,9.604,9.73,9.741,8.88,9.001,9.288,9.261,9.049,9.108,9.266,9.494,9.365,9.38,9.423,8.987,9.415,9.572,9.45,9.428,9.555,9.493,9.244,9.502,9.59,9.559,9.718,9.797,9.604,9.401,9.806,9.702,8.57,9.24,9.275,9.465,9.374,9.008,9.191,8.679,8.468,8.788,9.297,9.405,9.167,9.647,9.694,9.668,9.458,8.937,8.453,7.848,8.45,8.777,9.01,9.192,9.244,9.459,9.098,9.444,9.555,9.603,9.557,9.193,9.96,9.83,10.257,10.685,10.723,10.789,10.95,10.706,10.433,10.868,11.085,11.165,11.302,11.19,11.083,10.679,10.96,11.258,11.144,11.003,10.778,10.483,9.633,10.251,10.732,10.744,10.839,10.825,10.417,9.5,7.784,8.085,8.419,8.438,8.704,8.831,8.504,8.853,9.144,9.245,9.386,9.319,9.182,8.698,8.862,9.195,9.434,9.203,9.616,9.512,9.173,9.417,9.482,8.89,8.463,8.107,8.333,8.676,9.094,9.253,9.044,10.906,11.107,11.545,10.704,11.242,11.356,11.595,11.75,11.658,11.216,10.735,11.177,11.119,10.915,11.063,11.362,11.155,10.622,10.968,11.036,11.218,11.287,11.268,10.909,9.996,10.046,10.35,10.243,9.987,9.762,8.26,8.184,8.744,8.794,8.571,8.274,8.408,8.12,8.03,8.706,8.711,8.857,8.725,8.667,8.497,8.261,8.55,8.496,8.299,8.526,8.621,8.224,7.823,8.274,8.345,7.984,7.803,7.589,7.366,7.421,7.913,8.015,7.896,8.002,8.293,8.522,8.055,8.151,8.449,8.691,8.884,9.212,8.858,8.592,8.94,8.781,9.161,9.249,9.175,8.944,8.883,9.17,9.242,8.823,8.761,9.034,9.057,8.846,9.055,9.489,9.652,9.743,8.795,8.64,8.373,8.23,8.394,8.263,7.805,7.677,7.561,7.205,7.62,7.956,8.216,8.532,8.271,7.771,7.187,7.41,7.581,7.866,7.972,7.835,7.518,6.978,7.448,7.822,7.936,7.924,8.017,7.906,9.583,9.509,9.916,10.167,10.29,10.399,10.564,10.528,10.689,10.836,11.037,11.103,11.12,11.027,10.671,10.743,10.447,10.829,10.949,10.976,10.83,10.423,10.362,10.125,10.475,10.805,10.839,10.916,10.495,10.642,10.819,11.281,11.208,11.273,11.071,10.718,10.933,11.033,11.074,11.005,10.615,9.96,9.039,8.863,9.477,9.755,10.005,10.146,10.365,10.018,10.238,10.47,10.554,10.7,10.475,10.179,9.488,9.515,9.654,9.686,9.449,9.54,9.366,9.067,9.162,9.103,9.507,9.779,9.938,9.813,9.481,9.964,10.141,10.161,10.062,10.194,10.176,9.657,9.734,10.124,10.342,10.411,10.668,10.4,9.919,10.279,10.481,10.456,10.355,10.556,10.709,10.348
Guntur_73,9.754,9.821,10.006,10.031,9.659,9.714,9.925,9.938,9.739,9.63,9.806,9.81,9.93,9.753,9.47,9.418,9.858,9.814,9.417,9.818,9.889,9.669,9.777,10.014,10.122,9.66,9.97,10.116,10.193,10.262,10.178,9.514,9.057,9.347,9.589,9.591,9.582,9.69,9.356,9.151,9.307,9.351,9.447,9.782,9.766,9.862,9.449,9.681,9.879,9.838,9.624,9.29,9.369,9.122,9.429,9.596,9.701,9.584,9.528,9.42,9.355,9.621,9.727,9.574,9.423,9.481,9.61,9.328,9.258,8.585,8.92,9.463,9.521,9.459,9.095,9.413,9.712,9.671,10.72,10.563,10.189,10.025,9.847,10.247,10.611,10.729,10.686,10.63,10.299,10.03,10.008,10.376,10.605,10.678,10.61,10.198,10.712,10.764,10.708,10.778,10.859,10.657,10.403,10.996,10.794,10.717,10.405,10.328,10.228,9.885,10.503,10.558,10.298,10.462,10.571,10.468,10.264,10.644,10.655,10.674,10.49,10.143,10.166,10.018,10.311,10.272,10.398,10.674,10.662,10.596,10.175,10.013,10.098,10.06,9.978,10.035,9.918,9.95,9.315,9.753,10.046,9.736,9.603,9.855,10.009,9.569,9.797,9.963,10.249,10.22,9.987,9.756,8.408,8.515,8.491,8.724,8.657,8.711,8.547,9.085,9.248,9.368,9.253,9.278,9.008,8.7,9.138,9.13,9.274,9.401,9.208,9.148,8.794,9.298,9.539,9.42,9.418,9.097,8.903,8.633,9.04,9.492,0.0,0.0,0.0,0.0,0.0,0.0,0.0,0.0,0.0,0.0,0.0,0.0,0.0,0.0,0.0,0.0,0.0,0.0,0.0,0.0,0.0,0.0,0.0,0.0,0.0,0.0,0.0,0.0,0.0,0.0,0.0,0.0,0.0,0.0,0.0,0.0,0.0,0.0,0.0,0.0,0.0,0.0,0.0,0.0,0.0,0.0,0.0,0.0,0.0,0.0,0.0,0.0,0.0,0.0,0.0,0.0,0.0,0.0,0.0,0.0,0.0,0.0,13.813,13.86,13.866,14.133,14.243,13.496,13.643,14.022,14.65,14.443,14.254,13.798,13.378,13.526,13.755,13.949,13.685,13.585,13.951,13.337,13.576,13.391,13.155,13.572,13.638,13.031,12.601,13.571,13.86,13.746,7.777,7.727,7.956,7.707,7.852,8.087,8.356,8.472,8.475,8.224,7.771,7.851,7.973,7.631,7.763,7.85,8.026,7.818,8.002,8.01,7.979,7.827,7.63,7.62,7.231,7.377,7.758,7.91,8.088,8.239,8.174,8.976,9.29,9.389,9.358,9.263,9.472,9.334,8.959,9.143,9.111,9.046,9.205,9.037,8.226,7.992,8.051,8.58,8.827,8.977,9.045,8.973,8.822,9.252,9.215,8.962,8.444,8.463,8.628,8.781,9.089,9.249,9.385,9.287,9.378,9.32,8.918,9.096,9.253,9.087,9.233,9.312,9.134,8.889,9.141,9.388,9.397,9.485,9.617,9.454,9.321,9.572,9.808,9.933,9.784,9.77,9.922,9.546,9.831,9.936,9.883,9.883,9.21,8.941,8.631,8.867,8.937,8.972,8.851,8.957,8.784,8.751,9.106,9.156,9.124,9.017,9.034,9.215,9.104,9.2,9.507,9.696,9.863,9.812,9.66,9.322,9.406,9.083,9.322,9.439,9.618,9.598,9.316,10.066,10.19,10.271,10.083,10.12,10.045,9.764,9.871,10.1,10.291,10.338,10.344,10.296,10.052,10.214,10.214,10.178,10.087,9.974,9.977,9.81,10.192,10.359,10.513,10.548,10.617,10.567,10.4,10.263,10.315,10.28,10.243,10.472,10.412,10.006,10.241,10.437,10.548,10.44,10.081,9.898,9.893,10.263,10.338,10.495,10.649,10.617,10.505,10.172,10.28,10.024,10.263,10.427,10.283,10.335,9.947,9.378,9.533,9.977,10.348,10.613,10.696,10.467,10.747,10.743,10.752,11.003,10.897,10.871,10.481,10.819,10.888,10.485,10.53,10.617,10.359,10.287,10.491,10.687,10.347,10.142,10.037,10.196,9.992,10.367,10.523,10.479,10.523,10.461,10.769,10.567,10.631,10.682,10.476,10.596,10.821,10.744,10.513,10.718,10.457,10.116,9.823,10.155,10.081,9.328,9.378,9.163,9.185,9.118,9.245,9.565,9.761,9.983,9.824,9.64,9.677,10.046,10.284,9.699,10.182,8.602,9.261,9.441,9.47,9.244,8.816,9.084,8.938,8.912,8.72,8.431,8.41,8.002,8.724,8.766,8.99,9.049,9.113,8.727,8.284,8.975,9.314,9.825,9.439,9.398,9.139,9.36,10.059,10.398,10.175,9.242,8.923,8.949,9.059,9.575,9.754,9.684,9.5,9.359,9.529,8.891,8.795,8.7,8.584,8.731,9.149,9.231,8.374,7.739,7.748,7.588,7.814,8.228,8.053,7.926,8.184,8.111,7.638,7.786,7.746,7.629,0.0,0.0,0.0,0.0,0.0,0.0,0.0,0.0,0.0,0.0,0.0,0.0,0.0,0.0,0.0,0.0,0.0,0.0,0.0,0.0,0.0,0.0,0.0,0.0,0.0,0.0,0.0,0.0,0.0,0.0,0.0,0.0,0.0,0.0,0.0,0.0,0.0,0.0,0.0,0.0,0.0,0.0,0.0,0.0,0.0,0.0,0.0,0.0,0.0,0.0,0.0,0.0,0.0,0.0,0.0,0.0,0.0,0.0,0.0,0.0,0.0,11.712,11.289,11.014,11.521,11.77,12.004,12.009,12.128,11.953,11.576,12.125,12.252,12.272,12.099,11.722,11.872,11.249,10.983,11.464,11.572,11.5,11.429,11.579,10.878,11.32,11.416,11.388,11.305,11.451,11.336,11.154,10.887,10.886,10.765,9.945,9.632,10.302,10.1,10.646,10.933,11.318,11.008,11.244,11.161,10.978,11.125,11.107,11.234,11.332,11.045,11.052,10.579,11.188,11.359,11.426,11.323,11.238,11.081,10.481,10.677,10.726,9.655,9.382,9.569,9.588,9.385,9.696,9.889,9.862,9.969,9.817,9.73,9.328,9.786,10.11,10.082,9.984,9.933,9.918,9.422,10.098,10.4,10.579,10.685,10.763,10.656,10.337,10.555,10.338,10.088,9.983,10.156,10.186,9.797,10.348,10.632,10.794,10.589,10.545,10.178,9.72,10.044,10.101,10.151,10.353,10.157,9.901,9.897,10.369,10.691,10.698,10.646,10.743,10.17,10.006,10.561,10.625,10.288,10.463,10.613,10.656,10.645,10.84,10.808,10.851,10.435,10.614,10.742,10.588,10.775,11.074,10.875,10.645,10.704,10.677,10.548,10.617,10.69,10.844,10.751,10.806,10.712,10.533,10.805,10.773,10.787,11.09,10.855,10.679,10.28,10.735,10.96,10.736,10.673,10.971,11.147,10.875,10.832,10.911,11.019,11.214,11.36,11.333,11.056,11.304,11.378,11.533,11.489,10.85,10.928,11.142,11.458,11.552,11.617,11.723,11.673,11.594,11.235,11.443,11.552,11.765,11.836,11.29,11.278,10.928,11.317,11.433,11.223,11.401,11.336,11.378,11.019,11.24,11.404,11.428,11.316,11.199,11.361,10.842,11.137,11.333,11.248,11.291,11.317,11.303,10.945,11.328,11.462,11.58,11.503,11.4,11.105,10.476,10.734,10.697,10.951,10.94,11.23,11.161,10.662,10.825,10.658,10.706,10.692,10.592,10.489,10.2,10.614,10.868,11.172,11.065,10.602,9.669,8.985,8.877,9.664,10.383,10.449,10.292,10.203,10.116,10.683,10.837,10.174,10.277,10.264,10.149,9.901,10.174,10.242,10.024,9.93,10.171,10.069,9.776,10.256,10.401,10.123,9.897,9.753,9.519,8.836,8.861,8.936,9.647,10.021,9.905,9.709,9.426,9.975,10.116,9.712,9.043,8.947,9.099,8.868,9.533,9.574,9.563,9.594,9.414,9.02,8.45,8.771,8.791,8.928,8.796,8.817,8.835,8.453,9.093,9.234,9.069,8.514,8.771,8.545,7.942,8.545,9.105,9.21,9.138,9.3,8.997,8.461,12.66,12.982,13.518,13.508,13.037,12.651,12.035,12.331,12.318,12.312,11.604,12.233,12.697,11.837,11.225,12.022,12.715,13.152,12.994,12.83,12.277,12.945,13.27,13.151,13.37,13.807,13.356,12.789,13.714,14.072,13.981,11.079,11.185,11.127,10.474,11.009,11.182,11.228,11.076,10.788,10.516,9.82,9.976,10.018,10.024,9.871,9.379,9.698,9.769,10.32,10.302,10.175,9.751,9.596,9.469,9.501,10.343,10.423,10.387,10.536,10.563,9.506,9.08,9.635,9.925,9.409,9.545,9.498,9.553,9.234,9.528,9.441,9.602,9.613,9.532,9.395,9.07,9.794,9.888,9.905,9.873,9.746,9.488,8.923,8.415,8.239,8.829,9.316,9.507,9.556,9.292,9.389,9.351,9.47,9.388,9.54,9.507,9.31,9.446,9.52,9.523,9.518,9.527,9.242,9.016,9.085,9.325,9.465,9.536,9.62,9.65,9.275,9.615,9.75,9.728,9.724,9.726,9.735,9.521,9.765,9.645,9.657,10.291,10.442,10.46,10.093,10.308,10.545,10.67,10.411,10.335,9.935,9.671,10.182,10.198,10.259,10.451,10.66,10.739,10.499,10.911,10.948,10.863,10.907,11.086,11.015,10.638,10.852,11.057,11.233,11.273,11.144,11.026,9.781,10.046,10.005,9.837,9.961,10.034,10.093,10.001,10.162,10.177,10.269,10.295,10.354,9.987,9.589,9.86,10.06,10.251,10.16,10.286,10.165,9.87,9.945,10.12,10.045,9.387,9.691,9.978,9.725,9.852,9.864,11.521,11.678,12.051,12.016,11.74,11.817,12.022,12.318,12.15,12.169,12.226,11.66,12.215,12.418,12.26,12.232,12.397,12.316,11.993,12.328,12.442,12.402,12.608,12.711,12.461,12.197,12.722,12.588,10.74,10.78,11.001,10.896,10.47,10.682,10.087,9.842,10.215,10.805,10.932,10.655,11.212,11.267,11.238,10.994,10.388,9.825,9.122,9.822,10.202,10.472,10.684,10.744,10.994,10.574,10.977,11.106,11.162,11.108,10.685,9.642,9.517,9.93,10.345,10.381,10.445,10.601,10.364,10.101,10.522,10.731,10.809,10.942,10.833,10.729,10.339,10.611,10.899,10.789,10.652,10.435,10.149,9.326,9.924,10.39,10.401,10.493,10.48,10.085,9.197,9.002,9.35,9.736,9.758,10.066,10.213,9.835,10.238,10.574,10.692,10.855,10.777,10.619,10.059,10.248,10.634,10.91,10.643,11.121,11.001,10.609,10.89,10.965,10.281,9.787,9.376,9.637,10.033,10.517,10.701,10.459,11.512,11.724,12.187,11.299,11.867,11.988,12.24,12.403,12.306,11.839,11.332,11.798,11.737,11.521,11.678,11.993,11.775,11.213,11.578,11.65,11.841,11.914,11.894,11.515,10.552,10.604,10.926,10.813,10.542,10.304,11.444,11.337,12.113,12.182,11.874,11.462,11.649,11.249,11.124,12.06,12.068,12.271,12.088,12.007,11.771,11.444,11.846,11.77,11.497,11.812,11.943,11.393,10.837,11.463,11.561,11.061,10.81,10.514,10.205,10.281,10.962,0.0,0.0,0.0,0.0,0.0,0.0,0.0,0.0,0.0,0.0,0.0,0.0,0.0,0.0,0.0,0.0,0.0,0.0,0.0,0.0,0.0,0.0,0.0,0.0,0.0,0.0,0.0,0.0,0.0,0.0,0.0,12.646,12.423,12.039,11.834,12.069,11.881,11.223,11.038,10.872,10.36,10.956,11.44,11.814,12.268,11.892,11.174,10.334,10.655,10.901,11.311,11.462,11.266,10.81,10.034,10.71,11.247,11.411,11.394,11.527,11.368,9.634,9.56,9.969,10.221,10.345,10.454,10.621,10.584,10.746,10.894,11.096,11.162,11.18,11.086,10.728,10.8,10.503,10.887,11.007,11.035,10.888,10.478,10.417,10.179,10.53,10.862,10.897,10.974,10.551,10.698,10.877,11.094,11.022,11.086,10.888,10.54,10.752,10.85,10.89,10.823,10.439,9.795,8.889,8.716,9.32,9.593,9.839,9.978,10.193,9.852,10.069,10.296,10.379,10.523,10.301,10.011,9.33,9.358,9.494,9.525,9.293,9.396,9.224,8.931,9.024,8.966,9.364,9.631,9.788,9.665,9.338,9.814,9.989,10.008,9.911,10.04,10.023,9.512,9.587,9.971,10.187,10.254,10.507,10.243,9.769,10.124,10.323,10.299,10.199,10.397,10.548,10.192,10.336,10.523,10.795,10.786,10.82,10.541,10.083,10.426,10.415,10.597,10.66,10.816,10.966,10.475,10.567,10.929,11.04,11.048,11.101,11.182,10.942,10.978,11.133,11.064,10.319,9.644,9.956,10.251,9.991,10.122,10.134,9.188,9.313,9.611,9.583,9.363,9.424,9.587,9.824,9.69,9.705,9.75,9.299,9.741,9.904,9.777,9.755,9.887,9.822,9.565,9.832,9.923,9.89,10.055,10.137,9.938,9.727,10.146,10.039,8.867,9.309,9.344,9.535,9.444,9.075,9.259,8.743,8.531,8.854,9.366,9.475,9.235,9.718,9.766,9.74,9.529,9.004,8.516,7.907,8.513,8.843,9.077,9.26,9.312,9.53,9.166,9.514,9.626,9.675,9.628,9.261,9.284,9.163,9.56,9.96,9.995,10.057,10.206,9.979,9.725,10.131,10.332,10.407,10.535,10.43,10.33,9.954,10.216,10.494,10.388,10.256,10.047,9.772,8.979,9.555,10.004,10.014,10.103,10.09,9.71,8.855,8.097,8.409,8.757,8.776,9.054,9.186,8.845,9.208,9.511,9.616,9.763,9.693,9.551,9.047,9.217,9.564,9.812,9.573,10.002,9.894,9.542,9.794,9.862,9.246,8.803,8.433,8.668,9.024,9.459,9.624,9.407,11.512,11.724,12.187,11.299,11.867,11.988,12.24,12.403,12.306,11.839,11.332,11.798,11.737,11.521,11.678,11.993,11.775,11.213,11.578,11.65,11.841,11.914,11.894,11.515,10.552,10.604,10.926,10.813,10.542,10.304,8.592,8.512,9.095,9.147,8.915,8.606,8.746,8.446,8.352,9.055,9.06,9.213,9.076,9.015,8.838,8.592,8.894,8.837,8.632,8.869,8.967,8.554,8.137,8.606,8.68,8.304,8.116,7.894,7.662,7.719,8.23,7.734,7.62,7.722,8.002,8.224,7.773,7.866,8.153,8.387,8.573,8.89,8.548,8.291,8.627,8.474,8.84,8.926,8.854,8.631,8.573,8.849,8.919,8.514,8.455,8.718,8.741,8.536,8.738,9.157,9.314,9.402,11.929,11.718,11.357,11.163,11.385,11.207,10.586,10.412,10.255,9.773,10.335,10.791,11.143,11.572,11.218,10.54,9.748,10.051,10.283,10.669,10.812,10.627,10.197,9.465,10.102,10.61,10.764,10.747,10.874,10.724,9.634,9.56,9.969,10.221,10.345,10.454,10.621,10.584,10.746,10.894,11.096,11.162,11.18,11.086,10.728,10.8,10.503,10.887,11.007,11.035,10.888,10.478,10.417,10.179,10.53,10.862,10.897,10.974,10.551,10.698,10.877,11.094,11.022,11.086,10.888,10.54,10.752,10.85,10.89,10.823,10.439,9.795,8.889,8.716,9.32,9.593,9.839,9.978,10.193,9.852,10.069,10.296,10.379,10.523,10.301,10.011,9.33,9.358,9.494,9.525,9.293,9.396,9.224,8.931,9.024,8.966,9.364,9.631,9.788,9.665,9.338,9.814,9.989,10.008,9.911,10.04,10.023,9.512,9.587,9.971,10.187,10.254,10.507,10.243,9.769,10.124,10.323,10.299,10.199,10.397,10.548,10.192
Guntur_74,11.249,11.326,11.54,11.569,11.139,11.203,11.446,11.462,11.232,11.107,11.31,11.314,11.452,11.249,10.921,10.862,11.369,11.319,10.861,11.323,11.405,11.151,11.276,11.549,11.674,11.141,11.499,11.667,11.756,11.835,11.738,10.297,9.802,10.116,10.378,10.38,10.371,10.486,10.126,9.903,10.073,10.12,10.224,10.586,10.569,10.673,10.226,10.477,10.691,10.647,10.415,10.054,10.139,9.872,10.204,10.385,10.499,10.372,10.312,10.195,9.539,9.811,9.919,9.763,9.609,9.668,9.799,9.512,9.441,8.755,9.096,9.65,9.709,9.646,9.275,9.598,9.904,9.862,10.931,10.771,10.39,10.223,10.042,10.45,10.821,10.94,10.897,10.84,10.503,10.228,10.205,10.687,10.924,10.999,10.929,10.505,11.033,11.087,11.03,11.102,11.185,10.977,10.716,11.326,11.118,11.039,10.717,10.638,10.535,10.181,10.818,10.875,10.607,10.776,10.888,10.783,10.573,10.963,10.974,10.994,10.805,9.654,9.676,9.535,9.814,9.777,9.897,10.16,10.148,10.085,9.685,9.53,9.611,9.575,9.497,9.552,9.44,9.471,8.866,9.283,9.562,9.266,9.14,9.38,9.527,9.108,9.325,9.483,9.755,9.728,9.506,9.285,8.836,8.948,8.923,9.167,9.097,9.154,8.981,9.547,9.719,9.844,9.723,9.75,9.466,9.142,9.603,9.595,9.745,9.879,9.676,9.614,9.241,9.771,10.024,9.899,9.897,9.56,9.355,9.072,9.5,9.975,0.0,0.0,0.0,0.0,0.0,0.0,0.0,0.0,0.0,0.0,0.0,0.0,0.0,0.0,0.0,0.0,0.0,0.0,0.0,0.0,0.0,0.0,0.0,0.0,0.0,0.0,0.0,0.0,0.0,0.0,0.0,0.0,0.0,0.0,0.0,0.0,0.0,0.0,0.0,0.0,0.0,0.0,0.0,0.0,0.0,0.0,0.0,0.0,0.0,0.0,0.0,0.0,0.0,0.0,0.0,0.0,0.0,0.0,0.0,0.0,0.0,0.0,13.813,13.86,13.866,14.133,14.243,13.496,13.643,14.022,14.65,14.443,14.254,13.798,13.378,13.526,13.755,13.949,13.685,13.585,13.951,13.337,13.576,13.391,13.155,13.572,13.638,13.031,12.601,13.571,13.86,13.746,8.772,8.717,8.975,8.694,8.857,9.122,9.426,9.557,9.56,9.277,8.766,8.856,8.994,8.608,8.758,8.856,9.054,8.82,9.027,9.036,9.001,8.829,8.607,8.595,8.157,8.321,8.751,8.922,9.123,9.294,9.22,10.24,10.598,10.711,10.676,10.567,10.806,10.649,10.22,10.43,10.394,10.32,10.501,10.31,9.385,9.118,9.185,9.788,10.07,10.241,10.318,10.237,10.065,10.555,10.512,10.224,9.633,9.655,9.843,10.018,10.369,9.447,9.586,9.486,9.579,9.521,9.11,9.291,9.451,9.282,9.431,9.512,9.33,9.08,9.337,9.59,9.599,9.688,9.823,9.657,9.521,9.777,10.019,10.146,9.994,9.98,10.135,9.751,10.042,10.15,10.095,10.096,9.696,9.413,9.086,9.335,9.409,9.446,9.318,9.43,9.247,9.213,9.587,9.639,9.605,9.493,9.511,9.702,9.584,9.686,10.009,10.207,10.383,10.329,10.17,9.814,9.902,9.562,9.814,9.937,10.125,10.105,9.808,10.436,10.564,10.648,10.453,10.492,10.414,10.123,10.234,10.471,10.669,10.718,10.724,10.675,10.422,10.589,10.59,10.552,10.458,10.34,10.343,10.17,10.566,10.739,10.899,10.935,11.007,10.955,10.782,10.473,10.526,10.491,10.452,10.686,10.625,10.211,10.451,10.651,10.764,10.654,10.287,10.1,10.095,10.473,10.55,10.71,10.867,10.834,10.72,10.38,10.49,10.229,10.473,10.641,10.493,10.546,10.15,9.569,9.728,10.181,11.575,11.872,11.965,11.709,12.021,12.017,12.028,12.308,12.189,12.161,11.724,12.102,12.18,11.729,11.78,11.877,11.588,11.508,11.736,11.955,11.574,11.345,11.228,11.405,11.177,11.597,11.771,11.722,11.771,11.702,10.716,10.515,10.579,10.63,10.425,10.544,10.768,10.691,10.461,10.665,10.406,10.066,9.775,10.106,10.031,9.283,9.332,9.118,9.14,9.073,9.2,9.518,9.713,9.934,9.776,9.593,9.63,9.997,10.234,9.652,10.132,9.44,10.163,10.361,10.393,10.145,9.675,9.969,9.809,9.78,9.57,9.253,9.23,8.781,9.574,9.62,9.866,9.931,10.002,9.578,9.092,9.85,10.222,10.783,10.359,10.314,10.03,10.272,11.039,11.411,11.167,10.296,9.941,9.97,10.092,10.667,10.866,10.789,10.584,10.426,10.616,9.905,9.798,9.692,9.563,9.727,10.192,10.284,9.33,8.622,8.631,8.453,8.705,9.166,8.971,8.83,9.118,9.036,8.509,8.674,8.629,8.499,18.82,20.553,21.123,21.469,22.211,22.524,23.259,23.117,23.566,23.603,23.645,23.978,24.181,23.579,22.978,21.604,24.618,24.209,23.57,23.397,22.947,21.965,22.903,23.06,23.168,23.364,23.683,23.471,22.622,23.007,22.859,0.0,0.0,0.0,0.0,0.0,0.0,0.0,0.0,0.0,0.0,0.0,0.0,0.0,0.0,0.0,0.0,0.0,0.0,0.0,0.0,0.0,0.0,0.0,0.0,0.0,0.0,0.0,0.0,0.0,0.0,9.276,8.941,8.723,9.125,9.323,9.508,9.512,9.606,9.468,9.168,9.603,9.704,9.72,9.583,9.284,9.403,8.91,8.699,9.08,9.166,9.108,9.052,9.171,8.616,8.966,9.042,9.02,8.954,9.069,8.978,8.834,10.111,10.11,9.998,9.236,8.946,9.568,9.38,9.887,10.154,10.511,10.223,10.443,10.365,10.196,10.332,10.315,10.433,10.524,10.258,10.264,9.825,10.39,10.549,10.611,10.516,10.437,10.291,9.733,9.915,9.961,10.241,9.952,10.15,10.171,9.955,10.285,10.49,10.461,10.575,10.413,10.321,9.894,10.381,10.725,10.694,10.591,10.536,10.52,9.994,10.712,11.031,11.222,11.334,11.417,11.303,10.965,11.196,10.966,10.701,10.59,10.773,10.215,9.825,10.378,10.663,10.825,10.619,10.575,10.208,9.748,10.073,10.131,10.18,10.383,10.186,9.93,9.926,10.4,10.722,10.729,10.677,10.774,10.199,10.035,10.592,10.655,10.318,10.493,10.644,10.687,10.676,10.872,12.849,12.9,12.405,12.619,12.77,12.587,12.81,13.165,12.928,12.655,12.725,12.694,12.54,12.621,12.708,12.892,12.781,12.847,12.735,12.522,12.845,12.807,12.823,13.184,12.905,12.696,12.222,12.762,11.575,11.338,11.271,11.586,11.773,11.485,11.44,11.523,11.637,11.843,11.998,11.969,11.676,11.938,12.016,12.179,12.134,11.458,11.541,11.767,12.1,12.2,12.268,12.38,12.328,12.244,11.865,12.085,12.199,12.425,12.5,11.58,11.568,11.208,11.607,11.727,11.511,11.694,11.626,11.67,11.302,11.529,11.697,11.721,11.607,11.486,11.652,11.12,11.423,11.624,11.537,11.581,11.607,11.593,11.226,11.619,11.757,11.877,11.798,11.692,11.39,12.536,12.845,12.8,13.104,13.091,13.438,13.355,12.758,12.954,12.753,12.811,12.795,12.674,12.551,12.206,12.701,13.005,13.369,13.24,12.687,11.57,10.752,10.622,11.564,12.425,12.504,12.316,12.21,12.105,12.783,12.968,12.635,12.763,12.747,12.604,12.296,12.634,12.719,12.449,12.332,12.631,12.505,12.141,12.737,12.916,12.571,12.291,12.112,11.821,10.973,11.004,11.097,11.98,12.445,12.3,12.057,11.706,12.388,12.563,12.061,11.23,11.111,11.299,11.013,11.839,11.89,11.876,11.915,11.691,11.201,10.494,10.892,10.918,11.087,10.923,10.95,10.972,10.497,11.293,11.467,11.263,10.573,10.892,10.612,9.862,10.612,11.308,11.437,11.348,11.549,11.173,10.508,10.346,10.609,11.047,11.039,10.654,10.339,9.835,10.077,10.066,10.062,9.483,9.997,10.376,9.673,9.173,9.825,10.391,10.748,10.619,10.485,10.033,10.579,10.845,10.747,10.927,11.283,10.915,10.451,11.207,11.5,11.425,10.956,11.061,11.004,10.358,10.887,11.059,11.103,10.953,10.669,10.399,9.711,9.866,9.907,9.913,9.761,9.276,9.591,9.661,10.205,10.188,10.062,9.643,9.49,9.365,9.396,10.228,10.307,10.272,10.42,10.447,11.33,10.823,11.484,11.83,11.214,11.376,11.321,11.386,11.007,11.356,11.253,11.445,11.457,11.361,11.197,10.811,11.673,11.786,11.805,11.768,11.617,11.309,10.635,10.03,9.82,10.523,11.103,11.331,11.389,11.075,11.191,9.979,10.107,10.02,10.182,10.146,9.936,10.081,10.16,10.163,10.158,10.168,9.864,9.623,9.696,9.952,10.102,10.177,10.267,10.299,9.899,10.261,10.406,10.382,10.378,10.38,10.39,10.161,10.422,10.294,10.306,10.237,10.388,10.405,10.041,10.254,10.49,10.614,10.357,10.281,9.883,9.621,10.128,10.144,10.206,10.396,10.605,10.683,10.444,10.854,10.89,10.806,10.85,11.028,10.957,10.582,10.795,10.999,11.174,11.214,11.086,10.969,11.81,12.13,12.081,11.878,12.027,12.115,12.186,12.075,12.27,12.288,12.399,12.431,12.502,12.059,11.578,11.905,12.146,12.377,12.267,12.42,12.273,11.917,12.007,12.219,12.128,11.334,11.7,12.047,11.742,11.896,11.91,10.313,10.453,10.787,10.756,10.509,10.578,10.761,11.026,10.875,10.893,10.944,10.437,10.934,11.116,10.974,10.949,11.097,11.025,10.735,11.035,11.138,11.101,11.286,11.378,11.154,10.918,11.388,11.268,12.979,13.028,13.295,13.168,12.654,12.91,12.191,11.894,12.345,13.059,13.212,12.877,13.55,13.616,13.581,13.286,12.554,11.874,11.024,11.87,12.329,12.655,12.912,12.984,13.287,12.779,13.266,13.422,13.49,13.424,12.913,10.684,10.545,11.002,11.462,11.502,11.573,11.746,11.484,11.192,11.658,11.89,11.977,12.124,12.003,11.888,11.455,11.757,12.076,11.954,11.803,11.562,11.245,10.333,10.996,11.512,11.525,11.626,11.611,11.174,10.191,9.959,10.344,10.771,10.795,11.136,11.299,10.88,11.326,11.698,11.829,12.009,11.923,11.748,11.128,11.338,11.764,12.07,11.775,12.303,12.17,11.737,12.048,12.131,11.373,10.828,10.373,10.662,11.1,11.635,11.838,11.571,13.863,14.118,14.676,13.607,14.291,14.436,14.739,14.936,14.819,14.257,13.646,14.207,14.134,13.874,14.063,14.442,14.18,13.502,13.942,14.029,14.26,14.347,14.323,13.867,12.707,12.769,13.157,13.021,12.695,12.409,12.598,12.481,13.335,13.411,13.072,12.618,12.823,12.384,12.246,13.277,13.285,13.508,13.307,13.218,12.958,12.598,13.04,12.956,12.657,13.003,13.148,12.542,11.93,12.619,12.727,12.176,11.9,11.575,11.234,11.318,12.067,15.66,15.428,15.635,16.202,16.65,15.738,15.926,16.507,16.981,17.358,17.999,17.307,16.787,17.467,17.158,17.899,18.071,17.926,17.476,17.357,17.917,18.058,17.238,17.118,17.65,17.697,17.284,17.691,18.54,18.858,19.036,12.854,12.627,12.237,12.028,12.267,12.076,11.407,11.219,11.05,10.531,11.136,11.628,12.007,12.47,12.088,11.358,10.504,10.83,11.08,11.496,11.65,11.451,10.988,10.199,10.886,11.432,11.598,11.581,11.717,11.555,10.45,10.369,10.813,11.086,11.22,11.339,11.52,11.48,11.655,11.816,12.035,12.107,12.126,12.024,11.636,11.714,11.392,11.809,11.939,11.969,11.809,11.366,11.299,11.041,11.422,11.782,11.82,11.903,11.444,11.604,11.797,12.514,12.433,12.505,12.281,11.889,12.127,12.238,12.284,12.207,11.775,11.049,10.027,9.831,10.513,10.821,11.098,11.255,11.497,11.113,11.357,11.614,11.707,11.87,11.619,11.292,10.524,10.555,10.709,10.744,10.482,9.753,9.575,9.27,9.366,9.307,9.72,9.997,10.16,10.032,9.693,10.187,10.368,10.388,10.287,10.422,10.404,9.873,9.952,10.35,10.574,10.643,10.907,10.632,10.14,10.508,10.716,10.69,10.586,10.792,10.948,10.579,11.596,11.806,12.111,12.101,12.139,11.826,11.312,11.697,11.684,11.889,11.96,12.135,12.303,11.752,11.856,12.262,12.386,12.395,12.454,12.545,12.275,12.316,12.49,12.413,11.578,10.82,11.17,11.501,11.209,11.356,11.369,10.128,10.266,10.594,10.563,10.32,10.388,10.568,10.829,10.681,10.698,10.748,10.25,10.738,10.917,10.778,10.753,10.898,10.827,10.543,10.838,10.938,10.902,11.083,11.174,10.954,10.722,11.184,11.066,9.774,10.34,10.379,10.592,10.49,10.081,10.285,9.712,9.476,9.835,10.404,10.525,10.259,10.795,10.848,10.82,10.585,10.001,9.46,8.783,9.456,9.822,10.082,10.287,10.344,10.586,10.181,10.569,10.693,10.747,10.695,10.288,10.119,9.987,10.42,10.856,10.894,10.962,11.125,10.877,10.6,11.042,11.262,11.344,11.483,11.369,11.26,10.85,11.135,11.438,11.322,11.179,10.95,10.651,9.787,10.414,10.904,10.915,11.012,10.997,10.583,9.652,9.039,9.388,9.776,9.798,10.108,10.255,9.875,10.28,10.618,10.736,10.9,10.821,10.663,10.1,10.291,10.678,10.955,10.687,11.166,11.046,10.653,10.935,11.01,10.323,9.828,9.414,9.677,10.075,10.56,10.745,10.502,13.863,14.118,14.676,13.607,14.291,14.436,14.739,14.936,14.819,14.257,13.646,14.207,14.134,13.874,14.063,14.442,14.18,13.502,13.942,14.029,14.26,14.347,14.323,13.867,12.707,12.769,13.157,13.021,12.695,12.409,9.592,9.503,10.154,10.212,9.953,9.608,9.764,9.429,9.324,10.109,10.115,10.286,10.132,10.064,9.867,9.593,9.929,9.865,9.637,9.901,10.011,9.55,9.084,9.608,9.691,9.271,9.061,8.813,8.554,8.618,9.189,11.528,11.357,11.51,11.927,12.257,11.585,11.724,12.151,12.5,12.778,13.25,12.74,12.357,12.858,12.63,13.176,13.303,13.196,12.865,12.777,13.189,13.293,12.689,12.601,12.993,13.027,12.723,13.023,13.648,13.882,14.013,11.929,11.718,11.357,11.163,11.385,11.207,10.586,10.412,10.255,9.773,10.335,10.791,11.143,11.572,11.218,10.54,9.748,10.051,10.283,10.669,10.812,10.627,10.197,9.465,10.102,10.61,10.764,10.747,10.874,10.724,10.45,10.369,10.813,11.086,11.22,11.339,11.52,11.48,11.655,11.816,12.035,12.107,12.126,12.024,11.636,11.714,11.392,11.809,11.939,11.969,11.809,11.366,11.299,11.041,11.422,11.782,11.82,11.903,11.444,11.604,11.797,12.514,12.433,12.505,12.281,11.889,12.127,12.238,12.284,12.207,11.775,11.049,10.027,9.831,10.513,10.821,11.098,11.255,11.497,11.113,11.357,11.614,11.707,11.87,11.619,11.292,10.524,10.555,10.709,10.744,10.482,9.753,9.575,9.27,9.366,9.307,9.72,9.997,10.16,10.032,9.693,10.187,10.368,10.388,10.287,10.422,10.404,9.873,9.952,10.35,10.574,10.643,10.907,10.632,10.14,10.508,10.716,10.69,10.586,10.792,10.948,10.579
Guntur_75,10.17,10.24,10.433,10.459,10.071,10.128,10.349,10.362,10.155,10.042,10.225,10.229,10.354,10.17,9.874,9.82,10.278,10.233,9.819,10.237,10.311,10.081,10.195,10.441,10.554,10.072,10.396,10.548,10.629,10.7,10.612,10.761,10.245,10.573,10.847,10.848,10.839,10.96,10.583,10.35,10.528,10.576,10.686,11.064,11.046,11.155,10.688,10.95,11.174,11.128,10.885,10.508,10.597,10.318,10.665,10.854,10.973,10.84,10.777,10.655,8.819,9.07,9.17,9.026,8.883,8.938,9.059,8.793,8.728,8.094,8.409,8.921,8.975,8.918,8.575,8.873,9.156,9.117,10.106,9.958,9.605,9.451,9.283,9.66,10.003,10.114,10.074,10.021,9.71,9.455,9.435,9.736,9.952,10.02,9.957,9.57,10.052,10.101,10.049,10.114,10.19,10.0,9.762,10.318,10.129,10.057,9.764,9.692,9.598,9.276,9.856,9.908,9.663,9.817,9.919,9.823,9.632,9.988,9.998,10.016,9.844,8.823,8.843,8.715,8.97,8.936,9.045,9.285,9.274,9.217,8.851,8.71,8.784,8.751,8.68,8.729,8.628,8.655,8.103,8.484,8.739,8.469,8.354,8.573,8.707,8.324,8.522,8.667,8.915,8.89,8.688,8.486,6.225,6.304,6.287,6.458,6.409,6.449,6.327,6.726,6.847,6.935,6.85,6.869,6.669,6.441,6.766,6.76,6.866,6.96,6.817,6.773,6.511,6.884,7.062,6.974,6.972,6.735,6.591,6.391,6.693,7.027,0.0,0.0,0.0,0.0,0.0,0.0,0.0,0.0,0.0,0.0,0.0,0.0,0.0,0.0,0.0,0.0,0.0,0.0,0.0,0.0,0.0,0.0,0.0,0.0,0.0,0.0,0.0,0.0,0.0,0.0,0.0,0.0,0.0,0.0,0.0,0.0,0.0,0.0,0.0,0.0,0.0,0.0,0.0,0.0,0.0,0.0,0.0,0.0,0.0,0.0,0.0,0.0,0.0,0.0,0.0,0.0,0.0,0.0,0.0,0.0,0.0,0.0,4.772,4.789,4.791,4.883,4.921,4.663,4.714,4.845,5.062,4.99,4.925,4.767,4.622,4.673,4.752,4.819,4.728,4.694,4.82,4.608,4.691,4.627,4.545,4.689,4.712,4.502,4.354,4.689,4.789,4.749,10.834,10.765,11.083,10.737,10.938,11.266,11.641,11.802,11.806,11.457,10.825,10.937,11.107,10.631,10.815,10.936,11.181,10.892,11.148,11.159,11.116,10.904,10.63,10.615,10.074,10.276,10.807,11.019,11.267,11.478,11.387,8.963,9.276,9.376,9.345,9.25,9.458,9.321,8.946,9.13,9.098,9.033,9.192,9.024,8.215,7.981,8.04,8.567,8.814,8.964,9.032,8.96,8.81,9.239,9.202,8.949,8.432,8.451,8.616,8.769,9.076,8.739,8.867,8.775,8.861,8.806,8.426,8.594,8.742,8.586,8.724,8.799,8.631,8.399,8.637,8.87,8.879,8.962,9.086,8.933,8.807,9.044,9.268,9.385,9.245,9.232,9.375,9.019,9.289,9.388,9.338,9.338,9.011,8.749,8.445,8.676,8.745,8.779,8.66,8.764,8.594,8.562,8.91,8.959,8.927,8.823,8.839,9.017,8.908,9.002,9.302,9.487,9.65,9.6,9.452,9.121,9.204,8.887,9.122,9.236,9.411,9.392,9.116,9.982,10.105,10.185,9.998,10.035,9.961,9.682,9.788,10.016,10.205,10.252,10.257,10.21,9.968,10.128,10.129,10.093,10.003,9.89,9.893,9.728,10.107,10.272,10.425,10.459,10.528,10.479,10.312,10.371,10.424,10.389,10.351,10.583,10.523,10.112,10.35,10.548,10.66,10.551,10.188,10.003,9.998,10.371,10.448,10.606,10.762,10.73,10.616,10.28,10.389,10.13,10.372,10.538,10.392,10.444,10.052,9.477,9.634,10.082,11.334,11.625,11.716,11.465,11.771,11.767,11.777,12.052,11.935,11.907,11.48,11.85,11.926,11.485,11.534,11.63,11.347,11.268,11.491,11.706,11.333,11.109,10.994,11.168,10.944,11.356,11.526,11.478,11.526,11.458,10.334,10.141,10.202,10.251,10.054,10.168,10.385,10.31,10.088,10.285,10.035,9.707,9.427,9.745,9.674,8.952,8.999,8.793,8.814,8.75,8.872,9.178,9.367,9.58,9.427,9.251,9.286,9.64,9.869,9.308,9.771,9.055,9.748,9.938,9.968,9.731,9.28,9.562,9.408,9.381,9.179,8.875,8.853,8.423,9.183,9.227,9.463,9.525,9.593,9.186,8.72,9.447,9.805,10.343,9.936,9.892,9.62,9.853,10.588,10.945,10.711,8.172,7.89,7.913,8.01,8.467,8.625,8.563,8.4,8.276,8.427,7.862,7.777,7.693,7.59,7.721,8.09,8.162,7.405,6.843,6.851,6.709,6.909,7.276,7.121,7.008,7.237,7.172,6.754,6.885,6.849,6.746,13.517,14.762,15.171,15.42,15.953,16.178,16.705,16.604,16.926,16.953,16.983,17.222,17.368,16.935,16.504,15.517,17.682,17.388,16.929,16.805,16.481,15.776,16.45,16.563,16.64,16.781,17.01,16.858,16.248,16.524,16.418,0.0,0.0,0.0,0.0,0.0,0.0,0.0,0.0,0.0,0.0,0.0,0.0,0.0,0.0,0.0,0.0,0.0,0.0,0.0,0.0,0.0,0.0,0.0,0.0,0.0,0.0,0.0,0.0,0.0,0.0,8.527,8.219,8.019,8.388,8.57,8.74,8.744,8.831,8.703,8.428,8.828,8.92,8.935,8.809,8.534,8.644,8.191,7.996,8.347,8.426,8.373,8.322,8.43,7.92,8.242,8.312,8.291,8.231,8.337,8.253,8.121,9.501,9.5,9.395,8.679,8.406,8.991,8.814,9.291,9.541,9.877,9.606,9.813,9.74,9.581,9.709,9.693,9.804,9.889,9.639,9.645,9.232,9.764,9.913,9.971,9.882,9.807,9.67,9.146,9.317,9.36,9.841,9.563,9.754,9.774,9.566,9.884,10.081,10.053,10.162,10.007,9.919,9.508,9.976,10.306,10.277,10.177,10.125,10.11,9.604,10.294,10.601,10.784,10.892,10.972,10.862,10.537,10.76,10.538,10.283,10.177,10.353,9.617,9.249,9.77,10.038,10.191,9.997,9.956,9.609,9.177,9.483,9.537,9.583,9.774,9.589,9.348,9.344,9.79,10.094,10.1,10.051,10.142,9.602,9.447,9.971,10.031,9.713,9.878,10.02,10.06,10.05,10.234,12.896,12.948,12.451,12.665,12.817,12.634,12.857,13.213,12.976,12.701,12.772,12.74,12.586,12.668,12.755,12.939,12.828,12.894,12.782,12.569,12.892,12.854,12.871,13.232,12.952,12.743,12.267,12.809,11.309,11.078,11.013,11.32,11.503,11.221,11.177,11.259,11.37,11.571,11.722,11.694,11.408,11.664,11.74,11.9,11.856,11.196,11.277,11.497,11.823,11.92,11.987,12.096,12.045,11.964,11.593,11.808,11.92,12.14,12.213,12.083,12.07,11.695,12.111,12.236,12.01,12.202,12.131,12.177,11.793,12.029,12.205,12.23,12.11,11.985,12.158,11.603,11.919,12.128,12.037,12.084,12.111,12.097,11.714,12.123,12.267,12.392,12.31,12.2,11.884,13.396,13.727,13.679,14.004,13.99,14.361,14.273,13.634,13.843,13.629,13.691,13.673,13.544,13.413,13.044,13.573,13.898,14.287,14.149,13.558,12.364,11.49,11.352,12.358,13.278,13.363,13.162,13.048,12.937,13.661,13.859,12.059,12.181,12.166,12.029,11.736,12.059,12.139,11.882,11.77,12.056,11.935,11.588,12.157,12.328,11.998,11.731,11.56,11.283,10.473,10.503,10.592,11.434,11.878,11.74,11.507,11.172,11.823,11.99,11.512,10.718,10.605,10.784,10.511,11.3,11.348,11.335,11.372,11.158,10.691,10.015,10.396,10.42,10.582,10.425,10.451,10.472,10.019,10.778,10.944,10.75,10.091,10.396,10.128,9.413,10.128,10.792,10.916,10.831,11.023,10.663,10.029,13.042,13.374,13.926,13.915,13.43,13.033,12.398,12.703,12.69,12.684,11.954,12.603,13.081,12.194,11.564,12.385,13.099,13.549,13.387,13.218,12.648,13.336,13.671,13.548,13.774,14.224,13.759,13.175,14.128,14.497,14.403,10.782,10.885,10.829,10.194,10.714,10.883,10.927,10.779,10.499,10.234,9.557,9.709,9.75,9.755,9.606,9.128,9.439,9.508,10.043,10.026,9.903,9.49,9.339,9.216,9.246,10.066,10.144,10.109,10.254,10.281,11.992,11.456,12.156,12.522,11.87,12.042,11.983,12.052,11.65,12.02,11.911,12.115,12.127,12.026,11.852,11.443,12.356,12.475,12.496,12.456,12.296,11.971,11.258,10.617,10.395,11.138,11.753,11.994,12.055,11.723,11.846,10.177,10.307,10.218,10.383,10.347,10.133,10.28,10.361,10.364,10.359,10.369,10.059,9.813,9.887,10.149,10.301,10.378,10.469,10.503,10.095,10.464,10.612,10.587,10.583,10.585,10.595,10.362,10.628,10.497,10.51,9.968,10.115,10.132,9.777,9.984,10.214,10.335,10.085,10.011,9.624,9.368,9.862,9.878,9.938,10.123,10.326,10.402,10.17,10.569,10.604,10.522,10.565,10.738,10.669,10.304,10.511,10.71,10.881,10.92,10.794,10.68,11.673,11.99,11.941,11.74,11.888,11.975,12.045,11.936,12.128,12.146,12.256,12.287,12.357,11.919,11.445,11.768,12.006,12.234,12.126,12.276,12.131,11.78,11.868,12.078,11.988,11.203,11.565,11.908,11.606,11.758,11.772,10.207,10.346,10.676,10.645,10.401,10.469,10.65,10.913,10.764,10.781,10.832,10.33,10.821,11.002,10.862,10.837,10.983,10.911,10.625,10.922,11.023,10.987,11.17,11.261,11.039,10.806,11.271,11.152,12.62,12.667,12.927,12.803,12.303,12.552,11.853,11.565,12.003,12.697,12.846,12.52,13.175,13.24,13.205,12.918,12.206,11.545,10.719,11.541,11.988,12.305,12.554,12.625,12.919,12.426,12.899,13.05,13.116,13.053,12.556,10.583,10.445,10.898,11.354,11.394,11.464,11.635,11.375,11.086,11.548,11.778,11.864,12.009,11.89,11.776,11.347,11.646,11.962,11.842,11.691,11.453,11.139,10.236,10.892,11.404,11.416,11.517,11.502,11.069,10.095,10.304,10.702,11.144,11.169,11.522,11.69,11.257,11.718,12.103,12.238,12.424,12.335,12.154,11.513,11.73,12.171,12.487,12.182,12.728,12.591,12.143,12.464,12.551,11.767,11.202,10.731,11.03,11.484,12.037,12.248,11.972,13.742,13.995,14.547,13.488,14.166,14.31,14.611,14.805,14.689,14.132,13.527,14.083,14.011,13.753,13.94,14.316,14.056,13.384,13.82,13.906,14.135,14.222,14.198,13.746,12.595,12.658,13.042,12.907,12.584,12.3,12.598,12.481,13.335,13.411,13.072,12.618,12.823,12.384,12.246,13.277,13.285,13.508,13.307,13.218,12.958,12.598,13.04,12.956,12.657,13.003,13.148,12.542,11.93,12.619,12.727,12.176,11.9,11.575,11.234,11.318,12.067,15.66,15.428,15.635,16.202,16.65,15.738,15.926,16.507,16.981,17.358,17.999,17.307,16.787,17.467,17.158,17.899,18.071,17.926,17.476,17.357,17.917,18.058,17.238,17.118,17.65,17.697,17.284,17.691,18.54,18.858,19.036,13.526,13.286,12.876,12.657,12.909,12.707,12.003,11.806,11.628,11.081,11.718,12.236,12.635,13.121,12.719,11.951,11.053,11.396,11.659,12.097,12.259,12.049,11.562,10.732,11.454,12.03,12.204,12.186,12.329,12.159,10.991,10.906,11.373,11.661,11.802,11.927,12.117,12.075,12.26,12.428,12.659,12.734,12.754,12.647,12.239,12.321,11.982,12.421,12.558,12.589,12.421,11.955,11.884,11.613,12.014,12.393,12.432,12.52,12.037,12.206,12.409,15.007,14.909,14.996,14.727,14.258,14.544,14.676,14.731,14.639,14.121,13.25,12.024,11.789,12.607,12.976,13.309,13.497,13.788,13.326,13.62,13.928,14.04,14.234,13.934,13.541,12.621,12.658,12.843,12.885,12.57,10.873,10.675,10.335,10.443,10.376,10.836,11.146,11.328,11.185,10.807,11.358,11.559,11.582,11.469,11.619,11.599,11.008,11.095,11.539,11.788,11.866,12.16,11.854,11.305,11.716,11.947,11.918,11.802,12.032,12.206,11.794,11.219,11.421,11.717,11.707,11.744,11.441,10.944,11.316,11.304,11.502,11.571,11.74,11.902,11.369,11.47,11.863,11.982,11.991,12.049,12.137,11.876,11.915,12.083,12.009,11.201,10.468,10.806,11.126,10.844,10.986,10.999,11.268,11.421,11.786,11.752,11.482,11.558,11.758,12.048,11.883,11.902,11.958,11.404,11.947,12.146,11.991,11.964,12.125,12.046,11.73,12.058,12.169,12.129,12.331,12.432,12.187,11.929,12.443,12.312,10.875,11.735,11.779,12.02,11.905,11.44,11.672,11.021,10.754,11.161,11.806,11.945,11.642,12.251,12.311,12.278,12.012,11.35,10.735,9.967,10.731,11.147,11.442,11.673,11.739,12.013,11.554,11.994,12.134,12.196,12.137,11.675,11.454,11.305,11.795,12.289,12.331,12.408,12.592,12.312,11.999,12.499,12.748,12.841,12.998,12.869,12.746,12.281,12.605,12.947,12.816,12.654,12.395,12.056,11.078,11.789,12.342,12.355,12.465,12.449,11.98,10.926,9.109,9.461,9.852,9.874,10.186,10.335,9.952,10.36,10.7,10.819,10.984,10.905,10.745,10.178,10.37,10.76,11.04,10.77,11.253,11.131,10.735,11.02,11.096,10.403,9.904,9.487,9.752,10.153,10.642,10.828,10.584,13.742,13.995,14.547,13.488,14.166,14.31,14.611,14.805,14.689,14.132,13.527,14.083,14.011,13.753,13.94,14.316,14.056,13.384,13.82,13.906,14.135,14.222,14.198,13.746,12.595,12.658,13.042,12.907,12.584,12.3,9.667,9.577,10.232,10.291,10.03,9.682,9.84,9.502,9.397,10.188,10.194,10.365,10.211,10.142,9.943,9.667,10.006,9.942,9.712,9.978,10.089,9.624,9.154,9.683,9.766,9.343,9.132,8.881,8.62,8.685,9.26,11.528,11.357,11.51,11.927,12.257,11.585,11.724,12.151,12.5,12.778,13.25,12.74,12.357,12.858,12.63,13.176,13.303,13.196,12.865,12.777,13.189,13.293,12.689,12.601,12.993,13.027,12.723,13.023,13.648,13.882,14.013,19.295,18.953,18.369,18.055,18.414,18.126,17.122,16.841,16.587,15.807,16.716,17.454,18.024,18.718,18.144,17.048,15.767,16.257,16.632,17.257,17.488,17.188,16.493,15.309,16.34,17.16,17.409,17.383,17.587,17.345,10.991,10.906,11.373,11.661,11.802,11.927,12.117,12.075,12.26,12.428,12.659,12.734,12.754,12.647,12.239,12.321,11.982,12.421,12.558,12.589,12.421,11.955,11.884,11.613,12.014,12.393,12.432,12.52,12.037,12.206,12.409,15.007,14.909,14.996,14.727,14.258,14.544,14.676,14.731,14.639,14.121,13.25,12.024,11.789,12.607,12.976,13.309,13.497,13.788,13.326,13.62,13.928,14.04,14.234,13.934,13.541,12.621,12.658,12.843,12.885,12.57,10.873,10.675,10.335,10.443,10.376,10.836,11.146,11.328,11.185,10.807,11.358,11.559,11.582,11.469,11.619,11.599,11.008,11.095,11.539,11.788,11.866,12.16,11.854,11.305,11.716,11.947,11.918,11.802,12.032,12.206,11.794
Guntur_76,7.975,8.029,8.181,8.201,7.897,7.942,8.115,8.125,7.963,7.874,8.018,8.021,8.119,7.974,7.742,7.7,8.06,8.024,7.699,8.027,8.085,7.905,7.994,8.187,8.276,7.898,8.152,8.271,8.334,8.39,8.321,7.178,6.834,7.052,7.235,7.236,7.23,7.311,7.059,6.904,7.022,7.055,7.128,7.38,7.368,7.441,7.129,7.304,7.453,7.422,7.261,7.009,7.069,6.883,7.114,7.24,7.319,7.231,7.189,7.107,7.55,7.765,7.851,7.727,7.606,7.652,7.756,7.528,7.472,6.929,7.199,7.638,7.684,7.635,7.341,7.597,7.839,7.806,8.652,8.525,8.223,8.091,7.948,8.271,8.564,8.659,8.625,8.579,8.313,8.095,8.077,7.884,8.059,8.114,8.062,7.75,8.14,8.179,8.137,8.19,8.252,8.098,7.905,8.355,8.202,8.144,7.906,7.848,7.772,7.511,7.981,8.023,7.825,7.949,8.032,7.955,7.8,8.088,8.096,8.111,7.971,8.114,8.133,8.015,8.249,8.218,8.319,8.54,8.529,8.477,8.14,8.01,8.078,8.048,7.983,8.028,7.935,7.96,7.452,7.802,8.037,7.789,7.683,7.884,8.008,7.655,7.837,7.971,8.199,8.176,7.99,7.804,6.225,6.304,6.287,6.458,6.409,6.449,6.327,6.726,6.847,6.935,6.85,6.869,6.669,6.441,6.766,6.76,6.866,6.96,6.817,6.773,6.511,6.884,7.062,6.974,6.972,6.735,6.591,6.391,6.693,7.027,0.0,0.0,0.0,0.0,0.0,0.0,0.0,0.0,0.0,0.0,0.0,0.0,0.0,0.0,0.0,0.0,0.0,0.0,0.0,0.0,0.0,0.0,0.0,0.0,0.0,0.0,0.0,0.0,0.0,0.0,0.0,0.0,0.0,0.0,0.0,0.0,0.0,0.0,0.0,0.0,0.0,0.0,0.0,0.0,0.0,0.0,0.0,0.0,0.0,0.0,0.0,0.0,0.0,0.0,0.0,0.0,0.0,0.0,0.0,0.0,0.0,0.0,4.352,4.367,4.369,4.453,4.488,4.252,4.299,4.418,4.616,4.551,4.491,4.348,4.215,4.262,4.334,4.395,4.312,4.28,4.396,4.202,4.277,4.219,4.145,4.276,4.297,4.106,3.97,4.276,4.367,4.331,7.058,7.013,7.22,6.995,7.126,7.339,7.584,7.689,7.691,7.464,7.052,7.125,7.236,6.926,7.046,7.125,7.284,7.096,7.263,7.27,7.242,7.103,6.925,6.915,6.563,6.695,7.041,7.179,7.34,7.477,7.418,7.769,8.041,8.127,8.1,8.018,8.199,8.079,7.754,7.914,7.886,7.83,7.968,7.822,7.12,6.918,6.969,7.426,7.64,7.77,7.829,7.767,7.636,8.008,7.976,7.757,7.309,7.325,7.469,7.601,7.867,6.737,6.836,6.764,6.831,6.789,6.496,6.625,6.739,6.619,6.725,6.783,6.653,6.475,6.658,6.838,6.845,6.909,7.005,6.886,6.789,6.972,7.144,7.235,7.127,7.116,7.227,6.953,7.161,7.237,7.198,7.199,7.707,7.482,7.222,7.42,7.479,7.508,7.406,7.495,7.35,7.323,7.62,7.662,7.635,7.545,7.56,7.711,7.618,7.699,7.956,8.113,8.253,8.21,8.084,7.801,7.871,7.6,7.801,7.899,8.048,8.032,7.796,8.289,8.391,8.458,8.303,8.333,8.272,8.04,8.128,8.317,8.475,8.513,8.518,8.479,8.278,8.411,8.411,8.381,8.306,8.213,8.215,8.078,8.393,8.53,8.657,8.686,8.743,8.702,8.564,8.482,8.525,8.497,8.466,8.655,8.606,8.271,8.465,8.627,8.718,8.629,8.332,8.181,8.177,8.482,8.545,8.675,8.802,8.775,8.682,8.407,8.496,8.285,8.483,8.618,8.499,8.542,8.221,7.751,7.879,8.246,8.864,9.091,9.163,8.967,9.206,9.202,9.211,9.425,9.334,9.312,8.978,9.268,9.327,8.982,9.021,9.095,8.874,8.812,8.987,9.155,8.863,8.688,8.598,8.734,8.559,8.881,9.014,8.976,9.014,8.961,8.885,8.719,8.772,8.814,8.644,8.742,8.928,8.864,8.674,8.843,8.628,8.346,8.105,8.379,8.317,7.697,7.738,7.56,7.578,7.523,7.628,7.891,8.054,8.237,8.105,7.954,7.984,8.289,8.485,8.003,8.401,8.362,9.002,9.177,9.205,8.986,8.57,8.83,8.688,8.663,8.476,8.196,8.175,7.778,8.48,8.521,8.738,8.796,8.859,8.483,8.053,8.724,9.054,9.551,9.175,9.135,8.884,9.099,9.777,10.107,9.891,8.172,7.89,7.913,8.01,8.467,8.625,8.563,8.4,8.276,8.427,7.862,7.777,7.693,7.59,7.721,8.09,8.162,7.405,6.843,6.851,6.709,6.909,7.276,7.121,7.008,7.237,7.172,6.754,6.885,6.849,6.746,13.517,14.762,15.171,15.42,15.953,16.178,16.705,16.604,16.926,16.953,16.983,17.222,17.368,16.935,16.504,15.517,17.682,17.388,16.929,16.805,16.481,15.776,16.45,16.563,16.64,16.781,17.01,16.858,16.248,16.524,16.418,0.0,0.0,0.0,0.0,0.0,0.0,0.0,0.0,0.0,0.0,0.0,0.0,0.0,0.0,0.0,0.0,0.0,0.0,0.0,0.0,0.0,0.0,0.0,0.0,0.0,0.0,0.0,0.0,0.0,0.0,8.039,7.749,7.56,7.908,8.079,8.24,8.243,8.325,8.205,7.946,8.323,8.41,8.424,8.305,8.046,8.149,7.722,7.539,7.869,7.943,7.894,7.845,7.948,7.467,7.77,7.836,7.817,7.76,7.86,7.781,7.656,7.782,7.782,7.695,7.109,6.886,7.364,7.22,7.61,7.815,8.09,7.869,8.038,7.978,7.848,7.953,7.94,8.03,8.1,7.896,7.9,7.562,7.998,8.119,8.168,8.094,8.033,7.921,7.492,7.632,7.667,7.184,6.981,7.12,7.135,6.983,7.215,7.358,7.338,7.418,7.304,7.24,6.941,7.282,7.523,7.502,7.429,7.391,7.38,7.01,7.514,7.738,7.872,7.95,8.009,7.929,7.691,7.854,7.693,7.506,7.428,7.557,7.862,7.561,7.987,8.206,8.331,8.173,8.139,7.856,7.502,7.752,7.797,7.835,7.991,7.839,7.642,7.639,8.003,8.252,8.257,8.217,8.292,7.849,7.723,8.151,8.2,7.94,8.076,8.191,8.224,8.216,8.367,9.459,9.497,9.132,9.29,9.401,9.267,9.431,9.692,9.518,9.316,9.368,9.345,9.232,9.292,9.356,9.491,9.409,9.458,9.375,9.219,9.456,9.428,9.44,9.706,9.5,9.347,8.997,9.395,9.507,9.312,9.258,9.516,9.67,9.433,9.396,9.465,9.558,9.727,9.854,9.831,9.59,9.805,9.869,10.004,9.966,9.412,9.48,9.665,9.939,10.021,10.077,10.168,10.125,10.057,9.745,9.926,10.02,10.205,10.267,10.634,10.623,10.293,10.659,10.769,10.571,10.739,10.677,10.717,10.379,10.587,10.742,10.763,10.659,10.548,10.701,10.212,10.49,10.674,10.594,10.635,10.659,10.646,10.309,10.67,10.796,10.907,10.834,10.737,10.46,10.875,11.144,11.105,11.369,11.358,11.659,11.587,11.068,11.238,11.064,11.114,11.1,10.996,10.889,10.589,11.019,11.282,11.598,11.487,11.007,10.038,9.328,9.215,10.032,10.78,10.848,10.685,10.593,10.502,11.09,11.251,14.323,14.468,14.45,14.287,13.939,14.322,14.418,14.112,13.979,14.319,14.175,13.763,14.438,14.642,14.25,13.933,13.73,13.4,12.438,12.474,12.58,13.58,14.108,13.944,13.667,13.269,14.042,14.241,13.672,12.73,12.595,12.809,12.484,13.421,13.478,13.463,13.507,13.253,12.698,11.895,12.347,12.376,12.569,12.382,12.412,12.438,11.899,12.801,12.999,12.767,11.985,12.347,12.029,11.18,12.029,12.818,12.965,12.864,13.092,12.665,11.911,13.042,13.374,13.926,13.915,13.43,13.033,12.398,12.703,12.69,12.684,11.954,12.603,13.081,12.194,11.564,12.385,13.099,13.549,13.387,13.218,12.648,13.336,13.671,13.548,13.774,14.224,13.759,13.175,14.128,14.497,14.403,9.693,9.786,9.736,9.164,9.632,9.784,9.823,9.69,9.439,9.2,8.592,8.728,8.765,8.77,8.636,8.206,8.485,8.547,9.029,9.013,8.902,8.531,8.396,8.285,8.312,9.049,9.119,9.088,9.218,9.242,7.618,7.277,7.722,7.955,7.541,7.65,7.612,7.656,7.401,7.636,7.567,7.696,7.704,7.64,7.529,7.269,7.849,7.925,7.938,7.913,7.811,7.605,7.152,6.745,6.603,7.076,7.466,7.619,7.658,7.447,7.525,8.087,8.191,8.12,8.251,8.222,8.052,8.17,8.234,8.236,8.232,8.24,7.993,7.798,7.857,8.065,8.186,8.247,8.32,8.346,8.022,8.316,8.433,8.413,8.41,8.412,8.42,8.234,8.446,8.342,8.352,9.004,9.137,9.153,8.832,9.019,9.227,9.336,9.11,9.043,8.694,8.462,8.909,8.923,8.977,9.144,9.328,9.396,9.187,9.547,9.579,9.505,9.544,9.7,9.638,9.308,9.495,9.675,9.829,9.864,9.751,9.648,9.075,9.321,9.283,9.127,9.242,9.31,9.364,9.279,9.429,9.443,9.528,9.552,9.607,9.267,8.897,9.149,9.334,9.511,9.427,9.544,9.431,9.158,9.227,9.39,9.32,8.71,8.991,9.258,9.023,9.141,9.152,9.082,9.205,9.5,9.472,9.255,9.315,9.477,9.711,9.578,9.593,9.638,9.191,9.629,9.789,9.665,9.643,9.773,9.709,9.454,9.718,9.808,9.776,9.939,10.02,9.823,9.615,10.029,9.923,10.733,10.773,10.994,10.888,10.463,10.675,10.08,9.836,10.208,10.798,10.925,10.648,11.205,11.26,11.23,10.986,10.381,9.819,9.116,9.815,10.195,10.465,10.677,10.737,10.987,10.567,10.97,11.098,11.155,11.101,10.678,8.749,8.635,9.009,9.386,9.419,9.477,9.618,9.404,9.165,9.547,9.737,9.808,9.928,9.829,9.735,9.38,9.627,9.889,9.789,9.665,9.468,9.208,8.461,9.004,9.427,9.437,9.521,9.508,9.15,8.345,7.771,8.071,8.404,8.423,8.689,8.816,8.49,8.837,9.128,9.229,9.37,9.303,9.167,8.683,8.847,9.179,9.418,9.188,9.6,9.496,9.158,9.4,9.465,8.874,8.449,8.093,8.319,8.661,9.078,9.237,9.029,9.727,9.906,10.297,9.547,10.027,10.129,10.342,10.48,10.398,10.003,9.575,9.969,9.917,9.735,9.867,10.134,9.949,9.474,9.782,9.843,10.005,10.067,10.05,9.73,8.916,8.96,9.232,9.136,8.907,8.707,0.0,0.0,0.0,0.0,0.0,0.0,0.0,0.0,0.0,0.0,0.0,0.0,0.0,0.0,0.0,0.0,0.0,0.0,0.0,0.0,0.0,0.0,0.0,0.0,0.0,0.0,0.0,0.0,0.0,0.0,0.0,10.25,10.098,10.234,10.605,10.898,10.301,10.424,10.804,11.115,11.361,11.781,11.328,10.987,11.433,11.23,11.715,11.828,11.733,11.438,11.36,11.727,11.819,11.283,11.204,11.553,11.583,11.313,11.579,12.135,12.343,12.459,12.121,11.907,11.539,11.342,11.568,11.387,10.757,10.58,10.42,9.93,10.501,10.965,11.323,11.759,11.399,10.71,9.905,10.213,10.448,10.841,10.986,10.798,10.361,9.617,10.265,10.78,10.937,10.92,11.049,10.896,9.003,8.934,9.316,9.552,9.667,9.77,9.925,9.891,10.042,10.18,10.369,10.431,10.448,10.36,10.025,10.093,9.815,10.174,10.286,10.312,10.175,9.792,9.735,9.512,9.841,10.151,10.184,10.255,9.86,9.998,10.164,11.246,11.173,11.239,11.037,10.685,10.899,10.999,11.04,10.971,10.582,9.93,9.011,8.835,9.448,9.725,9.974,10.115,10.333,9.987,10.207,10.438,10.522,10.668,10.443,10.148,9.458,9.486,9.625,9.656,9.42,8.553,8.397,8.129,8.214,8.162,8.524,8.767,8.91,8.798,8.501,8.934,9.092,9.11,9.022,9.139,9.124,8.658,8.727,9.077,9.273,9.334,9.565,9.324,8.893,9.216,9.397,9.375,9.284,9.465,9.601,9.277,9.419,9.589,9.837,9.828,9.86,9.605,9.188,9.5,9.49,9.656,9.714,9.856,9.993,9.545,9.629,9.959,10.06,10.067,10.116,10.189,9.97,10.003,10.144,10.082,9.403,8.788,9.072,9.341,9.104,9.224,9.234,10.097,10.234,10.562,10.531,10.289,10.357,10.536,10.796,10.648,10.665,10.715,10.219,10.705,10.884,10.745,10.72,10.865,10.794,10.511,10.805,10.905,10.869,11.05,11.14,10.921,10.689,11.15,11.032,9.745,9.496,9.532,9.728,9.634,9.258,9.445,8.919,8.703,9.032,9.554,9.666,9.421,9.914,9.963,9.937,9.721,9.185,8.688,8.066,8.685,9.021,9.259,9.447,9.5,9.722,9.35,9.706,9.82,9.87,9.822,9.448,9.034,8.916,9.303,9.692,9.726,9.786,9.932,9.71,9.463,9.858,10.054,10.127,10.251,10.149,10.052,9.686,9.941,10.211,10.108,9.98,9.776,9.508,8.737,9.298,9.734,9.745,9.831,9.818,9.448,8.617,8.054,8.364,8.71,8.73,9.005,9.137,8.798,9.159,9.46,9.565,9.711,9.641,9.5,8.999,9.168,9.513,9.76,9.522,9.949,9.841,9.491,9.742,9.81,9.197,8.756,8.388,8.621,8.976,9.408,9.573,9.357,9.727,9.906,10.297,9.547,10.027,10.129,10.342,10.48,10.398,10.003,9.575,9.969,9.917,9.735,9.867,10.134,9.949,9.474,9.782,9.843,10.005,10.067,10.05,9.73,8.916,8.96,9.232,9.136,8.907,8.707,8.546,8.467,9.046,9.098,8.868,8.56,8.699,8.401,8.307,9.007,9.012,9.164,9.027,8.967,8.791,8.547,8.846,8.79,8.586,8.821,8.919,8.508,8.093,8.56,8.634,8.26,8.073,7.852,7.621,7.678,8.186,7.602,7.489,7.59,7.866,8.083,7.64,7.732,8.014,8.244,8.427,8.738,8.402,8.149,8.48,8.329,8.689,8.773,8.702,8.484,8.426,8.698,8.766,8.368,8.31,8.569,8.591,8.391,8.588,9.001,9.155,9.241,8.144,8.0,7.753,7.621,7.773,7.651,7.227,7.109,7.001,6.672,7.056,7.367,7.608,7.901,7.659,7.196,6.655,6.862,7.02,7.284,7.382,7.255,6.962,6.462,6.897,7.243,7.348,7.337,7.424,7.321,9.003,8.934,9.316,9.552,9.667,9.77,9.925,9.891,10.042,10.18,10.369,10.431,10.448,10.36,10.025,10.093,9.815,10.174,10.286,10.312,10.175,9.792,9.735,9.512,9.841,10.151,10.184,10.255,9.86,9.998,10.164,11.246,11.173,11.239,11.037,10.685,10.899,10.999,11.04,10.971,10.582,9.93,9.011,8.835,9.448,9.725,9.974,10.115,10.333,9.987,10.207,10.438,10.522,10.668,10.443,10.148,9.458,9.486,9.625,9.656,9.42,8.553,8.397,8.129,8.214,8.162,8.524,8.767,8.91,8.798,8.501,8.934,9.092,9.11,9.022,9.139,9.124,8.658,8.727,9.077,9.273,9.334,9.565,9.324,8.893,9.216,9.397,9.375,9.284,9.465,9.601,9.277
Guntur_77,5.104,5.139,5.236,5.249,5.054,5.083,5.194,5.2,5.096,5.039,5.132,5.134,5.196,5.104,4.955,4.928,5.158,5.136,4.928,5.138,5.175,5.059,5.116,5.24,5.297,5.055,5.217,5.294,5.334,5.37,5.326,6.043,5.753,5.937,6.09,6.091,6.086,6.154,5.942,5.812,5.911,5.939,6.0,6.213,6.202,6.264,6.001,6.148,6.274,6.248,6.112,5.9,5.95,5.794,5.988,6.095,6.161,6.087,6.051,5.983,5.358,5.51,5.571,5.484,5.397,5.43,5.504,5.342,5.302,4.917,5.109,5.42,5.453,5.418,5.209,5.391,5.563,5.539,6.14,6.05,5.836,5.742,5.64,5.869,6.077,6.145,6.12,6.088,5.899,5.744,5.732,5.581,5.705,5.744,5.707,5.486,5.762,5.79,5.76,5.798,5.841,5.733,5.596,5.915,5.806,5.765,5.597,5.556,5.502,5.317,5.65,5.679,5.539,5.627,5.686,5.631,5.521,5.725,5.731,5.742,5.643,5.238,5.25,5.174,5.325,5.305,5.37,5.513,5.506,5.472,5.255,5.171,5.215,5.196,5.153,5.183,5.123,5.139,4.811,5.037,5.188,5.028,4.96,5.09,5.17,4.942,5.06,5.146,5.293,5.278,5.158,5.038,3.66,3.706,3.696,3.797,3.768,3.791,3.72,3.954,4.025,4.077,4.027,4.038,3.921,3.787,3.978,3.974,4.036,4.092,4.008,3.982,3.828,4.047,4.152,4.1,4.099,3.96,3.875,3.757,3.935,4.131,0.0,0.0,0.0,0.0,0.0,0.0,0.0,0.0,0.0,0.0,0.0,0.0,0.0,0.0,0.0,0.0,0.0,0.0,0.0,0.0,0.0,0.0,0.0,0.0,0.0,0.0,0.0,0.0,0.0,0.0,0.0,0.0,0.0,0.0,0.0,0.0,0.0,0.0,0.0,0.0,0.0,0.0,0.0,0.0,0.0,0.0,0.0,0.0,0.0,0.0,0.0,0.0,0.0,0.0,0.0,0.0,0.0,0.0,0.0,0.0,0.0,0.0,5.099,5.117,5.119,5.218,5.258,4.982,5.036,5.176,5.408,5.332,5.262,5.094,4.939,4.993,5.078,5.15,5.052,5.015,5.15,4.924,5.012,4.944,4.856,5.01,5.035,4.811,4.652,5.01,5.117,5.075,5.404,5.37,5.528,5.356,5.456,5.619,5.806,5.887,5.889,5.715,5.4,5.456,5.54,5.303,5.395,5.455,5.577,5.433,5.561,5.566,5.545,5.439,5.302,5.295,5.025,5.126,5.391,5.496,5.62,5.725,5.68,3.958,4.096,4.14,4.127,4.085,4.177,4.116,3.95,4.032,4.018,3.989,4.059,3.985,3.628,3.524,3.55,3.783,3.892,3.959,3.988,3.957,3.89,4.08,4.063,3.952,3.724,3.732,3.805,3.872,4.008,5.201,5.278,5.223,5.274,5.242,5.016,5.115,5.204,5.11,5.192,5.237,5.137,4.999,5.141,5.28,5.285,5.334,5.408,5.317,5.242,5.383,5.516,5.586,5.503,5.495,5.58,5.368,5.529,5.588,5.558,5.558,5.379,5.222,5.041,5.178,5.22,5.24,5.169,5.231,5.13,5.111,5.318,5.347,5.329,5.266,5.276,5.382,5.317,5.373,5.552,5.663,5.76,5.73,5.642,5.444,5.493,5.305,5.444,5.513,5.617,5.606,5.441,6.2,6.277,6.327,6.211,6.234,6.188,6.014,6.08,6.222,6.339,6.368,6.372,6.342,6.192,6.292,6.292,6.27,6.213,6.144,6.146,6.043,6.278,6.381,6.476,6.497,6.54,6.509,6.406,6.434,6.467,6.445,6.421,6.565,6.528,6.273,6.421,6.544,6.613,6.546,6.32,6.205,6.202,6.434,6.482,6.58,6.676,6.656,6.586,6.377,6.445,6.284,6.434,6.537,6.447,6.479,6.236,5.879,5.976,6.255,6.401,6.565,6.617,6.475,6.648,6.646,6.652,6.807,6.741,6.725,6.484,6.693,6.736,6.486,6.514,6.568,6.408,6.364,6.49,6.611,6.401,6.274,6.209,6.307,6.181,6.414,6.51,6.482,6.51,6.471,6.494,6.373,6.411,6.442,6.318,6.39,6.526,6.479,6.34,6.463,6.306,6.1,5.924,6.124,6.079,5.626,5.656,5.526,5.539,5.499,5.575,5.768,5.887,6.02,5.924,5.813,5.836,6.058,6.202,5.849,6.14,5.304,5.711,5.822,5.839,5.7,5.436,5.602,5.511,5.495,5.377,5.199,5.186,4.934,5.379,5.405,5.543,5.58,5.62,5.381,5.108,5.534,5.744,6.059,5.82,5.795,5.635,5.772,6.202,6.412,6.274,5.24,5.06,5.074,5.136,5.429,5.531,5.491,5.387,5.307,5.403,5.042,4.987,4.933,4.867,4.951,5.188,5.234,4.748,4.388,4.393,4.302,4.431,4.665,4.566,4.494,4.641,4.599,4.331,4.415,4.392,4.326,8.715,9.517,9.781,9.941,10.285,10.43,10.77,10.704,10.912,10.929,10.949,11.103,11.197,10.918,10.64,10.004,11.399,11.21,10.914,10.834,10.625,10.171,10.605,10.678,10.728,10.819,10.966,10.868,10.475,10.653,10.585,0.0,0.0,0.0,0.0,0.0,0.0,0.0,0.0,0.0,0.0,0.0,0.0,0.0,0.0,0.0,0.0,0.0,0.0,0.0,0.0,0.0,0.0,0.0,0.0,0.0,0.0,0.0,0.0,0.0,0.0,5.676,5.47,5.337,5.583,5.704,5.817,5.82,5.877,5.793,5.61,5.876,5.937,5.947,5.863,5.68,5.753,5.452,5.322,5.555,5.608,5.573,5.539,5.611,5.271,5.486,5.532,5.519,5.478,5.549,5.493,5.405,5.371,5.37,5.311,4.906,4.752,5.082,4.982,5.252,5.394,5.583,5.43,5.547,5.506,5.416,5.488,5.479,5.542,5.59,5.449,5.452,5.219,5.519,5.603,5.637,5.586,5.544,5.466,5.17,5.267,5.291,5.035,4.893,4.99,5.0,4.894,5.057,5.157,5.143,5.199,5.119,5.074,4.864,5.104,5.273,5.258,5.207,5.18,5.172,4.913,5.266,5.423,5.517,5.572,5.613,5.557,5.391,5.505,5.391,5.261,5.206,5.296,5.484,5.275,5.571,5.725,5.812,5.701,5.677,5.48,5.233,5.408,5.439,5.465,5.574,5.469,5.331,5.329,5.583,5.756,5.76,5.732,5.784,5.476,5.387,5.686,5.72,5.539,5.633,5.714,5.737,5.732,5.837,6.62,6.646,6.391,6.501,6.579,6.485,6.6,6.782,6.66,6.52,6.556,6.54,6.461,6.502,6.547,6.642,6.585,6.619,6.561,6.451,6.618,6.598,6.607,6.792,6.648,6.541,6.296,6.575,6.35,6.22,6.183,6.356,6.458,6.3,6.276,6.321,6.384,6.497,6.582,6.566,6.405,6.549,6.592,6.681,6.656,6.286,6.331,6.455,6.638,6.693,6.73,6.791,6.763,6.717,6.509,6.63,6.692,6.816,6.857,8.368,8.359,8.099,8.387,8.474,8.318,8.45,8.401,8.433,8.167,8.331,8.452,8.469,8.387,8.3,8.42,8.035,8.254,8.399,8.336,8.368,8.387,8.377,8.112,8.395,8.495,8.582,8.525,8.449,8.23,6.241,6.395,6.373,6.524,6.518,6.69,6.649,6.352,6.449,6.349,6.378,6.37,6.31,6.249,6.077,6.323,6.474,6.656,6.592,6.316,5.76,5.353,5.288,5.757,6.186,6.225,6.132,6.079,6.027,6.364,6.456,6.554,6.62,6.612,6.538,6.378,6.554,6.597,6.458,6.397,6.552,6.487,6.298,6.607,6.7,6.521,6.376,6.283,6.132,5.692,5.708,5.756,6.214,6.456,6.381,6.254,6.072,6.426,6.517,6.256,5.825,5.764,5.861,5.713,6.141,6.168,6.16,6.181,6.064,5.81,5.443,5.65,5.663,5.751,5.666,5.68,5.692,5.445,5.858,5.948,5.842,5.484,5.65,5.505,5.116,5.505,5.866,5.933,5.886,5.991,5.796,5.451,5.399,5.537,5.765,5.761,5.56,5.396,5.133,5.259,5.253,5.251,4.949,5.217,5.415,5.048,4.788,5.127,5.423,5.609,5.542,5.472,5.236,5.521,5.66,5.609,5.702,5.889,5.696,5.454,5.849,6.002,5.963,7.186,7.255,7.217,6.794,7.141,7.253,7.283,7.184,6.997,6.821,6.369,6.471,6.498,6.502,6.402,6.084,6.291,6.336,6.694,6.682,6.6,6.325,6.224,6.142,6.162,6.709,6.76,6.737,6.834,6.852,6.205,5.927,6.289,6.478,6.141,6.23,6.2,6.236,6.028,6.219,6.163,6.268,6.274,6.222,6.132,5.92,6.393,6.454,6.465,6.444,6.362,6.193,5.824,5.493,5.378,5.763,6.081,6.205,6.237,6.065,6.129,6.096,6.174,6.121,6.22,6.198,6.07,6.158,6.207,6.208,6.205,6.211,6.025,5.878,5.923,6.08,6.171,6.217,6.272,6.292,6.047,6.268,6.357,6.342,6.339,6.341,6.347,6.207,6.367,6.288,6.296,5.398,5.478,5.487,5.295,5.407,5.532,5.597,5.462,5.422,5.212,5.073,5.341,5.35,5.382,5.482,5.592,5.633,5.508,5.724,5.743,5.698,5.722,5.816,5.778,5.58,5.693,5.8,5.893,5.914,5.846,5.784,7.159,7.353,7.324,7.201,7.291,7.345,7.388,7.32,7.438,7.449,7.516,7.536,7.579,7.31,7.019,7.217,7.363,7.503,7.437,7.529,7.44,7.225,7.279,7.408,7.352,6.871,7.093,7.303,7.118,7.212,7.22,5.774,5.853,6.04,6.022,5.884,5.923,6.025,6.174,6.09,6.099,6.128,5.844,6.122,6.224,6.145,6.131,6.214,6.173,6.011,6.179,6.236,6.216,6.319,6.371,6.245,6.113,6.377,6.309,7.106,7.133,7.279,7.209,6.928,7.068,6.674,6.512,6.759,7.149,7.233,7.05,7.418,7.455,7.435,7.274,6.873,6.501,6.036,6.498,6.75,6.929,7.069,7.109,7.274,6.996,7.263,7.348,7.385,7.349,7.07,6.377,6.294,6.567,6.841,6.865,6.908,7.01,6.854,6.68,6.958,7.097,7.149,7.236,7.164,7.096,6.837,7.017,7.208,7.135,7.044,6.901,6.712,6.167,6.563,6.871,6.878,6.939,6.93,6.669,6.083,5.927,6.156,6.41,6.425,6.628,6.724,6.475,6.741,6.962,7.04,7.147,7.095,6.992,6.623,6.748,7.001,7.183,7.008,7.322,7.243,6.985,7.17,7.219,6.769,6.444,6.173,6.345,6.606,6.924,7.045,6.886,7.551,7.69,7.994,7.412,7.784,7.863,8.029,8.136,8.072,7.766,7.433,7.739,7.699,7.557,7.66,7.867,7.724,7.355,7.594,7.641,7.767,7.815,7.802,7.553,6.921,6.956,7.167,7.093,6.915,6.759,0.0,0.0,0.0,0.0,0.0,0.0,0.0,0.0,0.0,0.0,0.0,0.0,0.0,0.0,0.0,0.0,0.0,0.0,0.0,0.0,0.0,0.0,0.0,0.0,0.0,0.0,0.0,0.0,0.0,0.0,0.0,10.25,10.098,10.234,10.605,10.898,10.301,10.424,10.804,11.115,11.361,11.781,11.328,10.987,11.433,11.23,11.715,11.828,11.733,11.438,11.36,11.727,11.819,11.283,11.204,11.553,11.583,11.313,11.579,12.135,12.343,12.459,5.984,5.878,5.697,5.6,5.711,5.622,5.311,5.223,5.144,4.903,5.185,5.414,5.59,5.805,5.628,5.288,4.89,5.042,5.158,5.352,5.424,5.331,5.115,4.748,5.068,5.322,5.4,5.391,5.455,5.379,6.805,6.752,7.041,7.22,7.307,7.384,7.502,7.476,7.59,7.695,7.838,7.884,7.897,7.83,7.577,7.629,7.419,7.69,7.775,7.794,7.69,7.401,7.358,7.19,7.438,7.673,7.697,7.751,7.453,7.557,7.683,7.41,7.362,7.405,7.272,7.04,7.181,7.247,7.274,7.229,6.972,6.542,5.937,5.821,6.225,6.407,6.572,6.664,6.808,6.58,6.725,6.877,6.932,7.029,6.88,6.686,6.232,6.25,6.341,6.362,6.207,6.049,5.939,5.749,5.809,5.772,6.028,6.201,6.302,6.222,6.012,6.318,6.431,6.443,6.38,6.464,6.453,6.124,6.172,6.419,6.558,6.601,6.765,6.595,6.289,6.518,6.646,6.63,6.566,6.694,6.791,6.561,6.678,6.798,6.974,6.968,6.991,6.81,6.514,6.736,6.729,6.846,6.887,6.988,7.085,6.767,6.827,7.061,7.132,7.138,7.172,7.224,7.069,7.092,7.192,7.148,6.667,6.231,6.432,6.623,6.455,6.54,6.547,6.564,6.653,6.866,6.846,6.688,6.732,6.849,7.018,6.922,6.933,6.965,6.643,6.959,7.075,6.985,6.969,7.063,7.017,6.833,7.024,7.089,7.065,7.183,7.242,7.099,6.949,7.248,7.172,6.334,7.533,7.562,7.717,7.643,7.344,7.493,7.076,6.904,7.165,7.579,7.668,7.474,7.865,7.903,7.883,7.711,7.286,6.892,6.399,6.889,7.156,7.345,7.494,7.536,7.712,7.417,7.7,7.79,7.83,7.792,7.495,7.608,7.509,7.834,8.162,8.19,8.241,8.364,8.177,7.969,8.302,8.467,8.529,8.633,8.547,8.465,8.157,8.372,8.599,8.512,8.404,8.233,8.007,7.358,7.83,8.198,8.206,8.279,8.268,7.957,7.257,5.473,5.684,5.919,5.933,6.12,6.209,5.979,6.224,6.429,6.5,6.6,6.552,6.456,6.115,6.231,6.465,6.633,6.471,6.761,6.688,6.45,6.621,6.667,6.25,5.95,5.7,5.859,6.1,6.394,6.506,6.359,7.551,7.69,7.994,7.412,7.784,7.863,8.029,8.136,8.072,7.766,7.433,7.739,7.699,7.557,7.66,7.867,7.724,7.355,7.594,7.641,7.767,7.815,7.802,7.553,6.921,6.956,7.167,7.093,6.915,6.759,5.808,5.754,6.148,6.183,6.026,5.817,5.912,5.709,5.646,6.121,6.125,6.228,6.135,6.094,5.974,5.808,6.012,5.973,5.835,5.995,6.062,5.782,5.5,5.818,5.868,5.614,5.486,5.336,5.179,5.218,5.564,5.396,5.316,5.388,5.583,5.737,5.423,5.488,5.688,5.851,5.981,6.202,5.964,5.784,6.019,5.912,6.168,6.227,6.177,6.022,5.981,6.174,6.223,5.94,5.899,6.082,6.098,5.956,6.096,6.389,6.498,6.559,8.144,8.0,7.753,7.621,7.773,7.651,7.227,7.109,7.001,6.672,7.056,7.367,7.608,7.901,7.659,7.196,6.655,6.862,7.02,7.284,7.382,7.255,6.962,6.462,6.897,7.243,7.348,7.337,7.424,7.321,6.805,6.752,7.041,7.22,7.307,7.384,7.502,7.476,7.59,7.695,7.838,7.884,7.897,7.83,7.577,7.629,7.419,7.69,7.775,7.794,7.69,7.401,7.358,7.19,7.438,7.673,7.697,7.751,7.453,7.557,7.683,7.41,7.362,7.405,7.272,7.04,7.181,7.247,7.274,7.229,6.972,6.542,5.937,5.821,6.225,6.407,6.572,6.664,6.808,6.58,6.725,6.877,6.932,7.029,6.88,6.686,6.232,6.25,6.341,6.362,6.207,6.049,5.939,5.749,5.809,5.772,6.028,6.201,6.302,6.222,6.012,6.318,6.431,6.443,6.38,6.464,6.453,6.124,6.172,6.419,6.558,6.601,6.765,6.595,6.289,6.518,6.646,6.63,6.566,6.694,6.791,6.561
Guntur_78,3.489,3.513,3.579,3.588,3.455,3.475,3.55,3.555,3.484,3.445,3.508,3.509,3.552,3.489,3.387,3.369,3.526,3.51,3.368,3.512,3.537,3.458,3.497,3.582,3.621,3.455,3.566,3.619,3.646,3.671,3.64,3.895,3.708,3.827,3.926,3.926,3.923,3.967,3.83,3.746,3.81,3.828,3.868,4.005,3.998,4.037,3.868,3.963,4.044,4.028,3.94,3.803,3.836,3.735,3.86,3.929,3.972,3.924,3.901,3.856,3.56,3.661,3.701,3.643,3.586,3.608,3.657,3.549,3.523,3.267,3.394,3.601,3.623,3.599,3.461,3.582,3.696,3.68,4.079,4.019,3.877,3.815,3.747,3.899,4.038,4.082,4.066,4.045,3.919,3.816,3.808,4.458,4.557,4.588,4.559,4.382,4.603,4.625,4.601,4.631,4.666,4.579,4.47,4.725,4.638,4.605,4.471,4.438,4.395,4.247,4.513,4.537,4.425,4.495,4.542,4.498,4.411,4.574,4.578,4.587,4.508,4.334,4.344,4.281,4.406,4.389,4.443,4.561,4.556,4.528,4.348,4.278,4.315,4.299,4.264,4.288,4.238,4.252,3.98,4.168,4.293,4.16,4.104,4.211,4.277,4.089,4.186,4.257,4.379,4.367,4.268,4.169,3.232,3.273,3.264,3.353,3.328,3.349,3.285,3.492,3.555,3.601,3.557,3.566,3.463,3.344,3.513,3.51,3.565,3.614,3.539,3.517,3.381,3.574,3.667,3.621,3.62,3.497,3.422,3.319,3.475,3.649,0.0,0.0,0.0,0.0,0.0,0.0,0.0,0.0,0.0,0.0,0.0,0.0,0.0,0.0,0.0,0.0,0.0,0.0,0.0,0.0,0.0,0.0,0.0,0.0,0.0,0.0,0.0,0.0,0.0,0.0,0.0,0.0,0.0,0.0,0.0,0.0,0.0,0.0,0.0,0.0,0.0,0.0,0.0,0.0,0.0,0.0,0.0,0.0,0.0,0.0,0.0,0.0,0.0,0.0,0.0,0.0,0.0,0.0,0.0,0.0,0.0,0.0,3.932,3.945,3.947,4.023,4.054,3.842,3.883,3.991,4.17,4.111,4.058,3.928,3.808,3.85,3.915,3.971,3.895,3.867,3.971,3.796,3.864,3.812,3.744,3.863,3.882,3.709,3.587,3.863,3.945,3.913,4.347,4.32,4.447,4.309,4.389,4.521,4.671,4.736,4.737,4.597,4.344,4.389,4.457,4.266,4.34,4.388,4.487,4.371,4.473,4.478,4.461,4.375,4.265,4.26,4.042,4.124,4.337,4.422,4.521,4.606,4.569,3.141,3.251,3.286,3.275,3.241,3.314,3.266,3.135,3.199,3.188,3.166,3.221,3.162,2.879,2.797,2.817,3.002,3.089,3.141,3.165,3.14,3.087,3.238,3.225,3.136,2.955,2.961,3.019,3.073,3.181,3.451,3.502,3.466,3.5,3.478,3.328,3.394,3.453,3.391,3.446,3.475,3.409,3.317,3.411,3.503,3.507,3.54,3.589,3.528,3.479,3.572,3.66,3.707,3.651,3.646,3.703,3.562,3.669,3.708,3.688,3.688,4.285,4.16,4.016,4.125,4.158,4.174,4.118,4.168,4.087,4.072,4.237,4.26,4.245,4.195,4.203,4.288,4.236,4.281,4.423,4.511,4.589,4.565,4.495,4.337,4.376,4.226,4.337,4.392,4.475,4.466,4.335,4.469,4.524,4.56,4.476,4.493,4.46,4.335,4.382,4.484,4.569,4.59,4.592,4.571,4.463,4.534,4.535,4.519,4.478,4.428,4.429,4.355,4.525,4.599,4.667,4.683,4.713,4.691,4.617,4.733,4.757,4.741,4.724,4.83,4.802,4.615,4.723,4.814,4.865,4.815,4.649,4.565,4.563,4.733,4.768,4.841,4.911,4.897,4.845,4.692,4.741,4.623,4.734,4.809,4.743,4.767,4.588,4.325,4.397,4.601,5.46,5.6,5.644,5.523,5.67,5.668,5.673,5.806,5.75,5.736,5.53,5.709,5.745,5.532,5.556,5.602,5.466,5.428,5.536,5.639,5.459,5.352,5.296,5.38,5.272,5.47,5.553,5.529,5.552,5.52,4.308,4.227,4.252,4.273,4.191,4.238,4.329,4.297,4.205,4.287,4.183,4.046,3.929,4.062,4.032,3.731,3.751,3.665,3.674,3.647,3.698,3.826,3.904,3.993,3.93,3.856,3.871,4.018,4.114,3.88,4.073,3.465,3.731,3.803,3.815,3.724,3.552,3.66,3.601,3.59,3.513,3.397,3.388,3.223,3.514,3.531,3.622,3.645,3.671,3.516,3.337,3.616,3.752,3.958,3.803,3.786,3.682,3.771,4.052,4.189,4.099,5.24,5.06,5.074,5.136,5.429,5.531,5.491,5.387,5.307,5.403,5.042,4.987,4.933,4.867,4.951,5.188,5.234,4.748,4.388,4.393,4.302,4.431,4.665,4.566,4.494,4.641,4.599,4.331,4.415,4.392,4.326,8.715,9.517,9.781,9.941,10.285,10.43,10.77,10.704,10.912,10.929,10.949,11.103,11.197,10.918,10.64,10.004,11.399,11.21,10.914,10.834,10.625,10.171,10.605,10.678,10.728,10.819,10.966,10.868,10.475,10.653,10.585,0.0,0.0,0.0,0.0,0.0,0.0,0.0,0.0,0.0,0.0,0.0,0.0,0.0,0.0,0.0,0.0,0.0,0.0,0.0,0.0,0.0,0.0,0.0,0.0,0.0,0.0,0.0,0.0,0.0,0.0,3.889,3.749,3.657,3.826,3.909,3.986,3.988,4.027,3.969,3.844,4.026,4.068,4.075,4.018,3.892,3.942,3.736,3.647,3.807,3.843,3.819,3.795,3.845,3.612,3.759,3.791,3.782,3.754,3.802,3.764,3.704,3.915,3.915,3.872,3.577,3.464,3.705,3.632,3.829,3.932,4.07,3.959,4.044,4.014,3.948,4.001,3.995,4.04,4.075,3.972,3.975,3.805,4.024,4.085,4.109,4.072,4.042,3.985,3.769,3.84,3.858,3.955,3.843,3.92,3.928,3.845,3.972,4.051,4.04,4.084,4.022,3.986,3.821,4.009,4.142,4.13,4.09,4.069,4.063,3.86,4.137,4.26,4.334,4.377,4.41,4.365,4.235,4.324,4.235,4.133,4.09,4.161,4.375,4.208,4.445,4.567,4.637,4.549,4.53,4.372,4.175,4.315,4.339,4.36,4.447,4.363,4.253,4.251,4.454,4.593,4.595,4.573,4.615,4.369,4.298,4.537,4.564,4.419,4.495,4.559,4.577,4.573,4.657,4.401,4.419,4.249,4.322,4.374,4.312,4.388,4.509,4.428,4.335,4.359,4.348,4.296,4.323,4.353,4.416,4.378,4.401,4.362,4.289,4.4,4.387,4.393,4.516,4.42,4.349,4.186,4.371,5.218,5.111,5.081,5.223,5.307,5.177,5.157,5.195,5.246,5.339,5.409,5.396,5.264,5.382,5.417,5.491,5.47,5.166,5.203,5.305,5.455,5.5,5.531,5.581,5.557,5.52,5.349,5.448,5.5,5.601,5.635,7.209,7.201,6.977,7.226,7.3,7.166,7.28,7.238,7.265,7.036,7.177,7.282,7.296,7.225,7.15,7.254,6.923,7.111,7.236,7.182,7.209,7.226,7.217,6.989,7.233,7.319,7.393,7.344,7.279,7.09,6.564,6.726,6.702,6.862,6.855,7.036,6.993,6.68,6.783,6.678,6.708,6.699,6.636,6.572,6.391,6.65,6.809,7.0,6.933,6.643,6.058,5.63,5.562,6.055,6.506,6.547,6.449,6.393,6.338,6.693,6.79,5.418,5.473,5.466,5.405,5.273,5.418,5.454,5.339,5.288,5.417,5.363,5.207,5.462,5.539,5.391,5.271,5.194,5.069,4.705,4.719,4.759,5.138,5.337,5.275,5.17,5.02,5.312,5.387,5.172,4.816,4.765,4.846,4.723,5.077,5.099,5.093,5.11,5.014,4.804,4.5,4.671,4.682,4.755,4.684,4.696,4.705,4.502,4.843,4.917,4.83,4.534,4.671,4.551,4.229,4.551,4.849,4.905,4.866,4.953,4.791,4.506,6.418,6.582,6.853,6.848,6.609,6.414,6.101,6.252,6.245,6.242,5.883,6.202,6.437,6.001,5.691,6.095,6.446,6.668,6.588,6.505,6.224,6.563,6.728,6.667,6.779,7.0,6.771,6.484,6.953,7.134,7.088,6.49,6.552,6.518,6.136,6.449,6.551,6.577,6.488,6.32,6.16,5.752,5.844,5.869,5.872,5.782,5.494,5.681,5.723,6.045,6.035,5.96,5.712,5.621,5.547,5.565,6.059,6.106,6.085,6.172,6.188,4.803,4.588,4.869,5.015,4.754,4.823,4.8,4.827,4.666,4.815,4.771,4.852,4.857,4.817,4.747,4.583,4.949,4.997,5.005,4.989,4.925,4.795,4.509,4.252,4.163,4.461,4.707,4.804,4.829,4.695,4.745,4.512,4.57,4.53,4.603,4.587,4.492,4.558,4.594,4.595,4.593,4.597,4.46,4.351,4.384,4.5,4.567,4.601,4.642,4.657,4.476,4.64,4.705,4.694,4.692,4.693,4.698,4.594,4.712,4.654,4.66,4.962,5.035,5.044,4.867,4.971,5.085,5.145,5.02,4.984,4.791,4.664,4.91,4.917,4.947,5.039,5.141,5.178,5.063,5.262,5.279,5.238,5.26,5.346,5.312,5.13,5.233,5.332,5.417,5.436,5.374,5.317,5.688,5.842,5.819,5.721,5.793,5.836,5.87,5.816,5.91,5.919,5.972,5.987,6.022,5.808,5.577,5.734,5.85,5.962,5.909,5.982,5.912,5.74,5.783,5.886,5.842,5.459,5.636,5.803,5.656,5.73,5.737,5.006,5.074,5.236,5.221,5.101,5.135,5.224,5.352,5.279,5.288,5.312,5.066,5.307,5.396,5.327,5.315,5.387,5.352,5.211,5.357,5.406,5.389,5.478,5.523,5.414,5.3,5.528,5.47,5.19,5.21,5.317,5.266,5.06,5.162,4.875,4.756,4.937,5.222,5.283,5.149,5.419,5.445,5.431,5.313,5.02,4.748,4.409,4.747,4.93,5.061,5.163,5.192,5.313,5.11,5.305,5.367,5.394,5.368,5.164,5.073,5.007,5.224,5.443,5.462,5.496,5.577,5.453,5.314,5.536,5.646,5.687,5.757,5.7,5.645,5.439,5.583,5.734,5.676,5.604,5.49,5.34,4.907,5.221,5.467,5.472,5.521,5.514,5.306,4.839,4.358,4.526,4.713,4.723,4.873,4.944,4.761,4.956,5.119,5.175,5.254,5.217,5.14,4.869,4.961,5.147,5.281,5.152,5.383,5.325,5.135,5.271,5.308,4.976,4.738,4.538,4.665,4.857,5.091,5.18,5.063,5.119,5.214,5.42,5.025,5.277,5.331,5.443,5.516,5.472,5.265,5.039,5.247,5.22,5.124,5.193,5.333,5.236,4.986,5.149,5.181,5.266,5.298,5.289,5.121,4.692,4.716,4.859,4.809,4.688,4.582,0.0,0.0,0.0,0.0,0.0,0.0,0.0,0.0,0.0,0.0,0.0,0.0,0.0,0.0,0.0,0.0,0.0,0.0,0.0,0.0,0.0,0.0,0.0,0.0,0.0,0.0,0.0,0.0,0.0,0.0,0.0,5.438,5.357,5.429,5.626,5.781,5.465,5.53,5.732,5.897,6.027,6.25,6.01,5.829,6.065,5.958,6.215,6.275,6.225,6.068,6.027,6.221,6.27,5.986,5.944,6.129,6.145,6.002,6.143,6.438,6.548,6.61,4.238,4.163,4.034,3.966,4.044,3.981,3.761,3.699,3.643,3.472,3.671,3.834,3.959,4.111,3.985,3.744,3.463,3.571,3.653,3.79,3.841,3.775,3.623,3.362,3.589,3.769,3.824,3.818,3.863,3.81,5.193,5.153,5.373,5.509,5.576,5.635,5.725,5.705,5.792,5.872,5.981,6.016,6.026,5.975,5.782,5.821,5.661,5.868,5.933,5.948,5.869,5.648,5.615,5.487,5.676,5.855,5.874,5.915,5.687,5.767,5.863,5.616,5.58,5.612,5.512,5.336,5.443,5.493,5.513,5.479,5.285,4.959,4.5,4.412,4.718,4.856,4.981,5.051,5.16,4.987,5.097,5.212,5.254,5.327,5.215,5.068,4.723,4.737,4.806,4.822,4.704,4.487,4.405,4.265,4.309,4.282,4.472,4.6,4.675,4.616,4.46,4.687,4.77,4.78,4.733,4.795,4.787,4.543,4.579,4.762,4.865,4.897,5.018,4.892,4.665,4.835,4.93,4.918,4.871,4.965,5.037,4.867,4.918,5.007,5.137,5.132,5.149,5.016,4.798,4.961,4.956,5.042,5.073,5.147,5.218,4.984,5.028,5.201,5.253,5.257,5.282,5.321,5.206,5.224,5.297,5.265,4.91,4.589,4.737,4.878,4.754,4.816,4.822,4.905,4.971,5.13,5.115,4.998,5.031,5.118,5.244,5.172,5.181,5.205,4.964,5.2,5.287,5.219,5.208,5.278,5.243,5.106,5.248,5.297,5.28,5.368,5.411,5.305,5.192,5.416,5.359,4.733,5.877,5.899,6.02,5.962,5.729,5.845,5.52,5.385,5.589,5.913,5.982,5.83,6.135,6.165,6.149,6.016,5.684,5.376,4.992,5.374,5.582,5.73,5.846,5.879,6.016,5.786,6.006,6.077,6.108,6.078,5.847,5.38,5.31,5.541,5.772,5.793,5.828,5.915,5.783,5.636,5.871,5.988,6.032,6.106,6.045,5.987,5.769,5.921,6.082,6.02,5.944,5.823,5.663,5.204,5.538,5.798,5.804,5.855,5.848,5.627,5.132,4.768,4.952,5.156,5.168,5.331,5.409,5.208,5.422,5.6,5.662,5.749,5.707,5.624,5.327,5.427,5.631,5.778,5.637,5.889,5.826,5.618,5.767,5.807,5.444,5.183,4.965,5.104,5.314,5.57,5.667,5.539,5.119,5.214,5.42,5.025,5.277,5.331,5.443,5.516,5.472,5.265,5.039,5.247,5.22,5.124,5.193,5.333,5.236,4.986,5.149,5.181,5.266,5.298,5.289,5.121,4.692,4.716,4.859,4.809,4.688,4.582,5.059,5.012,5.355,5.386,5.249,5.067,5.15,4.973,4.918,5.332,5.335,5.425,5.344,5.308,5.204,5.059,5.237,5.203,5.083,5.222,5.28,5.037,4.791,5.068,5.111,4.89,4.779,4.648,4.512,4.545,4.846,4.587,4.519,4.58,4.746,4.877,4.61,4.665,4.835,4.974,5.084,5.272,5.069,4.917,5.116,5.025,5.242,5.293,5.251,5.119,5.084,5.248,5.289,5.049,5.014,5.17,5.183,5.062,5.182,5.43,5.524,5.576,4.564,4.483,4.345,4.27,4.355,4.287,4.05,3.983,3.923,3.739,3.954,4.128,4.263,4.427,4.291,4.032,3.729,3.845,3.934,4.082,4.136,4.065,3.901,3.621,3.865,4.059,4.118,4.111,4.16,4.102,5.193,5.153,5.373,5.509,5.576,5.635,5.725,5.705,5.792,5.872,5.981,6.016,6.026,5.975,5.782,5.821,5.661,5.868,5.933,5.948,5.869,5.648,5.615,5.487,5.676,5.855,5.874,5.915,5.687,5.767,5.863,5.616,5.58,5.612,5.512,5.336,5.443,5.493,5.513,5.479,5.285,4.959,4.5,4.412,4.718,4.856,4.981,5.051,5.16,4.987,5.097,5.212,5.254,5.327,5.215,5.068,4.723,4.737,4.806,4.822,4.704,4.487,4.405,4.265,4.309,4.282,4.472,4.6,4.675,4.616,4.46,4.687,4.77,4.78,4.733,4.795,4.787,4.543,4.579,4.762,4.865,4.897,5.018,4.892,4.665,4.835,4.93,4.918,4.871,4.965,5.037,4.867
Guntur_79,3.344,3.367,3.43,3.439,3.311,3.33,3.402,3.407,3.339,3.302,3.362,3.363,3.404,3.344,3.246,3.229,3.379,3.364,3.228,3.366,3.39,3.315,3.352,3.433,3.47,3.312,3.418,3.468,3.494,3.518,3.489,4.036,3.843,3.965,4.068,4.069,4.065,4.111,3.969,3.882,3.949,3.967,4.008,4.15,4.143,4.184,4.009,4.107,4.191,4.174,4.083,3.941,3.975,3.87,4.0,4.071,4.115,4.066,4.042,3.996,3.929,4.041,4.086,4.021,3.958,3.982,4.036,3.918,3.888,3.606,3.747,3.975,3.999,3.973,3.82,3.953,4.079,4.062,4.502,4.437,4.279,4.211,4.136,4.304,4.457,4.506,4.488,4.465,4.326,4.213,4.203,4.729,4.834,4.867,4.836,4.648,4.882,4.906,4.881,4.912,4.949,4.857,4.742,5.011,4.92,4.885,4.742,4.707,4.661,4.505,4.787,4.812,4.693,4.768,4.818,4.771,4.678,4.851,4.856,4.865,4.781,3.984,3.993,3.935,4.05,4.035,4.084,4.193,4.188,4.162,3.997,3.933,3.966,3.951,3.919,3.942,3.896,3.908,3.658,3.831,3.946,3.824,3.772,3.871,3.931,3.758,3.848,3.913,4.025,4.014,3.923,3.832,2.371,2.401,2.395,2.46,2.442,2.457,2.41,2.562,2.608,2.642,2.61,2.617,2.54,2.454,2.577,2.575,2.615,2.651,2.597,2.58,2.48,2.622,2.69,2.657,2.656,2.566,2.511,2.435,2.55,2.677,0.0,0.0,0.0,0.0,0.0,0.0,0.0,0.0,0.0,0.0,0.0,0.0,0.0,0.0,0.0,0.0,0.0,0.0,0.0,0.0,0.0,0.0,0.0,0.0,0.0,0.0,0.0,0.0,0.0,0.0,0.0,0.0,0.0,0.0,0.0,0.0,0.0,0.0,0.0,0.0,0.0,0.0,0.0,0.0,0.0,0.0,0.0,0.0,0.0,0.0,0.0,0.0,0.0,0.0,0.0,0.0,0.0,0.0,0.0,0.0,0.0,0.0,3.782,3.795,3.797,3.87,3.9,3.696,3.736,3.84,4.012,3.955,3.903,3.778,3.663,3.704,3.767,3.82,3.747,3.72,3.82,3.652,3.718,3.667,3.602,3.716,3.735,3.568,3.451,3.716,3.795,3.764,5.109,5.077,5.227,5.064,5.159,5.313,5.49,5.566,5.568,5.403,5.105,5.158,5.238,5.014,5.101,5.158,5.273,5.137,5.258,5.263,5.243,5.142,5.013,5.006,4.751,4.847,5.097,5.197,5.314,5.413,5.37,3.377,3.495,3.533,3.521,3.485,3.564,3.512,3.371,3.44,3.428,3.404,3.463,3.4,3.095,3.007,3.029,3.228,3.321,3.378,3.403,3.376,3.319,3.481,3.467,3.372,3.177,3.184,3.246,3.304,3.42,3.849,3.905,3.865,3.902,3.879,3.711,3.785,3.85,3.781,3.842,3.875,3.801,3.699,3.804,3.907,3.91,3.947,4.002,3.934,3.879,3.983,4.082,4.133,4.072,4.066,4.129,3.972,4.091,4.135,4.113,4.113,4.387,4.26,4.112,4.224,4.258,4.274,4.216,4.267,4.184,4.169,4.338,4.362,4.346,4.296,4.304,4.39,4.337,4.383,4.529,4.619,4.698,4.674,4.602,4.441,4.481,4.327,4.441,4.497,4.582,4.573,4.438,3.827,3.874,3.905,3.833,3.847,3.819,3.712,3.753,3.84,3.912,3.93,3.932,3.914,3.821,3.883,3.883,3.869,3.835,3.792,3.793,3.729,3.875,3.938,3.997,4.01,4.036,4.017,3.953,4.603,4.626,4.611,4.594,4.697,4.67,4.488,4.593,4.681,4.731,4.683,4.522,4.439,4.437,4.603,4.637,4.707,4.776,4.762,4.712,4.562,4.611,4.496,4.603,4.677,4.612,4.635,4.461,4.206,4.276,4.475,4.82,4.943,4.982,4.876,5.006,5.004,5.008,5.125,5.076,5.064,4.882,5.039,5.072,4.884,4.905,4.945,4.825,4.792,4.887,4.978,4.819,4.724,4.675,4.749,4.654,4.829,4.902,4.881,4.901,4.872,3.873,3.8,3.823,3.842,3.768,3.811,3.892,3.864,3.781,3.854,3.761,3.638,3.533,3.652,3.625,3.355,3.373,3.295,3.303,3.279,3.325,3.44,3.51,3.59,3.533,3.467,3.48,3.613,3.699,3.488,3.662,4.114,4.429,4.515,4.529,4.421,4.216,4.344,4.274,4.262,4.17,4.032,4.022,3.827,4.172,4.192,4.299,4.328,4.358,4.174,3.962,4.292,4.454,4.699,4.514,4.494,4.371,4.476,4.81,4.973,4.866,3.309,3.195,3.204,3.243,3.428,3.492,3.467,3.401,3.351,3.412,3.183,3.149,3.115,3.073,3.126,3.276,3.305,2.998,2.771,2.774,2.717,2.798,2.946,2.883,2.838,2.93,2.904,2.735,2.788,2.773,2.731,5.064,5.53,5.683,5.776,5.976,6.06,6.258,6.22,6.341,6.351,6.362,6.451,6.506,6.344,6.182,5.813,6.624,6.513,6.342,6.295,6.174,5.91,6.162,6.204,6.233,6.286,6.372,6.315,6.087,6.19,6.15,0.0,0.0,0.0,0.0,0.0,0.0,0.0,0.0,0.0,0.0,0.0,0.0,0.0,0.0,0.0,0.0,0.0,0.0,0.0,0.0,0.0,0.0,0.0,0.0,0.0,0.0,0.0,0.0,0.0,0.0,3.534,3.406,3.323,3.476,3.552,3.622,3.624,3.66,3.607,3.493,3.659,3.697,3.703,3.651,3.537,3.582,3.395,3.314,3.459,3.492,3.47,3.449,3.494,3.282,3.416,3.445,3.436,3.411,3.455,3.421,3.366,3.555,3.555,3.515,3.247,3.145,3.364,3.298,3.476,3.57,3.696,3.594,3.672,3.645,3.585,3.633,3.627,3.668,3.7,3.607,3.609,3.455,3.653,3.709,3.731,3.697,3.67,3.618,3.422,3.486,3.503,3.628,3.526,3.596,3.603,3.527,3.644,3.716,3.706,3.746,3.689,3.657,3.505,3.678,3.8,3.789,3.752,3.733,3.727,3.541,3.795,3.908,3.976,4.015,4.045,4.005,3.885,3.967,3.885,3.791,3.752,3.817,4.364,4.197,4.433,4.555,4.624,4.536,4.517,4.36,4.164,4.303,4.327,4.349,4.435,4.351,4.242,4.24,4.442,4.58,4.583,4.561,4.602,4.357,4.286,4.524,4.552,4.407,4.482,4.547,4.565,4.56,4.644,4.727,4.745,4.563,4.642,4.698,4.63,4.712,4.843,4.756,4.655,4.681,4.67,4.613,4.643,4.675,4.742,4.702,4.726,4.685,4.607,4.725,4.711,4.717,4.85,4.747,4.67,4.496,4.695,5.721,5.604,5.571,5.727,5.819,5.677,5.654,5.695,5.752,5.854,5.93,5.916,5.771,5.9,5.939,6.02,5.997,5.664,5.705,5.816,5.981,6.03,6.064,6.119,6.093,6.052,5.864,5.973,6.03,6.141,6.178,7.78,7.771,7.53,7.798,7.878,7.733,7.856,7.811,7.84,7.593,7.745,7.858,7.874,7.797,7.717,7.828,7.471,7.674,7.809,7.75,7.78,7.798,7.789,7.542,7.806,7.898,7.979,7.926,7.855,7.652,7.386,7.568,7.542,7.721,7.714,7.918,7.869,7.517,7.632,7.514,7.548,7.539,7.468,7.395,7.192,7.483,7.662,7.877,7.801,7.475,6.817,6.335,6.259,6.814,7.321,7.367,7.257,7.194,7.133,7.532,7.641,5.418,5.473,5.466,5.405,5.273,5.418,5.454,5.339,5.288,5.417,5.363,5.207,5.462,5.539,5.391,5.271,5.194,5.069,4.705,4.719,4.759,5.138,5.337,5.275,5.17,5.02,5.312,5.387,5.172,4.816,4.765,4.846,4.723,5.077,5.099,5.093,5.11,5.014,4.804,4.5,4.671,4.682,4.755,4.684,4.696,4.705,4.502,4.843,4.917,4.83,4.534,4.671,4.551,4.229,4.551,4.849,4.905,4.866,4.953,4.791,4.506,6.418,6.582,6.853,6.848,6.609,6.414,6.101,6.252,6.245,6.242,5.883,6.202,6.437,6.001,5.691,6.095,6.446,6.668,6.588,6.505,6.224,6.563,6.728,6.667,6.779,7.0,6.771,6.484,6.953,7.134,7.088,5.968,6.025,5.994,5.642,5.93,6.024,6.048,5.966,5.811,5.665,5.29,5.374,5.396,5.4,5.317,5.053,5.224,5.262,5.559,5.55,5.481,5.253,5.169,5.101,5.118,5.571,5.614,5.595,5.676,5.69,4.885,4.667,4.952,5.101,4.836,4.905,4.882,4.91,4.746,4.897,4.852,4.935,4.94,4.899,4.828,4.662,5.033,5.082,5.09,5.074,5.009,4.876,4.586,4.325,4.234,4.537,4.788,4.886,4.911,4.776,4.826,5.067,5.132,5.087,5.169,5.151,5.045,5.118,5.159,5.16,5.157,5.163,5.008,4.886,4.923,5.053,5.129,5.167,5.213,5.229,5.026,5.21,5.283,5.271,5.269,5.27,5.275,5.159,5.291,5.226,5.232,5.102,5.177,5.186,5.004,5.111,5.228,5.29,5.162,5.124,4.926,4.795,5.048,5.056,5.087,5.182,5.286,5.324,5.206,5.41,5.428,5.386,5.408,5.497,5.461,5.274,5.381,5.482,5.57,5.589,5.525,5.467,5.166,5.306,5.285,5.196,5.261,5.3,5.331,5.283,5.368,5.376,5.424,5.438,5.469,5.275,5.065,5.208,5.314,5.415,5.367,5.433,5.369,5.214,5.253,5.346,5.306,4.958,5.119,5.27,5.137,5.204,5.21,5.468,5.542,5.72,5.703,5.572,5.609,5.706,5.847,5.767,5.776,5.803,5.534,5.797,5.894,5.819,5.806,5.884,5.846,5.692,5.851,5.906,5.886,5.984,6.033,5.914,5.789,6.038,5.975,6.085,6.108,6.233,6.173,5.932,6.052,5.715,5.576,5.787,6.122,6.194,6.037,6.352,6.383,6.367,6.228,5.885,5.567,5.168,5.565,5.78,5.933,6.053,6.087,6.229,5.991,6.219,6.292,6.324,6.293,6.054,5.08,5.014,5.231,5.45,5.469,5.503,5.585,5.46,5.321,5.543,5.654,5.695,5.764,5.707,5.653,5.447,5.59,5.742,5.684,5.612,5.497,5.347,4.913,5.228,5.474,5.48,5.528,5.521,5.313,4.845,4.925,5.116,5.327,5.339,5.508,5.588,5.381,5.601,5.786,5.85,5.939,5.896,5.81,5.503,5.607,5.818,5.969,5.823,6.084,6.019,5.804,5.958,5.999,5.625,5.355,5.13,5.273,5.49,5.754,5.855,5.723,5.537,5.639,5.862,5.435,5.708,5.766,5.887,5.966,5.919,5.694,5.45,5.675,5.645,5.542,5.617,5.769,5.664,5.393,5.569,5.603,5.695,5.731,5.721,5.539,5.075,5.1,5.255,5.201,5.07,4.956,0.0,0.0,0.0,0.0,0.0,0.0,0.0,0.0,0.0,0.0,0.0,0.0,0.0,0.0,0.0,0.0,0.0,0.0,0.0,0.0,0.0,0.0,0.0,0.0,0.0,0.0,0.0,0.0,0.0,0.0,0.0,7.158,7.052,7.147,7.406,7.611,7.194,7.28,7.546,7.762,7.935,8.228,7.911,7.673,7.984,7.843,8.182,8.261,8.194,7.988,7.934,8.19,8.254,7.88,7.825,8.068,8.089,7.9,8.087,8.475,8.62,8.701,4.128,4.055,3.93,3.863,3.94,3.878,3.663,3.603,3.549,3.382,3.576,3.734,3.856,4.005,3.882,3.647,3.373,3.478,3.558,3.692,3.741,3.677,3.529,3.275,3.496,3.671,3.725,3.719,3.763,3.711,4.639,4.603,4.8,4.921,4.981,5.034,5.114,5.096,5.174,5.245,5.343,5.374,5.383,5.338,5.165,5.2,5.057,5.242,5.3,5.313,5.242,5.045,5.016,4.901,5.07,5.23,5.247,5.284,5.08,5.151,5.237,6.454,6.412,6.45,6.334,6.132,6.255,6.312,6.336,6.296,6.073,5.699,5.172,5.071,5.422,5.581,5.724,5.805,5.93,5.732,5.858,5.99,6.038,6.122,5.993,5.824,5.428,5.444,5.524,5.542,5.406,4.15,4.074,3.945,3.986,3.96,4.136,4.254,4.323,4.269,4.125,4.335,4.412,4.42,4.377,4.435,4.427,4.201,4.235,4.404,4.499,4.529,4.641,4.524,4.315,4.472,4.56,4.549,4.505,4.592,4.659,4.502,4.849,4.936,5.064,5.06,5.076,4.945,4.73,4.891,4.886,4.971,5.001,5.074,5.144,4.914,4.957,5.127,5.179,5.183,5.207,5.245,5.133,5.15,5.222,5.19,4.841,4.524,4.67,4.809,4.687,4.748,4.754,4.427,4.487,4.631,4.617,4.511,4.541,4.62,4.734,4.669,4.676,4.698,4.48,4.694,4.772,4.711,4.7,4.764,4.733,4.609,4.737,4.781,4.766,4.845,4.884,4.788,4.687,4.889,4.837,4.273,5.42,5.441,5.552,5.499,5.284,5.391,5.091,4.967,5.155,5.453,5.517,5.377,5.659,5.686,5.672,5.548,5.242,4.959,4.604,4.957,5.149,5.285,5.392,5.422,5.549,5.337,5.54,5.605,5.633,5.606,5.393,5.545,5.473,5.71,5.949,5.97,6.007,6.096,5.96,5.809,6.051,6.171,6.216,6.293,6.23,6.17,5.946,6.102,6.268,6.205,6.126,6.001,5.837,5.363,5.707,5.975,5.982,6.035,6.027,5.8,5.289,4.918,5.108,5.319,5.331,5.5,5.58,5.373,5.593,5.777,5.841,5.931,5.888,5.802,5.495,5.599,5.81,5.96,5.815,6.076,6.01,5.796,5.95,5.991,5.617,5.347,5.122,5.265,5.482,5.746,5.846,5.714,5.537,5.639,5.862,5.435,5.708,5.766,5.887,5.966,5.919,5.694,5.45,5.675,5.645,5.542,5.617,5.769,5.664,5.393,5.569,5.603,5.695,5.731,5.721,5.539,5.075,5.1,5.255,5.201,5.07,4.956,5.219,5.171,5.525,5.556,5.415,5.227,5.313,5.131,5.073,5.5,5.504,5.596,5.513,5.476,5.368,5.219,5.402,5.368,5.244,5.387,5.447,5.196,4.943,5.228,5.273,5.045,4.93,4.795,4.654,4.689,5.0,4.481,4.414,4.474,4.636,4.764,4.503,4.557,4.723,4.859,4.967,5.15,4.952,4.803,4.998,4.909,5.122,5.171,5.129,5.001,4.966,5.127,5.167,4.932,4.898,5.051,5.064,4.946,5.062,5.305,5.396,5.447,4.564,4.483,4.345,4.27,4.355,4.287,4.05,3.983,3.923,3.739,3.954,4.128,4.263,4.427,4.291,4.032,3.729,3.845,3.934,4.082,4.136,4.065,3.901,3.621,3.865,4.059,4.118,4.111,4.16,4.102,4.639,4.603,4.8,4.921,4.981,5.034,5.114,5.096,5.174,5.245,5.343,5.374,5.383,5.338,5.165,5.2,5.057,5.242,5.3,5.313,5.242,5.045,5.016,4.901,5.07,5.23,5.247,5.284,5.08,5.151,5.237,6.454,6.412,6.45,6.334,6.132,6.255,6.312,6.336,6.296,6.073,5.699,5.172,5.071,5.422,5.581,5.724,5.805,5.93,5.732,5.858,5.99,6.038,6.122,5.993,5.824,5.428,5.444,5.524,5.542,5.406,4.15,4.074,3.945,3.986,3.96,4.136,4.254,4.323,4.269,4.125,4.335,4.412,4.42,4.377,4.435,4.427,4.201,4.235,4.404,4.499,4.529,4.641,4.524,4.315,4.472,4.56,4.549,4.505,4.592,4.659,4.502
Guntur_80,3.95,3.977,4.052,4.062,3.911,3.933,4.019,4.024,3.944,3.9,3.971,3.972,4.021,3.949,3.834,3.814,3.992,3.974,3.813,3.975,4.004,3.915,3.959,4.055,4.099,3.911,4.037,4.096,4.127,4.155,4.121,4.301,4.095,4.226,4.335,4.336,4.332,4.38,4.23,4.137,4.208,4.227,4.271,4.422,4.415,4.458,4.272,4.376,4.466,4.447,4.351,4.2,4.235,4.124,4.262,4.338,4.385,4.333,4.307,4.258,4.151,4.269,4.316,4.248,4.181,4.207,4.264,4.139,4.108,3.809,3.958,4.199,4.224,4.197,4.036,4.176,4.309,4.291,4.756,4.687,4.521,4.448,4.369,4.547,4.708,4.76,4.741,4.717,4.57,4.45,4.441,4.77,4.875,4.909,4.878,4.688,4.924,4.948,4.923,4.955,4.992,4.899,4.783,5.055,4.962,4.927,4.783,4.748,4.702,4.544,4.828,4.854,4.734,4.809,4.859,4.812,4.719,4.893,4.898,4.907,4.822,4.815,4.826,4.756,4.895,4.876,4.936,5.067,5.061,5.03,4.83,4.753,4.793,4.775,4.737,4.764,4.708,4.723,4.422,4.63,4.769,4.622,4.559,4.678,4.751,4.542,4.651,4.73,4.865,4.852,4.741,4.631,4.036,4.087,4.076,4.187,4.155,4.181,4.102,4.361,4.439,4.497,4.441,4.453,4.324,4.176,4.386,4.383,4.451,4.512,4.42,4.391,4.221,4.463,4.579,4.521,4.521,4.367,4.273,4.144,4.339,4.556,302.927,305.48,304.276,285.798,257.759,271.106,289.364,288.189,293.833,293.446,276.276,257.854,297.878,312.228,301.647,297.775,301.841,305.828,289.341,284.971,277.607,295.598,298.108,300.172,295.213,286.896,298.551,308.031,303.092,299.607,305.011,296.615,286.586,281.107,281.224,278.632,270.86,288.086,301.088,292.938,293.096,288.626,273.178,274.64,271.584,270.698,264.041,284.739,289.357,277.576,274.674,275.648,273.902,264.429,275.627,284.633,291.953,285.227,284.075,281.156,265.868,282.765,3.857,3.87,3.872,3.947,3.977,3.769,3.81,3.916,4.091,4.033,3.98,3.853,3.736,3.777,3.841,3.895,3.821,3.793,3.896,3.724,3.791,3.739,3.673,3.79,3.808,3.639,3.519,3.79,3.87,3.838,5.36,5.327,5.484,5.313,5.412,5.574,5.76,5.84,5.842,5.669,5.356,5.412,5.496,5.26,5.351,5.411,5.532,5.389,5.516,5.521,5.5,5.395,5.26,5.252,4.985,5.085,5.347,5.452,5.575,5.679,5.634,4.443,4.599,4.648,4.632,4.585,4.689,4.621,4.435,4.526,4.51,4.478,4.557,4.474,4.072,3.956,3.985,4.247,4.37,4.444,4.477,4.442,4.367,4.58,4.562,4.436,4.18,4.189,4.271,4.347,4.499,4.198,4.259,4.215,4.256,4.23,4.048,4.128,4.199,4.124,4.19,4.226,4.146,4.035,4.149,4.261,4.265,4.305,4.365,4.291,4.23,4.344,4.452,4.508,4.441,4.434,4.503,4.332,4.462,4.51,4.485,4.486,4.899,4.756,4.591,4.717,4.754,4.773,4.708,4.765,4.672,4.655,4.844,4.871,4.853,4.796,4.805,4.902,4.843,4.894,5.057,5.158,5.246,5.219,5.139,4.959,5.003,4.832,4.959,5.021,5.116,5.106,4.956,4.248,4.301,4.335,4.255,4.271,4.239,4.121,4.166,4.263,4.343,4.363,4.366,4.345,4.242,4.311,4.311,4.296,4.257,4.209,4.211,4.14,4.301,4.372,4.437,4.452,4.481,4.46,4.389,5.298,5.325,5.307,5.287,5.406,5.375,5.166,5.287,5.388,5.445,5.39,5.204,5.11,5.107,5.298,5.337,5.418,5.497,5.481,5.423,5.251,5.307,5.175,5.298,5.383,5.308,5.335,5.135,4.841,4.921,5.15,4.842,4.967,5.006,4.898,5.029,5.027,5.032,5.149,5.099,5.087,4.905,5.063,5.095,4.907,4.928,4.969,4.848,4.814,4.91,5.001,4.842,4.746,4.697,4.771,4.676,4.852,4.925,4.904,4.924,4.895,4.815,4.725,4.753,4.776,4.684,4.737,4.838,4.803,4.7,4.792,4.675,4.523,4.392,4.54,4.507,4.171,4.193,4.097,4.106,4.077,4.133,4.276,4.364,4.463,4.392,4.31,4.327,4.491,4.598,4.336,4.552,4.678,5.037,5.135,5.15,5.028,4.795,4.94,4.861,4.847,4.742,4.585,4.574,4.352,4.744,4.767,4.889,4.921,4.956,4.746,4.505,4.881,5.066,5.344,5.133,5.111,4.97,5.091,5.47,5.655,5.534,5.617,5.424,5.44,5.506,5.82,5.929,5.886,5.774,5.689,5.792,5.404,5.346,5.288,5.217,5.307,5.561,5.611,5.09,4.704,4.709,4.612,4.749,5.001,4.895,4.817,4.974,4.93,4.642,4.733,4.708,4.637,6.77,7.393,7.598,7.722,7.989,8.102,8.366,8.315,8.477,8.49,8.505,8.625,8.698,8.481,8.265,7.771,8.855,8.708,8.478,8.416,8.254,7.901,8.238,8.295,8.333,8.404,8.519,8.443,8.137,8.275,8.222,0.0,0.0,0.0,0.0,0.0,0.0,0.0,0.0,0.0,0.0,0.0,0.0,0.0,0.0,0.0,0.0,0.0,0.0,0.0,0.0,0.0,0.0,0.0,0.0,0.0,0.0,0.0,0.0,0.0,0.0,4.216,4.064,3.965,4.148,4.238,4.322,4.324,4.366,4.303,4.167,4.365,4.411,4.418,4.356,4.22,4.274,4.05,3.954,4.127,4.166,4.14,4.115,4.169,3.916,4.075,4.11,4.1,4.07,4.122,4.081,4.016,4.047,4.047,4.002,3.697,3.581,3.83,3.754,3.957,4.064,4.207,4.092,4.18,4.149,4.081,4.136,4.129,4.176,4.213,4.106,4.108,3.933,4.159,4.222,4.247,4.209,4.178,4.119,3.896,3.969,3.987,3.737,3.632,3.704,3.712,3.633,3.753,3.828,3.817,3.859,3.8,3.767,3.611,3.788,3.914,3.903,3.865,3.845,3.839,3.647,3.909,4.026,4.095,4.136,4.167,4.125,4.001,4.086,4.002,3.905,3.865,3.931,4.636,4.459,4.71,4.84,4.913,4.82,4.8,4.633,4.424,4.572,4.598,4.62,4.712,4.623,4.507,4.505,4.72,4.866,4.869,4.846,4.89,4.629,4.554,4.807,4.836,4.683,4.762,4.831,4.85,4.845,4.934,5.07,5.09,4.895,4.979,5.039,4.966,5.054,5.194,5.101,4.993,5.021,5.008,4.948,4.98,5.014,5.087,5.043,5.069,5.025,4.941,5.068,5.053,5.06,5.202,5.092,5.009,4.822,5.035,5.602,5.488,5.455,5.608,5.698,5.559,5.537,5.577,5.632,5.732,5.807,5.793,5.651,5.778,5.816,5.895,5.873,5.546,5.586,5.695,5.857,5.905,5.938,5.992,5.967,5.926,5.743,5.849,5.905,6.014,6.05,6.331,6.324,6.128,6.346,6.411,6.293,6.393,6.356,6.38,6.179,6.303,6.395,6.408,6.346,6.28,6.371,6.08,6.245,6.355,6.307,6.332,6.346,6.338,6.138,6.352,6.428,6.493,6.45,6.392,6.227,5.941,6.088,6.067,6.211,6.205,6.369,6.33,6.046,6.139,6.044,6.072,6.064,6.007,5.948,5.785,6.019,6.163,6.336,6.275,6.013,5.483,5.096,5.034,5.481,5.889,5.926,5.837,5.787,5.737,6.059,6.146,5.418,5.473,5.466,5.405,5.273,5.418,5.454,5.339,5.288,5.417,5.363,5.207,5.462,5.539,5.391,5.271,5.194,5.069,4.705,4.719,4.759,5.138,5.337,5.275,5.17,5.02,5.312,5.387,5.172,4.816,4.765,4.846,4.723,5.077,5.099,5.093,5.11,5.014,4.804,4.5,4.671,4.682,4.755,4.684,4.696,4.705,4.502,4.843,4.917,4.83,4.534,4.671,4.551,4.229,4.551,4.849,4.905,4.866,4.953,4.791,4.506,3.927,4.027,4.194,4.19,4.044,3.925,3.734,3.825,3.821,3.82,3.6,3.795,3.939,3.672,3.482,3.73,3.945,4.08,4.031,3.98,3.809,4.016,4.117,4.08,4.148,4.283,4.143,3.968,4.254,4.366,4.337,4.711,4.756,4.732,4.454,4.681,4.755,4.775,4.71,4.588,4.472,4.176,4.242,4.26,4.262,4.197,3.989,4.124,4.154,4.388,4.381,4.327,4.147,4.081,4.027,4.04,4.398,4.432,4.417,4.48,4.492,4.431,4.233,4.491,4.627,4.386,4.449,4.427,4.453,4.304,4.441,4.401,4.476,4.481,4.443,4.379,4.228,4.565,4.609,4.617,4.602,4.543,4.423,4.159,3.923,3.841,4.115,4.342,4.431,4.454,4.331,4.377,4.765,4.826,4.784,4.861,4.844,4.744,4.813,4.851,4.852,4.85,4.855,4.709,4.594,4.629,4.752,4.823,4.859,4.902,4.917,4.726,4.899,4.968,4.957,4.955,4.956,4.961,4.852,4.976,4.915,4.921,4.327,4.391,4.398,4.244,4.334,4.434,4.487,4.378,4.346,4.178,4.067,4.281,4.288,4.314,4.394,4.483,4.516,4.415,4.588,4.603,4.568,4.587,4.662,4.632,4.473,4.563,4.65,4.724,4.74,4.686,4.637,4.929,5.063,5.042,4.957,5.02,5.057,5.086,5.04,5.121,5.129,5.175,5.188,5.218,5.033,4.833,4.969,5.07,5.166,5.12,5.184,5.123,4.974,5.011,5.1,5.062,4.731,4.884,5.028,4.901,4.965,4.971,5.496,5.571,5.749,5.732,5.6,5.637,5.735,5.876,5.796,5.805,5.832,5.562,5.827,5.924,5.849,5.835,5.914,5.875,5.721,5.881,5.936,5.916,6.015,6.064,5.944,5.818,6.069,6.005,4.852,4.87,4.97,4.923,4.73,4.826,4.557,4.447,4.615,4.882,4.939,4.814,5.066,5.09,5.077,4.967,4.693,4.439,4.121,4.437,4.609,4.731,4.827,4.854,4.967,4.778,4.959,5.018,5.043,5.019,4.828,4.892,4.828,5.037,5.248,5.266,5.299,5.378,5.258,5.124,5.338,5.444,5.484,5.551,5.496,5.443,5.245,5.383,5.529,5.473,5.404,5.294,5.149,4.731,5.035,5.271,5.277,5.323,5.316,5.116,4.666,5.608,5.825,6.065,6.079,6.271,6.362,6.127,6.378,6.587,6.661,6.762,6.714,6.615,6.266,6.384,6.624,6.796,6.63,6.928,6.853,6.609,6.784,6.831,6.404,6.097,5.841,6.004,6.25,6.552,6.666,6.516,5.369,5.468,5.683,5.269,5.534,5.591,5.708,5.784,5.739,5.521,5.285,5.502,5.474,5.373,5.446,5.593,5.491,5.229,5.399,5.433,5.522,5.556,5.547,5.37,4.921,4.945,5.095,5.043,4.916,4.805,0.0,0.0,0.0,0.0,0.0,0.0,0.0,0.0,0.0,0.0,0.0,0.0,0.0,0.0,0.0,0.0,0.0,0.0,0.0,0.0,0.0,0.0,0.0,0.0,0.0,0.0,0.0,0.0,0.0,0.0,0.0,7.158,7.052,7.147,7.406,7.611,7.194,7.28,7.546,7.762,7.935,8.228,7.911,7.673,7.984,7.843,8.182,8.261,8.194,7.988,7.934,8.19,8.254,7.88,7.825,8.068,8.089,7.9,8.087,8.475,8.62,8.701,4.635,4.553,4.412,4.337,4.423,4.354,4.113,4.045,3.984,3.797,4.015,4.193,4.33,4.496,4.358,4.095,3.787,3.905,3.995,4.145,4.201,4.129,3.962,3.677,3.925,4.122,4.182,4.176,4.225,4.166,5.206,5.165,5.386,5.523,5.59,5.649,5.739,5.719,5.806,5.886,5.996,6.031,6.041,5.99,5.797,5.836,5.675,5.883,5.948,5.962,5.883,5.662,5.629,5.5,5.69,5.869,5.888,5.93,5.701,5.781,5.877,5.561,5.525,5.557,5.457,5.283,5.389,5.438,5.459,5.425,5.233,4.91,4.456,4.369,4.672,4.808,4.932,5.001,5.109,4.938,5.047,5.161,5.202,5.275,5.163,5.018,4.677,4.691,4.759,4.775,4.658,5.092,4.999,4.84,4.89,4.859,5.075,5.22,5.305,5.238,5.061,5.319,5.413,5.424,5.371,5.441,5.432,5.155,5.196,5.404,5.521,5.557,5.694,5.551,5.294,5.487,5.595,5.581,5.527,5.635,5.716,5.523,5.122,5.214,5.349,5.344,5.362,5.223,4.996,5.166,5.161,5.251,5.282,5.359,5.434,5.19,5.236,5.416,5.47,5.474,5.501,5.541,5.422,5.439,5.516,5.483,5.113,4.779,4.933,5.079,4.951,5.016,5.021,4.936,5.003,5.163,5.148,5.029,5.062,5.15,5.277,5.205,5.213,5.238,4.995,5.233,5.32,5.252,5.24,5.311,5.276,5.138,5.281,5.33,5.313,5.401,5.445,5.338,5.225,5.45,5.393,4.763,5.995,6.018,6.141,6.082,5.845,5.963,5.631,5.494,5.702,6.032,6.103,5.948,6.259,6.29,6.273,6.137,5.799,5.485,5.092,5.483,5.695,5.846,5.964,5.998,6.138,5.903,6.128,6.2,6.231,6.201,5.965,5.329,5.26,5.488,5.718,5.738,5.773,5.859,5.728,5.583,5.815,5.931,5.974,6.048,5.988,5.93,5.714,5.865,6.024,5.963,5.887,5.767,5.609,5.154,5.485,5.743,5.749,5.8,5.792,5.574,5.083,5.274,5.477,5.704,5.717,5.897,5.983,5.762,5.998,6.195,6.264,6.359,6.313,6.221,5.893,6.004,6.23,6.391,6.235,6.515,6.445,6.215,6.38,6.424,6.023,5.734,5.493,5.646,5.878,6.161,6.269,6.127,5.369,5.468,5.683,5.269,5.534,5.591,5.708,5.784,5.739,5.521,5.285,5.502,5.474,5.373,5.446,5.593,5.491,5.229,5.399,5.433,5.522,5.556,5.547,5.37,4.921,4.945,5.095,5.043,4.916,4.805,5.596,5.544,5.924,5.958,5.807,5.605,5.697,5.501,5.44,5.898,5.902,6.001,5.912,5.872,5.756,5.597,5.793,5.756,5.623,5.777,5.841,5.572,5.3,5.606,5.654,5.409,5.287,5.142,4.991,5.028,5.361,4.359,4.295,4.352,4.51,4.635,4.381,4.433,4.595,4.727,4.832,5.01,4.818,4.673,4.862,4.776,4.982,5.031,4.99,4.865,4.832,4.987,5.027,4.799,4.765,4.913,4.926,4.811,4.925,5.161,5.25,5.299,3.74,3.674,3.561,3.5,3.57,3.514,3.319,3.265,3.215,3.064,3.24,3.383,3.494,3.628,3.517,3.305,3.056,3.151,3.224,3.345,3.39,3.332,3.197,2.968,3.167,3.326,3.375,3.37,3.409,3.362,5.206,5.165,5.386,5.523,5.59,5.649,5.739,5.719,5.806,5.886,5.996,6.031,6.041,5.99,5.797,5.836,5.675,5.883,5.948,5.962,5.883,5.662,5.629,5.5,5.69,5.869,5.888,5.93,5.701,5.781,5.877,5.561,5.525,5.557,5.457,5.283,5.389,5.438,5.459,5.425,5.233,4.91,4.456,4.369,4.672,4.808,4.932,5.001,5.109,4.938,5.047,5.161,5.202,5.275,5.163,5.018,4.677,4.691,4.759,4.775,4.658,5.092,4.999,4.84,4.89,4.859,5.075,5.22,5.305,5.238,5.061,5.319,5.413,5.424,5.371,5.441,5.432,5.155,5.196,5.404,5.521,5.557,5.694,5.551,5.294,5.487,5.595,5.581,5.527,5.635,5.716,5.523
Guntur_81,10.536,10.608,10.809,10.835,10.433,10.493,10.721,10.735,10.521,10.403,10.593,10.597,10.726,10.536,10.229,10.174,10.648,10.601,10.172,10.605,10.682,10.444,10.561,10.817,10.934,10.434,10.77,10.928,11.011,11.085,10.994,11.468,10.917,11.266,11.558,11.56,11.55,11.679,11.277,11.029,11.218,11.27,11.387,11.79,11.771,11.887,11.389,11.668,11.907,11.858,11.6,11.197,11.292,10.995,11.365,11.566,11.693,11.552,11.484,11.354,10.266,10.558,10.675,10.507,10.341,10.405,10.546,10.237,10.16,9.422,9.789,10.385,10.448,10.381,9.982,10.33,10.658,10.614,11.764,11.592,11.182,11.002,10.807,11.246,11.645,11.774,11.727,11.666,11.303,11.007,10.983,14.006,14.316,14.415,14.323,13.767,14.46,14.53,14.456,14.55,14.659,14.386,14.044,14.843,14.571,14.468,14.045,13.942,13.807,13.344,14.178,14.253,13.901,14.122,14.269,14.131,13.856,14.368,14.383,14.409,14.161,11.446,11.473,11.306,11.636,11.592,11.734,12.046,12.032,11.958,11.483,11.299,11.395,11.353,11.261,11.325,11.193,11.229,10.512,11.006,11.337,10.987,10.837,11.122,11.296,10.799,11.056,11.244,11.566,11.534,11.271,11.009,10.341,10.472,10.443,10.729,10.647,10.713,10.511,11.173,11.374,11.521,11.379,11.41,11.078,10.699,11.239,11.229,11.405,11.561,11.324,11.251,10.816,11.436,11.731,11.585,11.582,11.188,10.949,10.617,11.118,11.674,0.0,0.0,0.0,0.0,0.0,0.0,0.0,0.0,0.0,0.0,0.0,0.0,0.0,0.0,0.0,0.0,0.0,0.0,0.0,0.0,0.0,0.0,0.0,0.0,0.0,0.0,0.0,0.0,0.0,0.0,0.0,0.0,0.0,0.0,0.0,0.0,0.0,0.0,0.0,0.0,0.0,0.0,0.0,0.0,0.0,0.0,0.0,0.0,0.0,0.0,0.0,0.0,0.0,0.0,0.0,0.0,0.0,0.0,0.0,0.0,0.0,0.0,8.359,8.387,8.391,8.553,8.619,8.167,8.256,8.485,8.865,8.74,8.626,8.35,8.096,8.185,8.324,8.441,8.281,8.221,8.442,8.071,8.215,8.104,7.96,8.213,8.253,7.886,7.625,8.213,8.387,8.318,8.824,8.769,9.028,8.746,8.91,9.176,9.482,9.613,9.617,9.332,8.818,8.909,9.047,8.659,8.809,8.908,9.107,8.872,9.08,9.089,9.054,8.881,8.658,8.646,8.206,8.371,8.803,8.975,9.177,9.349,9.275,7.418,7.677,7.76,7.734,7.655,7.828,7.714,7.404,7.556,7.53,7.476,7.608,7.469,6.799,6.605,6.654,7.091,7.295,7.419,7.475,7.416,7.291,7.646,7.616,7.407,6.979,6.994,7.131,7.257,7.512,10.322,10.474,10.365,10.466,10.402,9.953,10.152,10.327,10.142,10.305,10.393,10.194,9.921,10.202,10.478,10.488,10.586,10.733,10.552,10.403,10.683,10.947,11.085,10.92,10.904,11.074,10.654,10.972,11.09,11.03,11.031,10.239,9.941,9.596,9.858,9.937,9.975,9.84,9.959,9.766,9.729,10.125,10.18,10.144,10.025,10.044,10.245,10.121,10.229,10.57,10.78,10.965,10.909,10.74,10.364,10.458,10.098,10.365,10.495,10.693,10.672,10.358,11.655,11.799,11.893,11.674,11.718,11.631,11.305,11.429,11.695,11.916,11.97,11.977,11.922,11.639,11.826,11.827,11.785,11.679,11.548,11.552,11.359,11.801,11.994,12.173,12.213,12.293,12.235,12.041,10.509,10.562,10.527,10.488,10.723,10.662,10.246,10.487,10.688,10.801,10.691,10.323,10.135,10.13,10.509,10.586,10.747,10.904,10.872,10.757,10.416,10.526,10.264,10.509,10.678,10.53,10.583,10.185,9.602,9.761,10.216,10.024,10.281,10.362,10.14,10.41,10.407,10.416,10.658,10.555,10.531,10.153,10.48,10.547,10.157,10.201,10.285,10.035,9.965,10.163,10.352,10.023,9.825,9.723,9.877,9.679,10.043,10.194,10.151,10.193,10.133,7.357,7.219,7.263,7.298,7.157,7.239,7.393,7.34,7.182,7.322,7.144,6.911,6.711,6.938,6.887,6.373,6.407,6.26,6.275,6.229,6.316,6.534,6.669,6.82,6.711,6.586,6.611,6.863,7.026,6.626,6.956,8.814,9.49,9.674,9.704,9.472,9.034,9.308,9.159,9.132,8.935,8.639,8.618,8.199,8.939,8.982,9.212,9.272,9.338,8.943,8.489,9.196,9.544,10.068,9.672,9.63,9.365,9.591,10.307,10.655,10.427,6.518,6.293,6.311,6.389,6.753,6.879,6.83,6.7,6.6,6.721,6.27,6.203,6.136,6.054,6.158,6.452,6.51,5.906,5.458,5.464,5.351,5.511,5.803,5.679,5.59,5.772,5.72,5.386,5.491,5.463,5.38,20.591,22.487,23.111,23.489,24.301,24.644,25.448,25.293,25.784,25.825,25.87,26.234,26.457,25.798,25.141,23.638,26.935,26.487,25.788,25.599,25.106,24.032,25.058,25.23,25.348,25.563,25.911,25.68,24.751,25.172,25.01,0.0,0.0,0.0,0.0,0.0,0.0,0.0,0.0,0.0,0.0,0.0,0.0,0.0,0.0,0.0,0.0,0.0,0.0,0.0,0.0,0.0,0.0,0.0,0.0,0.0,0.0,0.0,0.0,0.0,0.0,12.722,12.262,11.963,12.514,12.785,13.039,13.045,13.174,12.984,12.574,13.17,13.308,13.33,13.142,12.732,12.896,12.219,11.93,12.452,12.57,12.491,12.415,12.577,11.816,12.296,12.4,12.37,12.279,12.438,12.313,12.115,10.152,10.152,10.039,9.274,8.983,9.607,9.418,9.928,10.196,10.554,10.265,10.485,10.408,10.238,10.375,10.358,10.476,10.567,10.3,10.306,9.865,10.433,10.592,10.655,10.559,10.48,10.333,9.773,9.956,10.002,9.027,8.771,8.946,8.965,8.774,9.066,9.246,9.22,9.321,9.178,9.097,8.721,9.15,9.453,9.426,9.335,9.287,9.273,8.809,9.442,9.723,9.891,9.99,10.063,9.963,9.664,9.869,9.666,9.431,9.334,9.495,9.077,8.73,9.222,9.475,9.619,9.436,9.397,9.07,8.662,8.951,9.002,9.046,9.226,9.051,8.823,8.82,9.241,9.527,9.533,9.487,9.573,9.063,8.917,9.412,9.468,9.168,9.324,9.458,9.496,9.487,9.66,9.808,9.847,9.469,9.632,9.748,9.608,9.779,10.049,9.869,9.66,9.713,9.69,9.573,9.635,9.701,9.841,9.757,9.807,9.721,9.559,9.805,9.776,9.789,10.064,9.851,9.691,9.329,9.742,9.221,9.032,8.979,9.23,9.378,9.149,9.113,9.179,9.27,9.434,9.557,9.535,9.301,9.51,9.572,9.702,9.666,9.128,9.194,9.374,9.639,9.719,9.773,9.862,9.82,9.754,9.452,9.627,9.718,9.898,9.958,10.038,10.027,9.716,10.061,10.165,9.978,10.136,10.078,10.116,9.797,9.993,10.139,10.16,10.061,9.957,10.1,9.639,9.902,10.076,10.0,10.039,10.061,10.049,9.731,10.071,10.191,10.295,10.227,10.135,9.873,8.178,8.379,8.351,8.549,8.54,8.767,8.713,8.323,8.45,8.32,8.357,8.347,8.268,8.188,7.963,8.285,8.484,8.721,8.637,8.277,7.548,7.014,6.929,7.544,8.106,8.157,8.035,7.965,7.897,8.339,8.46,7.713,7.791,7.782,7.694,7.507,7.713,7.765,7.6,7.528,7.711,7.634,7.412,7.776,7.885,7.674,7.503,7.394,7.217,6.699,6.718,6.775,7.314,7.598,7.509,7.36,7.146,7.563,7.669,7.363,6.856,6.783,6.898,6.723,7.228,7.259,7.25,7.274,7.137,6.838,6.406,6.65,6.665,6.769,6.668,6.685,6.698,6.408,6.894,7.0,6.876,6.455,6.65,6.478,6.021,6.478,6.903,6.982,6.928,7.05,6.821,6.415,7.452,7.641,7.957,7.95,7.673,7.447,7.084,7.258,7.25,7.247,6.83,7.2,7.474,6.967,6.607,7.076,7.484,7.741,7.648,7.552,7.226,7.62,7.811,7.741,7.87,8.127,7.861,7.528,8.072,8.283,8.229,7.682,7.756,7.716,7.263,7.634,7.754,7.786,7.68,7.481,7.292,6.809,6.917,6.947,6.951,6.845,6.504,6.725,6.774,7.156,7.144,7.056,6.761,6.654,6.566,6.588,7.172,7.227,7.203,7.306,7.325,6.981,6.669,7.076,7.289,6.91,7.01,6.975,7.016,6.782,6.997,6.934,7.052,7.059,7.0,6.899,6.661,7.192,7.262,7.274,7.251,7.158,6.968,6.553,6.18,6.051,6.484,6.841,6.982,7.018,6.824,6.896,8.543,8.653,8.578,8.716,8.686,8.506,8.63,8.698,8.7,8.696,8.705,8.444,8.238,8.3,8.52,8.648,8.712,8.789,8.817,8.475,8.785,8.908,8.888,8.884,8.886,8.895,8.699,8.922,8.813,8.823,7.793,7.908,7.922,7.644,7.806,7.986,8.081,7.885,7.827,7.524,7.324,7.711,7.723,7.77,7.914,8.073,8.133,7.951,8.263,8.291,8.226,8.26,8.396,8.342,8.056,8.218,8.374,8.507,8.538,8.44,8.35,8.571,8.803,8.768,8.62,8.729,8.793,8.844,8.764,8.905,8.918,8.999,9.022,9.073,8.752,8.403,8.64,8.815,8.983,8.903,9.014,8.907,8.649,8.714,8.868,8.802,8.226,8.492,8.743,8.522,8.634,8.644,8.559,8.675,8.952,8.926,8.721,8.779,8.931,9.151,9.026,9.04,9.082,8.662,9.074,9.225,9.108,9.087,9.21,9.149,8.909,9.158,9.243,9.213,9.366,9.443,9.257,9.061,9.451,9.351,8.05,8.08,8.245,8.166,7.848,8.006,7.56,7.377,7.656,8.099,8.194,7.986,8.404,8.445,8.423,8.24,7.786,7.364,6.837,7.361,7.646,7.849,8.008,8.053,8.24,7.926,8.227,8.324,8.366,8.326,8.008,8.184,8.078,8.428,8.78,8.811,8.866,8.998,8.797,8.573,8.931,9.108,9.175,9.287,9.195,9.107,8.775,9.006,9.251,9.158,9.041,8.857,8.614,7.915,8.423,8.819,8.828,8.906,8.895,8.56,7.807,7.063,7.335,7.639,7.656,7.898,8.013,7.716,8.032,8.296,8.388,8.516,8.455,8.331,7.891,8.04,8.343,8.559,8.35,8.725,8.63,8.323,8.544,8.603,8.066,7.679,7.356,7.561,7.872,8.251,8.395,8.206,6.904,7.032,7.309,6.777,7.118,7.19,7.341,7.439,7.381,7.101,6.797,7.076,7.04,6.91,7.004,7.193,7.062,6.725,6.944,6.987,7.102,7.146,7.134,6.907,6.329,6.36,6.553,6.485,6.323,6.18,8.588,8.508,9.091,9.143,8.911,8.602,8.742,8.442,8.348,9.051,9.057,9.209,9.072,9.011,8.834,8.589,8.89,8.833,8.629,8.865,8.963,8.55,8.133,8.603,8.676,8.301,8.113,7.891,7.659,7.716,8.227,9.955,9.808,9.94,10.3,10.585,10.005,10.125,10.494,10.795,11.035,11.443,11.003,10.672,11.104,10.907,11.379,11.488,11.396,11.11,11.034,11.39,11.48,10.959,10.883,11.221,11.25,10.988,11.247,11.786,11.989,12.101,11.639,11.433,11.08,10.891,11.108,10.934,10.328,10.159,10.005,9.535,10.083,10.529,10.872,11.291,10.945,10.284,9.511,9.806,10.033,10.409,10.549,10.368,9.949,9.235,9.856,10.351,10.502,10.486,10.609,10.463,8.213,8.15,8.498,8.714,8.819,8.913,9.054,9.023,9.161,9.287,9.459,9.516,9.531,9.451,9.145,9.207,8.954,9.281,9.384,9.407,9.282,8.933,8.881,8.678,8.977,9.26,9.29,9.355,8.995,9.121,9.272,8.753,8.697,8.747,8.59,8.317,8.483,8.561,8.592,8.539,8.237,7.729,7.014,6.877,7.354,7.569,7.763,7.873,8.042,7.773,7.944,8.124,8.189,8.303,8.128,7.899,7.362,7.383,7.491,7.516,7.332,6.996,6.868,6.65,6.719,6.676,6.972,7.171,7.288,7.196,6.953,7.308,7.437,7.452,7.379,7.476,7.463,7.082,7.139,7.424,7.585,7.635,7.824,7.627,7.274,7.538,7.687,7.668,7.594,7.742,7.854,7.589,7.241,7.372,7.562,7.556,7.58,7.384,7.064,7.304,7.296,7.424,7.468,7.577,7.682,7.338,7.403,7.657,7.734,7.74,7.777,7.834,7.665,7.691,7.799,7.751,7.229,6.756,6.975,7.181,6.999,7.091,7.1,7.349,7.449,7.688,7.665,7.489,7.538,7.669,7.858,7.751,7.763,7.799,7.438,7.792,7.922,7.821,7.803,7.908,7.857,7.651,7.864,7.937,7.911,8.043,8.109,7.949,7.781,8.116,8.03,7.093,10.034,10.072,10.278,10.18,9.782,9.98,9.424,9.195,9.544,10.095,10.214,9.955,10.475,10.527,10.499,10.271,9.705,9.18,8.523,9.176,9.531,9.784,9.982,10.038,10.272,9.88,10.256,10.376,10.429,10.378,9.983,8.164,8.058,8.408,8.759,8.79,8.844,8.976,8.776,8.553,8.909,9.086,9.153,9.265,9.173,9.085,8.754,8.984,9.228,9.135,9.019,8.835,8.594,7.896,8.403,8.798,8.807,8.885,8.873,8.539,7.788,7.423,7.71,8.028,8.046,8.301,8.422,8.11,8.442,8.72,8.817,8.951,8.887,8.757,8.294,8.451,8.769,8.996,8.777,9.17,9.071,8.748,8.98,9.042,8.477,8.071,7.731,7.947,8.274,8.672,8.824,8.625,6.904,7.032,7.309,6.777,7.118,7.19,7.341,7.439,7.381,7.101,6.797,7.076,7.04,6.91,7.004,7.193,7.062,6.725,6.944,6.987,7.102,7.146,7.134,6.907,6.329,6.36,6.553,6.485,6.323,6.18,7.877,7.804,8.338,8.386,8.174,7.89,8.018,7.744,7.657,8.302,8.307,8.447,8.321,8.265,8.103,7.878,8.154,8.102,7.914,8.131,8.221,7.842,7.46,7.891,7.958,7.614,7.441,7.238,7.025,7.077,7.546,6.174,6.082,6.164,6.388,6.564,6.205,6.279,6.508,6.695,6.843,7.096,6.823,6.618,6.886,6.764,7.056,7.125,7.067,6.89,6.843,7.064,7.119,6.796,6.749,6.959,6.977,6.814,6.975,7.309,7.435,7.505,6.855,6.734,6.526,6.415,6.542,6.44,6.083,5.983,5.893,5.616,5.939,6.201,6.403,6.65,6.446,6.057,5.602,5.776,5.909,6.131,6.213,6.106,5.86,5.439,5.805,6.097,6.185,6.176,6.248,6.162,8.213,8.15,8.498,8.714,8.819,8.913,9.054,9.023,9.161,9.287,9.459,9.516,9.531,9.451,9.145,9.207,8.954,9.281,9.384,9.407,9.282,8.933,8.881,8.678,8.977,9.26,9.29,9.355,8.995,9.121,9.272,8.753,8.697,8.747,8.59,8.317,8.483,8.561,8.592,8.539,8.237,7.729,7.014,6.877,7.354,7.569,7.763,7.873,8.042,7.773,7.944,8.124,8.189,8.303,8.128,7.899,7.362,7.383,7.491,7.516,7.332,6.996,6.868,6.65,6.719,6.676,6.972,7.171,7.288,7.196,6.953,7.308,7.437,7.452,7.379,7.476,7.463,7.082,7.139,7.424,7.585,7.635,7.824,7.627,7.274,7.538,7.687,7.668,7.594,7.742,7.854,7.589
Guntur_82,7.489,7.54,7.683,7.702,7.416,7.458,7.62,7.63,7.478,7.394,7.529,7.532,7.624,7.489,7.271,7.231,7.569,7.535,7.23,7.538,7.593,7.423,7.507,7.688,7.772,7.417,7.655,7.767,7.826,7.879,7.814,7.419,7.063,7.289,7.478,7.479,7.473,7.556,7.296,7.136,7.258,7.292,7.367,7.628,7.616,7.691,7.368,7.549,7.704,7.672,7.505,7.244,7.306,7.114,7.353,7.483,7.565,7.474,7.43,7.346,6.713,6.904,6.98,6.87,6.762,6.803,6.896,6.693,6.643,6.161,6.401,6.79,6.832,6.788,6.527,6.754,6.969,6.94,7.692,7.58,7.311,7.194,7.066,7.353,7.614,7.699,7.668,7.628,7.391,7.197,7.181,8.9,9.097,9.16,9.102,8.748,9.189,9.233,9.186,9.246,9.315,9.142,8.924,9.432,9.26,9.194,8.925,8.86,8.774,8.479,9.01,9.057,8.834,8.974,9.068,8.98,8.805,9.13,9.14,9.156,8.999,8.684,8.705,8.578,8.829,8.795,8.903,9.14,9.129,9.073,8.713,8.573,8.646,8.613,8.544,8.592,8.492,8.52,7.975,8.351,8.601,8.336,8.223,8.438,8.57,8.193,8.388,8.531,8.775,8.751,8.551,8.353,6.071,6.148,6.131,6.299,6.251,6.29,6.171,6.56,6.678,6.764,6.681,6.699,6.504,6.281,6.598,6.593,6.696,6.788,6.648,6.605,6.35,6.714,6.887,6.801,6.8,6.568,6.428,6.233,6.527,6.854,0.0,0.0,0.0,0.0,0.0,0.0,0.0,0.0,0.0,0.0,0.0,0.0,0.0,0.0,0.0,0.0,0.0,0.0,0.0,0.0,0.0,0.0,0.0,0.0,0.0,0.0,0.0,0.0,0.0,0.0,0.0,0.0,0.0,0.0,0.0,0.0,0.0,0.0,0.0,0.0,0.0,0.0,0.0,0.0,0.0,0.0,0.0,0.0,0.0,0.0,0.0,0.0,0.0,0.0,0.0,0.0,0.0,0.0,0.0,0.0,0.0,0.0,8.359,8.387,8.391,8.553,8.619,8.167,8.256,8.485,8.865,8.74,8.626,8.35,8.096,8.185,8.324,8.441,8.281,8.221,8.442,8.071,8.215,8.104,7.96,8.213,8.253,7.886,7.625,8.213,8.387,8.318,6.824,6.781,6.981,6.763,6.89,7.096,7.332,7.434,7.437,7.217,6.819,6.889,6.996,6.696,6.812,6.889,7.043,6.861,7.022,7.029,7.002,6.868,6.696,6.686,6.345,6.473,6.807,6.941,7.097,7.23,7.172,6.588,6.818,6.892,6.869,6.799,6.952,6.851,6.576,6.711,6.687,6.64,6.756,6.633,6.038,5.866,5.909,6.297,6.479,6.589,6.639,6.586,6.475,6.791,6.764,6.578,6.198,6.212,6.333,6.446,6.671,6.447,6.541,6.473,6.537,6.497,6.216,6.34,6.449,6.334,6.436,6.491,6.367,6.196,6.372,6.544,6.55,6.611,6.703,6.59,6.497,6.672,6.837,6.923,6.82,6.81,6.916,6.654,6.853,6.926,6.889,6.889,7.547,7.327,7.073,7.266,7.324,7.352,7.253,7.34,7.198,7.171,7.462,7.503,7.476,7.389,7.403,7.551,7.46,7.539,7.79,7.945,8.082,8.04,7.916,7.639,7.708,7.443,7.639,7.735,7.881,7.865,7.634,6.979,7.065,7.121,6.99,7.016,6.964,6.769,6.844,7.002,7.135,7.168,7.171,7.139,6.969,7.081,7.082,7.056,6.993,6.915,6.917,6.801,7.066,7.182,7.289,7.313,7.361,7.326,7.21,8.822,8.867,8.838,8.805,9.003,8.951,8.602,8.804,8.973,9.068,8.975,8.666,8.509,8.505,8.822,8.888,9.022,9.155,9.127,9.03,8.745,8.837,8.617,8.823,8.964,8.84,8.885,8.551,8.061,8.195,8.577,7.471,7.662,7.723,7.557,7.759,7.756,7.763,7.944,7.867,7.849,7.567,7.811,7.861,7.57,7.603,7.666,7.479,7.427,7.574,7.716,7.47,7.322,7.247,7.361,7.214,7.485,7.597,7.565,7.597,7.552,5.763,5.655,5.69,5.717,5.607,5.671,5.791,5.75,5.626,5.736,5.596,5.414,5.257,5.435,5.395,4.992,5.019,4.904,4.915,4.88,4.948,5.119,5.224,5.343,5.257,5.159,5.179,5.376,5.504,5.191,5.449,5.746,6.186,6.306,6.326,6.175,5.889,6.068,5.97,5.953,5.825,5.632,5.618,5.345,5.827,5.855,6.005,6.044,6.087,5.829,5.534,5.995,6.222,6.563,6.305,6.277,6.104,6.252,6.719,6.946,6.797,5.41,5.223,5.238,5.302,5.605,5.709,5.669,5.561,5.478,5.578,5.204,5.148,5.092,5.024,5.111,5.355,5.403,4.902,4.53,4.535,4.441,4.574,4.816,4.714,4.639,4.79,4.748,4.471,4.558,4.534,4.465,11.909,13.006,13.366,13.585,14.055,14.253,14.718,14.628,14.913,14.936,14.962,15.173,15.302,14.921,14.541,13.671,15.578,15.319,14.915,14.806,14.52,13.899,14.493,14.592,14.661,14.785,14.986,14.853,14.315,14.558,14.465,0.0,0.0,0.0,0.0,0.0,0.0,0.0,0.0,0.0,0.0,0.0,0.0,0.0,0.0,0.0,0.0,0.0,0.0,0.0,0.0,0.0,0.0,0.0,0.0,0.0,0.0,0.0,0.0,0.0,0.0,7.246,6.984,6.814,7.127,7.282,7.426,7.43,7.503,7.395,7.161,7.501,7.58,7.592,7.485,7.252,7.345,6.96,6.795,7.092,7.159,7.115,7.071,7.163,6.73,7.003,7.062,7.045,6.994,7.084,7.013,6.9,5.884,5.883,5.818,5.374,5.206,5.568,5.458,5.753,5.909,6.116,5.949,6.077,6.032,5.933,6.012,6.002,6.071,6.124,5.969,5.973,5.717,6.046,6.138,6.175,6.119,6.073,5.988,5.664,5.77,5.797,6.992,6.794,6.929,6.944,6.796,7.022,7.162,7.142,7.22,7.109,7.047,6.755,7.087,7.322,7.301,7.23,7.193,7.182,6.823,7.313,7.531,7.661,7.738,7.795,7.717,7.486,7.644,7.487,7.305,7.23,7.355,7.66,7.368,7.782,7.996,8.117,7.963,7.93,7.654,7.31,7.554,7.597,7.634,7.786,7.638,7.446,7.443,7.798,8.04,8.045,8.006,8.079,7.648,7.525,7.942,7.99,7.737,7.868,7.981,8.014,8.006,8.152,6.348,6.373,6.128,6.234,6.309,6.218,6.328,6.504,6.387,6.252,6.286,6.271,6.195,6.235,6.278,6.369,6.314,6.347,6.291,6.186,6.346,6.327,6.335,6.513,6.375,6.272,6.038,6.304,7.474,7.321,7.278,7.482,7.602,7.416,7.387,7.441,7.515,7.648,7.747,7.729,7.54,7.709,7.759,7.865,7.835,7.399,7.453,7.599,7.814,7.878,7.922,7.994,7.96,7.907,7.662,7.804,7.878,8.023,8.072,8.018,8.01,7.761,8.037,8.12,7.97,8.097,8.05,8.081,7.826,7.983,8.099,8.116,8.037,7.953,8.068,7.7,7.91,8.048,7.988,8.019,8.037,8.027,7.773,8.045,8.141,8.224,8.169,8.096,7.887,7.863,8.056,8.029,8.219,8.211,8.429,8.377,8.002,8.125,7.999,8.035,8.025,7.949,7.872,7.656,7.966,8.157,8.385,8.305,7.958,7.257,6.744,6.662,7.253,7.793,7.843,7.725,7.658,7.593,8.018,8.134,7.713,7.791,7.782,7.694,7.507,7.713,7.765,7.6,7.528,7.711,7.634,7.412,7.776,7.885,7.674,7.503,7.394,7.217,6.699,6.718,6.775,7.314,7.598,7.509,7.36,7.146,7.563,7.669,7.363,6.856,6.783,6.898,6.723,7.228,7.259,7.25,7.274,7.137,6.838,6.406,6.65,6.665,6.769,6.668,6.685,6.698,6.408,6.894,7.0,6.876,6.455,6.65,6.478,6.021,6.478,6.903,6.982,6.928,7.05,6.821,6.415,5.187,5.319,5.539,5.534,5.341,5.184,4.931,5.052,5.047,5.045,4.754,5.012,5.202,4.85,4.599,4.926,5.21,5.389,5.324,5.257,5.03,5.304,5.437,5.388,5.478,5.657,5.472,5.24,5.619,5.766,5.728,7.747,7.821,7.781,7.324,7.698,7.819,7.851,7.745,7.543,7.353,6.866,6.976,7.005,7.009,6.902,6.558,6.781,6.831,7.216,7.204,7.115,6.818,6.71,6.621,6.643,7.232,7.288,7.263,7.367,7.386,6.659,6.361,6.75,6.953,6.591,6.686,6.654,6.692,6.469,6.675,6.614,6.727,6.734,6.678,6.581,6.354,6.861,6.927,6.939,6.916,6.828,6.647,6.251,5.895,5.772,6.185,6.526,6.66,6.694,6.509,6.578,6.712,6.798,6.74,6.849,6.825,6.683,6.781,6.834,6.836,6.833,6.839,6.635,6.473,6.522,6.694,6.795,6.845,6.906,6.928,6.659,6.902,6.999,6.983,6.98,6.982,6.989,6.835,7.01,6.924,6.932,6.469,6.565,6.576,6.345,6.48,6.629,6.708,6.545,6.497,6.246,6.08,6.401,6.411,6.45,6.57,6.702,6.751,6.6,6.86,6.882,6.829,6.857,6.969,6.925,6.687,6.822,6.951,7.062,7.087,7.006,6.932,7.29,7.487,7.457,7.332,7.424,7.478,7.522,7.454,7.574,7.585,7.653,7.673,7.717,7.444,7.147,7.349,7.498,7.64,7.572,7.667,7.576,7.356,7.412,7.543,7.486,6.996,7.222,7.436,7.248,7.343,7.352,7.501,7.603,7.846,7.823,7.643,7.693,7.827,8.02,7.91,7.923,7.96,7.591,7.952,8.085,7.982,7.964,8.071,8.018,7.808,8.026,8.101,8.074,8.208,8.275,8.112,7.941,8.283,8.195,8.162,8.193,8.361,8.281,7.957,8.118,7.666,7.48,7.763,8.212,8.308,8.098,8.521,8.563,8.541,8.355,7.895,7.467,6.933,7.464,7.753,7.959,8.12,8.165,8.356,8.037,8.342,8.44,8.483,8.442,8.121,7.458,7.362,7.681,8.002,8.03,8.08,8.2,8.017,7.813,8.139,8.301,8.361,8.464,8.38,8.299,7.997,8.208,8.43,8.346,8.24,8.071,7.85,7.214,7.676,8.037,8.045,8.117,8.106,7.801,7.114,6.993,7.262,7.563,7.58,7.819,7.933,7.639,7.952,8.214,8.305,8.432,8.371,8.248,7.813,7.961,8.26,8.474,8.267,8.638,8.545,8.241,8.459,8.517,7.985,7.602,7.283,7.486,7.793,8.169,8.312,8.124,6.999,7.128,7.409,6.869,7.215,7.288,7.441,7.541,7.481,7.198,6.889,7.173,7.136,7.005,7.1,7.291,7.159,6.817,7.039,7.082,7.199,7.243,7.231,7.001,6.415,6.447,6.642,6.574,6.409,6.265,7.797,7.724,8.253,8.3,8.09,7.809,7.936,7.664,7.579,8.217,8.222,8.36,8.236,8.181,8.02,7.797,8.071,8.019,7.833,8.048,8.137,7.762,7.384,7.81,7.877,7.536,7.365,7.164,6.953,7.005,7.469,9.955,9.808,9.94,10.3,10.585,10.005,10.125,10.494,10.795,11.035,11.443,11.003,10.672,11.104,10.907,11.379,11.488,11.396,11.11,11.034,11.39,11.48,10.959,10.883,11.221,11.25,10.988,11.247,11.786,11.989,12.101,8.006,7.864,7.621,7.491,7.64,7.521,7.104,6.988,6.882,6.558,6.936,7.242,7.478,7.766,7.528,7.073,6.542,6.745,6.901,7.16,7.256,7.131,6.843,6.352,6.78,7.12,7.223,7.212,7.297,7.196,7.156,7.1,7.404,7.591,7.683,7.765,7.888,7.861,7.981,8.091,8.241,8.29,8.303,8.234,7.968,8.021,7.801,8.086,8.175,8.196,8.086,7.783,7.737,7.56,7.821,8.068,8.094,8.151,7.836,7.946,8.078,6.884,6.839,6.879,6.755,6.54,6.671,6.732,6.757,6.715,6.477,6.078,5.516,5.408,5.783,5.952,6.105,6.191,6.324,6.113,6.247,6.389,6.44,6.529,6.392,6.211,5.789,5.806,5.891,5.91,5.766,6.535,6.416,6.211,6.276,6.236,6.513,6.699,6.808,6.722,6.495,6.826,6.947,6.961,6.893,6.983,6.971,6.616,6.668,6.935,7.085,7.132,7.308,7.124,6.795,7.041,7.18,7.163,7.093,7.231,7.336,7.089,7.131,7.259,7.447,7.441,7.465,7.272,6.956,7.192,7.185,7.311,7.354,7.462,7.565,7.226,7.29,7.54,7.616,7.622,7.658,7.714,7.548,7.573,7.68,7.633,7.119,6.653,6.868,7.072,6.893,6.983,6.991,7.406,7.507,7.747,7.724,7.547,7.596,7.728,7.918,7.81,7.823,7.859,7.495,7.852,7.983,7.881,7.863,7.969,7.917,7.71,7.925,7.998,7.972,8.105,8.171,8.01,7.84,8.178,8.092,7.147,8.277,8.308,8.479,8.397,8.07,8.233,7.774,7.585,7.873,8.328,8.425,8.212,8.641,8.684,8.661,8.473,8.006,7.572,7.031,7.57,7.863,8.071,8.234,8.28,8.474,8.15,8.46,8.559,8.603,8.561,8.235,6.42,6.337,6.611,6.888,6.912,6.955,7.058,6.901,6.725,7.006,7.145,7.197,7.285,7.213,7.144,6.884,7.065,7.257,7.184,7.093,6.948,6.758,6.209,6.608,6.918,6.925,6.987,6.978,6.715,6.124,6.136,6.373,6.636,6.651,6.861,6.961,6.703,6.978,7.207,7.287,7.399,7.345,7.238,6.856,6.985,7.248,7.436,7.254,7.58,7.498,7.231,7.422,7.474,7.007,6.671,6.39,6.568,6.839,7.168,7.293,7.129,6.999,7.128,7.409,6.869,7.215,7.288,7.441,7.541,7.481,7.198,6.889,7.173,7.136,7.005,7.1,7.291,7.159,6.817,7.039,7.082,7.199,7.243,7.231,7.001,6.415,6.447,6.642,6.574,6.409,6.265,6.511,6.451,6.892,6.931,6.756,6.521,6.628,6.4,6.329,6.862,6.866,6.982,6.878,6.832,6.697,6.511,6.74,6.697,6.542,6.721,6.795,6.482,6.166,6.522,6.578,6.293,6.151,5.982,5.806,5.85,6.237,5.354,5.274,5.345,5.539,5.692,5.381,5.445,5.644,5.806,5.934,6.154,5.917,5.739,5.972,5.866,6.119,6.178,6.129,5.975,5.934,6.125,6.174,5.893,5.852,6.034,6.05,5.909,6.048,6.339,6.447,6.508,6.019,5.912,5.73,5.632,5.744,5.654,5.341,5.253,5.174,4.931,5.214,5.445,5.622,5.839,5.66,5.318,4.918,5.071,5.188,5.383,5.455,5.362,5.145,4.776,5.097,5.353,5.431,5.423,5.486,5.411,7.156,7.1,7.404,7.591,7.683,7.765,7.888,7.861,7.981,8.091,8.241,8.29,8.303,8.234,7.968,8.021,7.801,8.086,8.175,8.196,8.086,7.783,7.737,7.56,7.821,8.068,8.094,8.151,7.836,7.946,8.078,6.884,6.839,6.879,6.755,6.54,6.671,6.732,6.757,6.715,6.477,6.078,5.516,5.408,5.783,5.952,6.105,6.191,6.324,6.113,6.247,6.389,6.44,6.529,6.392,6.211,5.789,5.806,5.891,5.91,5.766,6.535,6.416,6.211,6.276,6.236,6.513,6.699,6.808,6.722,6.495,6.826,6.947,6.961,6.893,6.983,6.971,6.616,6.668,6.935,7.085,7.132,7.308,7.124,6.795,7.041,7.18,7.163,7.093,7.231,7.336,7.089
Guntur_83,7.71,7.763,7.909,7.929,7.634,7.678,7.845,7.855,7.698,7.612,7.751,7.754,7.849,7.709,7.485,7.444,7.792,7.757,7.443,7.76,7.817,7.642,7.728,7.915,8.001,7.635,7.881,7.996,8.057,8.111,8.045,7.031,6.694,6.908,7.087,7.088,7.082,7.161,6.914,6.763,6.878,6.91,6.982,7.229,7.217,7.288,6.983,7.154,7.3,7.27,7.112,6.865,6.924,6.741,6.968,7.092,7.169,7.083,7.041,6.961,7.427,7.638,7.723,7.601,7.481,7.527,7.629,7.406,7.35,6.816,7.082,7.513,7.559,7.51,7.221,7.473,7.711,7.678,8.511,8.386,8.089,7.959,7.818,8.136,8.425,8.518,8.484,8.439,8.177,7.963,7.946,8.958,9.156,9.219,9.16,8.805,9.248,9.293,9.245,9.305,9.375,9.201,8.982,9.493,9.319,9.253,8.983,8.917,8.83,8.534,9.068,9.115,8.891,9.032,9.126,9.038,8.862,9.189,9.199,9.215,9.057,8.391,8.411,8.288,8.531,8.498,8.603,8.831,8.821,8.766,8.418,8.283,8.354,8.323,8.255,8.302,8.206,8.232,7.706,8.069,8.311,8.054,7.945,8.153,8.281,7.917,8.105,8.243,8.479,8.455,8.263,8.071,5.763,5.836,5.82,5.979,5.934,5.971,5.858,6.227,6.339,6.421,6.342,6.359,6.174,5.963,6.264,6.258,6.356,6.444,6.311,6.271,6.028,6.373,6.538,6.457,6.455,6.235,6.102,5.917,6.196,6.506,0.0,0.0,0.0,0.0,0.0,0.0,0.0,0.0,0.0,0.0,0.0,0.0,0.0,0.0,0.0,0.0,0.0,0.0,0.0,0.0,0.0,0.0,0.0,0.0,0.0,0.0,0.0,0.0,0.0,0.0,0.0,0.0,0.0,0.0,0.0,0.0,0.0,0.0,0.0,0.0,0.0,0.0,0.0,0.0,0.0,0.0,0.0,0.0,0.0,0.0,0.0,0.0,0.0,0.0,0.0,0.0,0.0,0.0,0.0,0.0,0.0,0.0,8.517,8.546,8.55,8.715,8.783,8.322,8.413,8.646,9.034,8.906,8.79,8.508,8.25,8.341,8.482,8.601,8.439,8.377,8.602,8.224,8.371,8.258,8.112,8.369,8.41,8.036,7.77,8.369,8.547,8.476,7.283,7.237,7.451,7.218,7.353,7.574,7.826,7.934,7.937,7.702,7.277,7.353,7.467,7.147,7.271,7.352,7.517,7.322,7.494,7.502,7.473,7.33,7.146,7.136,6.772,6.908,7.265,7.408,7.574,7.716,7.655,7.667,7.935,8.02,7.993,7.912,8.091,7.973,7.652,7.81,7.782,7.727,7.863,7.719,7.027,6.827,6.877,7.329,7.54,7.668,7.726,7.665,7.536,7.903,7.871,7.655,7.213,7.229,7.37,7.501,7.764,7.053,7.157,7.082,7.152,7.108,6.801,6.937,7.056,6.93,7.041,7.102,6.966,6.779,6.971,7.16,7.166,7.233,7.334,7.21,7.108,7.3,7.48,7.575,7.462,7.451,7.567,7.28,7.497,7.578,7.537,7.537,8.142,7.904,7.63,7.838,7.901,7.932,7.824,7.918,7.765,7.736,8.05,8.094,8.066,7.971,7.986,8.146,8.048,8.133,8.404,8.571,8.719,8.674,8.54,8.241,8.315,8.029,8.241,8.344,8.502,8.485,8.236,7.355,7.446,7.505,7.367,7.394,7.34,7.134,7.212,7.38,7.52,7.554,7.558,7.523,7.345,7.463,7.463,7.437,7.37,7.288,7.29,7.168,7.447,7.569,7.681,7.707,7.758,7.721,7.599,8.28,8.322,8.294,8.263,8.449,8.4,8.073,8.262,8.42,8.51,8.423,8.133,7.985,7.981,8.28,8.341,8.467,8.591,8.566,8.475,8.207,8.293,8.087,8.28,8.413,8.296,8.338,8.025,7.565,7.691,8.049,8.751,8.975,9.046,8.852,9.088,9.085,9.093,9.305,9.215,9.194,8.864,9.15,9.208,8.867,8.906,8.979,8.761,8.7,8.872,9.038,8.75,8.577,8.489,8.623,8.45,8.768,8.899,8.862,8.899,8.847,7.508,7.368,7.413,7.448,7.305,7.388,7.545,7.491,7.33,7.473,7.291,7.053,6.849,7.081,7.029,6.504,6.539,6.389,6.404,6.357,6.446,6.669,6.806,6.961,6.85,6.721,6.747,7.005,7.171,6.763,7.099,5.802,6.246,6.368,6.387,6.235,5.946,6.127,6.028,6.011,5.881,5.687,5.672,5.397,5.884,5.912,6.063,6.103,6.147,5.886,5.587,6.053,6.282,6.627,6.366,6.338,6.164,6.313,6.784,7.013,6.863,5.41,5.223,5.238,5.302,5.605,5.709,5.669,5.561,5.478,5.578,5.204,5.148,5.092,5.024,5.111,5.355,5.403,4.902,4.53,4.535,4.441,4.574,4.816,4.714,4.639,4.79,4.748,4.471,4.558,4.534,4.465,0.0,0.0,0.0,0.0,0.0,0.0,0.0,0.0,0.0,0.0,0.0,0.0,0.0,0.0,0.0,0.0,0.0,0.0,0.0,0.0,0.0,0.0,0.0,0.0,0.0,0.0,0.0,0.0,0.0,0.0,0.0,0.0,0.0,0.0,0.0,0.0,0.0,0.0,0.0,0.0,0.0,0.0,0.0,0.0,0.0,0.0,0.0,0.0,0.0,0.0,0.0,0.0,0.0,0.0,0.0,0.0,0.0,0.0,0.0,0.0,0.0,6.746,6.503,6.344,6.636,6.78,6.915,6.918,6.986,6.886,6.668,6.984,7.057,7.069,6.969,6.752,6.839,6.48,6.326,6.604,6.666,6.624,6.584,6.67,6.266,6.521,6.576,6.56,6.512,6.596,6.53,6.425,7.013,7.013,6.935,6.406,6.205,6.636,6.506,6.858,7.043,7.291,7.091,7.243,7.19,7.072,7.167,7.155,7.237,7.3,7.115,7.119,6.815,7.207,7.317,7.36,7.294,7.239,7.138,6.751,6.878,6.909,7.205,7.001,7.14,7.155,7.003,7.236,7.38,7.359,7.439,7.325,7.261,6.961,7.303,7.545,7.523,7.451,7.412,7.401,7.031,7.536,7.761,7.895,7.973,8.032,7.952,7.714,7.877,7.715,7.528,7.45,7.579,8.395,8.075,8.529,8.763,8.896,8.727,8.691,8.389,8.011,8.279,8.326,8.366,8.533,8.371,8.161,8.157,8.547,8.812,8.817,8.775,8.854,8.382,8.247,8.705,8.757,8.479,8.624,8.747,8.783,8.774,8.935,6.91,6.937,6.671,6.786,6.867,6.769,6.889,7.079,6.952,6.805,6.843,6.826,6.743,6.787,6.834,6.933,6.873,6.908,6.848,6.734,6.907,6.887,6.896,7.09,6.94,6.827,6.572,6.863,7.705,7.547,7.503,7.712,7.837,7.645,7.615,7.67,7.746,7.883,7.986,7.967,7.772,7.946,7.999,8.107,8.077,7.627,7.683,7.833,8.055,8.121,8.167,8.241,8.206,8.151,7.898,8.045,8.121,8.271,8.321,8.819,8.81,8.536,8.84,8.931,8.766,8.906,8.855,8.888,8.607,8.78,8.908,8.926,8.839,8.748,8.874,8.469,8.7,8.852,8.786,8.82,8.84,8.829,8.55,8.849,8.954,9.045,8.985,8.905,8.674,8.677,8.891,8.861,9.071,9.062,9.302,9.245,8.831,8.967,8.828,8.868,8.857,8.773,8.688,8.449,8.792,9.002,9.254,9.165,8.782,8.009,7.442,7.353,8.005,8.601,8.655,8.525,8.452,8.38,8.849,8.977,8.234,8.317,8.307,8.214,8.013,8.234,8.288,8.113,8.036,8.232,8.149,7.912,8.301,8.417,8.192,8.01,7.893,7.704,7.151,7.171,7.232,7.807,8.11,8.016,7.857,7.628,8.073,8.187,7.86,7.319,7.241,7.364,7.177,7.715,7.749,7.739,7.765,7.619,7.3,6.839,7.098,7.115,7.226,7.118,7.136,7.15,6.841,7.359,7.473,7.34,6.89,7.098,6.916,6.427,6.916,7.369,7.453,7.395,7.526,7.281,6.848,6.39,6.553,6.823,6.818,6.58,6.386,6.075,6.224,6.217,6.215,5.857,6.175,6.409,5.975,5.666,6.068,6.418,6.639,6.559,6.476,6.197,6.534,6.698,6.638,6.749,6.969,6.741,6.455,6.922,7.103,7.057,8.34,8.419,8.376,7.884,8.287,8.418,8.452,8.337,8.121,7.916,7.392,7.509,7.541,7.545,7.43,7.06,7.3,7.354,7.768,7.755,7.659,7.34,7.223,7.128,7.152,7.786,7.846,7.819,7.931,7.952,7.328,7.0,7.428,7.652,7.253,7.358,7.322,7.365,7.119,7.345,7.278,7.403,7.41,7.349,7.243,6.992,7.55,7.623,7.636,7.611,7.514,7.315,6.879,6.488,6.352,6.806,7.182,7.329,7.367,7.163,7.238,7.033,7.123,7.061,7.176,7.151,7.003,7.105,7.16,7.162,7.159,7.166,6.951,6.782,6.833,7.014,7.119,7.172,7.235,7.259,6.976,7.232,7.334,7.317,7.314,7.316,7.322,7.161,7.345,7.255,7.263,7.099,7.204,7.216,6.963,7.111,7.274,7.361,7.182,7.13,6.854,6.672,7.024,7.035,7.078,7.209,7.354,7.408,7.243,7.527,7.552,7.494,7.525,7.648,7.599,7.338,7.486,7.628,7.749,7.777,7.688,7.606,7.669,7.877,7.845,7.714,7.81,7.868,7.914,7.842,7.968,7.98,8.052,8.073,8.119,7.831,7.519,7.731,7.888,8.038,7.967,8.066,7.97,7.739,7.798,7.936,7.876,7.361,7.599,7.824,7.625,7.725,7.735,7.551,7.653,7.898,7.875,7.694,7.745,7.879,8.073,7.963,7.976,8.013,7.642,8.005,8.139,8.035,8.017,8.125,8.072,7.86,8.08,8.155,8.128,8.263,8.331,8.167,7.994,8.338,8.25,8.902,8.935,9.118,9.031,8.678,8.854,8.361,8.158,8.467,8.956,9.061,8.831,9.293,9.339,9.314,9.112,8.61,8.144,7.561,8.141,8.456,8.68,8.855,8.905,9.113,8.765,9.098,9.205,9.252,9.207,8.856,7.915,7.812,8.151,8.492,8.522,8.575,8.702,8.508,8.292,8.637,8.809,8.874,8.982,8.893,8.808,8.487,8.71,8.947,8.857,8.744,8.566,8.331,7.656,8.147,8.529,8.538,8.614,8.603,8.279,7.55,7.299,7.581,7.894,7.912,8.161,8.281,7.974,8.301,8.573,8.669,8.801,8.738,8.61,8.155,8.309,8.622,8.845,8.629,9.016,8.919,8.601,8.829,8.89,8.335,7.935,7.602,7.814,8.135,8.527,8.676,8.48,8.838,9.001,9.356,8.674,9.11,9.203,9.397,9.522,9.447,9.089,8.7,9.057,9.011,8.845,8.965,9.207,9.04,8.608,8.888,8.943,9.091,9.146,9.131,8.84,8.101,8.141,8.388,8.301,8.093,7.911,9.557,9.469,10.117,10.174,9.917,9.573,9.729,9.395,9.29,10.072,10.079,10.248,10.095,10.028,9.831,9.558,9.893,9.83,9.602,9.865,9.975,9.515,9.051,9.573,9.655,9.238,9.028,8.781,8.523,8.587,9.155,9.744,9.599,9.728,10.081,10.36,9.793,9.909,10.271,10.566,10.8,11.199,10.769,10.445,10.868,10.676,11.137,11.244,11.154,10.874,10.799,11.148,11.236,10.726,10.651,10.982,11.011,10.754,11.008,11.536,11.734,11.844,9.886,9.711,9.412,9.251,9.435,9.288,8.773,8.629,8.499,8.099,8.565,8.943,9.235,9.591,9.297,8.735,8.079,8.33,8.522,8.842,8.961,8.807,8.451,7.844,8.372,8.793,8.92,8.907,9.012,8.887,7.468,7.41,7.727,7.923,8.019,8.104,8.232,8.204,8.329,8.444,8.601,8.652,8.666,8.593,8.315,8.371,8.141,8.439,8.532,8.553,8.439,8.122,8.074,7.89,8.162,8.42,8.447,8.506,8.178,8.293,8.431,8.165,8.112,8.159,8.013,7.757,7.913,7.985,8.015,7.965,7.683,7.209,6.542,6.414,6.859,7.06,7.241,7.343,7.502,7.251,7.41,7.578,7.639,7.745,7.581,7.367,6.867,6.887,6.987,7.01,6.839,6.847,6.722,6.508,6.576,6.534,6.824,7.019,7.133,7.043,6.805,7.152,7.279,7.293,7.222,7.317,7.304,6.932,6.987,7.267,7.424,7.473,7.657,7.465,7.119,7.378,7.523,7.505,7.432,7.577,7.687,7.427,8.048,8.194,8.405,8.398,8.425,8.207,7.851,8.118,8.109,8.251,8.301,8.422,8.539,8.156,8.228,8.51,8.596,8.602,8.644,8.707,8.52,8.548,8.668,8.615,8.035,7.51,7.752,7.982,7.779,7.882,7.891,7.616,7.72,7.967,7.944,7.761,7.812,7.948,8.144,8.032,8.045,8.083,7.708,8.075,8.21,8.105,8.087,8.196,8.142,7.929,8.15,8.226,8.199,8.335,8.403,8.238,8.063,8.411,8.322,7.351,8.221,8.252,8.421,8.34,8.015,8.177,7.721,7.534,7.819,8.271,8.368,8.156,8.583,8.625,8.602,8.415,7.951,7.521,6.983,7.518,7.809,8.016,8.178,8.224,8.416,8.094,8.403,8.501,8.544,8.503,8.179,7.954,7.851,8.191,8.534,8.563,8.617,8.745,8.55,8.332,8.68,8.853,8.917,9.026,8.937,8.851,8.529,8.753,8.991,8.9,8.787,8.608,8.372,7.693,8.186,8.571,8.58,8.656,8.645,8.319,7.587,6.852,7.117,7.411,7.428,7.662,7.774,7.486,7.793,8.049,8.138,8.262,8.203,8.083,7.656,7.801,8.094,8.304,8.101,8.465,8.373,8.075,8.289,8.346,7.825,7.45,7.137,7.335,7.637,8.005,8.145,7.961,8.838,9.001,9.356,8.674,9.11,9.203,9.397,9.522,9.447,9.089,8.7,9.057,9.011,8.845,8.965,9.207,9.04,8.608,8.888,8.943,9.091,9.146,9.131,8.84,8.101,8.141,8.388,8.301,8.093,7.911,7.271,7.204,7.697,7.741,7.545,7.283,7.402,7.148,7.068,7.663,7.668,7.797,7.681,7.629,7.479,7.272,7.527,7.478,7.306,7.505,7.589,7.239,6.886,7.284,7.346,7.028,6.869,6.681,6.484,6.533,6.965,6.93,6.828,6.919,7.17,7.369,6.965,7.048,7.305,7.515,7.682,7.966,7.659,7.429,7.73,7.593,7.921,7.998,7.933,7.734,7.681,7.929,7.992,7.629,7.576,7.811,7.832,7.649,7.829,8.205,8.346,8.424,6.019,5.912,5.73,5.632,5.744,5.654,5.341,5.253,5.174,4.931,5.214,5.445,5.622,5.839,5.66,5.318,4.918,5.071,5.188,5.383,5.455,5.362,5.145,4.776,5.097,5.353,5.431,5.423,5.486,5.411,7.468,7.41,7.727,7.923,8.019,8.104,8.232,8.204,8.329,8.444,8.601,8.652,8.666,8.593,8.315,8.371,8.141,8.439,8.532,8.553,8.439,8.122,8.074,7.89,8.162,8.42,8.447,8.506,8.178,8.293,8.431,8.165,8.112,8.159,8.013,7.757,7.913,7.985,8.015,7.965,7.683,7.209,6.542,6.414,6.859,7.06,7.241,7.343,7.502,7.251,7.41,7.578,7.639,7.745,7.581,7.367,6.867,6.887,6.987,7.01,6.839,6.847,6.722,6.508,6.576,6.534,6.824,7.019,7.133,7.043,6.805,7.152,7.279,7.293,7.222,7.317,7.304,6.932,6.987,7.267,7.424,7.473,7.657,7.465,7.119,7.378,7.523,7.505,7.432,7.577,7.687,7.427
Guntur_84,10.17,10.24,10.433,10.459,10.071,10.128,10.349,10.362,10.155,10.042,10.225,10.229,10.354,10.17,9.874,9.82,10.278,10.233,9.819,10.237,10.311,10.081,10.195,10.441,10.554,10.072,10.396,10.548,10.629,10.7,10.612,9.385,8.934,9.22,9.459,9.46,9.452,9.558,9.229,9.026,9.181,9.223,9.319,9.649,9.633,9.728,9.32,9.549,9.744,9.704,9.493,9.163,9.241,8.998,9.3,9.465,9.569,9.454,9.398,9.292,9.293,9.557,9.663,9.511,9.361,9.419,9.546,9.266,9.197,8.529,8.861,9.401,9.458,9.397,9.036,9.351,9.648,9.608,10.649,10.493,10.122,9.959,9.783,10.18,10.541,10.658,10.616,10.56,10.232,9.964,9.942,10.941,11.183,11.26,11.189,10.754,11.296,11.35,11.292,11.365,11.451,11.238,10.97,11.595,11.383,11.302,10.972,10.891,10.785,10.423,11.075,11.134,10.859,11.032,11.147,11.039,10.824,11.224,11.235,11.256,11.062,11.014,11.04,10.879,11.197,11.155,11.292,11.592,11.578,11.507,11.05,10.873,10.965,10.924,10.836,10.898,10.771,10.805,10.115,10.591,10.909,10.572,10.429,10.702,10.87,10.391,10.639,10.82,11.129,11.099,10.846,10.594,7.359,7.452,7.432,7.635,7.577,7.624,7.481,7.952,8.095,8.199,8.099,8.12,7.884,7.614,7.999,7.991,8.117,8.228,8.059,8.007,7.697,8.139,8.349,8.245,8.243,7.962,7.792,7.556,7.912,8.308,0.0,0.0,0.0,0.0,0.0,0.0,0.0,0.0,0.0,0.0,0.0,0.0,0.0,0.0,0.0,0.0,0.0,0.0,0.0,0.0,0.0,0.0,0.0,0.0,0.0,0.0,0.0,0.0,0.0,0.0,0.0,0.0,0.0,0.0,0.0,0.0,0.0,0.0,0.0,0.0,0.0,0.0,0.0,0.0,0.0,0.0,0.0,0.0,0.0,0.0,0.0,0.0,0.0,0.0,0.0,0.0,0.0,0.0,0.0,0.0,0.0,0.0,13.616,13.663,13.669,13.933,14.041,13.305,13.449,13.823,14.442,14.238,14.052,13.602,13.188,13.334,13.56,13.751,13.491,13.392,13.753,13.148,13.383,13.201,12.968,13.379,13.445,12.846,12.422,13.379,13.663,13.551,9.578,9.517,9.798,9.493,9.67,9.96,10.291,10.434,10.438,10.129,9.57,9.67,9.819,9.399,9.562,9.669,9.885,9.629,9.856,9.865,9.828,9.64,9.398,9.385,8.906,9.085,9.554,9.742,9.961,10.147,10.067,7.706,7.975,8.06,8.033,7.952,8.131,8.013,7.691,7.849,7.821,7.766,7.902,7.758,7.062,6.861,6.912,7.365,7.578,7.707,7.765,7.703,7.574,7.943,7.911,7.694,7.249,7.265,7.407,7.538,7.803,9.351,9.488,9.389,9.481,9.423,9.017,9.196,9.355,9.187,9.335,9.415,9.235,8.987,9.242,9.492,9.501,9.589,9.723,9.559,9.424,9.677,9.916,10.042,9.892,9.878,10.032,9.651,9.94,10.046,9.992,9.992,9.779,9.494,9.164,9.415,9.49,9.527,9.398,9.511,9.326,9.292,9.669,9.722,9.688,9.574,9.592,9.785,9.666,9.769,10.095,10.295,10.472,10.418,10.257,9.898,9.987,9.644,9.898,10.023,10.212,10.192,9.892,9.067,9.179,9.252,9.082,9.116,9.048,8.795,8.892,9.098,9.27,9.313,9.318,9.275,9.055,9.201,9.201,9.168,9.086,8.984,8.987,8.837,9.181,9.331,9.47,9.501,9.564,9.519,9.368,10.118,10.169,10.135,10.098,10.324,10.266,9.865,10.097,10.29,10.399,10.293,9.939,9.758,9.753,10.118,10.193,10.347,10.499,10.467,10.357,10.029,10.135,9.882,10.118,10.28,10.138,10.189,9.807,9.245,9.398,9.836,9.391,9.632,9.708,9.5,9.753,9.75,9.758,9.986,9.889,9.866,9.512,9.819,9.882,9.516,9.557,9.636,9.401,9.337,9.521,9.699,9.39,9.205,9.11,9.253,9.068,9.409,9.55,9.51,9.55,9.494,8.78,8.615,8.668,8.709,8.541,8.639,8.823,8.759,8.571,8.738,8.526,8.247,8.009,8.28,8.219,7.605,7.646,7.47,7.488,7.434,7.537,7.798,7.958,8.139,8.009,7.859,7.89,8.19,8.385,7.908,8.301,7.775,8.37,8.533,8.559,8.355,7.968,8.21,8.078,8.055,7.881,7.62,7.601,7.232,7.885,7.923,8.125,8.179,8.237,7.888,7.488,8.112,8.419,8.881,8.531,8.494,8.26,8.46,9.091,9.398,9.197,4.609,4.45,4.463,4.518,4.775,4.865,4.83,4.738,4.668,4.753,4.434,4.386,4.339,4.281,4.355,4.563,4.604,4.177,3.86,3.864,3.784,3.897,4.104,4.016,3.953,4.082,4.045,3.809,3.883,3.863,3.805,0.0,0.0,0.0,0.0,0.0,0.0,0.0,0.0,0.0,0.0,0.0,0.0,0.0,0.0,0.0,0.0,0.0,0.0,0.0,0.0,0.0,0.0,0.0,0.0,0.0,0.0,0.0,0.0,0.0,0.0,0.0,0.0,0.0,0.0,0.0,0.0,0.0,0.0,0.0,0.0,0.0,0.0,0.0,0.0,0.0,0.0,0.0,0.0,0.0,0.0,0.0,0.0,0.0,0.0,0.0,0.0,0.0,0.0,0.0,0.0,0.0,8.0,7.711,7.523,7.87,8.04,8.2,8.203,8.285,8.165,7.907,8.282,8.369,8.383,8.265,8.007,8.11,7.684,7.502,7.831,7.905,7.855,7.807,7.909,7.431,7.733,7.798,7.779,7.722,7.822,7.743,7.619,8.621,8.62,8.525,7.875,7.628,8.158,7.997,8.43,8.658,8.962,8.716,8.904,8.838,8.693,8.81,8.795,8.895,8.973,8.746,8.752,8.377,8.859,8.994,9.048,8.966,8.899,8.775,8.299,8.454,8.493,9.592,9.321,9.507,9.527,9.324,9.634,9.825,9.798,9.905,9.753,9.668,9.267,9.723,10.045,10.017,9.92,9.869,9.854,9.361,10.033,10.332,10.511,10.616,10.694,10.587,10.27,10.487,10.272,10.023,9.919,10.09,9.759,9.386,9.914,10.187,10.341,10.145,10.103,9.752,9.312,9.623,9.678,9.725,9.919,9.731,9.486,9.482,9.935,10.243,10.25,10.2,10.293,9.744,9.586,10.119,10.179,9.857,10.024,10.168,10.209,10.199,10.386,9.844,9.883,9.504,9.667,9.783,9.643,9.814,10.086,9.904,9.695,9.749,9.725,9.607,9.669,9.736,9.877,9.792,9.842,9.757,9.594,9.841,9.812,9.824,10.1,9.887,9.727,9.363,9.777,9.563,9.367,9.312,9.572,9.726,9.489,9.451,9.52,9.614,9.785,9.912,9.888,9.647,9.863,9.927,10.063,10.025,9.467,9.535,9.722,9.997,10.08,10.136,10.228,10.185,10.116,9.803,9.985,10.079,10.265,10.327,10.234,10.223,9.905,10.258,10.363,10.172,10.334,10.275,10.313,9.988,10.188,10.337,10.358,10.257,10.151,10.298,9.827,10.095,10.272,10.195,10.235,10.258,10.245,9.921,10.268,10.39,10.496,10.426,10.333,10.066,10.745,11.01,10.972,11.232,11.221,11.519,11.447,10.935,11.103,10.932,10.981,10.967,10.864,10.758,10.462,10.886,11.147,11.459,11.349,10.875,9.917,9.216,9.105,9.912,10.65,10.718,10.557,10.465,10.376,10.957,11.116,12.359,12.484,12.468,12.328,12.027,12.358,12.441,12.177,12.062,12.356,12.232,11.876,12.459,12.634,12.296,12.022,11.848,11.563,10.733,10.764,10.855,11.718,12.173,12.032,11.793,11.45,12.117,12.288,11.798,10.985,10.868,11.052,10.772,11.58,11.63,11.617,11.655,11.436,10.957,10.264,10.654,10.679,10.845,10.684,10.71,10.732,10.268,11.046,11.216,11.017,10.342,10.654,10.38,9.647,10.38,11.061,11.187,11.1,11.297,10.928,10.278,8.138,8.345,8.69,8.683,8.38,8.133,7.736,7.927,7.918,7.914,7.459,7.864,8.162,7.609,7.216,7.728,8.174,8.455,8.353,8.248,7.892,8.321,8.53,8.454,8.595,8.876,8.585,8.221,8.815,9.046,8.987,11.163,11.269,11.211,10.553,11.092,11.267,11.313,11.16,10.87,10.595,9.894,10.051,10.094,10.099,9.945,9.45,9.772,9.843,10.398,10.38,10.252,9.825,9.668,9.541,9.572,10.421,10.501,10.466,10.616,10.643,8.824,8.429,8.944,9.214,8.734,8.86,8.817,8.868,8.572,8.845,8.764,8.914,8.923,8.849,8.721,8.42,9.091,9.179,9.194,9.165,9.047,8.808,8.283,7.812,7.648,8.196,8.648,8.825,8.87,8.626,8.716,8.851,8.965,8.887,9.031,8.999,8.813,8.942,9.012,9.014,9.01,9.019,8.749,8.535,8.6,8.827,8.96,9.027,9.106,9.135,8.78,9.102,9.23,9.208,9.205,9.207,9.216,9.013,9.244,9.13,9.141,9.134,9.268,9.284,8.958,9.149,9.359,9.47,9.241,9.173,8.818,8.584,9.037,9.051,9.106,9.275,9.462,9.531,9.318,9.684,9.717,9.641,9.681,9.84,9.776,9.441,9.632,9.814,9.97,10.006,9.891,9.786,9.33,9.583,9.544,9.384,9.502,9.572,9.628,9.54,9.694,9.708,9.796,9.821,9.877,9.527,9.148,9.406,9.596,9.779,9.692,9.812,9.696,9.415,9.486,9.654,9.582,8.955,9.244,9.518,9.277,9.398,9.409,8.943,9.064,9.354,9.327,9.113,9.173,9.331,9.562,9.431,9.446,9.49,9.05,9.481,9.639,9.516,9.495,9.623,9.56,9.309,9.569,9.658,9.626,9.787,9.867,9.672,9.467,9.875,9.771,10.275,10.314,10.525,10.424,10.017,10.22,9.651,9.416,9.773,10.338,10.459,10.194,10.727,10.779,10.751,10.518,9.938,9.4,8.727,9.397,9.76,10.019,10.221,10.279,10.519,10.117,10.502,10.625,10.679,10.627,10.223,9.709,9.583,9.999,10.417,10.453,10.518,10.675,10.437,10.171,10.595,10.806,10.885,11.018,10.909,10.804,10.411,10.685,10.975,10.864,10.726,10.507,10.22,9.391,9.993,10.462,10.474,10.566,10.553,10.155,9.262,8.377,8.7,9.06,9.08,9.367,9.504,9.152,9.527,9.84,9.949,10.101,10.028,9.882,9.36,9.537,9.895,10.152,9.904,10.348,10.236,9.872,10.134,10.204,9.567,9.107,8.725,8.968,9.337,9.786,9.957,9.733,10.158,10.345,10.754,9.97,10.471,10.578,10.8,10.944,10.858,10.447,9.999,10.41,10.357,10.166,10.304,10.583,10.39,9.894,10.216,10.279,10.449,10.513,10.495,10.161,9.311,9.357,9.641,9.541,9.302,9.092,9.557,9.469,10.117,10.174,9.917,9.573,9.729,9.395,9.29,10.072,10.079,10.248,10.095,10.028,9.831,9.558,9.893,9.83,9.602,9.865,9.975,9.515,9.051,9.573,9.655,9.238,9.028,8.781,8.523,8.587,9.155,15.789,15.554,15.764,16.336,16.787,15.868,16.057,16.643,17.121,17.501,18.147,17.45,16.925,17.611,17.299,18.046,18.22,18.074,17.62,17.499,18.064,18.207,17.38,17.259,17.796,17.842,17.426,17.837,18.693,19.013,19.192,11.767,11.559,11.202,11.011,11.23,11.055,10.442,10.271,10.116,9.64,10.194,10.645,10.992,11.415,11.066,10.397,9.616,9.914,10.143,10.524,10.665,10.482,10.059,9.336,9.965,10.465,10.617,10.601,10.726,10.578,9.169,9.098,9.487,9.728,9.845,9.95,10.108,10.073,10.227,10.368,10.56,10.623,10.64,10.55,10.21,10.279,9.996,10.361,10.476,10.502,10.362,9.973,9.914,9.687,10.022,10.338,10.371,10.444,10.041,10.182,10.352,10.249,10.183,10.242,10.058,9.738,9.933,10.023,10.061,9.998,9.644,9.049,8.212,8.052,8.61,8.862,9.09,9.218,9.417,9.102,9.302,9.512,9.589,9.722,9.517,9.248,8.62,8.645,8.771,8.8,8.585,8.979,8.816,8.535,8.624,8.569,8.949,9.204,9.354,9.236,8.924,9.379,9.546,9.564,9.471,9.595,9.579,9.09,9.162,9.529,9.735,9.799,10.042,9.789,9.336,9.675,9.866,9.842,9.747,9.936,10.08,9.74,9.552,9.725,9.976,9.968,10.0,9.741,9.318,9.635,9.625,9.793,9.852,9.996,10.134,9.68,9.766,10.101,10.202,10.21,10.259,10.334,10.112,10.145,10.288,10.225,9.537,8.913,9.201,9.473,9.233,9.354,9.365,8.633,8.751,9.031,9.004,8.797,8.855,9.009,9.231,9.105,9.119,9.162,8.737,9.153,9.306,9.187,9.166,9.29,9.229,8.987,9.238,9.324,9.293,9.448,9.525,9.338,9.14,9.534,9.433,8.332,9.484,9.52,9.715,9.621,9.246,9.433,8.908,8.691,9.02,9.542,9.654,9.409,9.901,9.949,9.924,9.708,9.173,8.676,8.055,8.673,9.009,9.247,9.435,9.487,9.709,9.338,9.693,9.807,9.857,9.809,9.436,9.17,9.051,9.443,9.838,9.872,9.934,10.081,9.857,9.606,10.007,10.206,10.28,10.406,10.303,10.204,9.832,10.091,10.365,10.261,10.13,9.924,9.652,8.869,9.438,9.881,9.892,9.979,9.966,9.591,8.747,8.7,9.036,9.409,9.43,9.728,9.87,9.505,9.894,10.219,10.333,10.49,10.415,10.263,9.721,9.904,10.277,10.543,10.286,10.747,10.631,10.253,10.524,10.597,9.935,9.459,9.061,9.314,9.697,10.164,10.341,10.108,10.158,10.345,10.754,9.97,10.471,10.578,10.8,10.944,10.858,10.447,9.999,10.41,10.357,10.166,10.304,10.583,10.39,9.894,10.216,10.279,10.449,10.513,10.495,10.161,9.311,9.357,9.641,9.541,9.302,9.092,9.232,9.146,9.772,9.828,9.579,9.247,9.398,9.075,8.974,9.73,9.736,9.899,9.752,9.687,9.496,9.233,9.556,9.495,9.276,9.529,9.635,9.191,8.743,9.248,9.327,8.923,8.721,8.482,8.233,8.294,8.844,6.93,6.828,6.919,7.17,7.369,6.965,7.048,7.305,7.515,7.682,7.966,7.659,7.429,7.73,7.593,7.921,7.998,7.933,7.734,7.681,7.929,7.992,7.629,7.576,7.811,7.832,7.649,7.829,8.205,8.346,8.424,10.474,10.289,9.971,9.801,9.996,9.84,9.295,9.142,9.004,8.581,9.074,9.475,9.784,10.161,9.849,9.254,8.559,8.825,9.028,9.368,9.493,9.33,8.953,8.31,8.87,9.315,9.451,9.436,9.547,9.415,9.169,9.098,9.487,9.728,9.845,9.95,10.108,10.073,10.227,10.368,10.56,10.623,10.64,10.55,10.21,10.279,9.996,10.361,10.476,10.502,10.362,9.973,9.914,9.687,10.022,10.338,10.371,10.444,10.041,10.182,10.352,10.249,10.183,10.242,10.058,9.738,9.933,10.023,10.061,9.998,9.644,9.049,8.212,8.052,8.61,8.862,9.09,9.218,9.417,9.102,9.302,9.512,9.589,9.722,9.517,9.248,8.62,8.645,8.771,8.8,8.585,8.979,8.816,8.535,8.624,8.569,8.949,9.204,9.354,9.236,8.924,9.379,9.546,9.564,9.471,9.595,9.579,9.09,9.162,9.529,9.735,9.799,10.042,9.789,9.336,9.675,9.866,9.842,9.747,9.936,10.08,9.74
Guntur_85,11.849,11.93,12.155,12.185,11.733,11.8,12.056,12.072,11.831,11.699,11.912,11.917,12.062,11.848,11.503,11.441,11.975,11.922,11.439,11.926,12.013,11.745,11.877,12.164,12.296,11.734,12.112,12.289,12.382,12.465,12.363,11.073,10.542,10.879,11.161,11.162,11.153,11.277,10.89,10.65,10.833,10.883,10.995,11.385,11.366,11.478,10.997,11.267,11.497,11.45,11.201,10.812,10.904,10.617,10.974,11.169,11.291,11.155,11.089,10.964,10.956,11.268,11.392,11.213,11.036,11.104,11.254,10.924,10.843,10.055,10.447,11.083,11.15,11.078,10.652,11.024,11.374,11.327,12.554,12.371,11.933,11.741,11.533,12.001,12.427,12.565,12.515,12.449,12.062,11.746,11.721,11.998,12.264,12.348,12.27,11.794,12.387,12.447,12.383,12.464,12.557,12.324,12.03,12.715,12.483,12.394,12.032,11.944,11.827,11.431,12.145,12.209,11.909,12.098,12.224,12.106,11.87,12.308,12.321,12.343,12.131,12.318,12.346,12.167,12.523,12.475,12.628,12.964,12.948,12.868,12.358,12.16,12.263,12.217,12.118,12.187,12.045,12.084,11.312,11.845,12.2,11.824,11.663,11.969,12.156,11.621,11.898,12.1,12.447,12.412,12.129,11.848,10.044,10.171,10.144,10.421,10.342,10.406,10.21,10.853,11.048,11.191,11.053,11.083,10.76,10.392,10.917,10.907,11.078,11.23,10.999,10.929,10.505,11.108,11.395,11.253,11.25,10.867,10.635,10.313,10.799,11.339,0.0,0.0,0.0,0.0,0.0,0.0,0.0,0.0,0.0,0.0,0.0,0.0,0.0,0.0,0.0,0.0,0.0,0.0,0.0,0.0,0.0,0.0,0.0,0.0,0.0,0.0,0.0,0.0,0.0,0.0,0.0,0.0,0.0,0.0,0.0,0.0,0.0,0.0,0.0,0.0,0.0,0.0,0.0,0.0,0.0,0.0,0.0,0.0,0.0,0.0,0.0,0.0,0.0,0.0,0.0,0.0,0.0,0.0,0.0,0.0,0.0,0.0,11.058,11.095,11.1,11.314,11.402,10.804,10.922,11.225,11.728,11.562,11.411,11.046,10.71,10.828,11.011,11.167,10.955,10.875,11.168,10.677,10.868,10.72,10.531,10.865,10.918,10.432,10.087,10.864,11.096,11.004,11.552,11.479,11.818,11.449,11.664,12.013,12.413,12.585,12.589,12.217,11.543,11.663,11.844,11.336,11.533,11.662,11.923,11.614,11.887,11.899,11.853,11.627,11.335,11.319,10.742,10.958,11.524,11.75,12.014,12.239,12.142,10.904,11.285,11.406,11.368,11.253,11.506,11.339,10.883,11.106,11.068,10.989,11.182,10.978,9.993,9.709,9.78,10.422,10.723,10.905,10.987,10.901,10.717,11.239,11.194,10.887,10.258,10.28,10.482,10.668,11.041,11.498,11.667,11.545,11.658,11.587,11.087,11.308,11.503,11.296,11.478,11.577,11.355,11.051,11.364,11.671,11.682,11.791,11.955,11.754,11.588,11.899,12.193,12.348,12.164,12.146,12.335,11.867,12.222,12.353,12.286,12.287,11.838,11.493,11.094,11.397,11.488,11.533,11.377,11.514,11.291,11.248,11.706,11.769,11.728,11.59,11.612,11.845,11.702,11.826,12.22,12.463,12.677,12.612,12.417,11.982,12.091,11.675,11.983,12.133,12.363,12.338,11.975,11.785,11.93,12.025,11.804,11.848,11.76,11.431,11.556,11.825,12.049,12.104,12.11,12.055,11.769,11.958,11.959,11.916,11.809,11.677,11.68,11.485,11.932,12.128,12.308,12.349,12.43,12.371,12.175,12.658,12.723,12.68,12.633,12.917,12.843,12.342,12.632,12.874,13.01,12.878,12.434,12.208,12.202,12.658,12.752,12.945,13.135,13.096,12.957,12.547,12.679,12.364,12.659,12.862,12.683,12.748,12.269,11.566,11.758,12.306,12.057,12.366,12.463,12.197,12.522,12.518,12.529,12.821,12.697,12.667,12.212,12.606,12.687,12.217,12.27,12.371,12.07,11.987,12.224,12.453,12.056,11.818,11.696,11.88,11.642,12.08,12.262,12.21,12.261,12.189,11.691,11.472,11.542,11.597,11.373,11.503,11.748,11.664,11.413,11.636,11.353,10.982,10.664,11.025,10.944,10.127,10.181,9.947,9.971,9.899,10.037,10.384,10.597,10.838,10.665,10.465,10.506,10.906,11.165,10.53,11.054,10.223,11.006,11.22,11.254,10.986,10.477,10.796,10.622,10.591,10.363,10.02,9.995,9.509,10.367,10.417,10.684,10.754,10.831,10.372,9.845,10.666,11.07,11.677,11.218,11.169,10.861,11.124,11.954,12.357,12.093,6.418,6.196,6.215,6.29,6.649,6.773,6.725,6.597,6.499,6.617,6.174,6.107,6.041,5.961,6.063,6.353,6.41,5.815,5.374,5.38,5.269,5.426,5.714,5.592,5.504,5.683,5.633,5.304,5.407,5.379,5.297,0.0,0.0,0.0,0.0,0.0,0.0,0.0,0.0,0.0,0.0,0.0,0.0,0.0,0.0,0.0,0.0,0.0,0.0,0.0,0.0,0.0,0.0,0.0,0.0,0.0,0.0,0.0,0.0,0.0,0.0,0.0,0.0,0.0,0.0,0.0,0.0,0.0,0.0,0.0,0.0,0.0,0.0,0.0,0.0,0.0,0.0,0.0,0.0,0.0,0.0,0.0,0.0,0.0,0.0,0.0,0.0,0.0,0.0,0.0,0.0,0.0,10.902,10.508,10.252,10.724,10.956,11.174,11.179,11.29,11.127,10.775,11.286,11.404,11.424,11.262,10.911,11.051,10.471,10.223,10.671,10.772,10.704,10.639,10.778,10.126,10.537,10.626,10.6,10.523,10.659,10.552,10.382,10.575,10.575,10.457,9.66,9.357,10.007,9.81,10.341,10.62,10.994,10.692,10.922,10.841,10.664,10.807,10.789,10.912,11.007,10.729,10.735,10.276,10.868,11.033,11.099,10.999,10.916,10.764,10.18,10.371,10.419,11.56,11.233,11.457,11.48,11.236,11.61,11.84,11.808,11.936,11.753,11.65,11.168,11.717,12.105,12.071,11.954,11.893,11.875,11.281,12.091,12.451,12.666,12.793,12.887,12.758,12.376,12.638,12.378,12.078,11.953,12.16,12.445,11.969,12.643,12.99,13.188,12.937,12.883,12.435,11.875,12.272,12.342,12.402,12.649,12.409,12.097,12.092,12.669,13.062,13.07,13.007,13.125,12.425,12.225,12.903,12.981,12.569,12.783,12.966,13.019,13.006,13.244,12.465,12.514,12.034,12.241,12.388,12.21,12.427,12.771,12.541,12.276,12.344,12.314,12.165,12.244,12.328,12.506,12.399,12.462,12.354,12.148,12.461,12.424,12.44,12.789,12.519,12.316,11.856,12.38,12.197,11.947,11.877,12.208,12.405,12.102,12.054,12.142,12.262,12.479,12.642,12.612,12.303,12.579,12.661,12.834,12.786,12.074,12.161,12.399,12.75,12.855,12.927,13.045,12.99,12.902,12.502,12.734,12.855,13.092,13.171,13.753,13.738,13.312,13.785,13.927,13.671,13.888,13.808,13.86,13.423,13.692,13.892,13.92,13.784,13.642,13.839,13.207,13.566,13.805,13.701,13.754,13.785,13.769,13.333,13.799,13.963,14.105,14.012,13.886,13.527,12.213,12.514,12.471,12.767,12.754,13.092,13.011,12.429,12.62,12.425,12.481,12.465,12.348,12.228,11.892,12.374,12.67,13.025,12.899,12.36,11.272,10.475,10.349,11.266,12.105,12.182,11.999,11.895,11.794,12.454,12.634,12.359,12.484,12.468,12.328,12.027,12.358,12.441,12.177,12.062,12.356,12.232,11.876,12.459,12.634,12.296,12.022,11.848,11.563,10.733,10.764,10.855,11.718,12.173,12.032,11.793,11.45,12.117,12.288,11.798,10.985,10.868,11.052,10.772,11.58,11.63,11.617,11.655,11.436,10.957,10.264,10.654,10.679,10.845,10.684,10.71,10.732,10.268,11.046,11.216,11.017,10.342,10.654,10.38,9.647,10.38,11.061,11.187,11.1,11.297,10.928,10.278,9.291,9.528,9.921,9.914,9.568,9.285,8.833,9.05,9.04,9.036,8.516,8.978,9.319,8.687,8.239,8.824,9.332,9.653,9.537,9.417,9.01,9.501,9.74,9.652,9.813,10.134,9.802,9.386,10.065,10.328,10.261,11.595,11.705,11.645,10.961,11.521,11.703,11.75,11.591,11.29,11.005,10.277,10.44,10.484,10.49,10.33,9.816,10.15,10.224,10.8,10.781,10.648,10.205,10.042,9.91,9.943,10.824,10.908,10.871,11.026,11.055,10.964,10.473,11.113,11.448,10.852,11.009,10.955,11.018,10.651,10.989,10.889,11.075,11.087,10.994,10.836,10.461,11.296,11.405,11.424,11.387,11.241,10.944,10.292,9.706,9.503,10.183,10.745,10.965,11.021,10.717,10.83,12.044,12.198,12.093,12.288,12.246,11.992,12.167,12.263,12.266,12.26,12.272,11.905,11.614,11.702,12.012,12.192,12.283,12.391,12.43,11.947,12.385,12.559,12.53,12.525,12.528,12.54,12.264,12.579,12.424,12.438,11.755,11.928,11.948,11.529,11.774,12.045,12.188,11.892,11.805,11.349,11.047,11.63,11.648,11.719,11.937,12.177,12.266,11.993,12.464,12.505,12.408,12.459,12.663,12.582,12.151,12.396,12.63,12.831,12.877,12.729,12.595,12.082,12.41,12.36,12.152,12.305,12.395,12.468,12.354,12.554,12.572,12.685,12.718,12.791,12.337,11.846,12.18,12.427,12.663,12.551,12.707,12.557,12.193,12.284,12.502,12.408,11.596,11.971,12.326,12.013,12.171,12.185,11.226,11.378,11.742,11.708,11.439,11.514,11.714,12.003,11.839,11.858,11.913,11.361,11.902,12.1,11.946,11.919,12.08,12.001,11.686,12.013,12.124,12.084,12.285,12.385,12.142,11.884,12.397,12.266,12.162,12.208,12.458,12.339,11.857,12.097,11.423,11.146,11.568,12.237,12.38,12.066,12.697,12.759,12.726,12.45,11.763,11.127,10.33,11.123,11.553,11.859,12.099,12.167,12.451,11.975,12.431,12.577,12.641,12.579,12.1,11.833,11.679,12.185,12.695,12.739,12.818,13.009,12.719,12.395,12.912,13.169,13.265,13.428,13.294,13.167,12.687,13.021,13.375,13.24,13.072,12.805,12.455,11.444,12.178,12.75,12.764,12.877,12.86,12.376,11.287,10.432,10.834,11.282,11.307,11.664,11.835,11.396,11.863,12.253,12.389,12.578,12.488,12.305,11.655,11.875,12.322,12.642,12.333,12.886,12.747,12.293,12.619,12.706,11.913,11.341,10.864,11.167,11.626,12.186,12.399,12.12,12.057,12.28,12.765,11.835,12.43,12.556,12.82,12.991,12.889,12.4,11.869,12.357,12.294,12.068,12.231,12.562,12.333,11.744,12.127,12.202,12.403,12.479,12.458,12.061,11.052,11.107,11.444,11.325,11.041,10.793,14.218,14.086,15.05,15.136,14.752,14.24,14.472,13.976,13.82,14.984,14.993,15.245,15.018,14.917,14.624,14.218,14.717,14.623,14.285,14.675,14.838,14.154,13.464,14.241,14.364,13.742,13.431,13.063,12.679,12.774,13.619,15.789,15.554,15.764,16.336,16.787,15.868,16.057,16.643,17.121,17.501,18.147,17.45,16.925,17.611,17.299,18.046,18.22,18.074,17.62,17.499,18.064,18.207,17.38,17.259,17.796,17.842,17.426,17.837,18.693,19.013,19.192,13.312,13.076,12.673,12.457,12.705,12.506,11.813,11.619,11.444,10.906,11.533,12.042,12.435,12.914,12.518,11.762,10.878,11.216,11.475,11.906,12.065,11.859,11.379,10.562,11.273,11.839,12.011,11.993,12.134,11.967,10.265,10.186,10.621,10.89,11.022,11.139,11.316,11.277,11.449,11.607,11.823,11.893,11.912,11.811,11.43,11.507,11.191,11.6,11.728,11.757,11.6,11.165,11.099,10.845,11.22,11.574,11.611,11.693,11.242,11.399,11.589,12.341,12.261,12.332,12.111,11.725,11.96,12.069,12.114,12.039,11.612,10.896,9.888,9.695,10.367,10.671,10.945,11.099,11.338,10.959,11.2,11.453,11.545,11.705,11.459,11.136,10.379,10.409,10.561,10.596,10.337,9.857,9.677,9.369,9.466,9.406,9.823,10.104,10.269,10.139,9.797,10.296,10.479,10.499,10.397,10.533,10.515,9.979,10.058,10.461,10.686,10.757,11.023,10.746,10.249,10.621,10.83,10.804,10.699,10.908,11.065,10.692,11.248,11.451,11.747,11.737,11.775,11.47,10.972,11.345,11.333,11.532,11.601,11.77,11.933,11.398,11.499,11.893,12.013,12.022,12.08,12.168,11.907,11.946,12.114,12.04,11.23,10.495,10.834,11.155,10.872,11.015,11.028,10.364,10.505,10.841,10.809,10.561,10.631,10.815,11.081,10.93,10.947,10.999,10.489,10.988,11.171,11.029,11.004,11.152,11.08,10.789,11.09,11.193,11.156,11.342,11.435,11.21,10.972,11.445,11.324,10.002,11.084,11.126,11.354,11.245,10.806,11.025,10.411,10.158,10.543,11.152,11.283,10.997,11.572,11.628,11.598,11.346,10.721,10.14,9.415,10.137,10.529,10.808,11.027,11.089,11.347,10.914,11.329,11.462,11.52,11.464,11.028,10.46,10.324,10.771,11.222,11.261,11.331,11.499,11.243,10.957,11.414,11.641,11.726,11.87,11.752,11.639,11.215,11.51,11.823,11.704,11.555,11.319,11.01,10.116,10.765,11.271,11.283,11.383,11.368,10.94,9.977,9.131,9.483,9.875,9.898,10.21,10.359,9.975,10.384,10.725,10.845,11.01,10.931,10.771,10.202,10.395,10.786,11.066,10.796,11.28,11.158,10.761,11.046,11.122,10.427,9.927,9.51,9.775,10.177,10.667,10.853,10.609,12.057,12.28,12.765,11.835,12.43,12.556,12.82,12.991,12.889,12.4,11.869,12.357,12.294,12.068,12.231,12.562,12.333,11.744,12.127,12.202,12.403,12.479,12.458,12.061,11.052,11.107,11.444,11.325,11.041,10.793,9.689,9.599,10.257,10.315,10.054,9.705,9.863,9.525,9.419,10.212,10.218,10.39,10.235,10.166,9.967,9.69,10.03,9.965,9.735,10.001,10.113,9.646,9.176,9.706,9.789,9.365,9.153,8.902,8.641,8.705,9.282,10.168,10.017,10.152,10.52,10.811,10.219,10.341,10.718,11.026,11.271,11.687,11.238,10.9,11.342,11.141,11.622,11.734,11.64,11.347,11.27,11.633,11.725,11.193,11.115,11.461,11.491,11.222,11.487,12.038,12.245,12.36,10.551,10.364,10.044,9.873,10.069,9.912,9.363,9.209,9.07,8.643,9.14,9.544,9.856,10.235,9.921,9.322,8.622,8.889,9.094,9.436,9.563,9.399,9.019,8.371,8.935,9.383,9.52,9.505,9.617,9.484,10.265,10.186,10.621,10.89,11.022,11.139,11.316,11.277,11.449,11.607,11.823,11.893,11.912,11.811,11.43,11.507,11.191,11.6,11.728,11.757,11.6,11.165,11.099,10.845,11.22,11.574,11.611,11.693,11.242,11.399,11.589,12.341,12.261,12.332,12.111,11.725,11.96,12.069,12.114,12.039,11.612,10.896,9.888,9.695,10.367,10.671,10.945,11.099,11.338,10.959,11.2,11.453,11.545,11.705,11.459,11.136,10.379,10.409,10.561,10.596,10.337,9.857,9.677,9.369,9.466,9.406,9.823,10.104,10.269,10.139,9.797,10.296,10.479,10.499,10.397,10.533,10.515,9.979,10.058,10.461,10.686,10.757,11.023,10.746,10.249,10.621,10.83,10.804,10.699,10.908,11.065,10.692
Guntur_86,12.814,12.902,13.145,13.178,12.689,12.761,13.038,13.056,12.795,12.652,12.883,12.888,13.045,12.813,12.44,12.373,12.95,12.893,12.371,12.898,12.992,12.702,12.844,13.155,13.298,12.69,13.098,13.29,13.391,13.481,13.37,11.579,11.024,11.376,11.671,11.673,11.662,11.793,11.387,11.137,11.328,11.38,11.498,11.905,11.886,12.003,11.5,11.782,12.023,11.973,11.713,11.306,11.403,11.102,11.475,11.679,11.807,11.664,11.596,11.465,12.298,12.648,12.788,12.587,12.388,12.464,12.634,12.263,12.171,11.287,11.727,12.441,12.517,12.436,11.958,12.374,12.768,12.715,14.093,13.887,13.395,13.18,12.946,13.472,13.95,14.105,14.048,13.975,13.54,13.186,13.157,12.506,12.783,12.871,12.789,12.293,12.912,12.974,12.908,12.992,13.089,12.846,12.54,13.254,13.011,12.918,12.541,12.449,12.328,11.915,12.66,12.726,12.413,12.61,12.741,12.618,12.372,12.829,12.843,12.866,12.644,13.035,13.065,12.875,13.251,13.201,13.363,13.718,13.702,13.617,13.077,12.868,12.977,12.928,12.824,12.897,12.747,12.787,11.971,12.534,12.91,12.512,12.342,12.665,12.863,12.298,12.59,12.804,13.171,13.134,12.835,12.537,9.719,9.842,9.816,10.084,10.007,10.069,9.879,10.502,10.69,10.829,10.696,10.725,10.412,10.056,10.563,10.554,10.72,10.867,10.643,10.575,10.166,10.748,11.026,10.889,10.886,10.516,10.291,9.979,10.45,10.972,0.0,0.0,0.0,0.0,0.0,0.0,0.0,0.0,0.0,0.0,0.0,0.0,0.0,0.0,0.0,0.0,0.0,0.0,0.0,0.0,0.0,0.0,0.0,0.0,0.0,0.0,0.0,0.0,0.0,0.0,0.0,0.0,0.0,0.0,0.0,0.0,0.0,0.0,0.0,0.0,0.0,0.0,0.0,0.0,0.0,0.0,0.0,0.0,0.0,0.0,0.0,0.0,0.0,0.0,0.0,0.0,0.0,0.0,0.0,0.0,0.0,0.0,8.489,8.518,8.522,8.686,8.754,8.295,8.385,8.618,9.004,8.877,8.761,8.48,8.222,8.313,8.454,8.573,8.411,8.349,8.574,8.197,8.344,8.23,8.085,8.341,8.382,8.009,7.745,8.341,8.519,8.448,10.825,10.757,11.074,10.728,10.93,11.257,11.631,11.793,11.797,11.448,10.816,10.929,11.098,10.622,10.806,10.928,11.172,10.883,11.139,11.15,11.107,10.895,10.621,10.606,10.066,10.268,10.798,11.01,11.258,11.468,11.377,12.232,12.659,12.795,12.752,12.623,12.907,12.72,12.208,12.459,12.415,12.328,12.544,12.315,11.21,10.891,10.971,11.692,12.029,12.233,12.326,12.228,12.022,12.608,12.557,12.213,11.507,11.532,11.758,11.967,12.386,11.836,12.01,11.885,12.001,11.928,11.413,11.64,11.841,11.629,11.816,11.917,11.689,11.376,11.698,12.014,12.026,12.138,12.307,12.099,11.929,12.249,12.552,12.711,12.521,12.503,12.698,12.216,12.581,12.716,12.647,12.648,11.269,10.941,10.561,10.849,10.936,10.978,10.83,10.96,10.748,10.707,11.143,11.204,11.164,11.033,11.054,11.276,11.139,11.257,11.633,11.864,12.068,12.006,11.82,11.406,11.509,11.114,11.407,11.55,11.768,11.745,11.4,12.031,12.179,12.277,12.051,12.096,12.006,11.67,11.798,12.072,12.301,12.357,12.363,12.307,12.015,12.208,12.209,12.165,12.056,11.921,11.925,11.725,12.182,12.381,12.565,12.607,12.69,12.63,12.43,12.521,12.584,12.542,12.496,12.776,12.703,12.208,12.495,12.734,12.869,12.738,12.299,12.076,12.07,12.521,12.613,12.805,12.992,12.953,12.816,12.41,12.542,12.229,12.521,12.722,12.546,12.609,12.136,11.441,11.63,12.172,11.756,12.057,12.152,11.892,12.209,12.205,12.215,12.5,12.38,12.351,11.907,12.291,12.37,11.912,11.964,12.062,11.769,11.688,11.919,12.141,11.755,11.522,11.403,11.583,11.351,11.778,11.955,11.905,11.955,11.884,11.566,11.349,11.418,11.473,11.252,11.38,11.622,11.539,11.291,11.511,11.231,10.864,10.55,10.907,10.827,10.019,10.072,9.841,9.864,9.793,9.929,10.272,10.484,10.722,10.551,10.353,10.393,10.789,11.045,10.417,10.935,9.385,10.103,10.3,10.331,10.085,9.618,9.91,9.751,9.723,9.513,9.198,9.175,8.729,9.517,9.563,9.807,9.872,9.942,9.521,9.038,9.791,10.162,10.719,10.298,10.253,9.97,10.212,10.974,11.344,11.101,6.841,6.605,6.624,6.705,7.087,7.22,7.168,7.032,6.928,7.054,6.581,6.51,6.44,6.354,6.463,6.772,6.833,6.199,5.728,5.735,5.616,5.784,6.09,5.961,5.867,6.058,6.004,5.653,5.763,5.733,5.647,0.0,0.0,0.0,0.0,0.0,0.0,0.0,0.0,0.0,0.0,0.0,0.0,0.0,0.0,0.0,0.0,0.0,0.0,0.0,0.0,0.0,0.0,0.0,0.0,0.0,0.0,0.0,0.0,0.0,0.0,0.0,38.305,38.771,38.555,36.917,36.448,37.626,36.206,35.438,37.706,36.587,34.987,32.503,33.869,34.619,35.49,35.457,36.341,38.091,38.827,39.248,38.451,37.148,37.339,37.689,37.041,36.801,36.267,35.951,35.742,37.024,12.511,12.059,11.765,12.306,12.573,12.823,12.828,12.956,12.769,12.365,12.952,13.087,13.11,12.924,12.521,12.682,12.017,11.732,12.246,12.362,12.284,12.209,12.368,11.62,12.092,12.194,12.165,12.076,12.232,12.109,11.914,10.076,10.076,9.964,9.204,8.915,9.535,9.347,9.853,10.119,10.475,10.188,10.407,10.33,10.161,10.297,10.28,10.397,10.488,10.223,10.229,9.791,10.355,10.513,10.575,10.48,10.401,10.256,9.7,9.881,9.927,10.272,9.982,10.181,10.202,9.985,10.317,10.522,10.493,10.607,10.445,10.353,9.924,10.413,10.757,10.727,10.623,10.568,10.552,10.024,10.745,11.065,11.256,11.368,11.452,11.338,10.998,11.231,11.0,10.733,10.622,10.806,12.267,11.798,12.462,12.805,12.999,12.752,12.699,12.258,11.705,12.096,12.165,12.224,12.468,12.232,11.924,11.919,12.488,12.875,12.884,12.821,12.938,12.248,12.05,12.719,12.795,12.39,12.6,12.781,12.833,12.82,13.055,12.547,12.597,12.114,12.322,12.47,12.292,12.509,12.855,12.625,12.358,12.426,12.396,12.246,12.325,12.41,12.589,12.481,12.545,12.436,12.228,12.543,12.506,12.522,12.874,12.602,12.398,11.935,12.462,11.952,11.707,11.638,11.963,12.156,11.859,11.812,11.898,12.016,12.229,12.388,12.359,12.057,12.327,12.408,12.576,12.529,11.832,11.918,12.151,12.495,12.598,12.668,12.783,12.729,12.643,12.252,12.479,12.597,12.83,12.907,13.395,13.381,12.965,13.427,13.565,13.315,13.527,13.449,13.499,13.073,13.336,13.53,13.558,13.426,13.287,13.479,12.863,13.213,13.445,13.345,13.396,13.427,13.41,12.986,13.44,13.599,13.738,13.647,13.525,13.175,13.45,13.782,13.734,14.061,14.047,14.419,14.33,13.689,13.899,13.684,13.746,13.728,13.599,13.467,13.096,13.627,13.954,14.344,14.206,13.613,12.414,11.536,11.397,12.408,13.332,13.416,13.215,13.1,12.989,13.716,13.915,14.544,14.691,14.673,14.508,14.154,14.543,14.64,14.329,14.194,14.54,14.394,13.975,14.661,14.868,14.47,14.147,13.942,13.607,12.63,12.667,12.774,13.79,14.325,14.159,13.878,13.474,14.259,14.46,13.883,12.927,12.79,13.006,12.676,13.628,13.686,13.67,13.715,13.457,12.894,12.079,12.538,12.567,12.762,12.573,12.604,12.63,12.083,12.999,13.199,12.964,12.17,12.538,12.215,11.352,12.215,13.016,13.165,13.062,13.293,12.86,12.095,9.065,9.296,9.679,9.672,9.335,9.059,8.617,8.829,8.82,8.816,8.309,8.76,9.092,8.476,8.038,8.608,9.105,9.418,9.305,9.187,8.791,9.269,9.502,9.417,9.574,9.887,9.563,9.157,9.82,10.076,10.011,11.781,11.894,11.833,11.138,11.707,11.891,11.94,11.778,11.472,11.182,10.442,10.608,10.653,10.659,10.496,9.974,10.313,10.388,10.974,10.955,10.82,10.369,10.204,10.07,10.103,10.998,11.083,11.046,11.204,11.233,11.614,11.094,11.772,12.127,11.496,11.662,11.605,11.672,11.282,11.641,11.535,11.732,11.744,11.646,11.478,11.082,11.966,12.081,12.101,12.063,11.908,11.593,10.902,10.282,10.066,10.787,11.382,11.615,11.675,11.353,11.472,11.896,12.049,11.944,12.138,12.095,11.845,12.018,12.112,12.115,12.109,12.121,11.758,11.471,11.558,11.864,12.042,12.132,12.239,12.278,11.801,12.233,12.405,12.376,12.371,12.374,12.386,12.113,12.424,12.271,12.285,11.308,11.474,11.494,11.091,11.327,11.587,11.725,11.44,11.357,10.918,10.627,11.188,11.206,11.274,11.484,11.714,11.8,11.537,11.99,12.03,11.936,11.986,12.182,12.104,11.689,11.925,12.15,12.344,12.388,12.246,12.116,11.792,12.111,12.062,11.86,12.009,12.097,12.168,12.057,12.252,12.269,12.38,12.412,12.483,12.04,11.561,11.887,12.128,12.358,12.249,12.401,12.255,11.899,11.989,12.201,12.11,11.317,11.683,12.029,11.724,11.878,11.892,10.908,11.057,11.41,11.377,11.116,11.189,11.383,11.663,11.504,11.522,11.576,11.04,11.565,11.758,11.608,11.582,11.738,11.662,11.356,11.673,11.781,11.742,11.938,12.035,11.798,11.548,12.046,11.919,12.219,12.265,12.516,12.396,11.912,12.153,11.476,11.197,11.621,12.293,12.437,12.122,12.756,12.818,12.785,12.507,11.818,11.178,10.378,11.174,11.607,11.914,12.155,12.223,12.508,12.031,12.489,12.635,12.699,12.638,12.156,11.127,10.983,11.459,11.938,11.98,12.054,12.233,11.96,11.656,12.142,12.384,12.474,12.627,12.502,12.382,11.931,12.245,12.577,12.451,12.293,12.042,11.712,10.762,11.452,11.99,12.003,12.109,12.093,11.638,10.614,10.317,10.715,11.158,11.183,11.536,11.704,11.271,11.732,12.118,12.253,12.44,12.35,12.169,11.527,11.745,12.186,12.503,12.197,12.744,12.607,12.158,12.48,12.566,11.781,11.216,10.745,11.044,11.498,12.052,12.263,11.986,10.596,10.791,11.217,10.4,10.923,11.034,11.266,11.416,11.326,10.897,10.43,10.859,10.803,10.605,10.748,11.039,10.838,10.32,10.656,10.723,10.899,10.966,10.948,10.599,9.712,9.76,10.056,9.952,9.703,9.484,14.218,14.086,15.05,15.136,14.752,14.24,14.472,13.976,13.82,14.984,14.993,15.245,15.018,14.917,14.624,14.218,14.717,14.623,14.285,14.675,14.838,14.154,13.464,14.241,14.364,13.742,13.431,13.063,12.679,12.774,13.619,18.558,18.283,18.529,19.201,19.731,18.651,18.874,19.562,20.124,20.571,21.331,20.511,19.894,20.7,20.333,21.211,21.416,21.244,20.71,20.569,21.233,21.4,20.428,20.287,20.917,20.972,20.482,20.966,21.971,22.349,22.559,13.367,13.13,12.725,12.508,12.757,12.558,11.862,11.667,11.491,10.951,11.581,12.092,12.487,12.967,12.57,11.811,10.923,11.262,11.522,11.955,12.115,11.907,11.426,10.606,11.32,11.888,12.061,12.043,12.184,12.016,10.22,10.141,10.575,10.843,10.974,11.091,11.267,11.228,11.4,11.557,11.771,11.841,11.86,11.76,11.38,11.457,11.142,11.549,11.677,11.706,11.55,11.116,11.051,10.798,11.171,11.523,11.56,11.642,11.193,11.349,11.538,11.939,11.861,11.931,11.717,11.343,11.57,11.676,11.719,11.647,11.234,10.541,9.566,9.379,10.03,10.324,10.588,10.738,10.969,10.602,10.835,11.081,11.169,11.324,11.086,10.773,10.041,10.07,10.217,10.251,10.0,9.54,9.366,9.067,9.162,9.103,9.507,9.779,9.938,9.813,9.481,9.964,10.141,10.161,10.062,10.194,10.176,9.657,9.734,10.124,10.342,10.411,10.668,10.4,9.919,10.279,10.481,10.456,10.355,10.556,10.709,10.348,12.252,12.474,12.796,12.785,12.826,12.495,11.952,12.358,12.345,12.561,12.637,12.821,12.999,12.417,12.526,12.956,13.086,13.096,13.159,13.255,12.97,13.013,13.196,13.116,12.233,11.432,11.802,12.151,11.843,11.999,12.013,11.992,12.155,12.544,12.507,12.22,12.301,12.513,12.822,12.647,12.667,12.726,12.137,12.714,12.926,12.761,12.733,12.904,12.82,12.484,12.833,12.951,12.909,13.124,13.231,12.971,12.696,13.243,13.103,11.573,11.591,11.634,11.873,11.759,11.3,11.529,10.886,10.622,11.024,11.662,11.798,11.499,12.101,12.16,12.128,11.865,11.211,10.604,9.845,10.6,11.01,11.302,11.53,11.595,11.866,11.412,11.847,11.986,12.046,11.988,11.532,10.585,10.447,10.9,11.356,11.396,11.466,11.637,11.377,11.088,11.55,11.78,11.866,12.011,11.892,11.778,11.349,11.648,11.964,11.844,11.693,11.455,11.141,10.237,10.894,11.406,11.418,11.519,11.504,11.071,10.096,9.654,10.026,10.441,10.464,10.794,10.952,10.546,10.978,11.339,11.465,11.64,11.556,11.387,10.786,10.99,11.403,11.699,11.413,11.925,11.796,11.376,11.678,11.758,11.024,10.495,10.054,10.334,10.759,11.277,11.475,11.216,10.596,10.791,11.217,10.4,10.923,11.034,11.266,11.416,11.326,10.897,10.43,10.859,10.803,10.605,10.748,11.039,10.838,10.32,10.656,10.723,10.899,10.966,10.948,10.599,9.712,9.76,10.056,9.952,9.703,9.484,10.244,10.149,10.843,10.905,10.629,10.26,10.427,10.07,9.958,10.796,10.803,10.984,10.821,10.748,10.537,10.245,10.604,10.536,10.292,10.574,10.691,10.198,9.701,10.261,10.349,9.901,9.677,9.412,9.135,9.203,9.813,9.956,9.809,9.941,10.301,10.586,10.006,10.126,10.495,10.797,11.036,11.444,11.004,10.673,11.106,10.909,11.38,11.49,11.397,11.111,11.035,11.391,11.481,10.96,10.884,11.222,11.252,10.989,11.248,11.788,11.99,12.103,9.223,9.06,8.78,8.63,8.802,8.664,8.184,8.05,7.929,7.556,7.99,8.343,8.615,8.947,8.673,8.149,7.537,7.771,7.95,8.249,8.359,8.216,7.884,7.318,7.811,8.203,8.322,8.309,8.407,8.291,10.22,10.141,10.575,10.843,10.974,11.091,11.267,11.228,11.4,11.557,11.771,11.841,11.86,11.76,11.38,11.457,11.142,11.549,11.677,11.706,11.55,11.116,11.051,10.798,11.171,11.523,11.56,11.642,11.193,11.349,11.538,11.939,11.861,11.931,11.717,11.343,11.57,11.676,11.719,11.647,11.234,10.541,9.566,9.379,10.03,10.324,10.588,10.738,10.969,10.602,10.835,11.081,11.169,11.324,11.086,10.773,10.041,10.07,10.217,10.251,10.0,9.54,9.366,9.067,9.162,9.103,9.507,9.779,9.938,9.813,9.481,9.964,10.141,10.161,10.062,10.194,10.176,9.657,9.734,10.124,10.342,10.411,10.668,10.4,9.919,10.279,10.481,10.456,10.355,10.556,10.709,10.348
Guntur_87,12.814,12.902,13.145,13.178,12.689,12.761,13.038,13.056,12.795,12.652,12.883,12.888,13.045,12.813,12.44,12.373,12.95,12.893,12.371,12.898,12.992,12.702,12.844,13.155,13.298,12.69,13.098,13.29,13.391,13.481,13.37,11.579,11.024,11.376,11.671,11.673,11.662,11.793,11.387,11.137,11.328,11.38,11.498,11.905,11.886,12.003,11.5,11.782,12.023,11.973,11.713,11.306,11.403,11.102,11.475,11.679,11.807,11.664,11.596,11.465,12.298,12.648,12.788,12.587,12.388,12.464,12.634,12.263,12.171,11.287,11.727,12.441,12.517,12.436,11.958,12.374,12.768,12.715,14.093,13.887,13.395,13.18,12.946,13.472,13.95,14.105,14.048,13.975,13.54,13.186,13.157,12.506,12.783,12.871,12.789,12.293,12.912,12.974,12.908,12.992,13.089,12.846,12.54,13.254,13.011,12.918,12.541,12.449,12.328,11.915,12.66,12.726,12.413,12.61,12.741,12.618,12.372,12.829,12.843,12.866,12.644,13.035,13.065,12.875,13.251,13.201,13.363,13.718,13.702,13.617,13.077,12.868,12.977,12.928,12.824,12.897,12.747,12.787,11.971,12.534,12.91,12.512,12.342,12.665,12.863,12.298,12.59,12.804,13.171,13.134,12.835,12.537,9.719,9.842,9.816,10.084,10.007,10.069,9.879,10.502,10.69,10.829,10.696,10.725,10.412,10.056,10.563,10.554,10.72,10.867,10.643,10.575,10.166,10.748,11.026,10.889,10.886,10.516,10.291,9.979,10.45,10.972,0.0,0.0,0.0,0.0,0.0,0.0,0.0,0.0,0.0,0.0,0.0,0.0,0.0,0.0,0.0,0.0,0.0,0.0,0.0,0.0,0.0,0.0,0.0,0.0,0.0,0.0,0.0,0.0,0.0,0.0,0.0,0.0,0.0,0.0,0.0,0.0,0.0,0.0,0.0,0.0,0.0,0.0,0.0,0.0,0.0,0.0,0.0,0.0,0.0,0.0,0.0,0.0,0.0,0.0,0.0,0.0,0.0,0.0,0.0,0.0,0.0,0.0,8.489,8.518,8.522,8.686,8.754,8.295,8.385,8.618,9.004,8.877,8.761,8.48,8.222,8.313,8.454,8.573,8.411,8.349,8.574,8.197,8.344,8.23,8.085,8.341,8.382,8.009,7.745,8.341,8.519,8.448,10.825,10.757,11.074,10.728,10.93,11.257,11.631,11.793,11.797,11.448,10.816,10.929,11.098,10.622,10.806,10.928,11.172,10.883,11.139,11.15,11.107,10.895,10.621,10.606,10.066,10.268,10.798,11.01,11.258,11.468,11.377,12.232,12.659,12.795,12.752,12.623,12.907,12.72,12.208,12.459,12.415,12.328,12.544,12.315,11.21,10.891,10.971,11.692,12.029,12.233,12.326,12.228,12.022,12.608,12.557,12.213,11.507,11.532,11.758,11.967,12.386,11.836,12.01,11.885,12.001,11.928,11.413,11.64,11.841,11.629,11.816,11.917,11.689,11.376,11.698,12.014,12.026,12.138,12.307,12.099,11.929,12.249,12.552,12.711,12.521,12.503,12.698,12.216,12.581,12.716,12.647,12.648,11.269,10.941,10.561,10.849,10.936,10.978,10.83,10.96,10.748,10.707,11.143,11.204,11.164,11.033,11.054,11.276,11.139,11.257,11.633,11.864,12.068,12.006,11.82,11.406,11.509,11.114,11.407,11.55,11.768,11.745,11.4,12.031,12.179,12.277,12.051,12.096,12.006,11.67,11.798,12.072,12.301,12.357,12.363,12.307,12.015,12.208,12.209,12.165,12.056,11.921,11.925,11.725,12.182,12.381,12.565,12.607,12.69,12.63,12.43,12.521,12.584,12.542,12.496,12.776,12.703,12.208,12.495,12.734,12.869,12.738,12.299,12.076,12.07,12.521,12.613,12.805,12.992,12.953,12.816,12.41,12.542,12.229,12.521,12.722,12.546,12.609,12.136,11.441,11.63,12.172,11.756,12.057,12.152,11.892,12.209,12.205,12.215,12.5,12.38,12.351,11.907,12.291,12.37,11.912,11.964,12.062,11.769,11.688,11.919,12.141,11.755,11.522,11.403,11.583,11.351,11.778,11.955,11.905,11.955,11.884,11.566,11.349,11.418,11.473,11.252,11.38,11.622,11.539,11.291,11.511,11.231,10.864,10.55,10.907,10.827,10.019,10.072,9.841,9.864,9.793,9.929,10.272,10.484,10.722,10.551,10.353,10.393,10.789,11.045,10.417,10.935,9.385,10.103,10.3,10.331,10.085,9.618,9.91,9.751,9.723,9.513,9.198,9.175,8.729,9.517,9.563,9.807,9.872,9.942,9.521,9.038,9.791,10.162,10.719,10.298,10.253,9.97,10.212,10.974,11.344,11.101,6.841,6.605,6.624,6.705,7.087,7.22,7.168,7.032,6.928,7.054,6.581,6.51,6.44,6.354,6.463,6.772,6.833,6.199,5.728,5.735,5.616,5.784,6.09,5.961,5.867,6.058,6.004,5.653,5.763,5.733,5.647,0.0,0.0,0.0,0.0,0.0,0.0,0.0,0.0,0.0,0.0,0.0,0.0,0.0,0.0,0.0,0.0,0.0,0.0,0.0,0.0,0.0,0.0,0.0,0.0,0.0,0.0,0.0,0.0,0.0,0.0,0.0,38.305,38.771,38.555,36.917,36.448,37.626,36.206,35.438,37.706,36.587,34.987,32.503,33.869,34.619,35.49,35.457,36.341,38.091,38.827,39.248,38.451,37.148,37.339,37.689,37.041,36.801,36.267,35.951,35.742,37.024,12.511,12.059,11.765,12.306,12.573,12.823,12.828,12.956,12.769,12.365,12.952,13.087,13.11,12.924,12.521,12.682,12.017,11.732,12.246,12.362,12.284,12.209,12.368,11.62,12.092,12.194,12.165,12.076,12.232,12.109,11.914,10.076,10.076,9.964,9.204,8.915,9.535,9.347,9.853,10.119,10.475,10.188,10.407,10.33,10.161,10.297,10.28,10.397,10.488,10.223,10.229,9.791,10.355,10.513,10.575,10.48,10.401,10.256,9.7,9.881,9.927,10.272,9.982,10.181,10.202,9.985,10.317,10.522,10.493,10.607,10.445,10.353,9.924,10.413,10.757,10.727,10.623,10.568,10.552,10.024,10.745,11.065,11.256,11.368,11.452,11.338,10.998,11.231,11.0,10.733,10.622,10.806,12.267,11.798,12.462,12.805,12.999,12.752,12.699,12.258,11.705,12.096,12.165,12.224,12.468,12.232,11.924,11.919,12.488,12.875,12.884,12.821,12.938,12.248,12.05,12.719,12.795,12.39,12.6,12.781,12.833,12.82,13.055,12.547,12.597,12.114,12.322,12.47,12.292,12.509,12.855,12.625,12.358,12.426,12.396,12.246,12.325,12.41,12.589,12.481,12.545,12.436,12.228,12.543,12.506,12.522,12.874,12.602,12.398,11.935,12.462,11.952,11.707,11.638,11.963,12.156,11.859,11.812,11.898,12.016,12.229,12.388,12.359,12.057,12.327,12.408,12.576,12.529,11.832,11.918,12.151,12.495,12.598,12.668,12.783,12.729,12.643,12.252,12.479,12.597,12.83,12.907,13.395,13.381,12.965,13.427,13.565,13.315,13.527,13.449,13.499,13.073,13.336,13.53,13.558,13.426,13.287,13.479,12.863,13.213,13.445,13.345,13.396,13.427,13.41,12.986,13.44,13.599,13.738,13.647,13.525,13.175,13.45,13.782,13.734,14.061,14.047,14.419,14.33,13.689,13.899,13.684,13.746,13.728,13.599,13.467,13.096,13.627,13.954,14.344,14.206,13.613,12.414,11.536,11.397,12.408,13.332,13.416,13.215,13.1,12.989,13.716,13.915,14.544,14.691,14.673,14.508,14.154,14.543,14.64,14.329,14.194,14.54,14.394,13.975,14.661,14.868,14.47,14.147,13.942,13.607,12.63,12.667,12.774,13.79,14.325,14.159,13.878,13.474,14.259,14.46,13.883,12.927,12.79,13.006,12.676,13.628,13.686,13.67,13.715,13.457,12.894,12.079,12.538,12.567,12.762,12.573,12.604,12.63,12.083,12.999,13.199,12.964,12.17,12.538,12.215,11.352,12.215,13.016,13.165,13.062,13.293,12.86,12.095,9.065,9.296,9.679,9.672,9.335,9.059,8.617,8.829,8.82,8.816,8.309,8.76,9.092,8.476,8.038,8.608,9.105,9.418,9.305,9.187,8.791,9.269,9.502,9.417,9.574,9.887,9.563,9.157,9.82,10.076,10.011,11.781,11.894,11.833,11.138,11.707,11.891,11.94,11.778,11.472,11.182,10.442,10.608,10.653,10.659,10.496,9.974,10.313,10.388,10.974,10.955,10.82,10.369,10.204,10.07,10.103,10.998,11.083,11.046,11.204,11.233,11.614,11.094,11.772,12.127,11.496,11.662,11.605,11.672,11.282,11.641,11.535,11.732,11.744,11.646,11.478,11.082,11.966,12.081,12.101,12.063,11.908,11.593,10.902,10.282,10.066,10.787,11.382,11.615,11.675,11.353,11.472,11.896,12.049,11.944,12.138,12.095,11.845,12.018,12.112,12.115,12.109,12.121,11.758,11.471,11.558,11.864,12.042,12.132,12.239,12.278,11.801,12.233,12.405,12.376,12.371,12.374,12.386,12.113,12.424,12.271,12.285,11.308,11.474,11.494,11.091,11.327,11.587,11.725,11.44,11.357,10.918,10.627,11.188,11.206,11.274,11.484,11.714,11.8,11.537,11.99,12.03,11.936,11.986,12.182,12.104,11.689,11.925,12.15,12.344,12.388,12.246,12.116,11.792,12.111,12.062,11.86,12.009,12.097,12.168,12.057,12.252,12.269,12.38,12.412,12.483,12.04,11.561,11.887,12.128,12.358,12.249,12.401,12.255,11.899,11.989,12.201,12.11,11.317,11.683,12.029,11.724,11.878,11.892,10.908,11.057,11.41,11.377,11.116,11.189,11.383,11.663,11.504,11.522,11.576,11.04,11.565,11.758,11.608,11.582,11.738,11.662,11.356,11.673,11.781,11.742,11.938,12.035,11.798,11.548,12.046,11.919,12.219,12.265,12.516,12.396,11.912,12.153,11.476,11.197,11.621,12.293,12.437,12.122,12.756,12.818,12.785,12.507,11.818,11.178,10.378,11.174,11.607,11.914,12.155,12.223,12.508,12.031,12.489,12.635,12.699,12.638,12.156,11.127,10.983,11.459,11.938,11.98,12.054,12.233,11.96,11.656,12.142,12.384,12.474,12.627,12.502,12.382,11.931,12.245,12.577,12.451,12.293,12.042,11.712,10.762,11.452,11.99,12.003,12.109,12.093,11.638,10.614,10.317,10.715,11.158,11.183,11.536,11.704,11.271,11.732,12.118,12.253,12.44,12.35,12.169,11.527,11.745,12.186,12.503,12.197,12.744,12.607,12.158,12.48,12.566,11.781,11.216,10.745,11.044,11.498,12.052,12.263,11.986,10.596,10.791,11.217,10.4,10.923,11.034,11.266,11.416,11.326,10.897,10.43,10.859,10.803,10.605,10.748,11.039,10.838,10.32,10.656,10.723,10.899,10.966,10.948,10.599,9.712,9.76,10.056,9.952,9.703,9.484,14.218,14.086,15.05,15.136,14.752,14.24,14.472,13.976,13.82,14.984,14.993,15.245,15.018,14.917,14.624,14.218,14.717,14.623,14.285,14.675,14.838,14.154,13.464,14.241,14.364,13.742,13.431,13.063,12.679,12.774,13.619,18.558,18.283,18.529,19.201,19.731,18.651,18.874,19.562,20.124,20.571,21.331,20.511,19.894,20.7,20.333,21.211,21.416,21.244,20.71,20.569,21.233,21.4,20.428,20.287,20.917,20.972,20.482,20.966,21.971,22.349,22.559,13.367,13.13,12.725,12.508,12.757,12.558,11.862,11.667,11.491,10.951,11.581,12.092,12.487,12.967,12.57,11.811,10.923,11.262,11.522,11.955,12.115,11.907,11.426,10.606,11.32,11.888,12.061,12.043,12.184,12.016,10.22,10.141,10.575,10.843,10.974,11.091,11.267,11.228,11.4,11.557,11.771,11.841,11.86,11.76,11.38,11.457,11.142,11.549,11.677,11.706,11.55,11.116,11.051,10.798,11.171,11.523,11.56,11.642,11.193,11.349,11.538,11.939,11.861,11.931,11.717,11.343,11.57,11.676,11.719,11.647,11.234,10.541,9.566,9.379,10.03,10.324,10.588,10.738,10.969,10.602,10.835,11.081,11.169,11.324,11.086,10.773,10.041,10.07,10.217,10.251,10.0,9.54,9.366,9.067,9.162,9.103,9.507,9.779,9.938,9.813,9.481,9.964,10.141,10.161,10.062,10.194,10.176,9.657,9.734,10.124,10.342,10.411,10.668,10.4,9.919,10.279,10.481,10.456,10.355,10.556,10.709,10.348,12.252,12.474,12.796,12.785,12.826,12.495,11.952,12.358,12.345,12.561,12.637,12.821,12.999,12.417,12.526,12.956,13.086,13.096,13.159,13.255,12.97,13.013,13.196,13.116,12.233,11.432,11.802,12.151,11.843,11.999,12.013,11.992,12.155,12.544,12.507,12.22,12.301,12.513,12.822,12.647,12.667,12.726,12.137,12.714,12.926,12.761,12.733,12.904,12.82,12.484,12.833,12.951,12.909,13.124,13.231,12.971,12.696,13.243,13.103,11.573,11.591,11.634,11.873,11.759,11.3,11.529,10.886,10.622,11.024,11.662,11.798,11.499,12.101,12.16,12.128,11.865,11.211,10.604,9.845,10.6,11.01,11.302,11.53,11.595,11.866,11.412,11.847,11.986,12.046,11.988,11.532,10.585,10.447,10.9,11.356,11.396,11.466,11.637,11.377,11.088,11.55,11.78,11.866,12.011,11.892,11.778,11.349,11.648,11.964,11.844,11.693,11.455,11.141,10.237,10.894,11.406,11.418,11.519,11.504,11.071,10.096,9.654,10.026,10.441,10.464,10.794,10.952,10.546,10.978,11.339,11.465,11.64,11.556,11.387,10.786,10.99,11.403,11.699,11.413,11.925,11.796,11.376,11.678,11.758,11.024,10.495,10.054,10.334,10.759,11.277,11.475,11.216,10.596,10.791,11.217,10.4,10.923,11.034,11.266,11.416,11.326,10.897,10.43,10.859,10.803,10.605,10.748,11.039,10.838,10.32,10.656,10.723,10.899,10.966,10.948,10.599,9.712,9.76,10.056,9.952,9.703,9.484,10.244,10.149,10.843,10.905,10.629,10.26,10.427,10.07,9.958,10.796,10.803,10.984,10.821,10.748,10.537,10.245,10.604,10.536,10.292,10.574,10.691,10.198,9.701,10.261,10.349,9.901,9.677,9.412,9.135,9.203,9.813,9.956,9.809,9.941,10.301,10.586,10.006,10.126,10.495,10.797,11.036,11.444,11.004,10.673,11.106,10.909,11.38,11.49,11.397,11.111,11.035,11.391,11.481,10.96,10.884,11.222,11.252,10.989,11.248,11.788,11.99,12.103,9.223,9.06,8.78,8.63,8.802,8.664,8.184,8.05,7.929,7.556,7.99,8.343,8.615,8.947,8.673,8.149,7.537,7.771,7.95,8.249,8.359,8.216,7.884,7.318,7.811,8.203,8.322,8.309,8.407,8.291,10.22,10.141,10.575,10.843,10.974,11.091,11.267,11.228,11.4,11.557,11.771,11.841,11.86,11.76,11.38,11.457,11.142,11.549,11.677,11.706,11.55,11.116,11.051,10.798,11.171,11.523,11.56,11.642,11.193,11.349,11.538,11.939,11.861,11.931,11.717,11.343,11.57,11.676,11.719,11.647,11.234,10.541,9.566,9.379,10.03,10.324,10.588,10.738,10.969,10.602,10.835,11.081,11.169,11.324,11.086,10.773,10.041,10.07,10.217,10.251,10.0,9.54,9.366,9.067,9.162,9.103,9.507,9.779,9.938,9.813,9.481,9.964,10.141,10.161,10.062,10.194,10.176,9.657,9.734,10.124,10.342,10.411,10.668,10.4,9.919,10.279,10.481,10.456,10.355,10.556,10.709,10.348
Guntur_88,10.227,10.297,10.492,10.518,10.127,10.185,10.406,10.42,10.212,10.098,10.282,10.286,10.412,10.227,9.929,9.875,10.336,10.29,9.874,10.294,10.369,10.138,10.251,10.499,10.613,10.128,10.454,10.607,10.688,10.76,10.671,9.708,9.242,9.538,9.785,9.786,9.778,9.887,9.547,9.337,9.497,9.541,9.64,9.981,9.965,10.063,9.642,9.878,10.08,10.039,9.82,9.479,9.56,9.308,9.621,9.792,9.899,9.78,9.722,9.612,9.564,9.836,9.945,9.789,9.634,9.693,9.825,9.536,9.465,8.777,9.12,9.675,9.734,9.671,9.299,9.623,9.929,9.888,10.96,10.799,10.417,10.249,10.068,10.477,10.849,10.969,10.925,10.868,10.53,10.254,10.232,10.392,10.622,10.695,10.627,10.215,10.729,10.781,10.725,10.795,10.876,10.674,10.42,11.013,10.811,10.734,10.421,10.345,10.244,9.9,10.519,10.575,10.314,10.478,10.587,10.485,10.281,10.66,10.671,10.691,10.507,9.589,9.611,9.471,9.748,9.711,9.83,10.091,10.079,10.017,9.62,9.466,9.546,9.51,9.433,9.487,9.377,9.407,8.806,9.22,9.497,9.204,9.079,9.317,9.463,9.046,9.262,9.419,9.689,9.662,9.442,9.223,7.644,7.741,7.72,7.931,7.871,7.92,7.77,8.26,8.408,8.517,8.412,8.435,8.189,7.909,8.308,8.301,8.431,8.547,8.371,8.317,7.995,8.454,8.672,8.564,8.562,8.271,8.094,7.849,8.219,8.63,0.0,0.0,0.0,0.0,0.0,0.0,0.0,0.0,0.0,0.0,0.0,0.0,0.0,0.0,0.0,0.0,0.0,0.0,0.0,0.0,0.0,0.0,0.0,0.0,0.0,0.0,0.0,0.0,0.0,0.0,0.0,0.0,0.0,0.0,0.0,0.0,0.0,0.0,0.0,0.0,0.0,0.0,0.0,0.0,0.0,0.0,0.0,0.0,0.0,0.0,0.0,0.0,0.0,0.0,0.0,0.0,0.0,0.0,0.0,0.0,0.0,0.0,8.284,8.312,8.316,8.476,8.542,8.094,8.182,8.409,8.786,8.662,8.549,8.275,8.023,8.112,8.249,8.366,8.207,8.147,8.367,7.999,8.142,8.031,7.889,8.14,8.179,7.815,7.557,8.139,8.312,8.244,9.162,9.104,9.373,9.081,9.251,9.528,9.845,9.981,9.985,9.689,9.155,9.25,9.393,8.991,9.147,9.249,9.456,9.211,9.428,9.437,9.401,9.221,8.99,8.977,8.52,8.691,9.14,9.319,9.529,9.707,9.63,8.408,8.701,8.795,8.766,8.677,8.872,8.743,8.392,8.564,8.534,8.474,8.622,8.465,7.706,7.486,7.541,8.036,8.268,8.409,8.472,8.405,8.264,8.666,8.631,8.395,7.91,7.927,8.082,8.226,8.514,10.0,10.147,10.042,10.14,10.078,9.643,9.835,10.004,9.825,9.983,10.069,9.876,9.612,9.884,10.151,10.16,10.255,10.398,10.223,10.078,10.349,10.605,10.74,10.579,10.564,10.728,10.321,10.63,10.744,10.686,10.686,9.561,9.283,8.961,9.205,9.279,9.315,9.189,9.299,9.119,9.085,9.454,9.506,9.472,9.361,9.379,9.567,9.451,9.552,9.87,10.066,10.239,10.186,10.029,9.678,9.765,9.43,9.678,9.8,9.985,9.965,9.672,9.995,10.118,10.198,10.011,10.048,9.974,9.695,9.801,10.029,10.219,10.265,10.271,10.223,9.981,10.142,10.142,10.106,10.016,9.903,9.906,9.74,10.12,10.286,10.438,10.473,10.542,10.492,10.326,10.625,10.679,10.643,10.604,10.841,10.78,10.359,10.603,10.805,10.92,10.809,10.436,10.247,10.242,10.625,10.703,10.865,11.025,10.992,10.875,10.531,10.642,10.377,10.625,10.795,10.646,10.699,10.298,9.708,9.869,10.329,9.783,10.033,10.112,9.896,10.16,10.156,10.165,10.402,10.302,10.278,9.909,10.228,10.294,9.913,9.956,10.038,9.793,9.726,9.918,10.104,9.782,9.588,9.489,9.639,9.446,9.802,9.949,9.907,9.948,9.89,9.899,9.714,9.773,9.82,9.631,9.74,9.948,9.876,9.664,9.853,9.613,9.299,9.03,9.335,9.267,8.575,8.621,8.423,8.443,8.382,8.499,8.792,8.973,9.177,9.031,8.862,8.896,9.235,9.454,8.916,9.36,8.697,9.363,9.545,9.574,9.346,8.913,9.184,9.037,9.01,8.816,8.524,8.503,8.09,8.82,8.863,9.089,9.149,9.214,8.823,8.376,9.074,9.417,9.934,9.543,9.502,9.24,9.464,10.17,10.513,10.288,9.242,8.923,8.949,9.059,9.575,9.754,9.684,9.5,9.359,9.529,8.891,8.795,8.7,8.584,8.731,9.149,9.231,8.374,7.739,7.748,7.588,7.814,8.228,8.053,7.926,8.184,8.111,7.638,7.786,7.746,7.629,0.0,0.0,0.0,0.0,0.0,0.0,0.0,0.0,0.0,0.0,0.0,0.0,0.0,0.0,0.0,0.0,0.0,0.0,0.0,0.0,0.0,0.0,0.0,0.0,0.0,0.0,0.0,0.0,0.0,0.0,0.0,0.0,0.0,0.0,0.0,0.0,0.0,0.0,0.0,0.0,0.0,0.0,0.0,0.0,0.0,0.0,0.0,0.0,0.0,0.0,0.0,0.0,0.0,0.0,0.0,0.0,0.0,0.0,0.0,0.0,0.0,9.409,9.069,8.849,9.256,9.456,9.644,9.648,9.744,9.604,9.3,9.741,9.843,9.86,9.721,9.417,9.538,9.038,8.824,9.21,9.297,9.239,9.182,9.302,8.739,9.095,9.171,9.149,9.082,9.2,9.107,8.961,9.411,9.41,9.306,8.596,8.327,8.905,8.73,9.202,9.451,9.783,9.515,9.72,9.648,9.49,9.617,9.601,9.711,9.796,9.548,9.553,9.145,9.671,9.819,9.877,9.788,9.714,9.579,9.06,9.229,9.272,9.862,9.583,9.774,9.795,9.586,9.905,10.102,10.074,10.183,10.028,9.94,9.528,9.997,10.328,10.298,10.199,10.147,10.131,9.624,10.316,10.623,10.807,10.914,10.995,10.885,10.559,10.782,10.561,10.305,10.198,10.374,9.652,9.284,9.806,10.075,10.228,10.034,9.992,9.645,9.21,9.518,9.572,9.619,9.81,9.625,9.383,9.378,9.826,10.131,10.137,10.088,10.18,9.637,9.482,10.008,10.068,9.749,9.915,10.057,10.098,10.088,10.272,9.578,9.616,9.247,9.406,9.519,9.382,9.548,9.813,9.637,9.433,9.485,9.462,9.347,9.408,9.473,9.61,9.527,9.576,9.493,9.334,9.575,9.546,9.558,9.827,9.619,9.464,9.11,9.512,10.185,9.976,9.918,10.194,10.359,10.105,10.066,10.139,10.239,10.421,10.557,10.531,10.274,10.504,10.573,10.717,10.677,10.082,10.155,10.354,10.647,10.735,10.795,10.893,10.847,10.774,10.44,10.634,10.734,10.933,10.999,11.009,10.997,10.656,11.035,11.149,10.943,11.117,11.053,11.095,10.745,10.96,11.12,11.143,11.034,10.92,11.078,10.572,10.86,11.051,10.968,11.01,11.035,11.022,10.673,11.046,11.177,11.291,11.216,11.116,10.828,9.946,10.191,10.156,10.397,10.386,10.662,10.596,10.122,10.277,10.118,10.164,10.151,10.055,9.958,9.684,10.076,10.318,10.607,10.504,10.066,9.179,8.53,8.427,9.175,9.858,9.92,9.771,9.687,9.604,10.142,10.289,10.174,10.277,10.264,10.149,9.901,10.174,10.242,10.024,9.93,10.171,10.069,9.776,10.256,10.401,10.123,9.897,9.753,9.519,8.836,8.861,8.936,9.647,10.021,9.905,9.709,9.426,9.975,10.116,9.712,9.043,8.947,9.099,8.868,9.533,9.574,9.563,9.594,9.414,9.02,8.45,8.771,8.791,8.928,8.796,8.817,8.835,8.453,9.093,9.234,9.069,8.514,8.771,8.545,7.942,8.545,9.105,9.21,9.138,9.3,8.997,8.461,9.15,9.383,9.77,9.763,9.422,9.144,8.698,8.912,8.903,8.899,8.387,8.842,9.177,8.555,8.113,8.689,9.19,9.506,9.392,9.273,8.873,9.356,9.591,9.505,9.664,9.979,9.653,9.243,9.912,10.171,10.105,11.272,11.38,11.321,10.657,11.201,11.377,11.424,11.269,10.976,10.699,9.991,10.15,10.193,10.198,10.043,9.543,9.867,9.939,10.5,10.482,10.352,9.921,9.763,9.634,9.666,10.523,10.604,10.568,10.72,10.748,9.594,9.165,9.725,10.018,9.496,9.633,9.587,9.642,9.32,9.616,9.529,9.692,9.702,9.621,9.482,9.154,9.885,9.98,9.997,9.965,9.837,9.577,9.006,8.494,8.316,8.911,9.402,9.595,9.644,9.379,9.477,10.072,10.201,10.112,10.276,10.24,10.028,10.175,10.254,10.257,10.252,10.262,9.955,9.712,9.786,10.045,10.195,10.271,10.362,10.395,9.991,10.357,10.502,10.478,10.474,10.476,10.486,10.255,10.519,10.389,10.401,10.032,10.18,10.197,9.84,10.049,10.28,10.402,10.15,10.076,9.686,9.428,9.926,9.942,10.002,10.188,10.393,10.469,10.235,10.637,10.673,10.59,10.634,10.808,10.738,10.371,10.58,10.78,10.951,10.99,10.864,10.749,9.639,9.9,9.86,9.694,9.816,9.888,9.946,9.856,10.015,10.029,10.12,10.145,10.204,9.842,9.45,9.717,9.913,10.102,10.012,10.137,10.017,9.727,9.8,9.973,9.898,9.251,9.55,9.833,9.583,9.709,9.721,9.811,9.945,10.263,10.233,9.998,10.064,10.238,10.491,10.347,10.364,10.412,9.93,10.402,10.576,10.441,10.417,10.558,10.489,10.214,10.499,10.596,10.561,10.737,10.825,10.612,10.387,10.835,10.72,10.585,10.625,10.843,10.738,10.319,10.528,9.942,9.7,10.067,10.65,10.774,10.501,11.05,11.104,11.075,10.835,10.238,9.683,8.991,9.68,10.055,10.321,10.53,10.589,10.836,10.422,10.819,10.946,11.001,10.948,10.531,9.777,9.65,10.068,10.489,10.526,10.591,10.748,10.509,10.242,10.668,10.881,10.96,11.094,10.984,10.879,10.483,10.759,11.051,10.939,10.8,10.58,10.29,9.456,10.062,10.535,10.546,10.639,10.626,10.226,9.326,8.805,9.144,9.522,9.544,9.845,9.989,9.619,10.013,10.342,10.457,10.617,10.54,10.386,9.838,10.023,10.4,10.67,10.41,10.876,10.759,10.376,10.651,10.724,10.055,9.572,9.17,9.425,9.813,10.286,10.465,10.23,9.208,9.378,9.748,9.038,9.492,9.589,9.79,9.921,9.843,9.47,9.064,9.437,9.388,9.216,9.341,9.593,9.419,8.969,9.261,9.318,9.472,9.53,9.514,9.211,8.44,8.482,8.739,8.649,8.432,8.242,12.183,12.07,12.896,12.97,12.642,12.203,12.402,11.976,11.843,12.84,12.848,13.064,12.869,12.783,12.532,12.184,12.611,12.53,12.241,12.576,12.715,12.129,11.538,12.204,12.308,11.776,11.509,11.194,10.865,10.946,11.671,14.979,14.757,14.955,15.498,15.926,15.054,15.234,15.79,16.243,16.603,17.217,16.555,16.057,16.708,16.412,17.12,17.286,17.147,16.716,16.602,17.138,17.273,16.488,16.374,16.883,16.927,16.532,16.922,17.734,18.038,18.208,10.222,10.041,9.731,9.565,9.756,9.603,9.071,8.922,8.788,8.374,8.856,9.247,9.549,9.916,9.613,9.032,8.353,8.613,8.811,9.142,9.265,9.106,8.738,8.111,8.657,9.091,9.223,9.209,9.318,9.189,9.335,9.262,9.659,9.903,10.023,10.129,10.29,10.255,10.412,10.555,10.751,10.815,10.832,10.741,10.394,10.464,10.176,10.549,10.665,10.692,10.549,10.153,10.093,9.863,10.203,10.525,10.558,10.633,10.223,10.366,10.539,10.125,10.059,10.118,9.936,9.619,9.812,9.901,9.938,9.877,9.527,8.939,8.113,7.954,8.506,8.755,8.979,9.106,9.302,8.991,9.189,9.397,9.472,9.603,9.401,9.136,8.515,8.54,8.665,8.693,8.481,9.138,8.971,8.686,8.776,8.72,9.107,9.367,9.52,9.4,9.082,9.545,9.714,9.733,9.639,9.765,9.748,9.251,9.324,9.698,9.907,9.972,10.219,9.962,9.501,9.846,10.04,10.016,9.919,10.112,10.258,9.912,10.301,10.487,10.758,10.749,10.784,10.505,10.049,10.39,10.38,10.561,10.624,10.78,10.929,10.439,10.532,10.893,11.003,11.011,11.064,11.144,10.905,10.941,11.095,11.027,10.285,9.612,9.922,10.216,9.957,10.088,10.1,9.132,9.256,9.552,9.524,9.305,9.366,9.528,9.764,9.63,9.645,9.69,9.242,9.681,9.843,9.717,9.695,9.826,9.762,9.506,9.771,9.862,9.83,9.993,10.075,9.876,9.667,10.084,9.977,8.813,9.228,9.262,9.452,9.361,8.996,9.178,8.667,8.456,8.777,9.284,9.393,9.155,9.633,9.681,9.655,9.446,8.925,8.442,7.838,8.439,8.765,8.997,9.18,9.231,9.446,9.085,9.431,9.542,9.59,9.544,9.18,9.039,8.922,9.309,9.698,9.732,9.792,9.938,9.716,9.469,9.864,10.06,10.134,10.258,10.156,10.059,9.692,9.947,10.217,10.114,9.986,9.782,9.514,8.743,9.303,9.74,9.751,9.837,9.824,9.454,8.622,7.946,8.253,8.594,8.613,8.885,9.015,8.681,9.036,9.333,9.437,9.581,9.512,9.373,8.878,9.046,9.386,9.629,9.394,9.816,9.71,9.364,9.612,9.678,9.074,8.639,8.276,8.506,8.856,9.283,9.445,9.232,9.208,9.378,9.748,9.038,9.492,9.589,9.79,9.921,9.843,9.47,9.064,9.437,9.388,9.216,9.341,9.593,9.419,8.969,9.261,9.318,9.472,9.53,9.514,9.211,8.44,8.482,8.739,8.649,8.432,8.242,8.432,8.353,8.925,8.976,8.749,8.445,8.583,8.289,8.196,8.886,8.892,9.041,8.907,8.847,8.673,8.432,8.728,8.672,8.471,8.703,8.8,8.394,7.985,8.446,8.518,8.15,7.965,7.747,7.519,7.575,8.077,7.465,7.354,7.453,7.723,7.937,7.502,7.592,7.869,8.095,8.274,8.58,8.25,8.002,8.326,8.179,8.532,8.614,8.545,8.33,8.273,8.54,8.608,8.217,8.16,8.414,8.436,8.239,8.433,8.838,8.989,9.074,8.795,8.64,8.373,8.23,8.394,8.263,7.805,7.677,7.561,7.205,7.62,7.956,8.216,8.532,8.271,7.771,7.187,7.41,7.581,7.866,7.972,7.835,7.518,6.978,7.448,7.822,7.936,7.924,8.017,7.906,9.335,9.262,9.659,9.903,10.023,10.129,10.29,10.255,10.412,10.555,10.751,10.815,10.832,10.741,10.394,10.464,10.176,10.549,10.665,10.692,10.549,10.153,10.093,9.863,10.203,10.525,10.558,10.633,10.223,10.366,10.539,10.125,10.059,10.118,9.936,9.619,9.812,9.901,9.938,9.877,9.527,8.939,8.113,7.954,8.506,8.755,8.979,9.106,9.302,8.991,9.189,9.397,9.472,9.603,9.401,9.136,8.515,8.54,8.665,8.693,8.481,9.138,8.971,8.686,8.776,8.72,9.107,9.367,9.52,9.4,9.082,9.545,9.714,9.733,9.639,9.765,9.748,9.251,9.324,9.698,9.907,9.972,10.219,9.962,9.501,9.846,10.04,10.016,9.919,10.112,10.258,9.912
Guntur_89,10.643,10.716,10.919,10.946,10.539,10.6,10.83,10.844,10.628,10.509,10.701,10.705,10.836,10.643,10.333,10.277,10.757,10.709,10.276,10.713,10.791,10.55,10.669,10.927,11.045,10.541,10.88,11.039,11.123,11.198,11.106,9.72,9.254,9.55,9.797,9.798,9.79,9.899,9.559,9.349,9.509,9.553,9.652,9.993,9.977,10.075,9.653,9.89,10.092,10.051,9.832,9.491,9.572,9.32,9.633,9.804,9.911,9.791,9.734,9.624,9.478,9.747,9.855,9.7,9.547,9.606,9.736,9.451,9.38,8.698,9.037,9.588,9.646,9.584,9.215,9.536,9.84,9.799,10.861,10.702,10.323,10.157,9.977,10.382,10.751,10.87,10.827,10.77,10.435,10.162,10.139,10.958,11.2,11.277,11.205,10.77,11.313,11.367,11.309,11.383,11.468,11.255,10.987,11.612,11.4,11.318,10.988,10.907,10.801,10.439,11.092,11.15,10.875,11.048,11.163,11.055,10.84,11.24,11.252,11.273,11.078,9.654,9.676,9.535,9.814,9.777,9.897,10.16,10.148,10.085,9.685,9.53,9.611,9.575,9.497,9.552,9.44,9.471,8.866,9.283,9.562,9.266,9.14,9.38,9.527,9.108,9.325,9.483,9.755,9.728,9.506,9.285,8.927,9.04,9.015,9.262,9.191,9.248,9.074,9.646,9.819,9.946,9.824,9.85,9.563,9.236,9.702,9.694,9.846,9.981,9.776,9.713,9.337,9.872,10.127,10.001,9.999,9.658,9.452,9.165,9.598,10.078,0.0,0.0,0.0,0.0,0.0,0.0,0.0,0.0,0.0,0.0,0.0,0.0,0.0,0.0,0.0,0.0,0.0,0.0,0.0,0.0,0.0,0.0,0.0,0.0,0.0,0.0,0.0,0.0,0.0,0.0,0.0,0.0,0.0,0.0,0.0,0.0,0.0,0.0,0.0,0.0,0.0,0.0,0.0,0.0,0.0,0.0,0.0,0.0,0.0,0.0,0.0,0.0,0.0,0.0,0.0,0.0,0.0,0.0,0.0,0.0,0.0,0.0,11.151,11.189,11.194,11.41,11.499,10.896,11.014,11.32,11.827,11.66,11.508,11.139,10.8,10.92,11.104,11.261,11.048,10.967,11.262,10.767,10.96,10.811,10.62,10.957,11.01,10.52,10.173,10.956,11.189,11.097,8.591,8.536,8.788,8.514,8.674,8.933,9.231,9.359,9.362,9.085,8.584,8.673,8.807,8.43,8.576,8.672,8.866,8.637,8.84,8.848,8.815,8.646,8.429,8.417,7.988,8.149,8.57,8.738,8.934,9.101,9.029,9.033,9.349,9.449,9.418,9.322,9.532,9.394,9.016,9.201,9.169,9.104,9.264,9.095,8.279,8.043,8.103,8.635,8.883,9.035,9.103,9.031,8.879,9.311,9.274,9.019,8.498,8.517,8.684,8.838,9.147,9.249,9.385,9.287,9.378,9.32,8.918,9.096,9.253,9.087,9.233,9.312,9.134,8.889,9.141,9.388,9.397,9.485,9.617,9.454,9.321,9.572,9.808,9.933,9.784,9.77,9.922,9.546,9.831,9.936,9.883,9.883,9.581,9.302,8.979,9.224,9.297,9.333,9.207,9.318,9.137,9.103,9.473,9.525,9.491,9.38,9.398,9.586,9.47,9.571,9.89,10.086,10.26,10.207,10.049,9.697,9.785,9.449,9.698,9.819,10.005,9.985,9.692,9.865,9.987,10.066,9.881,9.918,9.845,9.569,9.674,9.898,10.086,10.132,10.137,10.091,9.852,10.01,10.01,9.975,9.886,9.775,9.778,9.614,9.988,10.152,10.303,10.337,10.405,10.356,10.192,10.205,10.257,10.222,10.185,10.413,10.354,9.95,10.184,10.378,10.489,10.382,10.024,9.842,9.837,10.205,10.28,10.436,10.589,10.557,10.445,10.115,10.222,9.967,10.205,10.369,10.225,10.277,9.891,9.325,9.479,9.921,9.564,9.809,9.887,9.675,9.933,9.93,9.938,10.17,10.072,10.048,9.687,10.0,10.064,9.691,9.733,9.814,9.575,9.509,9.697,9.878,9.563,9.374,9.278,9.424,9.235,9.583,9.726,9.685,9.726,9.669,10.097,9.908,9.968,10.016,9.823,9.935,10.146,10.073,9.857,10.049,9.805,9.485,9.21,9.522,9.452,8.747,8.793,8.591,8.612,8.549,8.668,8.968,9.152,9.36,9.211,9.039,9.073,9.419,9.643,9.094,9.547,8.971,9.658,9.846,9.876,9.641,9.194,9.474,9.321,9.294,9.094,8.793,8.771,8.345,9.098,9.142,9.375,9.437,9.504,9.101,8.639,9.36,9.714,10.247,9.844,9.801,9.531,9.762,10.49,10.844,10.612,10.296,9.941,9.97,10.092,10.667,10.866,10.789,10.584,10.426,10.616,9.905,9.798,9.692,9.563,9.727,10.192,10.284,9.33,8.622,8.631,8.453,8.705,9.166,8.971,8.83,9.118,9.036,8.509,8.674,8.629,8.499,0.0,0.0,0.0,0.0,0.0,0.0,0.0,0.0,0.0,0.0,0.0,0.0,0.0,0.0,0.0,0.0,0.0,0.0,0.0,0.0,0.0,0.0,0.0,0.0,0.0,0.0,0.0,0.0,0.0,0.0,0.0,0.0,0.0,0.0,0.0,0.0,0.0,0.0,0.0,0.0,0.0,0.0,0.0,0.0,0.0,0.0,0.0,0.0,0.0,0.0,0.0,0.0,0.0,0.0,0.0,0.0,0.0,0.0,0.0,0.0,0.0,9.354,9.016,8.796,9.201,9.401,9.587,9.591,9.687,9.547,9.245,9.684,9.785,9.802,9.663,9.362,9.482,8.985,8.772,9.156,9.243,9.185,9.128,9.248,8.688,9.041,9.117,9.095,9.029,9.145,9.053,8.908,9.425,9.424,9.319,8.609,8.339,8.919,8.743,9.216,9.465,9.798,9.529,9.734,9.662,9.504,9.631,9.615,9.725,9.81,9.562,9.568,9.158,9.685,9.833,9.891,9.802,9.728,9.593,9.073,9.243,9.285,9.816,9.538,9.728,9.748,9.541,9.858,10.054,10.026,10.135,9.98,9.892,9.483,9.949,10.279,10.25,10.151,10.099,10.083,9.579,10.267,10.573,10.755,10.863,10.943,10.833,10.509,10.731,10.511,10.256,10.15,10.325,9.717,9.346,9.872,10.143,10.297,10.102,10.06,9.71,9.273,9.582,9.637,9.684,9.877,9.69,9.446,9.442,9.893,10.199,10.206,10.157,10.249,9.702,9.546,10.076,10.136,9.815,9.982,10.125,10.166,10.156,10.342,9.909,9.948,9.566,9.731,9.848,9.707,9.879,10.152,9.97,9.759,9.813,9.789,9.671,9.733,9.8,9.942,9.857,9.907,9.821,9.657,9.906,9.877,9.889,10.167,9.952,9.791,9.425,9.841,10.646,10.428,10.366,10.656,10.828,10.563,10.521,10.598,10.703,10.892,11.035,11.008,10.739,10.979,11.051,11.202,11.16,10.539,10.615,10.823,11.129,11.221,11.284,11.386,11.338,11.262,10.913,11.115,11.22,11.427,11.497,11.154,11.142,10.796,11.18,11.295,11.087,11.264,11.199,11.241,10.886,11.105,11.267,11.29,11.18,11.064,11.224,10.711,11.003,11.196,11.112,11.155,11.18,11.167,10.813,11.191,11.324,11.44,11.364,11.262,10.971,11.652,11.939,11.898,12.18,12.168,12.491,12.414,11.858,12.04,11.854,11.908,11.892,11.78,11.666,11.345,11.805,12.088,12.426,12.307,11.793,10.754,9.994,9.873,10.748,11.549,11.622,11.448,11.349,11.252,11.882,12.054,12.635,12.763,12.747,12.604,12.296,12.634,12.719,12.449,12.332,12.631,12.505,12.141,12.737,12.916,12.571,12.291,12.112,11.821,10.973,11.004,11.097,11.98,12.445,12.3,12.057,11.706,12.388,12.563,12.061,11.23,11.111,11.299,11.013,11.839,11.89,11.876,11.915,11.691,11.201,10.494,10.892,10.918,11.087,10.923,10.95,10.972,10.497,11.293,11.467,11.263,10.573,10.892,10.612,9.862,10.612,11.308,11.437,11.348,11.549,11.173,10.508,12.327,12.641,13.163,13.153,12.694,12.319,11.719,12.007,11.994,11.989,11.299,11.912,12.364,11.526,10.93,11.706,12.381,12.807,12.653,12.493,11.954,12.605,12.922,12.805,13.019,13.444,13.005,12.453,13.354,13.702,13.613,12.194,12.31,12.247,11.528,12.117,12.308,12.358,12.19,11.874,11.574,10.808,10.98,11.026,11.032,10.864,10.323,10.674,10.752,11.358,11.339,11.199,10.732,10.561,10.422,10.457,11.384,11.471,11.433,11.596,11.627,9.872,9.43,10.006,10.308,9.771,9.912,9.864,9.921,9.59,9.895,9.805,9.972,9.983,9.899,9.756,9.419,10.171,10.269,10.286,10.253,10.122,9.854,9.267,8.74,8.557,9.169,9.674,9.873,9.924,9.65,9.751,9.394,9.514,9.432,9.584,9.551,9.353,9.49,9.564,9.567,9.562,9.571,9.285,9.058,9.127,9.368,9.509,9.58,9.664,9.695,9.318,9.659,9.795,9.773,9.769,9.771,9.78,9.565,9.811,9.69,9.701,9.774,9.918,9.935,9.587,9.79,10.015,10.134,9.888,9.816,9.437,9.186,9.67,9.686,9.744,9.926,10.125,10.2,9.972,10.364,10.398,10.317,10.36,10.53,10.462,10.104,10.307,10.502,10.669,10.707,10.584,10.473,10.0,10.272,10.23,10.058,10.184,10.259,10.319,10.226,10.39,10.405,10.499,10.526,10.587,10.211,9.805,10.081,10.286,10.481,10.388,10.517,10.393,10.092,10.168,10.348,10.27,9.598,9.908,10.202,9.943,10.073,10.085,10.346,10.487,10.822,10.79,10.543,10.612,10.796,11.062,10.911,10.928,10.979,10.471,10.969,11.152,11.01,10.985,11.133,11.06,10.77,11.071,11.174,11.137,11.322,11.415,11.19,10.953,11.425,11.304,11.986,12.031,12.278,12.16,11.685,11.922,11.258,10.984,11.4,12.06,12.201,11.891,12.514,12.575,12.542,12.27,11.593,10.966,10.181,10.962,11.386,11.687,11.924,11.991,12.271,11.802,12.251,12.395,12.458,12.397,11.925,9.568,9.444,9.853,10.265,10.301,10.365,10.519,10.285,10.023,10.441,10.649,10.727,10.858,10.75,10.647,10.259,10.529,10.815,10.706,10.57,10.355,10.071,9.254,9.848,10.31,10.321,10.413,10.399,10.008,9.127,9.219,9.575,9.971,9.993,10.309,10.459,10.072,10.484,10.829,10.95,11.117,11.037,10.875,10.301,10.495,10.89,11.173,10.9,11.389,11.266,10.865,11.152,11.229,10.528,10.023,9.602,9.869,10.275,10.77,10.958,10.711,10.501,10.695,11.117,10.308,10.826,10.936,11.166,11.315,11.226,10.8,10.337,10.763,10.707,10.51,10.653,10.941,10.741,10.228,10.562,10.627,10.802,10.868,10.85,10.505,9.626,9.673,9.967,9.864,9.617,9.4,12.183,12.07,12.896,12.97,12.642,12.203,12.402,11.976,11.843,12.84,12.848,13.064,12.869,12.783,12.532,12.184,12.611,12.53,12.241,12.576,12.715,12.129,11.538,12.204,12.308,11.776,11.509,11.194,10.865,10.946,11.671,11.179,11.013,11.161,11.566,11.886,11.235,11.369,11.784,12.122,12.391,12.849,12.355,11.983,12.469,12.248,12.777,12.9,12.797,12.475,12.39,12.79,12.891,12.306,12.22,12.6,12.633,12.338,12.629,13.235,13.462,13.589,13.288,13.052,12.65,12.434,12.681,12.483,11.792,11.598,11.423,10.886,11.512,12.02,12.412,12.89,12.495,11.741,10.858,11.195,11.454,11.884,12.043,11.837,11.358,10.543,11.253,11.818,11.989,11.971,12.112,11.945,9.825,9.749,10.166,10.424,10.55,10.662,10.831,10.794,10.959,11.11,11.316,11.383,11.401,11.306,10.941,11.014,10.711,11.103,11.225,11.254,11.104,10.686,10.624,10.381,10.739,11.078,11.113,11.192,10.76,10.911,11.092,10.45,10.382,10.443,10.255,9.929,10.127,10.22,10.258,10.194,9.833,9.227,8.373,8.21,8.779,9.036,9.268,9.398,9.601,9.28,9.484,9.699,9.777,9.912,9.703,9.43,8.789,8.814,8.943,8.972,8.753,9.361,9.19,8.898,8.99,8.933,9.329,9.596,9.752,9.629,9.304,9.778,9.952,9.971,9.874,10.003,9.986,9.477,9.552,9.934,10.149,10.216,10.468,10.205,9.733,10.086,10.285,10.261,10.161,10.359,10.509,10.154,10.615,10.806,11.086,11.077,11.112,10.825,10.355,10.707,10.696,10.883,10.948,11.108,11.262,10.757,10.852,11.224,11.337,11.346,11.4,11.483,11.237,11.274,11.433,11.363,10.598,9.904,10.224,10.527,10.26,10.395,10.407,8.762,8.881,9.165,9.138,8.928,8.987,9.143,9.368,9.24,9.255,9.298,8.867,9.289,9.444,9.324,9.303,9.428,9.367,9.121,9.376,9.463,9.431,9.588,9.667,9.477,9.276,9.676,9.573,8.456,9.49,9.526,9.721,9.628,9.252,9.439,8.913,8.697,9.026,9.548,9.66,9.415,9.908,9.956,9.93,9.714,9.179,8.682,8.061,8.679,9.015,9.253,9.441,9.494,9.715,9.344,9.7,9.814,9.863,9.816,9.442,8.823,8.709,9.086,9.466,9.499,9.558,9.7,9.484,9.243,9.628,9.82,9.892,10.013,9.913,9.818,9.461,9.71,9.973,9.873,9.747,9.549,9.287,8.534,9.081,9.508,9.518,9.602,9.59,9.229,8.416,8.172,8.488,8.838,8.858,9.138,9.271,8.928,9.294,9.599,9.706,9.854,9.783,9.64,9.131,9.303,9.653,9.904,9.662,10.095,9.986,9.631,9.886,9.954,9.332,8.885,8.511,8.748,9.108,9.547,9.714,9.495,10.501,10.695,11.117,10.308,10.826,10.936,11.166,11.315,11.226,10.8,10.337,10.763,10.707,10.51,10.653,10.941,10.741,10.228,10.562,10.627,10.802,10.868,10.85,10.505,9.626,9.673,9.967,9.864,9.617,9.4,8.672,8.591,9.179,9.232,8.998,8.686,8.827,8.525,8.43,9.139,9.145,9.299,9.16,9.099,8.92,8.672,8.976,8.919,8.713,8.951,9.051,8.633,8.212,8.686,8.761,8.382,8.192,7.968,7.733,7.791,8.307,7.734,7.62,7.722,8.002,8.224,7.773,7.866,8.153,8.387,8.573,8.89,8.548,8.291,8.627,8.474,8.84,8.926,8.854,8.631,8.573,8.849,8.919,8.514,8.455,8.718,8.741,8.536,8.738,9.157,9.314,9.402,11.233,11.035,10.694,10.512,10.721,10.553,9.969,9.805,9.657,9.203,9.732,10.162,10.494,10.898,10.564,9.926,9.18,9.465,9.683,10.047,10.181,10.007,9.602,8.913,9.513,9.991,10.136,10.121,10.239,10.098,9.825,9.749,10.166,10.424,10.55,10.662,10.831,10.794,10.959,11.11,11.316,11.383,11.401,11.306,10.941,11.014,10.711,11.103,11.225,11.254,11.104,10.686,10.624,10.381,10.739,11.078,11.113,11.192,10.76,10.911,11.092,10.45,10.382,10.443,10.255,9.929,10.127,10.22,10.258,10.194,9.833,9.227,8.373,8.21,8.779,9.036,9.268,9.398,9.601,9.28,9.484,9.699,9.777,9.912,9.703,9.43,8.789,8.814,8.943,8.972,8.753,9.361,9.19,8.898,8.99,8.933,9.329,9.596,9.752,9.629,9.304,9.778,9.952,9.971,9.874,10.003,9.986,9.477,9.552,9.934,10.149,10.216,10.468,10.205,9.733,10.086,10.285,10.261,10.161,10.359,10.509,10.154
Guntur_90,11.123,11.199,11.411,11.439,11.014,11.077,11.318,11.333,11.106,10.982,11.183,11.187,11.324,11.122,10.799,10.74,11.241,11.192,10.739,11.196,11.277,11.026,11.15,11.419,11.543,11.016,11.37,11.536,11.624,11.702,11.606,10.391,9.892,10.209,10.473,10.474,10.465,10.582,10.218,9.994,10.165,10.212,10.318,10.683,10.666,10.771,10.319,10.573,10.789,10.744,10.511,10.146,10.232,9.963,10.298,10.48,10.595,10.467,10.406,10.288,9.847,10.127,10.239,10.078,9.919,9.98,10.116,9.819,9.745,9.037,9.39,9.961,10.022,9.957,9.574,9.908,10.224,10.181,11.284,11.119,10.725,10.553,10.366,10.787,11.17,11.294,11.249,11.19,10.842,10.558,10.535,11.4,11.652,11.733,11.658,11.205,11.77,11.826,11.766,11.842,11.931,11.709,11.431,12.081,11.86,11.776,11.432,11.348,11.238,10.861,11.54,11.601,11.315,11.494,11.614,11.502,11.278,11.694,11.707,11.728,11.526,9.841,9.864,9.72,10.005,9.967,10.089,10.357,10.345,10.281,9.873,9.715,9.798,9.761,9.682,9.737,9.624,9.654,9.038,9.463,9.747,9.446,9.318,9.562,9.712,9.285,9.506,9.667,9.944,9.917,9.69,9.466,9.183,9.3,9.274,9.528,9.455,9.514,9.335,9.923,10.101,10.232,10.106,10.133,9.838,9.502,9.981,9.972,10.129,10.268,10.057,9.992,9.605,10.156,10.418,10.288,10.286,9.936,9.724,9.429,9.874,10.367,0.0,0.0,0.0,0.0,0.0,0.0,0.0,0.0,0.0,0.0,0.0,0.0,0.0,0.0,0.0,0.0,0.0,0.0,0.0,0.0,0.0,0.0,0.0,0.0,0.0,0.0,0.0,0.0,0.0,0.0,0.0,0.0,0.0,0.0,0.0,0.0,0.0,0.0,0.0,0.0,0.0,0.0,0.0,0.0,0.0,0.0,0.0,0.0,0.0,0.0,0.0,0.0,0.0,0.0,0.0,0.0,0.0,0.0,0.0,0.0,0.0,0.0,10.749,10.786,10.791,10.999,11.085,10.503,10.617,10.912,11.401,11.24,11.093,10.738,10.411,10.527,10.704,10.856,10.65,10.572,10.857,10.379,10.565,10.422,10.237,10.562,10.614,10.141,9.806,10.562,10.786,10.697,7.681,7.633,7.858,7.613,7.756,7.988,8.254,8.368,8.371,8.123,7.675,7.755,7.875,7.538,7.668,7.754,7.928,7.723,7.904,7.912,7.882,7.731,7.537,7.526,7.143,7.286,7.663,7.813,7.988,8.138,8.073,10.706,11.08,11.199,11.162,11.048,11.297,11.133,10.685,10.905,10.867,10.79,10.979,10.779,9.812,9.532,9.603,10.233,10.528,10.707,10.788,10.703,10.523,11.035,10.991,10.689,10.072,10.094,10.291,10.474,10.841,9.673,9.815,9.713,9.808,9.748,9.327,9.513,9.677,9.503,9.656,9.739,9.553,9.297,9.56,9.818,9.828,9.92,10.058,9.888,9.748,10.011,10.258,10.388,10.233,10.218,10.377,9.983,10.282,10.392,10.336,10.337,10.003,9.711,9.374,9.63,9.707,9.745,9.613,9.729,9.54,9.504,9.891,9.945,9.909,9.793,9.812,10.009,9.887,9.992,10.326,10.531,10.712,10.657,10.492,10.124,10.216,9.865,10.125,10.252,10.446,10.425,10.119,11.201,11.339,11.429,11.22,11.261,11.178,10.865,10.984,11.239,11.452,11.504,11.51,11.457,11.186,11.366,11.366,11.326,11.224,11.099,11.102,10.916,11.341,11.527,11.698,11.737,11.814,11.759,11.572,11.377,11.435,11.397,11.355,11.609,11.543,11.093,11.354,11.571,11.694,11.574,11.176,10.973,10.967,11.377,11.461,11.635,11.806,11.77,11.646,11.277,11.396,11.113,11.378,11.56,11.4,11.457,11.027,10.396,10.568,11.06,11.229,11.516,11.607,11.359,11.662,11.658,11.668,11.94,11.824,11.797,11.373,11.74,11.815,11.378,11.427,11.521,11.241,11.163,11.384,11.597,11.228,11.006,10.892,11.064,10.842,11.25,11.419,11.371,11.419,11.351,11.276,11.065,11.132,11.186,10.97,11.095,11.331,11.25,11.008,11.223,10.95,10.592,10.286,10.634,10.555,9.768,9.82,9.594,9.617,9.547,9.68,10.015,10.221,10.453,10.286,10.094,10.133,10.519,10.769,10.156,10.661,9.172,9.875,10.067,10.097,9.857,9.4,9.686,9.53,9.503,9.298,8.99,8.967,8.532,9.302,9.347,9.585,9.649,9.717,9.305,8.833,9.57,9.932,10.477,10.065,10.021,9.745,9.98,10.725,11.087,10.85,10.296,9.941,9.97,10.092,10.667,10.866,10.789,10.584,10.426,10.616,9.905,9.798,9.692,9.563,9.727,10.192,10.284,9.33,8.622,8.631,8.453,8.705,9.166,8.971,8.83,9.118,9.036,8.509,8.674,8.629,8.499,18.82,20.553,21.123,21.469,22.211,22.524,23.259,23.117,23.566,23.603,23.645,23.978,24.181,23.579,22.978,21.604,24.618,24.209,23.57,23.397,22.947,21.965,22.903,23.06,23.168,23.364,23.683,23.471,22.622,23.007,22.859,0.0,0.0,0.0,0.0,0.0,0.0,0.0,0.0,0.0,0.0,0.0,0.0,0.0,0.0,0.0,0.0,0.0,0.0,0.0,0.0,0.0,0.0,0.0,0.0,0.0,0.0,0.0,0.0,0.0,0.0,10.78,10.39,10.137,10.604,10.834,11.049,11.053,11.163,11.002,10.654,11.16,11.277,11.296,11.136,10.789,10.927,10.354,10.109,10.552,10.651,10.585,10.52,10.657,10.012,10.419,10.507,10.482,10.405,10.539,10.434,10.266,11.358,11.358,11.231,10.375,10.049,10.748,10.537,11.107,11.406,11.808,11.484,11.731,11.644,11.453,11.607,11.588,11.72,11.822,11.523,11.53,11.037,11.672,11.85,11.92,11.813,11.724,11.561,10.934,11.139,11.19,10.63,10.33,10.536,10.558,10.333,10.676,10.889,10.859,10.977,10.809,10.714,10.27,10.776,11.132,11.101,10.993,10.937,10.92,10.374,11.119,11.451,11.648,11.765,11.851,11.733,11.382,11.622,11.383,11.107,10.992,11.182,10.826,10.413,10.998,11.301,11.472,11.254,11.208,10.818,10.331,10.676,10.736,10.789,11.004,10.795,10.524,10.519,11.021,11.363,11.37,11.315,11.418,10.809,10.635,11.225,11.292,10.934,11.121,11.28,11.326,11.314,11.522,12.216,12.265,11.794,11.997,12.141,11.967,12.179,12.516,12.291,12.031,12.098,12.068,11.922,12.0,12.082,12.257,12.152,12.214,12.108,11.906,12.212,12.176,12.192,12.534,12.269,12.07,11.62,12.133,11.847,11.605,11.536,11.859,12.05,11.755,11.709,11.794,11.911,12.122,12.28,12.25,11.951,12.219,12.299,12.466,12.419,11.728,11.813,12.044,12.385,12.487,12.557,12.671,12.618,12.533,12.144,12.37,12.487,12.717,12.794,12.185,12.172,11.794,12.214,12.339,12.112,12.305,12.234,12.28,11.892,12.131,12.308,12.333,12.213,12.087,12.261,11.701,12.02,12.231,12.139,12.186,12.214,12.199,11.813,12.226,12.371,12.497,12.414,12.303,11.985,12.874,13.191,13.146,13.458,13.445,13.801,13.716,13.102,13.303,13.098,13.157,13.14,13.016,12.89,12.535,13.043,13.356,13.73,13.597,13.029,11.882,11.042,10.909,11.876,12.76,12.841,12.648,12.539,12.432,13.128,13.318,12.635,12.763,12.747,12.604,12.296,12.634,12.719,12.449,12.332,12.631,12.505,12.141,12.737,12.916,12.571,12.291,12.112,11.821,10.973,11.004,11.097,11.98,12.445,12.3,12.057,11.706,12.388,12.563,12.061,11.23,11.111,11.299,11.013,11.839,11.89,11.876,11.915,11.691,11.201,10.494,10.892,10.918,11.087,10.923,10.95,10.972,10.497,11.293,11.467,11.263,10.573,10.892,10.612,9.862,10.612,11.308,11.437,11.348,11.549,11.173,10.508,12.327,12.641,13.163,13.153,12.694,12.319,11.719,12.007,11.994,11.989,11.299,11.912,12.364,11.526,10.93,11.706,12.381,12.807,12.653,12.493,11.954,12.605,12.922,12.805,13.019,13.444,13.005,12.453,13.354,13.702,13.613,11.859,11.972,11.91,11.211,11.784,11.969,12.018,11.855,11.547,11.256,10.511,10.678,10.723,10.729,10.565,10.04,10.381,10.457,11.046,11.027,10.891,10.437,10.271,10.136,10.169,11.071,11.156,11.118,11.278,11.307,10.301,9.84,10.441,10.756,10.196,10.343,10.293,10.352,10.007,10.325,10.231,10.406,10.417,10.33,10.181,9.829,10.613,10.716,10.733,10.699,10.562,10.282,9.67,9.12,8.929,9.567,10.095,10.302,10.355,10.07,10.175,10.318,10.45,10.36,10.528,10.491,10.274,10.424,10.505,10.508,10.503,10.513,10.199,9.949,10.025,10.291,10.445,10.523,10.615,10.649,10.235,10.61,10.759,10.735,10.73,10.733,10.743,10.506,10.776,10.644,10.656,10.275,10.426,10.444,10.078,10.291,10.528,10.653,10.395,10.319,9.92,9.656,10.166,10.182,10.243,10.434,10.644,10.722,10.483,10.894,10.93,10.845,10.89,11.069,10.997,10.621,10.835,11.04,11.216,11.256,11.126,11.009,11.418,11.728,11.68,11.484,11.628,11.714,11.782,11.675,11.863,11.88,11.988,12.019,12.087,11.659,11.195,11.511,11.744,11.967,11.861,12.008,11.866,11.522,11.609,11.814,11.726,10.959,11.313,11.648,11.352,11.501,11.515,10.764,10.91,11.259,11.226,10.968,11.04,11.231,11.509,11.351,11.369,11.422,10.893,11.412,11.602,11.454,11.428,11.582,11.507,11.205,11.518,11.625,11.586,11.779,11.875,11.642,11.395,11.886,11.761,12.522,12.569,12.826,12.703,12.207,12.454,11.761,11.475,11.909,12.598,12.746,12.422,13.072,13.136,13.102,12.817,12.111,11.455,10.636,11.451,11.894,12.209,12.456,12.526,12.818,12.329,12.798,12.948,13.014,12.951,12.458,11.02,10.876,11.348,11.823,11.864,11.937,12.115,11.845,11.544,12.025,12.264,12.354,12.505,12.381,12.262,11.816,12.127,12.456,12.33,12.174,11.925,11.599,10.658,11.342,11.874,11.887,11.992,11.977,11.526,10.511,10.329,10.728,11.171,11.196,11.55,11.719,11.285,11.747,12.133,12.268,12.455,12.366,12.184,11.541,11.759,12.201,12.518,12.212,12.76,12.622,12.173,12.495,12.582,11.796,11.23,10.758,11.058,11.512,12.067,12.278,12.001,12.542,12.774,13.278,12.311,12.93,13.061,13.336,13.514,13.407,12.899,12.346,12.854,12.788,12.553,12.723,13.067,12.829,12.216,12.614,12.693,12.901,12.981,12.959,12.546,11.496,11.553,11.904,11.781,11.486,11.227,13.485,13.36,14.275,14.356,13.993,13.507,13.727,13.256,13.109,14.212,14.221,14.46,14.245,14.149,13.871,13.486,13.959,13.869,13.549,13.92,14.074,13.425,12.771,13.508,13.624,13.034,12.739,12.39,12.026,12.116,12.918,13.893,13.687,13.871,14.375,14.772,13.963,14.13,14.645,15.066,15.4,15.969,15.355,14.893,15.497,15.222,15.88,16.033,15.904,15.504,15.399,15.896,16.021,15.293,15.187,15.659,15.701,15.334,15.696,16.449,16.731,16.888,15.016,14.75,14.295,14.051,14.33,14.106,13.325,13.106,12.908,12.301,13.009,13.583,14.027,14.567,14.12,13.268,12.27,12.652,12.943,13.43,13.61,13.376,12.836,11.914,12.716,13.355,13.549,13.528,13.687,13.498,10.953,10.868,11.333,11.62,11.761,11.886,12.075,12.033,12.217,12.385,12.615,12.69,12.71,12.603,12.196,12.279,11.941,12.378,12.514,12.545,12.378,11.913,11.843,11.572,11.972,12.349,12.389,12.476,11.995,12.163,12.366,13.802,13.712,13.792,13.545,13.113,13.376,13.498,13.548,13.464,12.987,12.186,11.059,10.843,11.595,11.934,12.241,12.413,12.681,12.256,12.526,12.809,12.912,13.091,12.815,12.454,11.608,11.642,11.812,11.85,11.561,10.249,10.062,9.741,9.843,9.78,10.214,10.505,10.677,10.542,10.186,10.705,10.895,10.916,10.81,10.952,10.933,10.375,10.458,10.876,11.111,11.184,11.461,11.173,10.656,11.043,11.26,11.234,11.124,11.341,11.505,11.117,11.648,11.859,12.165,12.155,12.194,11.879,11.363,11.749,11.737,11.942,12.014,12.19,12.358,11.805,11.909,12.317,12.441,12.451,12.51,12.602,12.331,12.371,12.546,12.469,11.63,10.869,11.22,11.552,11.259,11.407,11.421,10.559,10.703,11.045,11.013,10.76,10.831,11.018,11.29,11.136,11.154,11.206,10.686,11.195,11.382,11.237,11.211,11.362,11.288,10.992,11.299,11.404,11.366,11.556,11.65,11.421,11.179,11.661,11.537,10.191,10.891,10.931,11.156,11.048,10.617,10.832,10.229,9.98,10.358,10.957,11.085,10.804,11.37,11.425,11.395,11.148,10.533,9.963,9.25,9.96,10.345,10.619,10.834,10.895,11.149,10.723,11.131,11.262,11.319,11.264,10.835,10.789,10.649,11.111,11.575,11.616,11.688,11.862,11.597,11.302,11.774,12.008,12.095,12.243,12.122,12.006,11.568,11.873,12.195,12.073,11.919,11.676,11.356,10.435,11.104,11.626,11.638,11.741,11.726,11.285,10.292,9.492,9.858,10.266,10.289,10.614,10.769,10.37,10.795,11.149,11.273,11.445,11.363,11.197,10.606,10.806,11.212,11.503,11.222,11.725,11.599,11.186,11.482,11.562,10.84,10.32,9.886,10.161,10.579,11.089,11.282,11.028,12.542,12.774,13.278,12.311,12.93,13.061,13.336,13.514,13.407,12.899,12.346,12.854,12.788,12.553,12.723,13.067,12.829,12.216,12.614,12.693,12.901,12.981,12.959,12.546,11.496,11.553,11.904,11.781,11.486,11.227,10.072,9.979,10.662,10.723,10.451,10.089,10.253,9.901,9.791,10.615,10.622,10.801,10.64,10.568,10.36,10.073,10.426,10.359,10.12,10.397,10.512,10.028,9.539,10.089,10.176,9.735,9.515,9.254,8.982,9.049,9.649,12.21,12.029,12.191,12.633,12.982,12.271,12.418,12.871,13.24,13.534,14.034,13.495,13.089,13.619,13.378,13.956,14.09,13.977,13.626,13.533,13.97,14.08,13.441,13.347,13.762,13.798,13.476,13.794,14.456,14.704,14.842,11.233,11.035,10.694,10.512,10.721,10.553,9.969,9.805,9.657,9.203,9.732,10.162,10.494,10.898,10.564,9.926,9.18,9.465,9.683,10.047,10.181,10.007,9.602,8.913,9.513,9.991,10.136,10.121,10.239,10.098,10.953,10.868,11.333,11.62,11.761,11.886,12.075,12.033,12.217,12.385,12.615,12.69,12.71,12.603,12.196,12.279,11.941,12.378,12.514,12.545,12.378,11.913,11.843,11.572,11.972,12.349,12.389,12.476,11.995,12.163,12.366,13.802,13.712,13.792,13.545,13.113,13.376,13.498,13.548,13.464,12.987,12.186,11.059,10.843,11.595,11.934,12.241,12.413,12.681,12.256,12.526,12.809,12.912,13.091,12.815,12.454,11.608,11.642,11.812,11.85,11.561,10.249,10.062,9.741,9.843,9.78,10.214,10.505,10.677,10.542,10.186,10.705,10.895,10.916,10.81,10.952,10.933,10.375,10.458,10.876,11.111,11.184,11.461,11.173,10.656,11.043,11.26,11.234,11.124,11.341,11.505,11.117
Guntur_91,8.461,8.519,8.679,8.701,8.378,8.426,8.609,8.62,8.448,8.353,8.506,8.509,8.613,8.46,8.214,8.169,8.55,8.513,8.168,8.516,8.578,8.387,8.481,8.686,8.78,8.379,8.648,8.775,8.842,8.901,8.828,9.791,9.321,9.619,9.868,9.869,9.861,9.971,9.628,9.417,9.578,9.622,9.722,10.066,10.05,10.149,9.723,9.962,10.166,10.124,9.903,9.56,9.641,9.387,9.703,9.875,9.983,9.863,9.805,9.694,8.48,8.721,8.818,8.679,8.542,8.595,8.711,8.456,8.392,7.783,8.086,8.578,8.631,8.575,8.245,8.533,8.804,8.767,9.718,9.575,9.236,9.088,8.927,9.289,9.619,9.726,9.687,9.636,9.337,9.092,9.072,9.384,9.592,9.658,9.596,9.224,9.688,9.735,9.685,9.748,9.821,9.638,9.409,9.945,9.763,9.693,9.41,9.341,9.25,8.94,9.499,9.549,9.314,9.462,9.56,9.468,9.283,9.626,9.636,9.654,9.487,8.334,8.353,8.232,8.473,8.44,8.544,8.771,8.761,8.707,8.361,8.227,8.297,8.266,8.199,8.246,8.15,8.176,7.654,8.014,8.254,8.0,7.891,8.098,8.225,7.863,8.05,8.187,8.421,8.398,8.206,8.016,6.248,6.327,6.31,6.482,6.433,6.473,6.351,6.751,6.872,6.961,6.875,6.894,6.693,6.464,6.79,6.784,6.891,6.985,6.842,6.798,6.535,6.909,7.088,6.999,6.998,6.76,6.615,6.415,6.717,7.053,0.0,0.0,0.0,0.0,0.0,0.0,0.0,0.0,0.0,0.0,0.0,0.0,0.0,0.0,0.0,0.0,0.0,0.0,0.0,0.0,0.0,0.0,0.0,0.0,0.0,0.0,0.0,0.0,0.0,0.0,0.0,0.0,0.0,0.0,0.0,0.0,0.0,0.0,0.0,0.0,0.0,0.0,0.0,0.0,0.0,0.0,0.0,0.0,0.0,0.0,0.0,0.0,0.0,0.0,0.0,0.0,0.0,0.0,0.0,0.0,0.0,0.0,7.882,7.909,7.912,8.065,8.128,7.702,7.785,8.002,8.36,8.242,8.134,7.874,7.634,7.719,7.849,7.96,7.809,7.752,7.961,7.611,7.747,7.642,7.507,7.745,7.783,7.436,7.191,7.745,7.909,7.844,7.248,7.203,7.415,7.184,7.318,7.537,7.788,7.896,7.899,7.665,7.243,7.318,7.431,7.113,7.236,7.317,7.481,7.287,7.459,7.466,7.437,7.295,7.112,7.102,6.74,6.875,7.231,7.372,7.538,7.679,7.618,8.223,8.51,8.601,8.573,8.486,8.677,8.551,8.207,8.375,8.346,8.287,8.432,8.279,7.536,7.321,7.375,7.86,8.086,8.224,8.286,8.22,8.082,8.476,8.441,8.21,7.735,7.752,7.904,8.044,8.326,8.76,8.889,8.796,8.882,8.828,8.447,8.615,8.764,8.607,8.745,8.821,8.652,8.42,8.658,8.892,8.901,8.984,9.109,8.955,8.829,9.066,9.29,9.408,9.267,9.254,9.398,9.041,9.312,9.412,9.361,9.361,8.564,8.314,8.026,8.245,8.31,8.343,8.23,8.329,8.168,8.137,8.468,8.514,8.484,8.384,8.4,8.569,8.465,8.555,8.84,9.016,9.171,9.123,8.983,8.668,8.746,8.446,8.668,8.777,8.943,8.925,8.663,9.696,9.816,9.894,9.713,9.748,9.676,9.406,9.508,9.729,9.913,9.959,9.964,9.918,9.683,9.839,9.839,9.804,9.717,9.608,9.61,9.45,9.818,9.979,10.127,10.16,10.227,10.179,10.018,10.147,10.198,10.164,10.127,10.354,10.295,9.894,10.126,10.32,10.429,10.323,9.967,9.786,9.781,10.147,10.222,10.377,10.529,10.497,10.386,10.057,10.164,9.911,10.147,10.31,10.167,10.218,9.835,9.272,9.425,9.864,9.813,10.064,10.144,9.926,10.191,10.188,10.197,10.434,10.333,10.309,9.939,10.26,10.325,9.943,9.986,10.069,9.824,9.756,9.949,10.135,9.812,9.618,9.519,9.669,9.475,9.832,9.979,9.937,9.979,9.92,8.78,8.615,8.668,8.709,8.541,8.639,8.823,8.759,8.571,8.738,8.526,8.247,8.009,8.28,8.219,7.605,7.646,7.47,7.488,7.434,7.537,7.798,7.958,8.139,8.009,7.859,7.89,8.19,8.385,7.908,8.301,7.635,8.22,8.38,8.405,8.205,7.825,8.063,7.933,7.91,7.74,7.483,7.465,7.102,7.743,7.78,7.979,8.032,8.089,7.746,7.353,7.966,8.267,8.721,8.378,8.341,8.112,8.308,8.928,9.229,9.031,8.172,7.89,7.913,8.01,8.467,8.625,8.563,8.4,8.276,8.427,7.862,7.777,7.693,7.59,7.721,8.09,8.162,7.405,6.843,6.851,6.709,6.909,7.276,7.121,7.008,7.237,7.172,6.754,6.885,6.849,6.746,11.04,12.056,12.391,12.594,13.029,13.213,13.644,13.561,13.824,13.846,13.87,14.066,14.185,13.832,13.479,12.673,14.441,14.201,13.826,13.725,13.461,12.885,13.435,13.527,13.59,13.706,13.892,13.768,13.27,13.496,13.409,0.0,0.0,0.0,0.0,0.0,0.0,0.0,0.0,0.0,0.0,0.0,0.0,0.0,0.0,0.0,0.0,0.0,0.0,0.0,0.0,0.0,0.0,0.0,0.0,0.0,0.0,0.0,0.0,0.0,0.0,8.328,8.027,7.831,8.192,8.369,8.535,8.539,8.624,8.499,8.231,8.621,8.711,8.726,8.603,8.334,8.442,7.999,7.809,8.151,8.228,8.177,8.127,8.233,7.735,8.049,8.117,8.097,8.038,8.142,8.06,7.931,8.51,8.51,8.415,7.773,7.529,8.053,7.895,8.322,8.546,8.847,8.604,8.789,8.724,8.581,8.696,8.682,8.781,8.858,8.634,8.639,8.269,8.745,8.879,8.931,8.851,8.784,8.662,8.192,8.346,8.384,8.715,8.469,8.637,8.655,8.471,8.753,8.927,8.902,8.999,8.861,8.783,8.42,8.834,9.126,9.1,9.013,8.966,8.953,8.505,9.116,9.388,9.55,9.645,9.716,9.619,9.331,9.528,9.332,9.106,9.012,9.168,9.474,9.112,9.625,9.89,10.04,9.849,9.808,9.467,9.041,9.343,9.396,9.442,9.63,9.447,9.21,9.206,9.645,9.944,9.951,9.903,9.992,9.46,9.307,9.824,9.882,9.569,9.732,9.872,9.912,9.902,10.083,10.719,10.762,10.349,10.527,10.653,10.501,10.687,10.983,10.785,10.557,10.616,10.59,10.462,10.529,10.602,10.755,10.663,10.718,10.624,10.447,10.716,10.684,10.698,10.999,10.766,10.592,10.196,10.646,9.829,9.627,9.571,9.838,9.996,9.752,9.714,9.784,9.881,10.056,10.187,10.163,9.915,10.136,10.203,10.342,10.303,9.73,9.8,9.992,10.275,10.359,10.417,10.512,10.468,10.397,10.075,10.262,10.359,10.55,10.614,11.18,11.168,10.821,11.206,11.321,11.113,11.289,11.224,11.266,10.911,11.13,11.292,11.315,11.205,11.089,11.249,10.736,11.028,11.222,11.138,11.181,11.206,11.192,10.838,11.217,11.35,11.466,11.39,11.288,10.996,12.682,12.994,12.95,13.257,13.244,13.595,13.511,12.906,13.104,12.902,12.96,12.944,12.822,12.697,12.348,12.849,13.156,13.525,13.394,12.835,11.705,10.877,10.746,11.699,12.57,12.65,12.46,12.352,12.246,12.932,13.119,12.059,12.181,12.166,12.029,11.736,12.059,12.139,11.882,11.77,12.056,11.935,11.588,12.157,12.328,11.998,11.731,11.56,11.283,10.473,10.503,10.592,11.434,11.878,11.74,11.507,11.172,11.823,11.99,11.512,10.718,10.605,10.784,10.511,11.3,11.348,11.335,11.372,11.158,10.691,10.015,10.396,10.42,10.582,10.425,10.451,10.472,10.019,10.778,10.944,10.75,10.091,10.396,10.128,9.413,10.128,10.792,10.916,10.831,11.023,10.663,10.029,8.69,8.911,9.279,9.272,8.949,8.684,8.261,8.464,8.455,8.451,7.965,8.397,8.716,8.125,7.705,8.252,8.728,9.028,8.92,8.807,8.427,8.886,9.109,9.027,9.178,9.477,9.168,8.779,9.413,9.659,9.597,9.88,9.975,9.923,9.341,9.818,9.972,10.013,9.877,9.621,9.378,8.757,8.896,8.934,8.939,8.803,8.364,8.649,8.712,9.203,9.187,9.074,8.696,8.557,8.445,8.473,9.224,9.295,9.263,9.396,9.421,11.273,10.769,11.427,11.771,11.158,11.319,11.264,11.329,10.951,11.299,11.197,11.388,11.4,11.304,11.141,10.756,11.615,11.727,11.746,11.709,11.558,11.252,10.582,9.98,9.771,10.47,11.048,11.274,11.332,11.02,11.135,9.24,9.358,9.277,9.427,9.394,9.2,9.334,9.407,9.41,9.405,9.414,9.133,8.909,8.977,9.215,9.353,9.423,9.506,9.536,9.165,9.501,9.635,9.612,9.608,9.611,9.62,9.408,9.65,9.531,9.542,8.967,9.099,9.114,8.795,8.981,9.188,9.297,9.072,9.005,8.657,8.427,8.872,8.886,8.939,9.106,9.289,9.357,9.148,9.508,9.539,9.465,9.504,9.66,9.598,9.269,9.456,9.635,9.788,9.823,9.71,9.608,11.086,11.386,11.34,11.15,11.29,11.373,11.439,11.335,11.518,11.535,11.639,11.669,11.736,11.32,10.869,11.176,11.402,11.619,11.516,11.659,11.521,11.187,11.271,11.471,11.385,10.64,10.984,11.309,11.022,11.167,11.18,8.815,8.935,9.22,9.193,8.982,9.041,9.198,9.425,9.296,9.311,9.354,8.921,9.346,9.501,9.38,9.359,9.485,9.423,9.176,9.432,9.52,9.488,9.646,9.725,9.534,9.332,9.734,9.631,11.867,11.911,12.155,12.039,11.569,11.803,11.145,10.875,11.287,11.939,12.079,11.773,12.389,12.449,12.417,12.147,11.477,10.856,10.079,10.852,11.272,11.57,11.805,11.871,12.148,11.684,12.129,12.271,12.333,12.273,11.806,10.872,10.731,11.196,11.664,11.705,11.777,11.952,11.686,11.389,11.864,12.1,12.188,12.337,12.215,12.098,11.657,11.964,12.289,12.165,12.01,11.765,11.443,10.515,11.189,11.715,11.727,11.831,11.816,11.371,10.37,10.093,10.483,10.916,10.941,11.286,11.451,11.027,11.479,11.856,11.988,12.171,12.083,11.906,11.278,11.491,11.922,12.232,11.933,12.468,12.334,11.895,12.21,12.294,11.526,10.973,10.512,10.805,11.249,11.791,11.997,11.727,11.007,11.21,11.652,10.803,11.346,11.462,11.703,11.859,11.766,11.319,10.835,11.28,11.222,11.016,11.165,11.467,11.258,10.721,11.07,11.138,11.322,11.391,11.372,11.01,10.089,10.139,10.446,10.338,10.079,9.852,8.492,8.413,8.989,9.04,8.812,8.506,8.644,8.348,8.255,8.95,8.955,9.106,8.97,8.91,8.735,8.493,8.79,8.734,8.532,8.766,8.863,8.454,8.042,8.506,8.579,8.208,8.022,7.802,7.573,7.63,8.135,13.893,13.687,13.871,14.375,14.772,13.963,14.13,14.645,15.066,15.4,15.969,15.355,14.893,15.497,15.222,15.88,16.033,15.904,15.504,15.399,15.896,16.021,15.293,15.187,15.659,15.701,15.334,15.696,16.449,16.731,16.888,8.775,8.62,8.354,8.211,8.375,8.244,7.787,7.659,7.543,7.189,7.602,7.938,8.197,8.513,8.252,7.753,7.171,7.393,7.564,7.848,7.953,7.817,7.501,6.962,7.431,7.804,7.918,7.906,7.998,7.888,10.303,10.223,10.661,10.931,11.063,11.18,11.358,11.319,11.492,11.65,11.867,11.937,11.956,11.855,11.473,11.55,11.232,11.643,11.771,11.801,11.644,11.206,11.14,10.886,11.261,11.617,11.654,11.736,11.283,11.441,11.632,13.116,13.031,13.107,12.872,12.462,12.711,12.827,12.875,12.795,12.342,11.581,10.51,10.304,11.019,11.342,11.633,11.796,12.051,11.648,11.904,12.173,12.271,12.441,12.179,11.835,11.031,11.063,11.225,11.262,10.986,10.511,10.32,9.991,10.095,10.031,10.476,10.775,10.951,10.812,10.447,10.98,11.175,11.196,11.087,11.232,11.213,10.641,10.726,11.155,11.396,11.471,11.755,11.46,10.929,11.326,11.549,11.522,11.41,11.632,11.8,11.402,10.841,11.037,11.322,11.313,11.349,11.056,10.576,10.935,10.924,11.115,11.181,11.345,11.502,10.987,11.084,11.464,11.579,11.588,11.644,11.728,11.476,11.514,11.677,11.605,10.824,10.116,10.442,10.752,10.479,10.617,10.629,10.867,11.015,11.367,11.334,11.074,11.147,11.34,11.62,11.461,11.479,11.533,10.998,11.522,11.714,11.565,11.538,11.694,11.618,11.313,11.629,11.737,11.698,11.893,11.99,11.754,11.505,12.001,11.874,10.488,11.635,11.678,11.918,11.803,11.342,11.572,10.927,10.662,11.066,11.706,11.843,11.542,12.146,12.206,12.174,11.909,11.253,10.644,9.882,10.64,11.052,11.344,11.574,11.639,11.91,11.455,11.891,12.031,12.092,12.033,11.575,9.857,9.729,10.151,10.576,10.613,10.678,10.837,10.596,10.326,10.757,10.971,11.051,11.186,11.075,10.969,10.569,10.848,11.142,11.03,10.89,10.668,10.376,9.534,10.145,10.622,10.633,10.727,10.713,10.31,9.403,8.689,9.025,9.398,9.419,9.716,9.858,9.493,9.882,10.207,10.32,10.478,10.402,10.25,9.709,9.892,10.264,10.53,10.273,10.734,10.618,10.24,10.511,10.584,9.923,9.447,9.05,9.302,9.684,10.151,10.328,10.096,11.007,11.21,11.652,10.803,11.346,11.462,11.703,11.859,11.766,11.319,10.835,11.28,11.222,11.016,11.165,11.467,11.258,10.721,11.07,11.138,11.322,11.391,11.372,11.01,10.089,10.139,10.446,10.338,10.079,9.852,9.221,9.135,9.76,9.816,9.568,9.235,9.386,9.064,8.963,9.718,9.724,9.887,9.74,9.675,9.484,9.221,9.545,9.483,9.264,9.518,9.623,9.18,8.732,9.236,9.315,8.912,8.71,8.472,8.223,8.284,8.833,10.872,10.71,10.855,11.248,11.559,10.926,11.057,11.46,11.789,12.051,12.496,12.015,11.654,12.126,11.911,12.426,12.546,12.445,12.132,12.05,12.438,12.537,11.967,11.884,12.254,12.286,11.999,12.282,12.871,13.092,13.215,16.372,16.082,15.586,15.32,15.624,15.38,14.528,14.29,14.074,13.412,14.183,14.81,15.293,15.882,15.395,14.465,13.378,13.794,14.112,14.642,14.838,14.584,13.994,12.99,13.864,14.56,14.772,14.75,14.923,14.717,10.303,10.223,10.661,10.931,11.063,11.18,11.358,11.319,11.492,11.65,11.867,11.937,11.956,11.855,11.473,11.55,11.232,11.643,11.771,11.801,11.644,11.206,11.14,10.886,11.261,11.617,11.654,11.736,11.283,11.441,11.632,13.116,13.031,13.107,12.872,12.462,12.711,12.827,12.875,12.795,12.342,11.581,10.51,10.304,11.019,11.342,11.633,11.796,12.051,11.648,11.904,12.173,12.271,12.441,12.179,11.835,11.031,11.063,11.225,11.262,10.986,10.511,10.32,9.991,10.095,10.031,10.476,10.775,10.951,10.812,10.447,10.98,11.175,11.196,11.087,11.232,11.213,10.641,10.726,11.155,11.396,11.471,11.755,11.46,10.929,11.326,11.549,11.522,11.41,11.632,11.8,11.402
Guntur_92,7.356,7.407,7.547,7.565,7.284,7.326,7.485,7.495,7.346,7.263,7.396,7.399,7.489,7.356,7.142,7.103,7.435,7.402,7.102,7.405,7.459,7.292,7.374,7.552,7.634,7.285,7.52,7.63,7.688,7.739,7.676,6.549,6.234,6.434,6.6,6.601,6.596,6.669,6.44,6.298,6.406,6.436,6.503,6.733,6.722,6.788,6.504,6.663,6.8,6.771,6.624,6.394,6.449,6.279,6.49,6.605,6.677,6.597,6.558,6.484,6.867,7.062,7.14,7.028,6.917,6.959,7.054,6.847,6.796,6.302,6.548,6.946,6.988,6.943,6.676,6.909,7.129,7.099,7.869,7.753,7.479,7.359,7.228,7.522,7.789,7.875,7.844,7.803,7.56,7.362,7.346,7.417,7.581,7.633,7.585,7.29,7.657,7.694,7.655,7.705,7.763,7.618,7.437,7.86,7.716,7.661,7.438,7.383,7.311,7.066,7.508,7.547,7.361,7.478,7.556,7.483,7.338,7.609,7.616,7.63,7.499,7.568,7.586,7.475,7.694,7.665,7.759,7.965,7.956,7.907,7.593,7.471,7.535,7.506,7.446,7.488,7.401,7.425,6.95,7.278,7.496,7.265,7.166,7.354,7.469,7.14,7.31,7.435,7.647,7.626,7.452,7.279,5.626,5.698,5.682,5.837,5.793,5.829,5.719,6.08,6.189,6.269,6.192,6.208,6.027,5.821,6.115,6.11,6.206,6.291,6.161,6.122,5.885,6.222,6.383,6.303,6.302,6.087,5.957,5.777,6.049,6.352,0.0,0.0,0.0,0.0,0.0,0.0,0.0,0.0,0.0,0.0,0.0,0.0,0.0,0.0,0.0,0.0,0.0,0.0,0.0,0.0,0.0,0.0,0.0,0.0,0.0,0.0,0.0,0.0,0.0,0.0,0.0,0.0,0.0,0.0,0.0,0.0,0.0,0.0,0.0,0.0,0.0,0.0,0.0,0.0,0.0,0.0,0.0,0.0,0.0,0.0,0.0,0.0,0.0,0.0,0.0,0.0,0.0,0.0,0.0,0.0,0.0,0.0,6.593,6.616,6.619,6.747,6.799,6.442,6.512,6.693,6.993,6.894,6.804,6.587,6.386,6.457,6.566,6.659,6.532,6.485,6.659,6.366,6.48,6.392,6.279,6.479,6.51,6.221,6.015,6.478,6.616,6.562,6.001,5.963,6.14,5.948,6.059,6.241,6.448,6.538,6.54,6.347,5.997,6.059,6.153,5.889,5.991,6.058,6.194,6.034,6.175,6.181,6.158,6.04,5.888,5.88,5.58,5.693,5.987,6.104,6.241,6.358,6.308,7.201,7.453,7.533,7.508,7.431,7.599,7.489,7.187,7.335,7.309,7.258,7.385,7.25,6.6,6.412,6.459,6.883,7.082,7.202,7.256,7.199,7.078,7.423,7.393,7.19,6.774,6.789,6.922,7.045,7.292,6.78,6.879,6.808,6.874,6.832,6.537,6.668,6.782,6.661,6.768,6.826,6.696,6.516,6.701,6.882,6.888,6.953,7.049,6.93,6.833,7.016,7.19,7.281,7.172,7.162,7.273,6.997,7.206,7.284,7.244,7.245,7.253,7.041,6.797,6.983,7.038,7.065,6.97,7.054,6.917,6.891,7.171,7.21,7.185,7.101,7.114,7.257,7.169,7.245,7.487,7.635,7.767,7.727,7.607,7.341,7.407,7.153,7.341,7.433,7.574,7.559,7.337,7.666,7.761,7.823,7.679,7.707,7.65,7.436,7.518,7.692,7.838,7.874,7.878,7.842,7.656,7.779,7.779,7.752,7.682,7.596,7.598,7.471,7.762,7.889,8.007,8.033,8.086,8.048,7.92,7.693,7.732,7.707,7.678,7.85,7.806,7.501,7.677,7.824,7.907,7.827,7.557,7.42,7.416,7.693,7.75,7.868,7.983,7.959,7.875,7.626,7.706,7.514,7.694,7.817,7.709,7.748,7.457,7.03,7.146,7.479,8.126,8.334,8.4,8.22,8.439,8.436,8.444,8.64,8.557,8.537,8.23,8.496,8.55,8.234,8.269,8.338,8.135,8.079,8.239,8.392,8.125,7.965,7.882,8.007,7.846,8.142,8.264,8.229,8.263,8.215,7.805,7.659,7.705,7.742,7.593,7.68,7.843,7.787,7.619,7.768,7.579,7.332,7.119,7.36,7.306,6.761,6.797,6.641,6.657,6.608,6.7,6.932,7.075,7.235,7.12,6.987,7.014,7.281,7.454,7.03,7.38,6.484,6.98,7.116,7.138,6.968,6.645,6.847,6.737,6.717,6.573,6.355,6.339,6.031,6.575,6.607,6.776,6.821,6.869,6.578,6.244,6.765,7.021,7.406,7.114,7.083,6.888,7.055,7.581,7.837,7.669,8.172,7.89,7.913,8.01,8.467,8.625,8.563,8.4,8.276,8.427,7.862,7.777,7.693,7.59,7.721,8.09,8.162,7.405,6.843,6.851,6.709,6.909,7.276,7.121,7.008,7.237,7.172,6.754,6.885,6.849,6.746,11.04,12.056,12.391,12.594,13.029,13.213,13.644,13.561,13.824,13.846,13.87,14.066,14.185,13.832,13.479,12.673,14.441,14.201,13.826,13.725,13.461,12.885,13.435,13.527,13.59,13.706,13.892,13.768,13.27,13.496,13.409,0.0,0.0,0.0,0.0,0.0,0.0,0.0,0.0,0.0,0.0,0.0,0.0,0.0,0.0,0.0,0.0,0.0,0.0,0.0,0.0,0.0,0.0,0.0,0.0,0.0,0.0,0.0,0.0,0.0,0.0,7.701,7.422,7.242,7.575,7.739,7.893,7.896,7.975,7.86,7.611,7.972,8.056,8.069,7.955,7.707,7.806,7.397,7.221,7.538,7.609,7.561,7.515,7.613,7.152,7.443,7.506,7.488,7.433,7.529,7.453,7.334,7.817,7.817,7.73,7.14,6.916,7.397,7.252,7.644,7.85,8.126,7.904,8.073,8.014,7.883,7.988,7.975,8.066,8.136,7.931,7.935,7.596,8.033,8.156,8.204,8.13,8.069,7.956,7.525,7.666,7.701,6.805,6.613,6.744,6.758,6.615,6.834,6.97,6.951,7.027,6.919,6.858,6.574,6.898,7.126,7.106,7.037,7.001,6.99,6.641,7.118,7.33,7.457,7.531,7.587,7.511,7.286,7.44,7.287,7.11,7.037,7.158,7.879,7.579,8.005,8.225,8.35,8.191,8.157,7.873,7.519,7.77,7.814,7.852,8.009,7.857,7.659,7.656,8.022,8.27,8.276,8.236,8.31,7.867,7.74,8.17,8.219,7.958,8.094,8.21,8.243,8.235,8.386,8.365,8.398,8.076,8.215,8.313,8.194,8.339,8.57,8.416,8.238,8.284,8.264,8.164,8.217,8.273,8.393,8.321,8.363,8.291,8.152,8.362,8.338,8.348,8.583,8.401,8.265,7.956,8.308,8.662,8.485,8.435,8.67,8.81,8.595,8.561,8.623,8.708,8.863,8.978,8.957,8.738,8.933,8.992,9.114,9.08,8.575,8.637,8.806,9.055,9.13,9.181,9.264,9.225,9.163,8.879,9.044,9.129,9.298,9.354,10.166,10.155,9.839,10.189,10.294,10.105,10.265,10.206,10.245,9.921,10.121,10.268,10.289,10.189,10.083,10.229,9.762,10.028,10.204,10.127,10.166,10.189,10.177,9.855,10.199,10.321,10.426,10.357,10.264,9.999,8.247,8.45,8.421,8.621,8.613,8.841,8.786,8.393,8.522,8.39,8.428,8.417,8.338,8.257,8.03,8.356,8.556,8.795,8.71,8.347,7.612,7.073,6.988,7.608,8.174,8.226,8.103,8.032,7.964,8.41,8.532,12.059,12.181,12.166,12.029,11.736,12.059,12.139,11.882,11.77,12.056,11.935,11.588,12.157,12.328,11.998,11.731,11.56,11.283,10.473,10.503,10.592,11.434,11.878,11.74,11.507,11.172,11.823,11.99,11.512,10.718,10.605,10.784,10.511,11.3,11.348,11.335,11.372,11.158,10.691,10.015,10.396,10.42,10.582,10.425,10.451,10.472,10.019,10.778,10.944,10.75,10.091,10.396,10.128,9.413,10.128,10.792,10.916,10.831,11.023,10.663,10.029,7.317,7.503,7.813,7.807,7.535,7.312,6.956,7.127,7.119,7.116,6.707,7.071,7.339,6.841,6.488,6.949,7.349,7.602,7.51,7.416,7.096,7.482,7.67,7.601,7.728,7.98,7.719,7.392,7.926,8.133,8.08,8.92,9.005,8.959,8.433,8.863,9.003,9.04,8.917,8.686,8.466,7.906,8.032,8.066,8.07,7.947,7.552,7.808,7.865,8.308,8.294,8.192,7.851,7.726,7.624,7.649,8.327,8.391,8.363,8.483,8.505,7.233,6.91,7.332,7.553,7.16,7.263,7.228,7.27,7.027,7.25,7.184,7.307,7.315,7.254,7.149,6.902,7.453,7.525,7.537,7.513,7.416,7.22,6.79,6.404,6.27,6.718,7.089,7.234,7.271,7.071,7.145,7.668,7.766,7.699,7.823,7.796,7.635,7.746,7.807,7.809,7.805,7.813,7.579,7.394,7.45,7.647,7.762,7.82,7.889,7.914,7.606,7.885,7.996,7.977,7.974,7.976,7.983,7.808,8.008,7.91,7.919,8.455,8.58,8.594,8.293,8.469,8.664,8.767,8.554,8.492,8.163,7.946,8.366,8.379,8.43,8.587,8.759,8.824,8.627,8.965,8.995,8.925,8.962,9.109,9.05,8.74,8.917,9.085,9.23,9.263,9.156,9.06,8.69,8.925,8.889,8.74,8.849,8.915,8.967,8.885,9.028,9.041,9.123,9.147,9.199,8.873,8.519,8.76,8.937,9.107,9.026,9.139,9.031,8.769,8.835,8.991,8.924,8.34,8.609,8.864,8.64,8.753,8.763,8.18,8.291,8.556,8.531,8.335,8.39,8.535,8.746,8.626,8.64,8.681,8.278,8.673,8.817,8.705,8.685,8.802,8.745,8.515,8.753,8.834,8.805,8.952,9.025,8.847,8.66,9.033,8.938,9.958,9.995,10.2,10.102,9.708,9.905,9.353,9.126,9.471,10.019,10.136,9.879,10.396,10.447,10.42,10.193,9.631,9.11,8.458,9.107,9.459,9.71,9.906,9.962,10.194,9.805,10.178,10.297,10.35,10.299,9.907,8.211,8.104,8.456,8.809,8.84,8.895,9.027,8.826,8.601,8.96,9.138,9.205,9.318,9.225,9.137,8.804,9.036,9.281,9.188,9.071,8.886,8.643,7.941,8.451,8.848,8.857,8.936,8.924,8.588,7.832,7.203,7.481,7.79,7.808,8.054,8.172,7.869,8.192,8.461,8.555,8.686,8.623,8.497,8.048,8.2,8.508,8.729,8.516,8.898,8.802,8.489,8.714,8.774,8.226,7.831,7.502,7.711,8.028,8.415,8.562,8.369,9.1,9.268,9.634,8.932,9.381,9.477,9.676,9.805,9.728,9.359,8.958,9.327,9.279,9.108,9.232,9.481,9.308,8.864,9.152,9.209,9.361,9.418,9.403,9.103,8.341,8.383,8.637,8.548,8.334,8.146,8.492,8.413,8.989,9.04,8.812,8.506,8.644,8.348,8.255,8.95,8.955,9.106,8.97,8.91,8.735,8.493,8.79,8.734,8.532,8.766,8.863,8.454,8.042,8.506,8.579,8.208,8.022,7.802,7.573,7.63,8.135,10.25,10.098,10.234,10.605,10.898,10.301,10.424,10.804,11.115,11.361,11.781,11.328,10.987,11.433,11.23,11.715,11.828,11.733,11.438,11.36,11.727,11.819,11.283,11.204,11.553,11.583,11.313,11.579,12.135,12.343,12.459,8.677,8.524,8.261,8.12,8.281,8.152,7.7,7.574,7.46,7.109,7.518,7.85,8.106,8.418,8.16,7.667,7.091,7.311,7.48,7.761,7.865,7.73,7.417,6.885,7.348,7.717,7.829,7.818,7.909,7.8,8.162,8.099,8.446,8.66,8.764,8.857,8.998,8.967,9.104,9.229,9.401,9.457,9.472,9.392,9.089,9.15,8.898,9.224,9.325,9.349,9.224,8.878,8.825,8.624,8.921,9.203,9.232,9.297,8.939,9.064,9.215,10.346,10.279,10.339,10.154,9.83,10.027,10.118,10.156,10.093,9.735,9.135,8.29,8.128,8.692,8.946,9.176,9.305,9.506,9.188,9.39,9.602,9.679,9.814,9.607,9.336,8.701,8.727,8.854,8.883,8.666,8.087,7.939,7.686,7.766,7.717,8.059,8.289,8.425,8.318,8.037,8.447,8.597,8.614,8.53,8.641,8.627,8.187,8.252,8.582,8.767,8.825,9.043,8.816,8.408,8.713,8.885,8.864,8.778,8.949,9.078,8.772,8.762,8.921,9.151,9.144,9.173,8.936,8.548,8.838,8.829,8.984,9.037,9.169,9.296,8.88,8.959,9.265,9.359,9.366,9.411,9.479,9.276,9.306,9.438,9.38,8.748,8.176,8.44,8.69,8.47,8.581,8.591,8.957,9.079,9.369,9.342,9.127,9.187,9.346,9.577,9.446,9.461,9.505,9.065,9.496,9.655,9.531,9.51,9.638,9.575,9.324,9.585,9.673,9.642,9.802,9.882,9.688,9.482,9.891,9.787,8.644,8.446,8.478,8.652,8.569,8.234,8.401,7.933,7.74,8.033,8.498,8.597,8.379,8.818,8.861,8.838,8.646,8.169,7.727,7.174,7.724,8.023,8.235,8.402,8.449,8.646,8.316,8.633,8.734,8.778,8.736,8.403,7.806,7.705,8.039,8.375,8.404,8.457,8.582,8.391,8.178,8.519,8.688,8.751,8.859,8.771,8.687,8.37,8.591,8.824,8.735,8.624,8.448,8.217,7.55,8.034,8.412,8.421,8.495,8.484,8.165,7.446,7.644,7.939,8.267,8.286,8.548,8.672,8.351,8.693,8.979,9.079,9.217,9.151,9.017,8.541,8.702,9.029,9.264,9.038,9.443,9.341,9.008,9.247,9.311,8.73,8.311,7.961,8.183,8.52,8.93,9.086,8.881,9.1,9.268,9.634,8.932,9.381,9.477,9.676,9.805,9.728,9.359,8.958,9.327,9.279,9.108,9.232,9.481,9.308,8.864,9.152,9.209,9.361,9.418,9.403,9.103,8.341,8.383,8.637,8.548,8.334,8.146,8.112,8.036,8.586,8.635,8.417,8.125,8.257,7.974,7.885,8.549,8.554,8.698,8.568,8.511,8.344,8.112,8.397,8.343,8.15,8.373,8.466,8.076,7.682,8.125,8.195,7.84,7.663,7.453,7.234,7.288,7.77,7.756,7.641,7.743,8.024,8.246,7.795,7.888,8.175,8.41,8.597,8.914,8.572,8.314,8.651,8.497,8.864,8.95,8.878,8.655,8.596,8.873,8.943,8.537,8.478,8.742,8.765,8.56,8.762,9.182,9.34,9.428,10.123,9.944,9.637,9.472,9.661,9.51,8.983,8.836,8.702,8.293,8.77,9.157,9.456,9.82,9.519,8.944,8.272,8.529,8.726,9.054,9.175,9.018,8.653,8.032,8.573,9.003,9.134,9.12,9.227,9.1,8.162,8.099,8.446,8.66,8.764,8.857,8.998,8.967,9.104,9.229,9.401,9.457,9.472,9.392,9.089,9.15,8.898,9.224,9.325,9.349,9.224,8.878,8.825,8.624,8.921,9.203,9.232,9.297,8.939,9.064,9.215,10.346,10.279,10.339,10.154,9.83,10.027,10.118,10.156,10.093,9.735,9.135,8.29,8.128,8.692,8.946,9.176,9.305,9.506,9.188,9.39,9.602,9.679,9.814,9.607,9.336,8.701,8.727,8.854,8.883,8.666,8.087,7.939,7.686,7.766,7.717,8.059,8.289,8.425,8.318,8.037,8.447,8.597,8.614,8.53,8.641,8.627,8.187,8.252,8.582,8.767,8.825,9.043,8.816,8.408,8.713,8.885,8.864,8.778,8.949,9.078,8.772
Guntur_93,5.363,5.4,5.501,5.515,5.31,5.341,5.457,5.464,5.355,5.295,5.392,5.394,5.46,5.362,5.206,5.178,5.42,5.396,5.178,5.398,5.437,5.316,5.376,5.506,5.565,5.311,5.482,5.562,5.604,5.642,5.596,5.437,5.176,5.341,5.48,5.48,5.476,5.537,5.346,5.229,5.319,5.343,5.398,5.59,5.58,5.635,5.399,5.532,5.645,5.622,5.499,5.308,5.354,5.213,5.388,5.483,5.543,5.477,5.444,5.383,5.007,5.149,5.206,5.124,5.043,5.074,5.143,4.992,4.955,4.595,4.774,5.065,5.096,5.063,4.868,5.038,5.198,5.176,5.737,5.653,5.453,5.366,5.271,5.485,5.679,5.742,5.719,5.689,5.512,5.368,5.356,5.852,5.981,6.022,5.984,5.752,6.041,6.071,6.039,6.079,6.124,6.01,5.867,6.201,6.088,6.044,5.868,5.825,5.768,5.575,5.923,5.955,5.808,5.9,5.962,5.904,5.789,6.003,6.009,6.02,5.916,5.312,5.324,5.246,5.4,5.379,5.445,5.59,5.584,5.549,5.329,5.244,5.288,5.268,5.226,5.255,5.194,5.211,4.878,5.108,5.261,5.099,5.029,5.161,5.242,5.011,5.131,5.218,5.367,5.352,5.23,5.109,3.819,3.868,3.857,3.963,3.932,3.957,3.882,4.127,4.201,4.255,4.203,4.214,4.092,3.952,4.151,4.147,4.212,4.27,4.182,4.156,3.995,4.224,4.333,4.279,4.278,4.132,4.044,3.921,4.106,4.312,0.0,0.0,0.0,0.0,0.0,0.0,0.0,0.0,0.0,0.0,0.0,0.0,0.0,0.0,0.0,0.0,0.0,0.0,0.0,0.0,0.0,0.0,0.0,0.0,0.0,0.0,0.0,0.0,0.0,0.0,0.0,0.0,0.0,0.0,0.0,0.0,0.0,0.0,0.0,0.0,0.0,0.0,0.0,0.0,0.0,0.0,0.0,0.0,0.0,0.0,0.0,0.0,0.0,0.0,0.0,0.0,0.0,0.0,0.0,0.0,0.0,0.0,5.921,5.941,5.944,6.059,6.106,5.785,5.848,6.011,6.28,6.191,6.11,5.915,5.735,5.798,5.896,5.98,5.866,5.823,5.98,5.717,5.82,5.74,5.639,5.818,5.846,5.586,5.402,5.818,5.941,5.892,3.68,3.657,3.765,3.648,3.716,3.827,3.955,4.01,4.011,3.892,3.678,3.716,3.773,3.612,3.674,3.715,3.798,3.7,3.787,3.791,3.776,3.704,3.611,3.606,3.422,3.491,3.671,3.743,3.828,3.899,3.868,4.277,4.427,4.474,4.459,4.414,4.514,4.448,4.269,4.357,4.342,4.311,4.386,4.306,3.92,3.808,3.837,4.088,4.206,4.278,4.31,4.276,4.204,4.409,4.391,4.271,4.024,4.033,4.112,4.185,4.331,5.04,5.114,5.061,5.111,5.079,4.86,4.957,5.042,4.952,5.032,5.075,4.978,4.844,4.982,5.116,5.121,5.169,5.241,5.152,5.08,5.216,5.345,5.413,5.332,5.325,5.407,5.202,5.358,5.415,5.386,5.386,5.5,5.34,5.155,5.295,5.338,5.358,5.286,5.349,5.246,5.226,5.439,5.468,5.449,5.385,5.395,5.504,5.437,5.495,5.678,5.791,5.89,5.86,5.769,5.567,5.617,5.424,5.567,5.637,5.744,5.732,5.564,6.239,6.316,6.367,6.25,6.273,6.226,6.052,6.119,6.261,6.379,6.408,6.412,6.382,6.231,6.331,6.331,6.309,6.252,6.182,6.184,6.081,6.317,6.421,6.516,6.538,6.581,6.55,6.446,6.318,6.35,6.329,6.306,6.447,6.41,6.161,6.305,6.426,6.494,6.428,6.206,6.094,6.091,6.318,6.365,6.462,6.556,6.537,6.467,6.263,6.329,6.171,6.319,6.42,6.331,6.363,6.124,5.773,5.869,6.142,6.394,6.558,6.609,6.468,6.64,6.638,6.644,6.799,6.733,6.717,6.476,6.685,6.728,6.479,6.507,6.561,6.401,6.357,6.482,6.604,6.393,6.267,6.202,6.3,6.174,6.406,6.502,6.475,6.502,6.464,6.83,6.702,6.743,6.775,6.645,6.72,6.863,6.814,6.668,6.798,6.633,6.416,6.23,6.441,6.394,5.917,5.948,5.812,5.825,5.783,5.864,6.066,6.191,6.332,6.231,6.114,6.138,6.372,6.523,6.152,6.458,5.612,6.042,6.159,6.178,6.031,5.751,5.926,5.831,5.814,5.689,5.5,5.486,5.22,5.691,5.718,5.865,5.903,5.945,5.693,5.404,5.855,6.076,6.41,6.158,6.131,5.962,6.106,6.562,6.783,6.638,4.586,4.428,4.441,4.495,4.752,4.84,4.806,4.714,4.644,4.729,4.412,4.364,4.317,4.26,4.333,4.54,4.581,4.156,3.84,3.845,3.765,3.878,4.083,3.996,3.933,4.061,4.025,3.79,3.864,3.844,3.786,0.0,0.0,0.0,0.0,0.0,0.0,0.0,0.0,0.0,0.0,0.0,0.0,0.0,0.0,0.0,0.0,0.0,0.0,0.0,0.0,0.0,0.0,0.0,0.0,0.0,0.0,0.0,0.0,0.0,0.0,0.0,0.0,0.0,0.0,0.0,0.0,0.0,0.0,0.0,0.0,0.0,0.0,0.0,0.0,0.0,0.0,0.0,0.0,0.0,0.0,0.0,0.0,0.0,0.0,0.0,0.0,0.0,0.0,0.0,0.0,0.0,5.798,5.588,5.452,5.703,5.827,5.942,5.945,6.004,5.917,5.73,6.002,6.065,6.075,5.989,5.802,5.877,5.569,5.437,5.675,5.729,5.693,5.658,5.732,5.385,5.604,5.651,5.637,5.596,5.668,5.611,5.521,5.405,5.405,5.345,4.938,4.783,5.115,5.014,5.286,5.428,5.619,5.465,5.583,5.541,5.451,5.524,5.515,5.578,5.626,5.484,5.487,5.253,5.555,5.64,5.673,5.622,5.58,5.502,5.204,5.301,5.325,5.076,4.933,5.031,5.042,4.934,5.098,5.2,5.185,5.242,5.162,5.116,4.905,5.146,5.316,5.301,5.25,5.223,5.215,4.954,5.31,5.468,5.563,5.618,5.66,5.603,5.435,5.55,5.436,5.304,5.249,5.34,5.318,5.115,5.403,5.551,5.636,5.528,5.506,5.314,5.075,5.244,5.274,5.3,5.405,5.303,5.17,5.167,5.414,5.582,5.586,5.559,5.609,5.31,5.224,5.514,5.547,5.371,5.463,5.541,5.564,5.558,5.66,5.792,5.815,5.591,5.688,5.756,5.673,5.774,5.934,5.827,5.704,5.735,5.721,5.652,5.689,5.728,5.811,5.761,5.791,5.74,5.644,5.79,5.773,5.78,5.942,5.817,5.723,5.509,5.752,6.245,6.117,6.081,6.251,6.352,6.196,6.172,6.217,6.278,6.39,6.473,6.457,6.3,6.441,6.483,6.571,6.547,6.182,6.227,6.349,6.529,6.582,6.619,6.679,6.651,6.606,6.401,6.52,6.582,6.704,6.744,7.43,7.422,7.192,7.448,7.524,7.386,7.503,7.46,7.488,7.252,7.397,7.505,7.521,7.447,7.37,7.477,7.135,7.33,7.458,7.402,7.431,7.448,7.439,7.203,7.455,7.544,7.621,7.57,7.502,7.308,6.387,6.544,6.522,6.677,6.67,6.847,6.805,6.5,6.6,6.498,6.527,6.519,6.457,6.395,6.219,6.471,6.626,6.811,6.746,6.464,5.895,5.478,5.412,5.892,6.331,6.371,6.275,6.221,6.168,6.513,6.607,7.437,7.513,7.503,7.419,7.238,7.437,7.487,7.328,7.259,7.435,7.361,7.147,7.498,7.603,7.4,7.235,7.13,6.958,6.459,6.478,6.532,7.052,7.326,7.241,7.097,6.89,7.292,7.395,7.1,6.61,6.54,6.651,6.482,6.969,6.999,6.991,7.014,6.882,6.594,6.177,6.412,6.427,6.527,6.43,6.445,6.459,6.179,6.647,6.75,6.63,6.224,6.412,6.247,5.805,6.246,6.656,6.732,6.68,6.798,6.577,6.185,5.718,5.863,6.105,6.101,5.888,5.714,5.435,5.569,5.563,5.561,5.241,5.525,5.735,5.346,5.07,5.43,5.743,5.94,5.869,5.795,5.545,5.847,5.994,5.94,6.039,6.236,6.032,5.776,6.194,6.356,6.314,7.083,7.151,7.114,6.696,7.038,7.149,7.178,7.081,6.897,6.723,6.278,6.378,6.405,6.408,6.311,5.996,6.2,6.246,6.598,6.586,6.505,6.234,6.135,6.054,6.074,6.612,6.663,6.641,6.736,6.754,5.258,5.022,5.329,5.49,5.204,5.279,5.254,5.284,5.108,5.27,5.222,5.311,5.317,5.272,5.196,5.017,5.417,5.469,5.479,5.461,5.391,5.248,4.936,4.655,4.557,4.883,5.153,5.258,5.285,5.14,5.193,5.702,5.775,5.725,5.817,5.797,5.677,5.76,5.805,5.806,5.804,5.809,5.636,5.498,5.54,5.686,5.772,5.814,5.866,5.884,5.656,5.863,5.945,5.932,5.929,5.931,5.936,5.806,5.955,5.881,5.888,5.587,5.669,5.679,5.48,5.596,5.725,5.793,5.652,5.611,5.394,5.25,5.527,5.536,5.57,5.673,5.787,5.83,5.7,5.924,5.943,5.897,5.922,6.019,5.98,5.775,5.891,6.003,6.098,6.12,6.05,5.986,6.175,6.342,6.316,6.21,6.288,6.334,6.372,6.314,6.415,6.425,6.483,6.499,6.537,6.305,6.054,6.225,6.351,6.471,6.414,6.494,6.417,6.231,6.278,6.389,6.341,5.926,6.118,6.299,6.139,6.22,6.227,6.014,6.096,6.291,6.272,6.128,6.168,6.275,6.43,6.342,6.352,6.382,6.086,6.376,6.482,6.4,6.385,6.471,6.429,6.26,6.435,6.495,6.474,6.581,6.635,6.504,6.367,6.641,6.571,6.381,6.404,6.536,6.473,6.22,6.346,5.993,5.847,6.069,6.419,6.495,6.33,6.661,6.694,6.676,6.531,6.171,5.837,5.419,5.835,6.061,6.221,6.347,6.383,6.532,6.282,6.521,6.598,6.631,6.599,6.348,6.108,6.028,6.29,6.553,6.576,6.617,6.715,6.565,6.398,6.665,6.798,6.847,6.931,6.862,6.797,6.549,6.721,6.904,6.834,6.748,6.61,6.429,5.907,6.286,6.582,6.589,6.647,6.638,6.388,5.826,5.627,5.844,6.086,6.1,6.292,6.384,6.148,6.4,6.61,6.683,6.785,6.737,6.638,6.288,6.406,6.647,6.82,6.653,6.951,6.876,6.632,6.807,6.854,6.426,6.118,5.861,6.024,6.272,6.574,6.689,6.538,6.392,6.51,6.767,6.274,6.59,6.657,6.797,6.887,6.833,6.574,6.293,6.551,6.518,6.398,6.485,6.66,6.539,6.226,6.429,6.469,6.575,6.616,6.605,6.394,5.859,5.888,6.067,6.004,5.854,5.722,0.0,0.0,0.0,0.0,0.0,0.0,0.0,0.0,0.0,0.0,0.0,0.0,0.0,0.0,0.0,0.0,0.0,0.0,0.0,0.0,0.0,0.0,0.0,0.0,0.0,0.0,0.0,0.0,0.0,0.0,0.0,5.438,5.357,5.429,5.626,5.781,5.465,5.53,5.732,5.897,6.027,6.25,6.01,5.829,6.065,5.958,6.215,6.275,6.225,6.068,6.027,6.221,6.27,5.986,5.944,6.129,6.145,6.002,6.143,6.438,6.548,6.61,6.18,6.07,5.883,5.783,5.898,5.806,5.484,5.394,5.312,5.063,5.354,5.59,5.773,5.995,5.811,5.46,5.05,5.207,5.327,5.527,5.601,5.505,5.282,4.903,5.233,5.496,5.576,5.567,5.633,5.555,6.767,6.714,7.002,7.179,7.266,7.343,7.46,7.434,7.548,7.652,7.794,7.84,7.852,7.786,7.535,7.586,7.377,7.647,7.731,7.75,7.647,7.36,7.317,7.149,7.396,7.63,7.654,7.708,7.411,7.514,7.64,6.704,6.66,6.699,6.579,6.369,6.497,6.556,6.58,6.539,6.308,5.919,5.371,5.266,5.632,5.797,5.945,6.029,6.159,5.953,6.084,6.222,6.271,6.359,6.224,6.049,5.638,5.654,5.737,5.756,5.615,6.218,6.104,5.91,5.971,5.933,6.196,6.373,6.477,6.396,6.18,6.494,6.61,6.623,6.558,6.644,6.633,6.294,6.344,6.598,6.741,6.785,6.953,6.778,6.465,6.699,6.831,6.815,6.749,6.88,6.98,6.744,6.875,6.999,7.18,7.174,7.197,7.011,6.707,6.935,6.928,7.049,7.091,7.195,7.294,6.967,7.029,7.27,7.343,7.349,7.384,7.438,7.278,7.302,7.405,7.36,6.864,6.415,6.622,6.819,6.646,6.733,6.741,6.461,6.549,6.758,6.738,6.584,6.627,6.742,6.908,6.814,6.824,6.856,6.539,6.85,6.964,6.875,6.86,6.952,6.907,6.726,6.914,6.978,6.955,7.07,7.128,6.988,6.84,7.135,7.059,6.235,7.246,7.273,7.422,7.351,7.064,7.207,6.805,6.64,6.892,7.29,7.375,7.188,7.564,7.601,7.582,7.417,7.008,6.629,6.154,6.626,6.883,7.065,7.208,7.249,7.418,7.134,7.406,7.493,7.531,7.494,7.209,6.534,6.449,6.729,7.01,7.034,7.078,7.183,7.023,6.844,7.13,7.272,7.325,7.414,7.341,7.271,7.006,7.19,7.385,7.311,7.218,7.071,6.877,6.319,6.725,7.041,7.048,7.11,7.101,6.834,6.232,5.484,5.696,5.931,5.944,6.132,6.222,5.991,6.237,6.442,6.513,6.613,6.565,6.469,6.127,6.243,6.478,6.646,6.484,6.774,6.701,6.463,6.634,6.68,6.263,5.962,5.712,5.871,6.112,6.407,6.518,6.372,6.392,6.51,6.767,6.274,6.59,6.657,6.797,6.887,6.833,6.574,6.293,6.551,6.518,6.398,6.485,6.66,6.539,6.226,6.429,6.469,6.575,6.616,6.605,6.394,5.859,5.888,6.067,6.004,5.854,5.722,5.819,5.765,6.16,6.195,6.038,5.829,5.924,5.721,5.657,6.133,6.137,6.24,6.147,6.106,5.986,5.82,6.024,5.985,5.847,6.007,6.073,5.793,5.511,5.829,5.879,5.625,5.497,5.347,5.19,5.228,5.574,4.433,4.368,4.426,4.587,4.714,4.456,4.509,4.673,4.807,4.914,5.096,4.9,4.752,4.945,4.857,5.067,5.116,5.075,4.947,4.914,5.072,5.112,4.88,4.846,4.997,5.01,4.893,5.008,5.249,5.339,5.389,10.123,9.944,9.637,9.472,9.661,9.51,8.983,8.836,8.702,8.293,8.77,9.157,9.456,9.82,9.519,8.944,8.272,8.529,8.726,9.054,9.175,9.018,8.653,8.032,8.573,9.003,9.134,9.12,9.227,9.1,6.767,6.714,7.002,7.179,7.266,7.343,7.46,7.434,7.548,7.652,7.794,7.84,7.852,7.786,7.535,7.586,7.377,7.647,7.731,7.75,7.647,7.36,7.317,7.149,7.396,7.63,7.654,7.708,7.411,7.514,7.64,6.704,6.66,6.699,6.579,6.369,6.497,6.556,6.58,6.539,6.308,5.919,5.371,5.266,5.632,5.797,5.945,6.029,6.159,5.953,6.084,6.222,6.271,6.359,6.224,6.049,5.638,5.654,5.737,5.756,5.615,6.218,6.104,5.91,5.971,5.933,6.196,6.373,6.477,6.396,6.18,6.494,6.61,6.623,6.558,6.644,6.633,6.294,6.344,6.598,6.741,6.785,6.953,6.778,6.465,6.699,6.831,6.815,6.749,6.88,6.98,6.744
Guntur_94,3.35,3.373,3.437,3.445,3.317,3.336,3.409,3.413,3.345,3.308,3.368,3.37,3.411,3.35,3.252,3.235,3.386,3.371,3.234,3.372,3.397,3.321,3.358,3.439,3.477,3.318,3.425,3.475,3.501,3.525,3.496,3.442,3.277,3.382,3.469,3.47,3.467,3.505,3.385,3.311,3.367,3.383,3.418,3.539,3.533,3.568,3.418,3.502,3.574,3.559,3.482,3.361,3.389,3.3,3.411,3.472,3.51,3.467,3.447,3.408,3.609,3.712,3.753,3.694,3.635,3.658,3.707,3.598,3.572,3.312,3.441,3.651,3.673,3.649,3.509,3.631,3.747,3.731,4.135,4.075,3.931,3.867,3.799,3.953,4.094,4.139,4.122,4.101,3.973,3.869,3.861,4.385,4.482,4.513,4.484,4.31,4.527,4.549,4.525,4.555,4.589,4.504,4.396,4.647,4.562,4.529,4.397,4.365,4.322,4.177,4.438,4.462,4.352,4.421,4.467,4.424,4.338,4.498,4.503,4.511,4.433,4.016,4.026,3.967,4.083,4.068,4.118,4.227,4.222,4.196,4.029,3.965,3.999,3.984,3.951,3.974,3.928,3.94,3.688,3.862,3.978,3.855,3.803,3.902,3.964,3.789,3.879,3.945,4.058,4.047,3.955,3.863,2.565,2.598,2.591,2.661,2.641,2.658,2.607,2.772,2.822,2.858,2.823,2.831,2.748,2.654,2.788,2.786,2.829,2.868,2.809,2.791,2.683,2.837,2.91,2.874,2.873,2.775,2.716,2.634,2.758,2.896,0.0,0.0,0.0,0.0,0.0,0.0,0.0,0.0,0.0,0.0,0.0,0.0,0.0,0.0,0.0,0.0,0.0,0.0,0.0,0.0,0.0,0.0,0.0,0.0,0.0,0.0,0.0,0.0,0.0,0.0,0.0,0.0,0.0,0.0,0.0,0.0,0.0,0.0,0.0,0.0,0.0,0.0,0.0,0.0,0.0,0.0,0.0,0.0,0.0,0.0,0.0,0.0,0.0,0.0,0.0,0.0,0.0,0.0,0.0,0.0,0.0,0.0,4.035,4.048,4.05,4.128,4.16,3.942,3.985,4.096,4.279,4.219,4.164,4.03,3.908,3.951,4.018,4.074,3.997,3.968,4.075,3.896,3.965,3.911,3.842,3.964,3.984,3.806,3.681,3.964,4.048,4.015,4.113,4.087,4.208,4.077,4.153,4.278,4.42,4.481,4.483,4.35,4.11,4.153,4.217,4.036,4.106,4.152,4.245,4.136,4.233,4.237,4.221,4.14,4.036,4.03,3.825,3.902,4.103,4.184,4.278,4.358,4.323,3.23,3.343,3.379,3.368,3.334,3.409,3.359,3.224,3.29,3.279,3.256,3.313,3.252,2.961,2.876,2.897,3.088,3.177,3.231,3.255,3.229,3.175,3.33,3.316,3.225,3.039,3.046,3.105,3.16,3.271,3.414,3.464,3.428,3.462,3.44,3.292,3.358,3.415,3.354,3.408,3.437,3.372,3.281,3.374,3.465,3.469,3.501,3.55,3.49,3.441,3.533,3.62,3.666,3.612,3.606,3.663,3.523,3.629,3.668,3.648,3.648,4.407,4.278,4.13,4.242,4.276,4.293,4.235,4.286,4.203,4.187,4.357,4.381,4.365,4.314,4.322,4.409,4.356,4.402,4.549,4.639,4.719,4.695,4.622,4.46,4.501,4.346,4.46,4.516,4.602,4.593,4.458,4.358,4.412,4.447,4.366,4.382,4.349,4.228,4.274,4.373,4.456,4.476,4.479,4.458,4.353,4.423,4.423,4.407,4.368,4.319,4.32,4.248,4.413,4.485,4.552,4.567,4.597,4.575,4.503,4.465,4.488,4.473,4.457,4.557,4.531,4.354,4.456,4.541,4.59,4.543,4.386,4.307,4.305,4.466,4.498,4.567,4.634,4.62,4.571,4.426,4.473,4.362,4.466,4.537,4.474,4.497,4.328,4.08,4.148,4.341,4.745,4.866,4.904,4.799,4.927,4.926,4.93,5.045,4.996,4.985,4.806,4.961,4.992,4.807,4.828,4.868,4.75,4.717,4.81,4.9,4.744,4.65,4.602,4.675,4.581,4.754,4.825,4.805,4.825,4.796,3.787,3.716,3.739,3.757,3.684,3.726,3.806,3.778,3.697,3.769,3.678,3.558,3.455,3.571,3.545,3.281,3.298,3.222,3.23,3.207,3.251,3.364,3.433,3.511,3.455,3.39,3.403,3.533,3.617,3.411,3.581,2.856,3.075,3.135,3.144,3.069,2.927,3.016,2.968,2.959,2.895,2.799,2.792,2.657,2.897,2.911,2.985,3.005,3.026,2.898,2.751,2.98,3.093,3.262,3.134,3.12,3.034,3.108,3.34,3.452,3.379,2.963,2.86,2.869,2.904,3.069,3.127,3.104,3.045,3.0,3.055,2.85,2.819,2.789,2.752,2.799,2.933,2.959,2.685,2.481,2.484,2.432,2.505,2.638,2.581,2.541,2.624,2.6,2.448,2.496,2.483,2.445,0.0,0.0,0.0,0.0,0.0,0.0,0.0,0.0,0.0,0.0,0.0,0.0,0.0,0.0,0.0,0.0,0.0,0.0,0.0,0.0,0.0,0.0,0.0,0.0,0.0,0.0,0.0,0.0,0.0,0.0,0.0,0.0,0.0,0.0,0.0,0.0,0.0,0.0,0.0,0.0,0.0,0.0,0.0,0.0,0.0,0.0,0.0,0.0,0.0,0.0,0.0,0.0,0.0,0.0,0.0,0.0,0.0,0.0,0.0,0.0,0.0,3.861,3.722,3.631,3.798,3.881,3.958,3.959,3.999,3.941,3.816,3.998,4.039,4.046,3.989,3.865,3.914,3.709,3.621,3.78,3.815,3.792,3.768,3.817,3.586,3.732,3.764,3.755,3.727,3.775,3.737,3.677,3.922,3.922,3.879,3.583,3.47,3.712,3.639,3.836,3.939,4.078,3.966,4.051,4.021,3.955,4.008,4.002,4.047,4.083,3.979,3.982,3.811,4.031,4.092,4.116,4.079,4.049,3.992,3.776,3.847,3.864,4.002,3.889,3.966,3.975,3.89,4.019,4.099,4.088,4.132,4.069,4.033,3.866,4.057,4.191,4.179,4.139,4.117,4.111,3.905,4.186,4.311,4.385,4.429,4.462,4.417,4.285,4.375,4.285,4.182,4.138,4.21,4.162,4.003,4.228,4.345,4.411,4.327,4.309,4.159,3.972,4.104,4.128,4.148,4.23,4.15,4.046,4.044,4.237,4.369,4.371,4.35,4.39,4.156,4.088,4.315,4.341,4.204,4.275,4.337,4.354,4.35,4.429,4.052,4.068,3.912,3.98,4.027,3.97,4.04,4.152,4.077,3.991,4.013,4.003,3.955,3.98,4.008,4.066,4.031,4.052,4.016,3.949,4.051,4.039,4.044,4.158,4.07,4.004,3.854,4.025,4.995,4.892,4.864,4.999,5.08,4.956,4.936,4.972,5.021,5.11,5.177,5.165,5.038,5.151,5.185,5.255,5.236,4.944,4.98,5.078,5.221,5.264,5.294,5.342,5.319,5.284,5.12,5.215,5.264,5.361,5.394,6.629,6.622,6.417,6.645,6.713,6.59,6.695,6.656,6.681,6.47,6.6,6.696,6.71,6.645,6.576,6.671,6.366,6.539,6.654,6.604,6.63,6.645,6.637,6.427,6.651,6.73,6.799,6.754,6.694,6.52,6.402,6.56,6.538,6.693,6.686,6.863,6.821,6.516,6.616,6.514,6.543,6.535,6.473,6.41,6.234,6.487,6.642,6.828,6.762,6.48,5.909,5.491,5.425,5.906,6.346,6.386,6.29,6.236,6.183,6.529,6.623,4.133,4.175,4.169,4.123,4.022,4.133,4.16,4.072,4.034,4.132,4.09,3.971,4.166,4.225,4.112,4.02,3.962,3.867,3.589,3.599,3.63,3.919,4.071,4.023,3.944,3.829,4.052,4.109,3.945,3.673,3.634,3.696,3.602,3.872,3.889,3.885,3.897,3.824,3.664,3.432,3.563,3.571,3.627,3.573,3.582,3.589,3.434,3.694,3.751,3.684,3.458,3.563,3.471,3.226,3.471,3.699,3.741,3.712,3.778,3.654,3.437,4.699,4.818,5.017,5.013,4.839,4.696,4.467,4.577,4.572,4.57,4.307,4.54,4.713,4.393,4.166,4.462,4.719,4.882,4.823,4.762,4.557,4.805,4.925,4.881,4.963,5.125,4.957,4.747,5.09,5.223,5.189,6.954,7.021,6.984,6.574,6.91,7.019,7.047,6.952,6.772,6.601,6.164,6.262,6.288,6.292,6.196,5.887,6.087,6.132,6.477,6.466,6.387,6.12,6.023,5.944,5.963,6.492,6.542,6.52,6.613,6.631,4.69,4.48,4.754,4.897,4.642,4.709,4.686,4.713,4.556,4.701,4.658,4.737,4.742,4.703,4.635,4.475,4.832,4.879,4.887,4.871,4.808,4.681,4.402,4.152,4.065,4.356,4.596,4.69,4.714,4.584,4.632,4.475,4.532,4.493,4.566,4.55,4.456,4.521,4.556,4.557,4.555,4.56,4.423,4.315,4.348,4.463,4.53,4.564,4.604,4.618,4.439,4.601,4.666,4.656,4.654,4.655,4.659,4.557,4.674,4.616,4.621,4.699,4.768,4.776,4.609,4.706,4.815,4.872,4.754,4.719,4.536,4.416,4.649,4.656,4.684,4.772,4.867,4.903,4.794,4.982,4.999,4.96,4.98,5.062,5.029,4.857,4.955,5.049,5.129,5.147,5.088,5.034,5.279,5.422,5.4,5.309,5.376,5.416,5.447,5.398,5.485,5.493,5.542,5.557,5.588,5.39,5.176,5.322,5.43,5.533,5.484,5.552,5.486,5.327,5.367,5.462,5.421,5.067,5.23,5.385,5.249,5.318,5.324,4.694,4.758,4.91,4.896,4.783,4.815,4.898,5.019,4.95,4.958,4.981,4.751,4.977,5.06,4.995,4.984,5.051,5.018,4.887,5.023,5.07,5.053,5.137,5.179,5.077,4.969,5.184,5.129,4.775,4.793,4.891,4.844,4.655,4.749,4.485,4.376,4.541,4.804,4.86,4.737,4.985,5.009,4.996,4.888,4.618,4.368,4.056,4.367,4.536,4.656,4.75,4.777,4.888,4.701,4.88,4.938,4.963,4.939,4.75,4.616,4.556,4.754,4.953,4.97,5.001,5.075,4.962,4.836,5.037,5.138,5.175,5.238,5.186,5.137,4.95,5.08,5.218,5.165,5.1,4.996,4.859,4.465,4.751,4.974,4.979,5.024,5.017,4.828,4.403,4.485,4.658,4.851,4.862,5.015,5.088,4.9,5.101,5.268,5.327,5.408,5.369,5.291,5.011,5.106,5.298,5.436,5.303,5.541,5.481,5.286,5.426,5.463,5.122,4.876,4.671,4.801,4.999,5.24,5.331,5.211,4.83,4.919,5.113,4.741,4.979,5.029,5.135,5.204,5.163,4.967,4.754,4.95,4.924,4.834,4.899,5.032,4.94,4.704,4.857,4.888,4.968,4.999,4.99,4.831,4.427,4.449,4.584,4.536,4.423,4.323,0.0,0.0,0.0,0.0,0.0,0.0,0.0,0.0,0.0,0.0,0.0,0.0,0.0,0.0,0.0,0.0,0.0,0.0,0.0,0.0,0.0,0.0,0.0,0.0,0.0,0.0,0.0,0.0,0.0,0.0,0.0,5.438,5.357,5.429,5.626,5.781,5.465,5.53,5.732,5.897,6.027,6.25,6.01,5.829,6.065,5.958,6.215,6.275,6.225,6.068,6.027,6.221,6.27,5.986,5.944,6.129,6.145,6.002,6.143,6.438,6.548,6.61,4.091,4.019,3.895,3.828,3.905,3.844,3.631,3.571,3.517,3.352,3.545,3.701,3.822,3.969,3.847,3.615,3.343,3.447,3.527,3.659,3.708,3.645,3.497,3.246,3.465,3.639,3.692,3.686,3.729,3.678,4.76,4.723,4.925,5.05,5.111,5.165,5.247,5.229,5.309,5.382,5.482,5.514,5.523,5.477,5.3,5.336,5.189,5.379,5.438,5.452,5.379,5.177,5.146,5.029,5.202,5.367,5.384,5.422,5.213,5.286,5.374,5.817,5.779,5.813,5.709,5.527,5.638,5.689,5.71,5.675,5.474,5.136,4.661,4.57,4.887,5.03,5.159,5.232,5.345,5.166,5.279,5.399,5.442,5.518,5.401,5.249,4.892,4.907,4.978,4.995,4.873,4.16,4.084,3.954,3.995,3.97,4.146,4.264,4.334,4.279,4.134,4.345,4.422,4.431,4.388,4.445,4.438,4.211,4.245,4.415,4.51,4.54,4.652,4.535,4.325,4.482,4.571,4.56,4.515,4.603,4.67,4.512,4.489,4.57,4.688,4.684,4.699,4.577,4.379,4.528,4.523,4.602,4.629,4.697,4.762,4.549,4.589,4.746,4.794,4.798,4.821,4.856,4.752,4.767,4.835,4.805,4.481,4.188,4.324,4.452,4.339,4.396,4.401,4.181,4.237,4.373,4.36,4.26,4.288,4.362,4.47,4.409,4.416,4.436,4.231,4.432,4.506,4.449,4.439,4.499,4.469,4.352,4.474,4.515,4.5,4.575,4.612,4.522,4.426,4.617,4.568,4.035,5.577,5.597,5.712,5.657,5.437,5.547,5.238,5.11,5.304,5.611,5.676,5.532,5.822,5.85,5.835,5.708,5.394,5.102,4.737,5.1,5.297,5.437,5.548,5.579,5.709,5.491,5.7,5.767,5.796,5.768,5.548,5.176,5.109,5.33,5.553,5.572,5.607,5.69,5.563,5.422,5.648,5.76,5.802,5.874,5.815,5.76,5.55,5.696,5.85,5.792,5.718,5.601,5.448,5.006,5.327,5.577,5.583,5.633,5.625,5.414,4.937,4.563,4.739,4.935,4.946,5.102,5.177,4.985,5.189,5.36,5.419,5.502,5.462,5.382,5.098,5.194,5.39,5.53,5.395,5.636,5.576,5.377,5.52,5.558,5.211,4.961,4.752,4.885,5.085,5.33,5.424,5.301,4.83,4.919,5.113,4.741,4.979,5.029,5.135,5.204,5.163,4.967,4.754,4.95,4.924,4.834,4.899,5.032,4.94,4.704,4.857,4.888,4.968,4.999,4.99,4.831,4.427,4.449,4.584,4.536,4.423,4.323,4.842,4.797,5.125,5.154,5.024,4.85,4.929,4.76,4.707,5.103,5.106,5.192,5.114,5.08,4.98,4.842,5.012,4.98,4.865,4.998,5.053,4.82,4.585,4.85,4.892,4.68,4.574,4.449,4.318,4.35,4.638,4.433,4.368,4.426,4.587,4.714,4.456,4.509,4.673,4.807,4.914,5.096,4.9,4.752,4.945,4.857,5.067,5.116,5.075,4.947,4.914,5.072,5.112,4.88,4.846,4.997,5.01,4.893,5.008,5.249,5.339,5.389,3.849,3.781,3.664,3.601,3.673,3.616,3.415,3.359,3.309,3.153,3.334,3.482,3.595,3.734,3.619,3.401,3.145,3.243,3.318,3.442,3.488,3.428,3.29,3.054,3.259,3.423,3.473,3.467,3.508,3.46,4.76,4.723,4.925,5.05,5.111,5.165,5.247,5.229,5.309,5.382,5.482,5.514,5.523,5.477,5.3,5.336,5.189,5.379,5.438,5.452,5.379,5.177,5.146,5.029,5.202,5.367,5.384,5.422,5.213,5.286,5.374,5.817,5.779,5.813,5.709,5.527,5.638,5.689,5.71,5.675,5.474,5.136,4.661,4.57,4.887,5.03,5.159,5.232,5.345,5.166,5.279,5.399,5.442,5.518,5.401,5.249,4.892,4.907,4.978,4.995,4.873,4.16,4.084,3.954,3.995,3.97,4.146,4.264,4.334,4.279,4.134,4.345,4.422,4.431,4.388,4.445,4.438,4.211,4.245,4.415,4.51,4.54,4.652,4.535,4.325,4.482,4.571,4.56,4.515,4.603,4.67,4.512
Guntur_95,3.59,3.614,3.683,3.692,3.555,3.575,3.653,3.658,3.585,3.544,3.609,3.611,3.655,3.59,3.485,3.466,3.628,3.612,3.466,3.613,3.64,3.559,3.598,3.685,3.725,3.555,3.67,3.723,3.752,3.777,3.746,3.736,3.557,3.671,3.766,3.766,3.763,3.805,3.674,3.593,3.655,3.672,3.71,3.841,3.835,3.873,3.711,3.802,3.879,3.863,3.779,3.648,3.679,3.582,3.703,3.768,3.81,3.764,3.742,3.699,3.769,3.876,3.919,3.857,3.797,3.82,3.872,3.758,3.73,3.459,3.594,3.813,3.836,3.811,3.665,3.792,3.913,3.896,4.319,4.256,4.105,4.039,3.967,4.129,4.275,4.322,4.305,4.283,4.15,4.041,4.032,4.483,4.582,4.614,4.584,4.406,4.628,4.651,4.627,4.657,4.692,4.605,4.495,4.751,4.664,4.631,4.496,4.463,4.419,4.271,4.538,4.562,4.449,4.52,4.567,4.523,4.435,4.599,4.604,4.612,4.532,3.992,4.001,3.943,4.058,4.043,4.092,4.201,4.196,4.17,4.005,3.941,3.974,3.959,3.927,3.95,3.904,3.916,3.666,3.839,3.954,3.832,3.78,3.879,3.939,3.766,3.856,3.921,4.034,4.022,3.931,3.84,2.343,2.373,2.366,2.431,2.412,2.427,2.382,2.532,2.577,2.61,2.578,2.585,2.51,2.424,2.546,2.544,2.584,2.619,2.566,2.549,2.45,2.591,2.658,2.625,2.624,2.535,2.481,2.405,2.519,2.645,0.0,0.0,0.0,0.0,0.0,0.0,0.0,0.0,0.0,0.0,0.0,0.0,0.0,0.0,0.0,0.0,0.0,0.0,0.0,0.0,0.0,0.0,0.0,0.0,0.0,0.0,0.0,0.0,0.0,0.0,0.0,0.0,0.0,0.0,0.0,0.0,0.0,0.0,0.0,0.0,0.0,0.0,0.0,0.0,0.0,0.0,0.0,0.0,0.0,0.0,0.0,0.0,0.0,0.0,0.0,0.0,0.0,0.0,0.0,0.0,0.0,0.0,3.782,3.795,3.797,3.87,3.9,3.696,3.736,3.84,4.012,3.955,3.903,3.778,3.663,3.704,3.767,3.82,3.747,3.72,3.82,3.652,3.718,3.667,3.602,3.716,3.735,3.568,3.451,3.716,3.795,3.764,4.59,4.561,4.695,4.549,4.634,4.773,4.932,5.0,5.002,4.854,4.586,4.634,4.706,4.504,4.582,4.633,4.737,4.614,4.723,4.728,4.709,4.619,4.503,4.497,4.268,4.354,4.579,4.668,4.773,4.863,4.824,3.664,3.792,3.833,3.82,3.782,3.867,3.811,3.657,3.732,3.719,3.693,3.758,3.689,3.358,3.263,3.287,3.503,3.604,3.665,3.693,3.663,3.602,3.777,3.762,3.659,3.447,3.455,3.523,3.585,3.711,3.704,3.758,3.719,3.755,3.732,3.571,3.643,3.705,3.639,3.697,3.729,3.658,3.56,3.661,3.76,3.763,3.798,3.851,3.786,3.733,3.833,3.928,3.978,3.918,3.913,3.973,3.823,3.937,3.979,3.958,3.958,4.509,4.378,4.226,4.341,4.376,4.393,4.333,4.385,4.3,4.284,4.458,4.483,4.467,4.414,4.423,4.512,4.457,4.504,4.654,4.747,4.829,4.804,4.729,4.564,4.605,4.447,4.564,4.621,4.709,4.699,4.561,3.788,3.834,3.865,3.794,3.808,3.78,3.674,3.714,3.801,3.873,3.89,3.892,3.874,3.783,3.843,3.844,3.83,3.796,3.753,3.754,3.691,3.835,3.898,3.956,3.969,3.995,3.976,3.913,4.596,4.619,4.604,4.587,4.69,4.663,4.481,4.586,4.674,4.724,4.675,4.514,4.432,4.43,4.596,4.63,4.7,4.769,4.755,4.704,4.555,4.603,4.489,4.596,4.67,4.605,4.628,4.454,4.199,4.269,4.468,4.812,4.936,4.974,4.868,4.998,4.996,5.0,5.117,5.068,5.056,4.874,5.032,5.064,4.876,4.897,4.938,4.818,4.784,4.879,4.97,4.812,4.717,4.668,4.742,4.647,4.822,4.894,4.873,4.894,4.865,3.557,3.49,3.511,3.528,3.46,3.5,3.574,3.548,3.472,3.54,3.454,3.341,3.244,3.354,3.329,3.081,3.097,3.026,3.033,3.011,3.053,3.159,3.224,3.297,3.245,3.184,3.196,3.318,3.397,3.203,3.363,4.539,4.886,4.981,4.996,4.877,4.651,4.793,4.716,4.702,4.601,4.448,4.437,4.222,4.603,4.625,4.743,4.774,4.808,4.605,4.371,4.735,4.914,5.184,4.98,4.958,4.822,4.939,5.307,5.486,5.369,2.963,2.86,2.869,2.904,3.069,3.127,3.104,3.045,3.0,3.055,2.85,2.819,2.789,2.752,2.799,2.933,2.959,2.685,2.481,2.484,2.432,2.505,2.638,2.581,2.541,2.624,2.6,2.448,2.496,2.483,2.445,5.031,5.494,5.647,5.739,5.938,6.021,6.218,6.18,6.3,6.31,6.321,6.41,6.464,6.303,6.143,5.775,6.581,6.472,6.301,6.255,6.134,5.872,6.122,6.164,6.193,6.246,6.331,6.274,6.047,6.15,6.111,0.0,0.0,0.0,0.0,0.0,0.0,0.0,0.0,0.0,0.0,0.0,0.0,0.0,0.0,0.0,0.0,0.0,0.0,0.0,0.0,0.0,0.0,0.0,0.0,0.0,0.0,0.0,0.0,0.0,0.0,3.39,3.267,3.188,3.334,3.407,3.474,3.476,3.51,3.46,3.35,3.509,3.546,3.552,3.502,3.393,3.436,3.256,3.179,3.318,3.349,3.328,3.308,3.351,3.148,3.276,3.304,3.296,3.272,3.314,3.281,3.228,4.317,4.317,4.269,3.944,3.82,4.086,4.005,4.222,4.336,4.488,4.365,4.459,4.426,4.354,4.412,4.405,4.455,4.494,4.38,4.383,4.195,4.437,4.504,4.531,4.49,4.456,4.394,4.156,4.234,4.254,3.633,3.531,3.601,3.609,3.532,3.649,3.722,3.711,3.752,3.694,3.662,3.51,3.683,3.805,3.794,3.757,3.738,3.732,3.546,3.801,3.914,3.981,4.021,4.051,4.01,3.89,3.972,3.891,3.796,3.757,3.822,4.547,4.374,4.62,4.747,4.819,4.727,4.708,4.544,4.339,4.484,4.51,4.532,4.622,4.534,4.42,4.418,4.629,4.773,4.776,4.753,4.796,4.54,4.467,4.715,4.743,4.593,4.671,4.738,4.757,4.753,4.84,4.591,4.609,4.432,4.508,4.562,4.497,4.577,4.703,4.619,4.521,4.546,4.535,4.48,4.509,4.54,4.606,4.566,4.59,4.55,4.474,4.589,4.576,4.581,4.71,4.611,4.536,4.366,4.559,5.735,5.618,5.585,5.741,5.833,5.69,5.668,5.709,5.766,5.868,5.944,5.93,5.785,5.915,5.954,6.035,6.012,5.677,5.718,5.83,5.995,6.045,6.079,6.134,6.108,6.067,5.879,5.988,6.045,6.156,6.193,7.822,7.814,7.571,7.841,7.921,7.775,7.899,7.854,7.883,7.634,7.788,7.901,7.917,7.84,7.759,7.871,7.512,7.716,7.852,7.793,7.823,7.841,7.831,7.583,7.848,7.942,8.023,7.97,7.898,7.694,7.24,7.419,7.393,7.569,7.561,7.761,7.714,7.368,7.481,7.366,7.399,7.39,7.32,7.249,7.05,7.335,7.511,7.721,7.647,7.328,6.682,6.21,6.135,6.679,7.176,7.222,7.113,7.052,6.992,7.383,7.49,4.133,4.175,4.169,4.123,4.022,4.133,4.16,4.072,4.034,4.132,4.09,3.971,4.166,4.225,4.112,4.02,3.962,3.867,3.589,3.599,3.63,3.919,4.071,4.023,3.944,3.829,4.052,4.109,3.945,3.673,3.634,3.696,3.602,3.872,3.889,3.885,3.897,3.824,3.664,3.432,3.563,3.571,3.627,3.573,3.582,3.589,3.434,3.694,3.751,3.684,3.458,3.563,3.471,3.226,3.471,3.699,3.741,3.712,3.778,3.654,3.437,6.418,6.582,6.853,6.848,6.609,6.414,6.101,6.252,6.245,6.242,5.883,6.202,6.437,6.001,5.691,6.095,6.446,6.668,6.588,6.505,6.224,6.563,6.728,6.667,6.779,7.0,6.771,6.484,6.953,7.134,7.088,7.115,7.183,7.146,6.727,7.07,7.182,7.211,7.113,6.928,6.753,6.307,6.407,6.434,6.437,6.339,6.024,6.228,6.274,6.628,6.616,6.535,6.262,6.163,6.081,6.102,6.642,6.694,6.671,6.767,6.784,5.46,5.215,5.534,5.701,5.404,5.482,5.455,5.487,5.304,5.472,5.423,5.515,5.521,5.475,5.396,5.21,5.625,5.68,5.689,5.671,5.598,5.45,5.125,4.834,4.732,5.071,5.351,5.46,5.488,5.337,5.393,5.56,5.631,5.582,5.673,5.653,5.536,5.617,5.661,5.662,5.659,5.665,5.495,5.361,5.402,5.545,5.628,5.67,5.72,5.738,5.515,5.717,5.797,5.784,5.782,5.783,5.789,5.661,5.806,5.735,5.742,4.871,4.943,4.951,4.777,4.879,4.991,5.05,4.928,4.892,4.703,4.578,4.819,4.827,4.856,4.947,5.046,5.083,4.969,5.165,5.182,5.142,5.163,5.247,5.214,5.035,5.137,5.234,5.317,5.336,5.275,5.219,6.697,6.878,6.85,6.735,6.82,6.87,6.91,6.847,6.958,6.968,7.031,7.049,7.089,6.838,6.566,6.751,6.888,7.018,6.956,7.043,6.959,6.758,6.809,6.929,6.877,6.427,6.635,6.831,6.658,6.746,6.754,5.546,5.621,5.801,5.784,5.651,5.689,5.787,5.93,5.849,5.858,5.886,5.613,5.88,5.978,5.902,5.888,5.968,5.929,5.773,5.935,5.99,5.97,6.069,6.119,5.999,5.871,6.124,6.06,6.19,6.214,6.341,6.28,6.035,6.157,5.814,5.673,5.888,6.228,6.301,6.141,6.463,6.494,6.477,6.337,5.987,5.663,5.258,5.661,5.88,6.036,6.158,6.193,6.337,6.095,6.327,6.401,6.434,6.403,6.159,4.804,4.742,4.948,5.154,5.172,5.204,5.282,5.164,5.033,5.243,5.347,5.386,5.452,5.398,5.346,5.151,5.287,5.43,5.376,5.307,5.199,5.057,4.647,4.945,5.177,5.182,5.228,5.221,5.025,4.583,5.206,5.407,5.631,5.643,5.821,5.906,5.688,5.921,6.115,6.183,6.278,6.232,6.141,5.817,5.927,6.15,6.309,6.155,6.431,6.362,6.135,6.298,6.341,5.945,5.66,5.422,5.573,5.802,6.082,6.188,6.049,5.833,5.941,6.176,5.726,6.013,6.075,6.202,6.285,6.236,5.999,5.742,5.978,5.948,5.838,5.917,6.077,5.967,5.682,5.867,5.903,6.0,6.037,6.027,5.835,5.347,5.373,5.536,5.479,5.342,5.222,0.0,0.0,0.0,0.0,0.0,0.0,0.0,0.0,0.0,0.0,0.0,0.0,0.0,0.0,0.0,0.0,0.0,0.0,0.0,0.0,0.0,0.0,0.0,0.0,0.0,0.0,0.0,0.0,0.0,0.0,0.0,7.158,7.052,7.147,7.406,7.611,7.194,7.28,7.546,7.762,7.935,8.228,7.911,7.673,7.984,7.843,8.182,8.261,8.194,7.988,7.934,8.19,8.254,7.88,7.825,8.068,8.089,7.9,8.087,8.475,8.62,8.701,4.952,4.865,4.715,4.634,4.726,4.652,4.395,4.323,4.257,4.057,4.29,4.48,4.626,4.804,4.657,4.376,4.047,4.173,4.269,4.429,4.489,4.412,4.233,3.929,4.194,4.404,4.468,4.462,4.514,4.452,5.04,5.001,5.215,5.347,5.412,5.469,5.556,5.537,5.622,5.699,5.805,5.839,5.849,5.799,5.612,5.65,5.495,5.696,5.758,5.773,5.696,5.482,5.45,5.325,5.509,5.683,5.701,5.741,5.52,5.597,5.69,6.44,6.399,6.436,6.32,6.119,6.242,6.298,6.322,6.283,6.06,5.686,5.16,5.06,5.411,5.569,5.712,5.792,5.917,5.719,5.845,5.977,6.025,6.109,5.98,5.811,5.416,5.432,5.512,5.53,5.395,4.105,4.031,3.902,3.943,3.918,4.091,4.208,4.277,4.223,4.08,4.288,4.364,4.373,4.33,4.387,4.379,4.156,4.189,4.357,4.451,4.48,4.591,4.476,4.269,4.423,4.511,4.5,4.456,4.543,4.609,4.453,4.785,4.871,4.997,4.993,5.009,4.879,4.668,4.826,4.821,4.906,4.935,5.007,5.076,4.849,4.892,5.059,5.111,5.114,5.139,5.176,5.065,5.082,5.153,5.122,4.777,4.465,4.609,4.745,4.625,4.686,4.691,4.401,4.461,4.604,4.59,4.485,4.515,4.593,4.706,4.642,4.649,4.671,4.454,4.666,4.744,4.684,4.673,4.736,4.705,4.582,4.71,4.753,4.738,4.817,4.856,4.76,4.66,4.86,4.809,4.248,5.989,6.012,6.135,6.076,5.839,5.957,5.625,5.489,5.696,6.026,6.096,5.942,6.253,6.283,6.267,6.131,5.793,5.479,5.087,5.477,5.689,5.84,5.958,5.991,6.131,5.897,6.121,6.193,6.225,6.195,5.959,5.528,5.456,5.693,5.931,5.952,5.989,6.078,5.942,5.791,6.032,6.152,6.197,6.273,6.211,6.151,5.927,6.083,6.249,6.186,6.107,5.982,5.819,5.347,5.69,5.957,5.963,6.016,6.008,5.782,5.273,4.687,4.868,5.069,5.08,5.241,5.317,5.12,5.33,5.505,5.566,5.651,5.611,5.528,5.237,5.335,5.536,5.68,5.541,5.79,5.727,5.523,5.669,5.709,5.352,5.095,4.881,5.017,5.224,5.475,5.571,5.445,5.833,5.941,6.176,5.726,6.013,6.075,6.202,6.285,6.236,5.999,5.742,5.978,5.948,5.838,5.917,6.077,5.967,5.682,5.867,5.903,6.0,6.037,6.027,5.835,5.347,5.373,5.536,5.479,5.342,5.222,4.973,4.927,5.264,5.294,5.16,4.981,5.062,4.889,4.834,5.241,5.245,5.333,5.253,5.218,5.116,4.974,5.148,5.115,4.997,5.133,5.19,4.951,4.71,4.982,5.024,4.807,4.698,4.569,4.435,4.468,4.764,4.46,4.394,4.453,4.614,4.742,4.482,4.536,4.701,4.836,4.943,5.126,4.929,4.781,4.974,4.886,5.097,5.147,5.105,4.977,4.943,5.102,5.143,4.909,4.875,5.027,5.04,4.922,5.038,5.28,5.371,5.421,3.74,3.674,3.561,3.5,3.57,3.514,3.319,3.265,3.215,3.064,3.24,3.383,3.494,3.628,3.517,3.305,3.056,3.151,3.224,3.345,3.39,3.332,3.197,2.968,3.167,3.326,3.375,3.37,3.409,3.362,5.04,5.001,5.215,5.347,5.412,5.469,5.556,5.537,5.622,5.699,5.805,5.839,5.849,5.799,5.612,5.65,5.495,5.696,5.758,5.773,5.696,5.482,5.45,5.325,5.509,5.683,5.701,5.741,5.52,5.597,5.69,6.44,6.399,6.436,6.32,6.119,6.242,6.298,6.322,6.283,6.06,5.686,5.16,5.06,5.411,5.569,5.712,5.792,5.917,5.719,5.845,5.977,6.025,6.109,5.98,5.811,5.416,5.432,5.512,5.53,5.395,4.105,4.031,3.902,3.943,3.918,4.091,4.208,4.277,4.223,4.08,4.288,4.364,4.373,4.33,4.387,4.379,4.156,4.189,4.357,4.451,4.48,4.591,4.476,4.269,4.423,4.511,4.5,4.456,4.543,4.609,4.453
Guntur_96,4.013,4.04,4.116,4.127,3.973,3.996,4.083,4.088,4.007,3.962,4.034,4.036,4.085,4.012,3.896,3.875,4.055,4.037,3.874,4.039,4.068,3.978,4.022,4.119,4.164,3.974,4.102,4.162,4.193,4.222,4.187,4.219,4.016,4.145,4.252,4.253,4.249,4.296,4.149,4.058,4.127,4.146,4.189,4.337,4.33,4.373,4.19,4.292,4.38,4.362,4.267,4.119,4.154,4.045,4.181,4.255,4.301,4.25,4.225,4.177,3.997,4.111,4.156,4.091,4.026,4.051,4.106,3.985,3.955,3.668,3.811,4.043,4.068,4.042,3.886,4.022,4.15,4.132,4.58,4.513,4.353,4.283,4.207,4.378,4.534,4.584,4.566,4.542,4.4,4.285,4.276,4.335,4.431,4.462,4.433,4.261,4.476,4.498,4.475,4.504,4.537,4.453,4.347,4.595,4.51,4.478,4.348,4.316,4.274,4.13,4.389,4.412,4.303,4.371,4.417,4.374,4.289,4.447,4.452,4.46,4.383,4.986,4.997,4.925,5.069,5.049,5.111,5.247,5.241,5.209,5.002,4.922,4.964,4.945,4.905,4.933,4.876,4.891,4.579,4.794,4.938,4.786,4.721,4.844,4.92,4.704,4.816,4.898,5.038,5.024,4.909,4.796,3.107,3.146,3.138,3.223,3.199,3.219,3.158,3.357,3.417,3.461,3.419,3.428,3.328,3.214,3.377,3.374,3.427,3.474,3.402,3.38,3.249,3.436,3.524,3.481,3.48,3.361,3.289,3.19,3.34,3.507,345.504,348.416,347.043,325.967,293.987,309.211,330.035,328.695,335.132,334.69,315.108,294.096,339.745,356.112,344.045,339.628,344.265,348.813,330.008,325.025,316.626,337.145,340.008,342.363,336.706,327.22,340.513,351.325,345.692,341.718,347.882,338.305,326.867,320.617,320.751,317.795,308.93,328.577,343.407,334.111,334.291,329.194,311.574,313.241,309.756,308.746,301.153,324.76,330.027,316.59,313.28,314.391,312.4,301.595,314.368,324.639,332.987,325.316,324.003,320.673,303.236,322.508,3.427,3.439,3.441,3.507,3.534,3.349,3.385,3.479,3.635,3.584,3.537,3.424,3.32,3.356,3.413,3.461,3.396,3.371,3.462,3.309,3.369,3.323,3.264,3.368,3.384,3.234,3.127,3.368,3.439,3.411,4.382,4.354,4.483,4.343,4.424,4.557,4.708,4.774,4.775,4.634,4.378,4.424,4.492,4.3,4.374,4.423,4.522,4.405,4.509,4.513,4.496,4.41,4.299,4.293,4.075,4.157,4.371,4.457,4.557,4.642,4.606,4.271,4.42,4.467,4.453,4.407,4.507,4.441,4.263,4.35,4.335,4.304,4.38,4.3,3.914,3.803,3.831,4.082,4.2,4.271,4.304,4.27,4.198,4.402,4.385,4.264,4.018,4.027,4.106,4.178,4.325,4.026,4.085,4.042,4.082,4.057,3.882,3.959,4.027,3.955,4.019,4.054,3.976,3.869,3.979,4.086,4.09,4.129,4.186,4.115,4.057,4.166,4.269,4.324,4.259,4.253,4.319,4.155,4.279,4.325,4.302,4.302,4.841,4.7,4.537,4.661,4.698,4.717,4.653,4.709,4.617,4.6,4.787,4.813,4.796,4.74,4.749,4.844,4.786,4.836,4.998,5.097,5.185,5.158,5.078,4.9,4.945,4.775,4.901,4.962,5.056,5.046,4.898,4.235,4.287,4.322,4.242,4.258,4.227,4.108,4.153,4.25,4.33,4.35,4.352,4.332,4.23,4.298,4.298,4.282,4.244,4.197,4.198,4.128,4.288,4.359,4.423,4.438,4.467,4.446,4.376,5.189,5.216,5.198,5.179,5.295,5.265,5.06,5.178,5.278,5.334,5.279,5.097,5.005,5.002,5.189,5.228,5.307,5.385,5.369,5.312,5.143,5.198,5.068,5.189,5.273,5.2,5.226,5.03,4.742,4.82,5.045,5.091,5.221,5.263,5.15,5.287,5.285,5.29,5.413,5.361,5.348,5.156,5.323,5.357,5.159,5.181,5.224,5.097,5.061,5.162,5.258,5.09,4.99,4.938,5.016,4.916,5.101,5.177,5.155,5.177,5.147,4.96,4.867,4.896,4.92,4.825,4.88,4.984,4.948,4.842,4.936,4.816,4.659,4.524,4.677,4.643,4.296,4.319,4.22,4.23,4.199,4.258,4.405,4.496,4.598,4.524,4.44,4.457,4.627,4.736,4.467,4.689,4.678,5.037,5.135,5.15,5.028,4.795,4.94,4.861,4.847,4.742,4.585,4.574,4.352,4.744,4.767,4.889,4.921,4.956,4.746,4.505,4.881,5.066,5.344,5.133,5.111,4.97,5.091,5.47,5.655,5.534,4.155,4.012,4.024,4.073,4.305,4.386,4.354,4.271,4.208,4.285,3.998,3.954,3.912,3.859,3.926,4.113,4.15,3.765,3.48,3.484,3.412,3.513,3.699,3.621,3.564,3.68,3.647,3.434,3.501,3.483,3.43,6.596,7.203,7.403,7.524,7.784,7.894,8.151,8.102,8.259,8.272,8.287,8.403,8.475,8.264,8.053,7.572,8.628,8.484,8.26,8.2,8.042,7.698,8.026,8.082,8.119,8.188,8.3,8.226,7.928,8.063,8.011,0.0,0.0,0.0,0.0,0.0,0.0,0.0,0.0,0.0,0.0,0.0,0.0,0.0,0.0,0.0,0.0,0.0,0.0,0.0,0.0,0.0,0.0,0.0,0.0,0.0,0.0,0.0,0.0,0.0,0.0,3.823,3.684,3.595,3.76,3.842,3.918,3.92,3.959,3.901,3.778,3.957,3.999,4.006,3.949,3.826,3.875,3.672,3.585,3.742,3.777,3.753,3.73,3.779,3.55,3.695,3.726,3.717,3.69,3.737,3.7,3.64,3.812,3.811,3.769,3.482,3.372,3.607,3.536,3.727,3.828,3.962,3.854,3.937,3.907,3.843,3.895,3.889,3.933,3.967,3.867,3.869,3.704,3.917,3.977,4.0,3.964,3.934,3.879,3.669,3.738,3.755,3.286,3.193,3.256,3.263,3.194,3.3,3.365,3.356,3.393,3.341,3.311,3.174,3.331,3.441,3.431,3.398,3.38,3.375,3.206,3.437,3.539,3.6,3.636,3.663,3.626,3.518,3.592,3.518,3.433,3.398,3.456,4.47,4.3,4.542,4.666,4.737,4.647,4.628,4.467,4.266,4.408,4.433,4.455,4.544,4.458,4.345,4.344,4.551,4.692,4.695,4.672,4.715,4.463,4.391,4.635,4.663,4.515,4.592,4.658,4.677,4.672,4.758,5.561,5.583,5.369,5.461,5.527,5.447,5.544,5.697,5.595,5.477,5.507,5.494,5.427,5.462,5.5,5.579,5.531,5.56,5.512,5.419,5.559,5.543,5.55,5.706,5.585,5.495,5.289,5.523,4.82,4.721,4.693,4.825,4.902,4.782,4.764,4.798,4.846,4.932,4.996,4.984,4.862,4.971,5.004,5.072,5.053,4.771,4.806,4.9,5.039,5.08,5.109,5.155,5.133,5.099,4.941,5.032,5.08,5.174,5.205,6.485,6.477,6.276,6.5,6.567,6.446,6.548,6.51,6.535,6.329,6.456,6.55,6.563,6.499,6.432,6.525,6.227,6.397,6.509,6.46,6.485,6.5,6.492,6.286,6.506,6.583,6.651,6.607,6.547,6.378,6.141,6.292,6.271,6.42,6.413,6.583,6.543,6.25,6.346,6.248,6.276,6.268,6.209,6.148,5.979,6.222,6.371,6.549,6.486,6.215,5.668,5.267,5.204,5.665,6.087,6.126,6.033,5.981,5.93,6.262,6.353,6.735,6.804,6.795,6.719,6.555,6.735,6.78,6.636,6.574,6.734,6.666,6.472,6.79,6.886,6.701,6.552,6.457,6.302,5.849,5.866,5.916,6.386,6.634,6.557,6.427,6.24,6.604,6.697,6.43,5.987,5.923,6.024,5.871,6.311,6.338,6.331,6.352,6.232,5.971,5.594,5.807,5.82,5.911,5.823,5.837,5.849,5.596,6.02,6.113,6.004,5.636,5.807,5.657,5.258,5.657,6.028,6.097,6.049,6.157,5.956,5.602,3.927,4.027,4.194,4.19,4.044,3.925,3.734,3.825,3.821,3.82,3.6,3.795,3.939,3.672,3.482,3.73,3.945,4.08,4.031,3.98,3.809,4.016,4.117,4.08,4.148,4.283,4.143,3.968,4.254,4.366,4.337,5.014,5.062,5.036,4.74,4.982,5.061,5.081,5.013,4.883,4.759,4.444,4.515,4.534,4.537,4.467,4.245,4.389,4.421,4.67,4.663,4.605,4.413,4.343,4.286,4.3,4.681,4.717,4.701,4.768,4.781,5.094,4.866,5.163,5.319,5.042,5.115,5.09,5.119,4.948,5.106,5.059,5.146,5.151,5.108,5.034,4.86,5.248,5.299,5.308,5.29,5.223,5.084,4.782,4.509,4.415,4.731,4.992,5.094,5.12,4.979,5.031,5.239,5.306,5.26,5.346,5.327,5.217,5.293,5.334,5.336,5.333,5.338,5.179,5.052,5.09,5.225,5.304,5.343,5.39,5.407,5.197,5.387,5.463,5.451,5.448,5.45,5.455,5.335,5.472,5.405,5.411,5.275,5.352,5.361,5.173,5.283,5.405,5.469,5.336,5.297,5.092,4.957,5.219,5.227,5.259,5.356,5.464,5.504,5.381,5.593,5.611,5.568,5.591,5.682,5.646,5.452,5.562,5.667,5.758,5.778,5.712,5.652,7.213,7.408,7.378,7.254,7.345,7.399,7.443,7.375,7.494,7.505,7.573,7.592,7.636,7.365,7.071,7.271,7.418,7.559,7.492,7.585,7.496,7.279,7.333,7.463,7.407,6.922,7.146,7.358,7.171,7.265,7.274,7.161,7.258,7.49,7.469,7.297,7.345,7.472,7.657,7.552,7.564,7.599,7.247,7.592,7.719,7.62,7.603,7.706,7.655,7.455,7.663,7.734,7.708,7.837,7.901,7.745,7.581,7.908,7.824,7.176,7.203,7.351,7.28,6.996,7.138,6.74,6.576,6.825,7.22,7.305,7.119,7.492,7.529,7.509,7.346,6.941,6.565,6.095,6.563,6.817,6.997,7.139,7.179,7.346,7.066,7.335,7.421,7.458,7.422,7.14,5.134,5.067,5.287,5.508,5.527,5.561,5.644,5.518,5.378,5.602,5.713,5.755,5.825,5.768,5.712,5.504,5.649,5.803,5.744,5.671,5.555,5.403,4.965,5.284,5.532,5.538,5.587,5.579,5.369,4.897,5.946,6.176,6.431,6.445,6.649,6.746,6.496,6.762,6.985,7.062,7.17,7.118,7.014,6.644,6.769,7.024,7.206,7.03,7.345,7.266,7.007,7.193,7.243,6.791,6.465,6.193,6.366,6.627,6.947,7.068,6.909,6.157,6.27,6.518,6.043,6.347,6.411,6.546,6.633,6.581,6.332,6.061,6.31,6.277,6.162,6.245,6.414,6.297,5.997,6.192,6.23,6.333,6.372,6.361,6.159,5.643,5.671,5.843,5.783,5.638,5.511,0.0,0.0,0.0,0.0,0.0,0.0,0.0,0.0,0.0,0.0,0.0,0.0,0.0,0.0,0.0,0.0,0.0,0.0,0.0,0.0,0.0,0.0,0.0,0.0,0.0,0.0,0.0,0.0,0.0,0.0,0.0,7.158,7.052,7.147,7.406,7.611,7.194,7.28,7.546,7.762,7.935,8.228,7.911,7.673,7.984,7.843,8.182,8.261,8.194,7.988,7.934,8.19,8.254,7.88,7.825,8.068,8.089,7.9,8.087,8.475,8.62,8.701,4.5,4.421,4.284,4.211,4.295,4.228,3.994,3.928,3.869,3.687,3.899,4.071,4.204,4.366,4.232,3.976,3.678,3.792,3.879,4.025,4.079,4.009,3.847,3.571,3.811,4.003,4.061,4.055,4.102,4.046,5.327,5.286,5.512,5.651,5.72,5.78,5.872,5.852,5.941,6.023,6.135,6.171,6.181,6.129,5.931,5.971,5.807,6.02,6.086,6.101,6.02,5.794,5.76,5.628,5.822,6.006,6.025,6.068,5.834,5.915,6.014,7.68,7.63,7.675,7.537,7.297,7.443,7.511,7.539,7.492,7.227,6.781,6.154,6.033,6.452,6.641,6.811,6.907,7.056,6.82,6.97,7.128,7.185,7.285,7.131,6.93,6.459,6.478,6.573,6.594,6.433,5.88,5.773,5.589,5.647,5.611,5.86,6.028,6.126,6.049,5.844,6.142,6.251,6.264,6.203,6.284,6.273,5.953,6.0,6.241,6.375,6.417,6.576,6.411,6.114,6.336,6.461,6.446,6.383,6.507,6.601,6.379,5.476,5.575,5.719,5.714,5.732,5.584,5.342,5.523,5.517,5.614,5.648,5.73,5.81,5.549,5.598,5.79,5.849,5.853,5.881,5.924,5.797,5.816,5.898,5.862,5.467,5.109,5.274,5.431,5.293,5.362,5.369,8.181,8.293,8.558,8.533,8.337,8.392,8.537,8.748,8.628,8.642,8.682,8.28,8.674,8.819,8.706,8.686,8.804,8.746,8.517,8.755,8.836,8.807,8.953,9.027,8.849,8.661,9.035,8.939,7.896,9.353,9.388,9.58,9.488,9.118,9.302,8.784,8.571,8.895,9.41,9.52,9.279,9.764,9.812,9.786,9.574,9.046,8.556,7.944,8.553,8.884,9.119,9.304,9.356,9.574,9.209,9.559,9.671,9.72,9.673,9.305,6.727,6.64,6.927,7.217,7.242,7.287,7.396,7.231,7.047,7.341,7.487,7.541,7.634,7.558,7.485,7.213,7.403,7.604,7.527,7.431,7.28,7.081,6.506,6.923,7.249,7.256,7.321,7.311,7.036,6.417,4.568,4.745,4.941,4.952,5.108,5.183,4.991,5.195,5.366,5.426,5.508,5.469,5.389,5.104,5.201,5.396,5.536,5.401,5.643,5.582,5.383,5.526,5.564,5.217,4.966,4.758,4.89,5.091,5.337,5.43,5.308,6.157,6.27,6.518,6.043,6.347,6.411,6.546,6.633,6.581,6.332,6.061,6.31,6.277,6.162,6.245,6.414,6.297,5.997,6.192,6.23,6.333,6.372,6.361,6.159,5.643,5.671,5.843,5.783,5.638,5.511,4.848,4.803,5.131,5.161,5.03,4.855,4.934,4.765,4.712,5.109,5.112,5.198,5.121,5.086,4.986,4.848,5.018,4.986,4.87,5.004,5.059,4.826,4.591,4.856,4.897,4.685,4.579,4.454,4.323,4.355,4.644,4.317,4.253,4.31,4.466,4.59,4.339,4.39,4.551,4.681,4.785,4.962,4.771,4.628,4.815,4.73,4.934,4.982,4.942,4.818,4.785,4.939,4.978,4.752,4.719,4.866,4.878,4.765,4.877,5.111,5.199,5.248,3.74,3.674,3.561,3.5,3.57,3.514,3.319,3.265,3.215,3.064,3.24,3.383,3.494,3.628,3.517,3.305,3.056,3.151,3.224,3.345,3.39,3.332,3.197,2.968,3.167,3.326,3.375,3.37,3.409,3.362,5.327,5.286,5.512,5.651,5.72,5.78,5.872,5.852,5.941,6.023,6.135,6.171,6.181,6.129,5.931,5.971,5.807,6.02,6.086,6.101,6.02,5.794,5.76,5.628,5.822,6.006,6.025,6.068,5.834,5.915,6.014,7.68,7.63,7.675,7.537,7.297,7.443,7.511,7.539,7.492,7.227,6.781,6.154,6.033,6.452,6.641,6.811,6.907,7.056,6.82,6.97,7.128,7.185,7.285,7.131,6.93,6.459,6.478,6.573,6.594,6.433,5.88,5.773,5.589,5.647,5.611,5.86,6.028,6.126,6.049,5.844,6.142,6.251,6.264,6.203,6.284,6.273,5.953,6.0,6.241,6.375,6.417,6.576,6.411,6.114,6.336,6.461,6.446,6.383,6.507,6.601,6.379
Guntur_97,13.249,13.34,13.592,13.625,13.12,13.194,13.481,13.499,13.229,13.082,13.321,13.326,13.488,13.248,12.863,12.793,13.39,13.331,12.791,13.336,13.433,13.133,13.281,13.602,13.749,13.121,13.543,13.741,13.846,13.939,13.825,12.503,11.903,12.284,12.602,12.604,12.593,12.734,12.296,12.025,12.231,12.288,12.415,12.855,12.834,12.96,12.417,12.722,12.982,12.929,12.647,12.208,12.312,11.988,12.391,12.611,12.748,12.595,12.521,12.379,13.351,13.731,13.883,13.665,13.449,13.532,13.715,13.313,13.213,12.253,12.731,13.506,13.588,13.501,12.982,13.434,13.862,13.803,15.3,15.076,14.542,14.308,14.055,14.626,15.145,15.312,15.251,15.171,14.7,14.315,14.284,15.817,16.168,16.279,16.175,15.547,16.33,16.409,16.325,16.431,16.555,16.246,15.86,16.763,16.456,16.339,15.862,15.745,15.592,15.069,16.011,16.096,15.699,15.948,16.115,15.959,15.648,16.226,16.243,16.272,15.992,14.086,14.118,13.913,14.32,14.265,14.441,14.824,14.807,14.715,14.131,13.905,14.023,13.971,13.858,13.936,13.774,13.818,12.936,13.545,13.951,13.52,13.337,13.686,13.901,13.289,13.605,13.837,14.233,14.193,13.87,13.548,14.565,14.749,14.709,15.111,14.996,15.089,14.805,15.738,16.02,16.227,16.028,16.071,15.603,15.07,15.83,15.816,16.064,16.284,15.95,15.847,15.234,16.107,16.523,16.317,16.313,15.758,15.421,14.954,15.659,16.442,0.0,0.0,0.0,0.0,0.0,0.0,0.0,0.0,0.0,0.0,0.0,0.0,0.0,0.0,0.0,0.0,0.0,0.0,0.0,0.0,0.0,0.0,0.0,0.0,0.0,0.0,0.0,0.0,0.0,0.0,0.0,0.0,0.0,0.0,0.0,0.0,0.0,0.0,0.0,0.0,0.0,0.0,0.0,0.0,0.0,0.0,0.0,0.0,0.0,0.0,0.0,0.0,0.0,0.0,0.0,0.0,0.0,0.0,0.0,0.0,0.0,0.0,4.52,4.536,4.537,4.625,4.661,4.417,4.465,4.589,4.794,4.726,4.665,4.515,4.378,4.426,4.501,4.565,4.478,4.446,4.565,4.365,4.443,4.382,4.305,4.441,4.463,4.265,4.124,4.441,4.536,4.498,9.604,9.543,9.825,9.518,9.697,9.987,10.319,10.463,10.466,10.156,9.596,9.696,9.846,9.424,9.587,9.695,9.912,9.655,9.882,9.892,9.854,9.666,9.423,9.41,8.93,9.11,9.58,9.768,9.988,10.175,10.094,11.791,12.203,12.334,12.293,12.168,12.443,12.262,11.769,12.01,11.968,11.884,12.092,11.871,10.806,10.499,10.576,11.271,11.596,11.793,11.882,11.788,11.589,12.154,12.105,11.773,11.093,11.117,11.335,11.536,11.94,12.33,12.511,12.381,12.502,12.425,11.889,12.126,12.335,12.114,12.309,12.415,12.177,11.851,12.186,12.516,12.527,12.644,12.82,12.604,12.426,12.76,13.076,13.241,13.044,13.025,13.228,12.726,13.106,13.246,13.175,13.176,12.017,11.667,11.262,11.57,11.662,11.707,11.549,11.688,11.461,11.418,11.883,11.947,11.905,11.766,11.788,12.025,11.879,12.005,12.405,12.652,12.869,12.803,12.605,12.164,12.274,11.852,12.164,12.317,12.55,12.525,12.157,13.244,13.407,13.514,13.266,13.315,13.217,12.847,12.988,13.289,13.541,13.603,13.61,13.547,13.226,13.439,13.439,13.392,13.272,13.123,13.127,12.907,13.41,13.63,13.832,13.878,13.969,13.903,13.683,13.737,13.806,13.76,13.71,14.017,13.937,13.394,13.708,13.97,14.119,13.975,13.494,13.249,13.242,13.737,13.838,14.048,14.254,14.211,14.061,13.616,13.76,13.417,13.737,13.957,13.764,13.834,13.314,12.552,12.76,13.354,12.087,12.397,12.495,12.227,12.553,12.549,12.56,12.853,12.728,12.699,12.243,12.638,12.719,12.248,12.301,12.402,12.1,12.017,12.255,12.484,12.086,11.847,11.725,11.91,11.671,12.11,12.292,12.24,12.292,12.219,9.992,9.805,9.864,9.911,9.72,9.831,10.04,9.968,9.754,9.944,9.703,9.386,9.114,9.422,9.353,8.655,8.701,8.502,8.522,8.46,8.578,8.874,9.057,9.262,9.115,8.944,8.979,9.321,9.542,8.999,9.447,13.437,14.466,14.748,14.792,14.44,13.771,14.19,13.961,13.921,13.621,13.17,13.137,12.499,13.627,13.692,14.042,14.135,14.236,13.632,12.94,14.019,14.55,15.348,14.744,14.68,14.275,14.621,15.712,16.242,15.894,5.487,5.297,5.313,5.378,5.684,5.791,5.749,5.64,5.556,5.657,5.278,5.221,5.165,5.096,5.184,5.431,5.48,4.972,4.594,4.6,4.505,4.639,4.885,4.781,4.705,4.859,4.815,4.534,4.622,4.598,4.529,12.735,13.908,14.293,14.527,15.03,15.241,15.739,15.643,15.947,15.972,16.0,16.225,16.363,15.955,15.549,14.619,16.658,16.381,15.949,15.832,15.527,14.863,15.498,15.604,15.677,15.81,16.025,15.882,15.308,15.568,15.468,0.0,0.0,0.0,0.0,0.0,0.0,0.0,0.0,0.0,0.0,0.0,0.0,0.0,0.0,0.0,0.0,0.0,0.0,0.0,0.0,0.0,0.0,0.0,0.0,0.0,0.0,0.0,0.0,0.0,0.0,8.577,8.267,8.066,8.437,8.62,8.791,8.795,8.882,8.754,8.477,8.88,8.973,8.988,8.861,8.584,8.695,8.239,8.043,8.396,8.475,8.422,8.37,8.48,7.966,8.29,8.36,8.34,8.279,8.386,8.302,8.168,11.074,11.073,10.95,10.116,9.798,10.479,10.273,10.829,11.121,11.512,11.197,11.437,11.353,11.167,11.317,11.298,11.427,11.527,11.235,11.242,10.761,11.38,11.554,11.622,11.518,11.431,11.272,10.661,10.86,10.91,8.679,8.433,8.601,8.619,8.436,8.716,8.89,8.865,8.961,8.824,8.747,8.385,8.797,9.088,9.063,8.975,8.929,8.915,8.469,9.078,9.348,9.51,9.605,9.676,9.579,9.292,9.488,9.293,9.068,8.974,9.129,10.02,9.637,10.179,10.459,10.618,10.416,10.373,10.012,9.561,9.88,9.937,9.985,10.184,9.991,9.74,9.736,10.2,10.517,10.524,10.473,10.568,10.004,9.843,10.389,10.451,10.12,10.292,10.44,10.482,10.472,10.664,10.713,10.756,10.343,10.521,10.648,10.495,10.681,10.977,10.779,10.552,10.61,10.584,10.456,10.524,10.596,10.749,10.657,10.712,10.618,10.441,10.71,10.678,10.692,10.993,10.76,10.586,10.19,10.641,9.661,9.463,9.407,9.67,9.826,9.586,9.548,9.618,9.713,9.885,10.014,9.99,9.745,9.964,10.029,10.165,10.127,9.564,9.633,9.821,10.099,10.183,10.24,10.333,10.289,10.22,9.903,10.087,10.182,10.37,10.433,11.444,11.431,11.076,11.471,11.589,11.375,11.556,11.49,11.533,11.169,11.393,11.559,11.583,11.47,11.351,11.515,10.989,11.289,11.487,11.401,11.445,11.471,11.457,11.094,11.482,11.618,11.737,11.659,11.555,11.256,9.338,9.568,9.536,9.762,9.752,10.011,9.949,9.504,9.65,9.501,9.544,9.531,9.441,9.35,9.093,9.461,9.688,9.959,9.863,9.451,8.619,8.009,7.913,8.614,9.256,9.315,9.175,9.095,9.018,9.523,9.661,11.152,11.265,11.251,11.125,10.853,11.152,11.226,10.988,10.884,11.149,11.037,10.716,11.242,11.401,11.096,10.848,10.691,10.434,9.685,9.713,9.795,10.574,10.985,10.857,10.642,10.332,10.934,11.088,10.646,9.912,9.807,9.973,9.72,10.45,10.495,10.482,10.517,10.319,9.887,9.262,9.614,9.636,9.786,9.641,9.665,9.684,9.265,9.967,10.121,9.941,9.332,9.614,9.367,8.705,9.366,9.981,10.095,10.016,10.194,9.861,9.275,10.891,11.168,11.629,11.62,11.215,10.883,10.353,10.608,10.596,10.592,9.982,10.524,10.923,10.183,9.657,10.342,10.938,11.314,11.179,11.037,10.561,11.136,11.416,11.313,11.502,11.878,11.49,11.002,11.797,12.106,12.027,8.797,8.881,8.836,8.317,8.742,8.879,8.915,8.795,8.566,8.35,7.798,7.921,7.955,7.959,7.838,7.448,7.701,7.757,8.194,8.18,8.08,7.743,7.62,7.519,7.544,8.213,8.276,8.248,8.366,8.388,9.518,9.092,9.648,9.938,9.421,9.557,9.511,9.566,9.247,9.54,9.454,9.615,9.625,9.545,9.407,9.082,9.807,9.901,9.918,9.886,9.759,9.501,8.935,8.427,8.25,8.84,9.328,9.519,9.568,9.305,9.402,9.751,9.876,9.791,9.949,9.914,9.709,9.851,9.928,9.931,9.926,9.936,9.638,9.403,9.474,9.725,9.871,9.944,10.032,10.064,9.673,10.027,10.168,10.145,10.14,10.143,10.153,9.929,10.184,10.059,10.07,10.657,10.814,10.832,10.452,10.674,10.92,11.05,10.782,10.703,10.289,10.015,10.544,10.56,10.624,10.822,11.039,11.121,10.872,11.299,11.337,11.249,11.295,11.48,11.406,11.016,11.238,11.451,11.633,11.674,11.54,11.418,10.451,10.735,10.691,10.511,10.644,10.722,10.784,10.686,10.859,10.874,10.973,11.001,11.064,10.672,10.247,10.536,10.749,10.953,10.856,10.991,10.861,10.547,10.626,10.814,10.733,10.031,10.355,10.662,10.391,10.528,10.54,10.558,10.701,11.043,11.011,10.758,10.829,11.017,11.288,11.134,11.152,11.204,10.685,11.193,11.38,11.235,11.209,11.361,11.287,10.99,11.297,11.402,11.365,11.554,11.648,11.419,11.177,11.659,11.535,10.676,10.716,10.936,10.831,10.408,10.619,10.028,9.784,10.155,10.742,10.867,10.592,11.146,11.2,11.171,10.929,10.326,9.767,9.068,9.764,10.142,10.41,10.621,10.68,10.93,10.512,10.912,11.04,11.096,11.042,10.622,9.871,9.742,10.165,10.59,10.627,10.693,10.852,10.61,10.34,10.771,10.985,11.066,11.201,11.09,10.984,10.584,10.862,11.157,11.045,10.904,10.682,10.39,9.547,10.159,10.636,10.648,10.742,10.728,10.324,9.415,10.176,10.569,11.006,11.031,11.379,11.545,11.117,11.573,11.953,12.086,12.271,12.182,12.004,11.37,11.585,12.02,12.332,12.031,12.571,12.435,11.992,12.31,12.395,11.621,11.064,10.598,10.894,11.342,11.888,12.096,11.823,9.35,9.522,9.898,9.177,9.638,9.736,9.941,10.073,9.994,9.615,9.203,9.582,9.533,9.357,9.484,9.741,9.563,9.107,9.403,9.461,9.617,9.676,9.66,9.352,8.57,8.612,8.874,8.782,8.562,8.369,14.136,14.005,14.964,15.049,14.668,14.159,14.39,13.896,13.741,14.898,14.907,15.158,14.932,14.832,14.541,14.137,14.633,14.539,14.203,14.591,14.754,14.073,13.387,14.16,14.281,13.663,13.354,12.988,12.606,12.7,13.541,14.97,14.748,14.946,15.488,15.916,15.045,15.224,15.78,16.233,16.593,17.206,16.545,16.047,16.697,16.401,17.11,17.275,17.136,16.706,16.592,17.127,17.262,16.478,16.364,16.873,16.917,16.522,16.912,17.723,18.027,18.197,7.633,7.498,7.267,7.143,7.285,7.171,6.774,6.662,6.562,6.253,6.613,6.905,7.13,7.405,7.178,6.744,6.237,6.431,6.58,6.827,6.918,6.8,6.525,6.056,6.464,6.789,6.887,6.877,6.958,6.862,9.035,8.965,9.349,9.586,9.702,9.804,9.96,9.926,10.078,10.217,10.406,10.468,10.485,10.396,10.061,10.129,9.85,10.21,10.323,10.349,10.211,9.827,9.769,9.546,9.876,10.187,10.22,10.292,9.895,10.033,10.2,10.055,9.99,10.048,9.868,9.554,9.745,9.834,9.87,9.809,9.462,8.878,8.057,7.9,8.448,8.695,8.918,9.043,9.239,8.929,9.126,9.332,9.407,9.538,9.337,9.073,8.457,8.482,8.605,8.634,8.423,7.953,7.808,7.559,7.638,7.589,7.926,8.152,8.285,8.181,7.904,8.307,8.455,8.471,8.389,8.498,8.484,8.051,8.115,8.44,8.622,8.679,8.894,8.67,8.269,8.569,8.738,8.717,8.632,8.801,8.928,8.627,9.558,9.731,9.982,9.974,10.006,9.747,9.324,9.641,9.631,9.799,9.858,10.002,10.14,9.686,9.772,10.107,10.209,10.216,10.265,10.34,10.118,10.151,10.294,10.232,9.543,8.918,9.206,9.479,9.239,9.36,9.371,9.84,9.974,10.293,10.263,10.027,10.093,10.268,10.521,10.377,10.394,10.443,9.959,10.433,10.607,10.472,10.448,10.589,10.52,10.244,10.53,10.627,10.592,10.769,10.857,10.643,10.418,10.867,10.752,9.497,9.859,9.896,10.099,10.002,9.612,9.806,9.26,9.035,9.377,9.919,10.035,9.781,10.293,10.343,10.316,10.092,9.536,9.019,8.374,9.016,9.365,9.613,9.808,9.863,10.093,9.707,10.077,10.195,10.247,10.197,9.809,10.295,10.161,10.602,11.045,11.084,11.152,11.318,11.066,10.785,11.234,11.458,11.541,11.683,11.567,11.456,11.038,11.329,11.637,11.519,11.373,11.141,10.836,9.957,10.596,11.093,11.105,11.203,11.189,10.768,9.82,9.158,9.511,9.904,9.927,10.24,10.39,10.005,10.415,10.757,10.877,11.043,10.963,10.803,10.232,10.426,10.818,11.098,10.827,11.313,11.191,10.792,11.078,11.155,10.458,9.956,9.538,9.804,10.207,10.698,10.885,10.64,9.35,9.522,9.898,9.177,9.638,9.736,9.941,10.073,9.994,9.615,9.203,9.582,9.533,9.357,9.484,9.741,9.563,9.107,9.403,9.461,9.617,9.676,9.66,9.352,8.57,8.612,8.874,8.782,8.562,8.369,9.718,9.628,10.287,10.345,10.084,9.734,9.892,9.553,9.447,10.242,10.248,10.421,10.265,10.196,9.996,9.719,10.059,9.995,9.764,10.031,10.142,9.675,9.203,9.734,9.818,9.393,9.18,8.929,8.666,8.731,9.309,8.824,8.693,8.81,9.13,9.382,8.869,8.974,9.302,9.569,9.781,10.143,9.753,9.459,9.843,9.668,10.086,10.183,10.101,9.848,9.78,10.096,10.176,9.714,9.646,9.946,9.972,9.739,9.969,10.447,10.627,10.727,4.244,4.169,4.041,3.972,4.051,3.987,3.767,3.705,3.649,3.477,3.677,3.84,3.965,4.118,3.991,3.75,3.468,3.576,3.659,3.796,3.847,3.781,3.628,3.368,3.594,3.775,3.83,3.824,3.869,3.815,9.035,8.965,9.349,9.586,9.702,9.804,9.96,9.926,10.078,10.217,10.406,10.468,10.485,10.396,10.061,10.129,9.85,10.21,10.323,10.349,10.211,9.827,9.769,9.546,9.876,10.187,10.22,10.292,9.895,10.033,10.2,10.055,9.99,10.048,9.868,9.554,9.745,9.834,9.87,9.809,9.462,8.878,8.057,7.9,8.448,8.695,8.918,9.043,9.239,8.929,9.126,9.332,9.407,9.538,9.337,9.073,8.457,8.482,8.605,8.634,8.423,7.953,7.808,7.559,7.638,7.589,7.926,8.152,8.285,8.181,7.904,8.307,8.455,8.471,8.389,8.498,8.484,8.051,8.115,8.44,8.622,8.679,8.894,8.67,8.269,8.569,8.738,8.717,8.632,8.801,8.928,8.627
Guntur_98,12.271,12.355,12.589,12.62,12.151,12.221,12.486,12.503,12.253,12.116,12.337,12.342,12.493,12.271,11.913,11.849,12.402,12.347,11.847,12.352,12.441,12.164,12.301,12.598,12.735,12.153,12.544,12.727,12.824,12.91,12.804,12.015,11.438,11.804,12.11,12.111,12.101,12.236,11.815,11.556,11.754,11.808,11.93,12.353,12.333,12.454,11.932,12.225,12.475,12.424,12.153,11.731,11.831,11.52,11.907,12.118,12.25,12.103,12.032,11.896,11.843,12.18,12.314,12.121,11.929,12.003,12.165,11.809,11.72,10.869,11.292,11.98,12.053,11.975,11.515,11.916,12.295,12.243,13.571,13.372,12.899,12.691,12.467,12.973,13.433,13.582,13.528,13.457,13.039,12.697,12.669,16.072,16.427,16.54,16.435,15.797,16.592,16.673,16.587,16.695,16.82,16.507,16.115,17.032,16.72,16.601,16.117,15.998,15.843,15.311,16.269,16.354,15.951,16.205,16.374,16.215,15.899,16.487,16.504,16.534,16.249,11.65,11.677,11.507,11.843,11.799,11.943,12.261,12.246,12.17,11.688,11.5,11.598,11.555,11.461,11.526,11.392,11.429,10.699,11.202,11.538,11.182,11.03,11.319,11.497,10.991,11.252,11.444,11.772,11.739,11.471,11.205,14.12,14.299,14.26,14.65,14.538,14.628,14.353,15.257,15.531,15.732,15.538,15.581,15.127,14.61,15.346,15.333,15.574,15.787,15.463,15.363,14.768,15.615,16.018,15.819,15.815,15.277,14.951,14.497,15.181,15.94,0.0,0.0,0.0,0.0,0.0,0.0,0.0,0.0,0.0,0.0,0.0,0.0,0.0,0.0,0.0,0.0,0.0,0.0,0.0,0.0,0.0,0.0,0.0,0.0,0.0,0.0,0.0,0.0,0.0,0.0,0.0,0.0,0.0,0.0,0.0,0.0,0.0,0.0,0.0,0.0,0.0,0.0,0.0,0.0,0.0,0.0,0.0,0.0,0.0,0.0,0.0,0.0,0.0,0.0,0.0,0.0,0.0,0.0,0.0,0.0,0.0,0.0,8.359,8.387,8.391,8.553,8.619,8.167,8.256,8.485,8.865,8.74,8.626,8.35,8.096,8.185,8.324,8.441,8.281,8.221,8.442,8.071,8.215,8.104,7.96,8.213,8.253,7.886,7.625,8.213,8.387,8.318,9.578,9.517,9.798,9.493,9.67,9.96,10.291,10.434,10.438,10.129,9.57,9.67,9.819,9.399,9.562,9.669,9.885,9.629,9.856,9.865,9.828,9.64,9.398,9.385,8.906,9.085,9.554,9.742,9.961,10.147,10.067,8.899,9.21,9.309,9.278,9.184,9.391,9.254,8.882,9.065,9.033,8.969,9.126,8.96,8.156,7.924,7.982,8.506,8.752,8.901,8.968,8.897,8.747,9.173,9.136,8.886,8.372,8.391,8.555,8.706,9.011,11.605,11.776,11.653,11.767,11.695,11.19,11.413,11.61,11.402,11.585,11.685,11.462,11.154,11.47,11.78,11.791,11.901,12.067,11.863,11.696,12.01,12.307,12.463,12.277,12.26,12.45,11.978,12.336,12.468,12.401,12.402,12.977,12.599,12.161,12.493,12.593,12.642,12.471,12.621,12.376,12.33,12.831,12.901,12.856,12.705,12.729,12.984,12.827,12.963,13.396,13.662,13.897,13.825,13.611,13.135,13.253,12.798,13.135,13.3,13.552,13.524,13.127,12.342,12.495,12.594,12.363,12.409,12.317,11.972,12.103,12.385,12.619,12.677,12.683,12.625,12.326,12.524,12.525,12.48,12.368,12.23,12.233,12.029,12.497,12.702,12.891,12.933,13.018,12.957,12.752,13.223,13.29,13.246,13.197,13.493,13.416,12.893,13.195,13.448,13.591,13.452,12.989,12.753,12.746,13.223,13.32,13.523,13.721,13.68,13.535,13.106,13.245,12.915,13.223,13.435,13.249,13.316,12.816,12.082,12.282,12.855,10.031,10.288,10.369,10.147,10.418,10.414,10.423,10.666,10.563,10.539,10.16,10.488,10.555,10.164,10.208,10.293,10.042,9.973,10.17,10.36,10.03,9.832,9.731,9.884,9.686,10.051,10.201,10.158,10.201,10.141,8.668,8.505,8.557,8.598,8.432,8.528,8.71,8.648,8.462,8.627,8.417,8.142,7.907,8.174,8.114,7.508,7.548,7.375,7.393,7.339,7.441,7.698,7.857,8.035,7.907,7.759,7.789,8.086,8.278,7.807,8.195,13.068,14.069,14.343,14.386,14.044,13.393,13.8,13.578,13.539,13.247,12.808,12.776,12.156,13.253,13.317,13.657,13.747,13.845,13.258,12.585,13.634,14.15,14.927,14.339,14.277,13.884,14.22,15.281,15.796,15.458,5.487,5.297,5.313,5.378,5.684,5.791,5.749,5.64,5.556,5.657,5.278,5.221,5.165,5.096,5.184,5.431,5.48,4.972,4.594,4.6,4.505,4.639,4.885,4.781,4.705,4.859,4.815,4.534,4.622,4.598,4.529,17.907,19.556,20.098,20.428,21.134,21.432,22.131,21.996,22.423,22.459,22.498,22.815,23.008,22.435,21.864,20.557,23.424,23.035,22.427,22.262,21.834,20.9,21.792,21.941,22.044,22.231,22.534,22.333,21.525,21.891,21.75,0.0,0.0,0.0,0.0,0.0,0.0,0.0,0.0,0.0,0.0,0.0,0.0,0.0,0.0,0.0,0.0,0.0,0.0,0.0,0.0,0.0,0.0,0.0,0.0,0.0,0.0,0.0,0.0,0.0,0.0,14.369,13.85,13.513,14.135,14.441,14.728,14.734,14.88,14.666,14.202,14.876,15.032,15.057,14.845,14.381,14.566,13.802,13.475,14.065,14.198,14.109,14.023,14.206,13.346,13.889,14.006,13.972,13.87,14.049,13.908,13.684,9.848,9.847,9.737,8.995,8.713,9.319,9.135,9.629,9.889,10.237,9.957,10.171,10.095,9.93,10.063,10.047,10.161,10.25,9.991,9.997,9.569,10.12,10.274,10.335,10.242,10.165,10.023,9.48,9.657,9.702,9.328,9.064,9.244,9.264,9.067,9.368,9.554,9.528,9.631,9.484,9.401,9.012,9.455,9.768,9.74,9.646,9.597,9.582,9.103,9.756,10.047,10.221,10.323,10.399,10.295,9.987,10.198,9.988,9.746,9.645,9.812,9.545,9.181,9.697,9.964,10.115,9.923,9.882,9.538,9.109,9.413,9.466,9.512,9.702,9.518,9.279,9.275,9.718,10.019,10.025,9.977,10.067,9.531,9.377,9.897,9.957,9.641,9.805,9.946,9.986,9.976,10.159,10.713,10.756,10.343,10.521,10.648,10.495,10.681,10.977,10.779,10.552,10.61,10.584,10.456,10.524,10.596,10.749,10.657,10.712,10.618,10.441,10.71,10.678,10.692,10.993,10.76,10.586,10.19,10.641,10.136,9.928,9.87,10.146,10.309,10.057,10.017,10.09,10.19,10.371,10.506,10.481,10.225,10.453,10.522,10.665,10.625,10.034,10.107,10.304,10.596,10.683,10.743,10.841,10.795,10.722,10.39,10.583,10.683,10.88,10.946,10.063,10.052,9.74,10.087,10.191,10.003,10.162,10.104,10.142,9.822,10.019,10.165,10.186,10.086,9.982,10.126,9.664,9.927,10.101,10.026,10.064,10.087,10.075,9.756,10.097,10.217,10.321,10.253,10.161,9.898,9.684,9.923,9.889,10.124,10.114,10.382,10.317,9.856,10.007,9.852,9.897,9.884,9.791,9.696,9.429,9.812,10.047,10.328,10.228,9.801,8.938,8.306,8.206,8.933,9.599,9.66,9.515,9.432,9.352,9.875,10.019,10.206,10.309,10.296,10.181,9.932,10.205,10.273,10.055,9.961,10.203,10.101,9.807,10.288,10.433,10.154,9.928,9.783,9.549,8.863,8.889,8.964,9.677,10.053,9.936,9.739,9.455,10.006,10.147,9.742,9.071,8.975,9.127,8.895,9.563,9.604,9.593,9.624,9.443,9.048,8.476,8.798,8.819,8.956,8.823,8.845,8.863,8.479,9.122,9.262,9.098,8.54,8.798,8.572,7.966,8.572,9.134,9.238,9.166,9.329,9.025,8.488,7.452,7.641,7.957,7.95,7.673,7.447,7.084,7.258,7.25,7.247,6.83,7.2,7.474,6.967,6.607,7.076,7.484,7.741,7.648,7.552,7.226,7.62,7.811,7.741,7.87,8.127,7.861,7.528,8.072,8.283,8.229,7.985,8.062,8.02,7.549,7.935,8.06,8.092,7.983,7.776,7.579,7.078,7.19,7.221,7.225,7.114,6.76,6.99,7.041,7.438,7.425,7.334,7.028,6.916,6.825,6.848,7.455,7.512,7.487,7.594,7.614,9.966,9.52,10.102,10.406,9.865,10.007,9.959,10.016,9.682,9.99,9.899,10.068,10.078,9.994,9.85,9.51,10.268,10.368,10.385,10.351,10.219,9.948,9.356,8.823,8.639,9.257,9.767,9.968,10.019,9.743,9.845,10.25,10.382,10.292,10.458,10.422,10.206,10.355,10.436,10.439,10.434,10.444,10.132,9.884,9.959,10.223,10.376,10.453,10.546,10.579,10.168,10.54,10.689,10.664,10.66,10.662,10.672,10.437,10.705,10.574,10.586,10.178,10.328,10.345,9.983,10.194,10.429,10.553,10.297,10.222,9.826,9.565,10.07,10.086,10.147,10.336,10.543,10.621,10.384,10.792,10.827,10.743,10.788,10.964,10.894,10.521,10.733,10.936,11.11,11.149,11.022,10.905,10.736,11.027,10.982,10.798,10.933,11.014,11.078,10.978,11.155,11.171,11.272,11.301,11.365,10.962,10.526,10.823,11.042,11.252,11.152,11.291,11.157,10.834,10.915,11.109,11.025,10.304,10.637,10.952,10.674,10.814,10.827,10.48,10.622,10.962,10.93,10.679,10.749,10.935,11.205,11.052,11.069,11.121,10.606,11.111,11.296,11.152,11.127,11.277,11.203,10.909,11.214,11.318,11.281,11.468,11.562,11.335,11.094,11.573,11.45,10.043,10.08,10.287,10.188,9.791,9.989,9.432,9.203,9.552,10.104,10.222,9.963,10.484,10.536,10.508,10.28,9.713,9.187,8.53,9.184,9.539,9.792,9.99,10.046,10.281,9.888,10.264,10.385,10.437,10.387,9.991,9.394,9.272,9.674,10.078,10.113,10.176,10.327,10.097,9.84,10.251,10.455,10.531,10.66,10.554,10.453,10.072,10.337,10.618,10.511,10.377,10.166,9.887,9.085,9.668,10.122,10.133,10.223,10.209,9.825,8.96,9.321,9.681,10.081,10.104,10.423,10.575,10.183,10.601,10.949,11.071,11.24,11.159,10.995,10.415,10.612,11.011,11.296,11.021,11.515,11.39,10.985,11.276,11.354,10.645,10.134,9.708,9.979,10.389,10.889,11.08,10.83,8.137,8.287,8.614,7.987,8.388,8.473,8.652,8.767,8.698,8.368,8.01,8.339,8.296,8.144,8.254,8.477,8.323,7.926,8.184,8.234,8.37,8.421,8.407,8.14,7.458,7.495,7.723,7.643,7.451,7.284,14.136,14.005,14.964,15.049,14.668,14.159,14.39,13.896,13.741,14.898,14.907,15.158,14.932,14.832,14.541,14.137,14.633,14.539,14.203,14.591,14.754,14.073,13.387,14.16,14.281,13.663,13.354,12.988,12.606,12.7,13.541,12.651,12.463,12.631,13.089,13.451,12.715,12.866,13.336,13.719,14.023,14.541,13.982,13.562,14.111,13.861,14.46,14.599,14.482,14.118,14.022,14.474,14.589,13.926,13.829,14.259,14.297,13.963,14.292,14.978,15.235,15.378,11.498,11.295,10.946,10.76,10.974,10.802,10.204,10.036,9.885,9.42,9.962,10.402,10.741,11.155,10.813,10.16,9.396,9.688,9.912,10.284,10.422,10.243,9.829,9.123,9.738,10.226,10.375,10.359,10.481,10.336,9.073,9.003,9.388,9.626,9.743,9.846,10.002,9.968,10.12,10.26,10.45,10.512,10.529,10.44,10.103,10.171,9.892,10.253,10.366,10.392,10.254,9.869,9.811,9.587,9.917,10.23,10.263,10.335,9.937,10.076,10.244,10.062,9.997,10.055,9.875,9.56,9.752,9.841,9.877,9.816,9.468,8.884,8.063,7.905,8.453,8.701,8.924,9.05,9.245,8.936,9.132,9.339,9.414,9.544,9.343,9.08,8.463,8.487,8.611,8.64,8.428,8.399,8.246,7.983,8.066,8.015,8.371,8.61,8.75,8.64,8.348,8.773,8.929,8.946,8.859,8.975,8.96,8.503,8.57,8.914,9.106,9.166,9.393,9.157,8.733,9.05,9.228,9.206,9.117,9.294,9.429,9.111,10.022,10.203,10.467,10.458,10.492,10.221,9.777,10.109,10.099,10.275,10.337,10.488,10.633,10.157,10.247,10.598,10.705,10.713,10.764,10.843,10.61,10.645,10.795,10.729,10.006,9.352,9.654,9.94,9.688,9.815,9.827,10.097,10.234,10.562,10.531,10.289,10.357,10.536,10.796,10.648,10.665,10.715,10.219,10.705,10.884,10.745,10.72,10.865,10.794,10.511,10.805,10.905,10.869,11.05,11.14,10.921,10.689,11.15,11.032,9.745,10.591,10.63,10.848,10.744,10.325,10.534,9.947,9.705,10.073,10.655,10.78,10.507,11.056,11.11,11.081,10.841,10.243,9.689,8.995,9.685,10.06,10.326,10.535,10.594,10.842,10.427,10.824,10.951,11.007,10.954,10.536,8.772,8.658,9.034,9.411,9.444,9.503,9.644,9.429,9.189,9.573,9.763,9.834,9.955,9.856,9.761,9.406,9.653,9.916,9.816,9.691,9.493,9.233,8.484,9.029,9.453,9.463,9.546,9.534,9.175,8.368,8.291,8.611,8.966,8.987,9.27,9.406,9.057,9.428,9.738,9.847,9.997,9.925,9.78,9.263,9.438,9.793,10.047,9.802,10.241,10.131,9.77,10.029,10.098,9.468,9.013,8.635,8.875,9.24,9.685,9.855,9.632,8.137,8.287,8.614,7.987,8.388,8.473,8.652,8.767,8.698,8.368,8.01,8.339,8.296,8.144,8.254,8.477,8.323,7.926,8.184,8.234,8.37,8.421,8.407,8.14,7.458,7.495,7.723,7.643,7.451,7.284,8.798,8.716,9.313,9.366,9.129,8.812,8.955,8.648,8.552,9.272,9.277,9.434,9.293,9.231,9.049,8.798,9.107,9.048,8.839,9.081,9.182,8.758,8.332,8.812,8.888,8.503,8.311,8.083,7.845,7.904,8.427,7.729,7.615,7.717,7.997,8.218,7.768,7.861,8.147,8.381,8.567,8.884,8.542,8.285,8.621,8.468,8.834,8.919,8.848,8.626,8.567,8.843,8.913,8.508,8.449,8.712,8.735,8.531,8.732,9.151,9.308,9.395,6.855,6.734,6.526,6.415,6.542,6.44,6.083,5.983,5.893,5.616,5.939,6.201,6.403,6.65,6.446,6.057,5.602,5.776,5.909,6.131,6.213,6.106,5.86,5.439,5.805,6.097,6.185,6.176,6.248,6.162,9.073,9.003,9.388,9.626,9.743,9.846,10.002,9.968,10.12,10.26,10.45,10.512,10.529,10.44,10.103,10.171,9.892,10.253,10.366,10.392,10.254,9.869,9.811,9.587,9.917,10.23,10.263,10.335,9.937,10.076,10.244,10.062,9.997,10.055,9.875,9.56,9.752,9.841,9.877,9.816,9.468,8.884,8.063,7.905,8.453,8.701,8.924,9.05,9.245,8.936,9.132,9.339,9.414,9.544,9.343,9.08,8.463,8.487,8.611,8.64,8.428,8.399,8.246,7.983,8.066,8.015,8.371,8.61,8.75,8.64,8.348,8.773,8.929,8.946,8.859,8.975,8.96,8.503,8.57,8.914,9.106,9.166,9.393,9.157,8.733,9.05,9.228,9.206,9.117,9.294,9.429,9.111
Guntur_99,7.117,7.165,7.301,7.319,7.047,7.087,7.241,7.251,7.106,7.027,7.155,7.158,7.245,7.116,6.909,6.872,7.192,7.161,6.871,7.163,7.215,7.054,7.134,7.306,7.385,7.048,7.275,7.381,7.437,7.487,7.426,7.025,6.688,6.902,7.081,7.082,7.076,7.155,6.909,6.757,6.873,6.904,6.976,7.223,7.211,7.282,6.977,7.148,7.294,7.264,7.106,6.86,6.918,6.736,6.962,7.086,7.163,7.077,7.035,6.956,6.522,6.707,6.781,6.675,6.57,6.61,6.699,6.503,6.454,5.985,6.219,6.597,6.637,6.595,6.341,6.562,6.771,6.742,7.473,7.364,7.103,6.989,6.865,7.144,7.398,7.48,7.45,7.411,7.18,6.992,6.977,7.655,7.824,7.878,7.828,7.524,7.903,7.941,7.9,7.952,8.011,7.862,7.675,8.112,7.964,7.907,7.676,7.62,7.546,7.292,7.749,7.789,7.597,7.718,7.799,7.723,7.573,7.852,7.861,7.875,7.739,9.295,9.317,9.181,9.45,9.414,9.53,9.783,9.771,9.711,9.325,9.176,9.254,9.219,9.145,9.197,9.09,9.119,8.536,8.938,9.207,8.922,8.801,9.032,9.173,8.77,8.978,9.131,9.393,9.367,9.153,8.941,6.259,6.338,6.321,6.494,6.444,6.484,6.362,6.763,6.885,6.973,6.888,6.907,6.705,6.476,6.803,6.797,6.903,6.998,6.854,6.81,6.547,6.922,7.101,7.012,7.011,6.772,6.627,6.426,6.729,7.066,0.0,0.0,0.0,0.0,0.0,0.0,0.0,0.0,0.0,0.0,0.0,0.0,0.0,0.0,0.0,0.0,0.0,0.0,0.0,0.0,0.0,0.0,0.0,0.0,0.0,0.0,0.0,0.0,0.0,0.0,0.0,0.0,0.0,0.0,0.0,0.0,0.0,0.0,0.0,0.0,0.0,0.0,0.0,0.0,0.0,0.0,0.0,0.0,0.0,0.0,0.0,0.0,0.0,0.0,0.0,0.0,0.0,0.0,0.0,0.0,0.0,0.0,8.517,8.546,8.55,8.715,8.783,8.322,8.413,8.646,9.034,8.906,8.79,8.508,8.25,8.341,8.482,8.601,8.439,8.377,8.602,8.224,8.371,8.258,8.112,8.369,8.41,8.036,7.77,8.369,8.547,8.476,7.621,7.573,7.796,7.553,7.694,7.925,8.189,8.302,8.305,8.059,7.615,7.694,7.813,7.478,7.608,7.693,7.865,7.662,7.842,7.849,7.819,7.67,7.477,7.467,7.086,7.229,7.602,7.751,7.925,8.074,8.01,7.903,8.18,8.267,8.24,8.156,8.34,8.219,7.888,8.05,8.022,7.965,8.105,7.957,7.243,7.037,7.089,7.554,7.772,7.904,7.964,7.901,7.768,8.147,8.114,7.891,7.435,7.452,7.597,7.732,8.003,6.028,6.117,6.053,6.112,6.075,5.813,5.928,6.031,5.922,6.018,6.07,5.953,5.794,5.958,6.119,6.125,6.182,6.268,6.162,6.075,6.239,6.393,6.474,6.377,6.368,6.467,6.221,6.408,6.476,6.441,6.442,6.952,6.749,6.515,6.693,6.746,6.773,6.681,6.761,6.63,6.606,6.874,6.912,6.887,6.806,6.819,6.956,6.872,6.945,7.176,7.319,7.445,7.406,7.292,7.037,7.1,6.856,7.037,7.125,7.26,7.245,7.033,6.46,6.539,6.592,6.471,6.495,6.447,6.266,6.335,6.482,6.605,6.635,6.638,6.608,6.451,6.555,6.555,6.532,6.473,6.401,6.403,6.296,6.541,6.648,6.747,6.769,6.814,6.782,6.674,7.006,7.041,7.018,6.992,7.149,7.108,6.831,6.991,7.125,7.201,7.127,6.882,6.757,6.753,7.006,7.058,7.165,7.27,7.248,7.171,6.944,7.018,6.843,7.006,7.118,7.02,7.055,6.79,6.402,6.507,6.811,6.725,6.898,6.952,6.803,6.984,6.982,6.988,7.151,7.082,7.065,6.812,7.032,7.076,6.814,6.844,6.901,6.733,6.686,6.818,6.946,6.725,6.592,6.524,6.626,6.494,6.738,6.839,6.81,6.839,6.799,5.335,5.235,5.267,5.292,5.19,5.249,5.361,5.323,5.208,5.31,5.181,5.011,4.866,5.031,4.994,4.621,4.646,4.539,4.55,4.517,4.58,4.738,4.836,4.946,4.867,4.776,4.794,4.977,5.095,4.805,5.044,5.399,5.813,5.926,5.944,5.802,5.534,5.702,5.61,5.594,5.473,5.292,5.279,5.022,5.476,5.502,5.643,5.68,5.72,5.478,5.2,5.633,5.847,6.167,5.925,5.899,5.736,5.875,6.314,6.527,6.387,4.748,4.584,4.598,4.654,4.919,5.011,4.975,4.88,4.808,4.896,4.568,4.518,4.469,4.41,4.486,4.7,4.742,4.302,3.976,3.98,3.898,4.014,4.227,4.137,4.072,4.204,4.167,3.924,4.0,3.979,3.919,11.692,12.768,13.122,13.337,13.799,13.993,14.449,14.361,14.64,14.663,14.689,14.896,15.022,14.648,14.275,13.422,15.294,15.04,14.643,14.535,14.255,13.646,14.228,14.326,14.393,14.515,14.713,14.582,14.054,14.293,14.201,0.0,0.0,0.0,0.0,0.0,0.0,0.0,0.0,0.0,0.0,0.0,0.0,0.0,0.0,0.0,0.0,0.0,0.0,0.0,0.0,0.0,0.0,0.0,0.0,0.0,0.0,0.0,0.0,0.0,0.0,6.308,6.08,5.932,6.205,6.34,6.465,6.468,6.532,6.438,6.235,6.531,6.599,6.61,6.517,6.313,6.394,6.059,5.915,6.175,6.233,6.194,6.156,6.236,5.859,6.097,6.149,6.134,6.089,6.167,6.105,6.007,6.992,6.992,6.914,6.387,6.187,6.617,6.487,6.837,7.022,7.269,7.07,7.222,7.168,7.051,7.146,7.134,7.215,7.278,7.094,7.098,6.795,7.186,7.295,7.338,7.272,7.218,7.117,6.731,6.857,6.889,6.732,6.542,6.672,6.686,6.544,6.761,6.896,6.877,6.952,6.845,6.785,6.504,6.824,7.05,7.03,6.962,6.926,6.916,6.57,7.042,7.252,7.377,7.451,7.505,7.43,7.208,7.36,7.209,7.034,6.962,7.082,6.534,6.284,6.638,6.82,6.924,6.792,6.764,6.529,6.235,6.443,6.479,6.511,6.641,6.515,6.351,6.348,6.651,6.858,6.862,6.829,6.891,6.523,6.418,6.774,6.815,6.599,6.711,6.808,6.835,6.828,6.953,6.123,6.147,5.911,6.013,6.085,5.998,6.104,6.273,6.16,6.03,6.064,6.049,5.976,6.014,6.056,6.143,6.09,6.122,6.069,5.967,6.121,6.103,6.111,6.282,6.149,6.05,5.824,6.081,7.593,7.438,7.394,7.6,7.723,7.534,7.504,7.559,7.634,7.769,7.87,7.852,7.66,7.831,7.883,7.99,7.96,7.517,7.571,7.719,7.938,8.003,8.048,8.121,8.087,8.032,7.783,7.928,8.003,8.151,8.2,7.635,7.627,7.39,7.653,7.731,7.589,7.71,7.665,7.694,7.451,7.601,7.712,7.728,7.652,7.573,7.682,7.332,7.531,7.664,7.606,7.636,7.653,7.643,7.402,7.66,7.751,7.83,7.779,7.709,7.509,7.855,8.049,8.021,8.211,8.203,8.421,8.369,7.994,8.117,7.991,8.028,8.017,7.942,7.865,7.648,7.958,8.149,8.377,8.296,7.95,7.25,6.737,6.656,7.246,7.786,7.835,7.717,7.651,7.585,8.01,8.126,10.206,10.309,10.296,10.181,9.932,10.205,10.273,10.055,9.961,10.203,10.101,9.807,10.288,10.433,10.154,9.928,9.783,9.549,8.863,8.889,8.964,9.677,10.053,9.936,9.739,9.455,10.006,10.147,9.742,9.071,8.975,9.127,8.895,9.563,9.604,9.593,9.624,9.443,9.048,8.476,8.798,8.819,8.956,8.823,8.845,8.863,8.479,9.122,9.262,9.098,8.54,8.798,8.572,7.966,8.572,9.134,9.238,9.166,9.329,9.025,8.488,4.975,5.101,5.312,5.308,5.123,4.971,4.729,4.846,4.84,4.838,4.56,4.807,4.989,4.651,4.411,4.724,4.997,5.168,5.106,5.042,4.824,5.087,5.215,5.168,5.254,5.426,5.248,5.026,5.389,5.53,5.494,6.625,6.689,6.654,6.264,6.584,6.687,6.714,6.624,6.451,6.289,5.872,5.966,5.991,5.994,5.903,5.609,5.8,5.842,6.171,6.161,6.085,5.831,5.738,5.663,5.682,6.185,6.233,6.212,6.301,6.317,7.246,6.922,7.345,7.566,7.172,7.276,7.24,7.282,7.039,7.263,7.197,7.32,7.327,7.266,7.161,6.914,7.466,7.538,7.55,7.526,7.429,7.233,6.802,6.415,6.281,6.73,7.101,7.247,7.284,7.083,7.157,6.78,6.867,6.808,6.918,6.894,6.751,6.85,6.903,6.905,6.902,6.908,6.702,6.538,6.588,6.762,6.863,6.914,6.975,6.998,6.726,6.972,7.07,7.054,7.051,7.053,7.059,6.904,7.081,6.994,7.002,7.584,7.695,7.708,7.438,7.596,7.771,7.863,7.672,7.616,7.322,7.127,7.503,7.515,7.56,7.701,7.856,7.914,7.737,8.041,8.068,8.005,8.038,8.17,8.117,7.839,7.997,8.148,8.278,8.308,8.212,8.126,7.314,7.512,7.481,7.356,7.448,7.503,7.547,7.478,7.599,7.61,7.678,7.698,7.742,7.468,7.17,7.373,7.522,7.665,7.597,7.691,7.601,7.38,7.436,7.567,7.511,7.019,7.246,7.461,7.271,7.367,7.376,7.551,7.653,7.898,7.875,7.694,7.745,7.879,8.073,7.963,7.976,8.013,7.642,8.005,8.139,8.035,8.017,8.125,8.072,7.86,8.08,8.155,8.128,8.263,8.331,8.167,7.994,8.338,8.25,8.374,8.405,8.577,8.495,8.163,8.329,7.865,7.674,7.964,8.425,8.523,8.307,8.742,8.785,8.762,8.571,8.099,7.66,7.112,7.658,7.954,8.165,8.33,8.377,8.572,8.245,8.558,8.659,8.703,8.661,8.331,7.626,7.527,7.854,8.182,8.211,8.262,8.384,8.198,7.989,8.322,8.488,8.55,8.654,8.568,8.486,8.177,8.392,8.62,8.534,8.425,8.253,8.027,7.376,7.849,8.218,8.227,8.299,8.289,7.977,7.275,6.629,6.885,7.169,7.185,7.412,7.521,7.242,7.539,7.786,7.873,7.993,7.936,7.819,7.407,7.547,7.83,8.033,7.837,8.189,8.1,7.812,8.019,8.074,7.57,7.207,6.904,7.096,7.388,7.744,7.879,7.702,6.467,6.586,6.846,6.347,6.666,6.734,6.876,6.967,6.912,6.65,6.366,6.627,6.593,6.472,6.56,6.737,6.614,6.298,6.504,6.544,6.652,6.693,6.681,6.469,5.927,5.957,6.137,6.074,5.922,5.788,9.557,9.469,10.117,10.174,9.917,9.573,9.729,9.395,9.29,10.072,10.079,10.248,10.095,10.028,9.831,9.558,9.893,9.83,9.602,9.865,9.975,9.515,9.051,9.573,9.655,9.238,9.028,8.781,8.523,8.587,9.155,12.651,12.463,12.631,13.089,13.451,12.715,12.866,13.336,13.719,14.023,14.541,13.982,13.562,14.111,13.861,14.46,14.599,14.482,14.118,14.022,14.474,14.589,13.926,13.829,14.259,14.297,13.963,14.292,14.978,15.235,15.378,7.462,7.33,7.104,6.983,7.122,7.01,6.622,6.513,6.415,6.113,6.465,6.75,6.971,7.239,7.017,6.593,6.098,6.287,6.432,6.674,6.763,6.647,6.379,5.921,6.319,6.637,6.733,6.723,6.802,6.708,6.952,6.898,7.193,7.375,7.464,7.544,7.663,7.637,7.754,7.861,8.006,8.054,8.067,7.999,7.741,7.793,7.578,7.856,7.942,7.962,7.856,7.561,7.516,7.345,7.598,7.838,7.863,7.918,7.613,7.72,7.848,8.172,8.119,8.166,8.02,7.764,7.919,7.992,8.021,7.972,7.689,7.215,6.548,6.42,6.865,7.066,7.247,7.349,7.508,7.257,7.416,7.584,7.645,7.751,7.588,7.374,6.873,6.893,6.993,7.016,6.845,6.416,6.299,6.098,6.162,6.122,6.394,6.577,6.684,6.6,6.377,6.702,6.821,6.834,6.767,6.856,6.844,6.495,6.547,6.809,6.956,7.002,7.175,6.995,6.671,6.913,7.049,7.033,6.964,7.1,7.203,6.959,8.1,8.247,8.46,8.453,8.48,8.261,7.902,8.171,8.162,8.305,8.355,8.477,8.594,8.209,8.282,8.565,8.652,8.658,8.7,8.763,8.575,8.603,8.725,8.671,8.087,7.558,7.802,8.034,7.83,7.933,7.942,7.057,7.153,7.381,7.36,7.191,7.238,7.363,7.545,7.442,7.454,7.489,7.142,7.482,7.606,7.509,7.492,7.593,7.544,7.346,7.551,7.621,7.596,7.722,7.786,7.632,7.471,7.793,7.71,6.81,8.421,8.453,8.626,8.543,8.21,8.376,7.909,7.717,8.009,8.473,8.572,8.354,8.792,8.834,8.811,8.62,8.145,7.704,7.153,7.701,7.999,8.211,8.377,8.424,8.621,8.291,8.607,8.708,8.752,8.71,8.378,6.539,6.454,6.734,7.016,7.04,7.084,7.189,7.029,6.85,7.136,7.278,7.331,7.421,7.347,7.277,7.012,7.196,7.392,7.317,7.224,7.077,6.883,6.325,6.73,7.047,7.054,7.117,7.107,6.84,6.238,6.378,6.624,6.898,6.914,7.132,7.236,6.968,7.254,7.492,7.575,7.691,7.636,7.524,7.127,7.261,7.534,7.73,7.541,7.879,7.794,7.517,7.716,7.769,7.284,6.934,6.643,6.828,7.109,7.451,7.581,7.411,6.467,6.586,6.846,6.347,6.666,6.734,6.876,6.967,6.912,6.65,6.366,6.627,6.593,6.472,6.56,6.737,6.614,6.298,6.504,6.544,6.652,6.693,6.681,6.469,5.927,5.957,6.137,6.074,5.922,5.788,6.768,6.705,7.164,7.205,7.023,6.779,6.89,6.653,6.579,7.133,7.137,7.258,7.149,7.101,6.962,6.769,7.006,6.961,6.8,6.986,7.064,6.738,6.41,6.78,6.838,6.542,6.394,6.219,6.036,6.081,6.483,7.131,7.026,7.12,7.378,7.582,7.167,7.253,7.517,7.733,7.905,8.197,7.882,7.645,7.954,7.813,8.151,8.23,8.163,7.958,7.904,8.159,8.224,7.85,7.796,8.038,8.059,7.871,8.057,8.443,8.588,8.669,6.019,5.912,5.73,5.632,5.744,5.654,5.341,5.253,5.174,4.931,5.214,5.445,5.622,5.839,5.66,5.318,4.918,5.071,5.188,5.383,5.455,5.362,5.145,4.776,5.097,5.353,5.431,5.423,5.486,5.411,6.952,6.898,7.193,7.375,7.464,7.544,7.663,7.637,7.754,7.861,8.006,8.054,8.067,7.999,7.741,7.793,7.578,7.856,7.942,7.962,7.856,7.561,7.516,7.345,7.598,7.838,7.863,7.918,7.613,7.72,7.848,8.172,8.119,8.166,8.02,7.764,7.919,7.992,8.021,7.972,7.689,7.215,6.548,6.42,6.865,7.066,7.247,7.349,7.508,7.257,7.416,7.584,7.645,7.751,7.588,7.374,6.873,6.893,6.993,7.016,6.845,6.416,6.299,6.098,6.162,6.122,6.394,6.577,6.684,6.6,6.377,6.702,6.821,6.834,6.767,6.856,6.844,6.495,6.547,6.809,6.956,7.002,7.175,6.995,6.671,6.913,7.049,7.033,6.964,7.1,7.203,6.959
Guntur_100,7.262,7.312,7.45,7.468,7.191,7.232,7.389,7.399,7.251,7.17,7.301,7.304,7.393,7.261,7.05,7.012,7.339,7.307,7.011,7.309,7.363,7.198,7.279,7.455,7.536,7.192,7.423,7.532,7.589,7.64,7.577,6.46,6.15,6.347,6.512,6.512,6.507,6.58,6.353,6.214,6.32,6.349,6.415,6.642,6.631,6.697,6.416,6.573,6.708,6.68,6.535,6.308,6.362,6.194,6.402,6.516,6.587,6.508,6.47,6.396,6.774,6.967,7.044,6.933,6.824,6.866,6.959,6.755,6.704,6.217,6.459,6.853,6.894,6.85,6.587,6.816,7.033,7.004,7.763,7.649,7.378,7.26,7.131,7.421,7.684,7.769,7.738,7.698,7.458,7.263,7.247,8.368,8.553,8.612,8.557,8.225,8.639,8.681,8.636,8.692,8.758,8.595,8.39,8.868,8.705,8.643,8.391,8.33,8.248,7.972,8.47,8.515,8.305,8.437,8.525,8.442,8.278,8.584,8.593,8.608,8.46,7.511,7.529,7.419,7.636,7.607,7.7,7.905,7.896,7.847,7.536,7.415,7.478,7.45,7.39,7.432,7.345,7.369,6.898,7.223,7.439,7.21,7.112,7.298,7.413,7.086,7.255,7.379,7.59,7.569,7.396,7.225,5.957,6.032,6.016,6.18,6.133,6.171,6.055,6.437,6.552,6.637,6.555,6.573,6.382,6.163,6.474,6.469,6.57,6.66,6.523,6.481,6.231,6.588,6.758,6.674,6.672,6.445,6.307,6.116,6.405,6.725,0.0,0.0,0.0,0.0,0.0,0.0,0.0,0.0,0.0,0.0,0.0,0.0,0.0,0.0,0.0,0.0,0.0,0.0,0.0,0.0,0.0,0.0,0.0,0.0,0.0,0.0,0.0,0.0,0.0,0.0,0.0,0.0,0.0,0.0,0.0,0.0,0.0,0.0,0.0,0.0,0.0,0.0,0.0,0.0,0.0,0.0,0.0,0.0,0.0,0.0,0.0,0.0,0.0,0.0,0.0,0.0,0.0,0.0,0.0,0.0,0.0,0.0,8.517,8.546,8.55,8.715,8.783,8.322,8.413,8.646,9.034,8.906,8.79,8.508,8.25,8.341,8.482,8.601,8.439,8.377,8.602,8.224,8.371,8.258,8.112,8.369,8.41,8.036,7.77,8.369,8.547,8.476,8.374,8.321,8.567,8.3,8.455,8.708,8.998,9.123,9.126,8.856,8.368,8.454,8.585,8.217,8.36,8.454,8.643,8.419,8.617,8.625,8.592,8.428,8.216,8.205,7.787,7.943,8.354,8.517,8.709,8.872,8.802,6.62,6.852,6.925,6.902,6.832,6.986,6.884,6.607,6.743,6.72,6.672,6.789,6.665,6.067,5.895,5.938,6.328,6.51,6.621,6.671,6.618,6.507,6.824,6.796,6.61,6.228,6.242,6.364,6.477,6.704,6.758,6.857,6.786,6.852,6.81,6.517,6.646,6.761,6.64,6.746,6.805,6.674,6.495,6.679,6.86,6.866,6.931,7.027,6.908,6.811,6.994,7.167,7.258,7.149,7.139,7.25,6.975,7.184,7.26,7.221,7.222,7.374,7.159,6.911,7.1,7.156,7.184,7.087,7.172,7.033,7.007,7.291,7.331,7.305,7.22,7.233,7.379,7.289,7.366,7.612,7.763,7.897,7.856,7.735,7.464,7.531,7.272,7.464,7.558,7.701,7.685,7.46,6.713,6.796,6.85,6.724,6.749,6.699,6.512,6.583,6.736,6.863,6.895,6.898,6.867,6.704,6.812,6.812,6.788,6.727,6.651,6.653,6.542,6.797,6.908,7.011,7.034,7.08,7.047,6.935,7.476,7.514,7.489,7.462,7.629,7.585,7.29,7.461,7.603,7.684,7.606,7.344,7.211,7.207,7.476,7.531,7.646,7.758,7.735,7.653,7.41,7.489,7.302,7.477,7.596,7.491,7.529,7.246,6.831,6.944,7.268,7.32,7.508,7.567,7.405,7.602,7.6,7.606,7.784,7.708,7.69,7.414,7.654,7.702,7.417,7.449,7.511,7.328,7.278,7.422,7.56,7.319,7.175,7.101,7.213,7.068,7.334,7.444,7.413,7.444,7.4,6.211,6.095,6.132,6.161,6.042,6.111,6.241,6.197,6.063,6.182,6.031,5.834,5.666,5.857,5.814,5.38,5.409,5.285,5.297,5.259,5.332,5.516,5.63,5.758,5.666,5.56,5.581,5.794,5.932,5.594,5.873,5.506,5.927,6.043,6.061,5.917,5.642,5.814,5.72,5.704,5.581,5.396,5.383,5.121,5.583,5.61,5.754,5.792,5.833,5.586,5.302,5.744,5.962,6.289,6.041,6.015,5.849,5.991,6.438,6.655,6.512,6.11,5.899,5.916,5.989,6.33,6.448,6.402,6.281,6.187,6.3,5.878,5.814,5.752,5.675,5.772,6.048,6.103,5.536,5.116,5.122,5.016,5.166,5.44,5.324,5.24,5.411,5.362,5.049,5.147,5.121,5.043,0.0,0.0,0.0,0.0,0.0,0.0,0.0,0.0,0.0,0.0,0.0,0.0,0.0,0.0,0.0,0.0,0.0,0.0,0.0,0.0,0.0,0.0,0.0,0.0,0.0,0.0,0.0,0.0,0.0,0.0,0.0,0.0,0.0,0.0,0.0,0.0,0.0,0.0,0.0,0.0,0.0,0.0,0.0,0.0,0.0,0.0,0.0,0.0,0.0,0.0,0.0,0.0,0.0,0.0,0.0,0.0,0.0,0.0,0.0,0.0,0.0,5.382,5.187,5.061,5.294,5.408,5.516,5.518,5.573,5.493,5.319,5.571,5.63,5.639,5.56,5.386,5.455,5.169,5.047,5.268,5.318,5.284,5.252,5.32,4.998,5.202,5.245,5.233,5.195,5.262,5.209,5.125,6.286,6.285,6.215,5.741,5.561,5.948,5.831,6.146,6.312,6.534,6.355,6.492,6.444,6.338,6.423,6.413,6.486,6.542,6.377,6.381,6.108,6.459,6.558,6.597,6.537,6.488,6.398,6.051,6.164,6.193,6.551,6.365,6.492,6.506,6.367,6.579,6.71,6.691,6.764,6.66,6.602,6.329,6.64,6.86,6.84,6.774,6.739,6.729,6.393,6.852,7.056,7.178,7.25,7.303,7.23,7.013,7.162,7.014,6.844,6.774,6.891,6.842,6.581,6.951,7.142,7.25,7.112,7.083,6.837,6.529,6.747,6.785,6.818,6.954,6.822,6.651,6.648,6.965,7.181,7.186,7.151,7.216,6.831,6.721,7.094,7.137,6.91,7.028,7.129,7.158,7.151,7.281,7.176,7.204,6.928,7.047,7.132,7.03,7.154,7.352,7.22,7.067,7.106,7.089,7.003,7.049,7.097,7.2,7.138,7.175,7.112,6.993,7.174,7.152,7.161,7.363,7.207,7.09,6.825,7.127,7.37,7.219,7.176,7.377,7.496,7.312,7.284,7.337,7.409,7.54,7.639,7.62,7.434,7.601,7.65,7.755,7.726,7.295,7.348,7.492,7.704,7.768,7.811,7.882,7.849,7.796,7.554,7.694,7.767,7.911,7.959,8.461,8.452,8.19,8.481,8.568,8.411,8.545,8.495,8.527,8.258,8.424,8.547,8.564,8.481,8.393,8.514,8.125,8.347,8.493,8.43,8.462,8.481,8.471,8.203,8.49,8.59,8.678,8.621,8.543,8.322,8.208,8.411,8.382,8.581,8.572,8.8,8.745,8.354,8.482,8.351,8.389,8.378,8.299,8.219,7.993,8.317,8.516,8.754,8.67,8.308,7.576,7.04,6.956,7.572,8.136,8.188,8.065,7.995,7.927,8.371,8.492,7.903,7.983,7.973,7.883,7.691,7.902,7.955,7.786,7.713,7.901,7.821,7.594,7.967,8.079,7.863,7.688,7.576,7.394,6.863,6.883,6.941,7.493,7.784,7.694,7.541,7.322,7.748,7.857,7.544,7.024,6.95,7.067,6.888,7.405,7.437,7.428,7.452,7.312,7.006,6.563,6.813,6.829,6.935,6.832,6.849,6.863,6.566,7.063,7.172,7.045,6.613,6.813,6.637,6.169,6.637,7.073,7.153,7.098,7.223,6.988,6.572,5.194,5.326,5.546,5.542,5.349,5.191,4.938,5.059,5.054,5.051,4.761,5.019,5.21,4.856,4.606,4.933,5.217,5.396,5.331,5.264,5.037,5.311,5.445,5.396,5.486,5.665,5.48,5.247,5.627,5.774,5.736,6.948,7.014,6.978,6.568,6.904,7.013,7.041,6.946,6.765,6.594,6.158,6.256,6.282,6.286,6.19,5.882,6.082,6.126,6.471,6.46,6.381,6.115,6.018,5.938,5.958,6.486,6.536,6.514,6.607,6.624,7.284,6.958,7.383,7.605,7.21,7.314,7.278,7.32,7.076,7.301,7.235,7.358,7.366,7.304,7.199,6.95,7.505,7.577,7.59,7.565,7.468,7.271,6.838,6.449,6.313,6.765,7.138,7.285,7.322,7.12,7.195,6.977,7.067,7.006,7.119,7.094,6.947,7.049,7.104,7.106,7.102,7.109,6.897,6.728,6.779,6.959,7.063,7.116,7.178,7.201,6.921,7.175,7.276,7.259,7.256,7.258,7.265,7.105,7.287,7.198,7.206,6.835,6.936,6.948,6.704,6.847,7.004,7.087,6.915,6.865,6.599,6.424,6.763,6.774,6.815,6.942,7.081,7.133,6.974,7.248,7.272,7.215,7.245,7.364,7.316,7.066,7.208,7.345,7.461,7.488,7.402,7.324,7.658,7.865,7.833,7.702,7.798,7.856,7.902,7.83,7.956,7.968,8.04,8.06,8.106,7.819,7.508,7.72,7.876,8.025,7.954,8.053,7.958,7.727,7.786,7.923,7.864,7.349,7.587,7.812,7.613,7.713,7.723,7.033,7.128,7.356,7.335,7.166,7.214,7.339,7.52,7.417,7.429,7.463,7.118,7.456,7.581,7.484,7.467,7.568,7.518,7.321,7.526,7.595,7.57,7.696,7.759,7.607,7.445,7.766,7.684,8.219,8.249,8.419,8.338,8.012,8.175,7.719,7.532,7.817,8.269,8.366,8.154,8.58,8.622,8.6,8.413,7.949,7.519,6.981,7.516,7.807,8.014,8.176,8.222,8.413,8.092,8.4,8.499,8.542,8.5,8.177,7.922,7.819,8.158,8.499,8.529,8.582,8.71,8.515,8.299,8.645,8.817,8.881,8.99,8.901,8.815,8.494,8.718,8.955,8.864,8.752,8.573,8.338,7.662,8.153,8.536,8.546,8.621,8.61,8.286,7.557,6.903,7.17,7.466,7.483,7.719,7.832,7.542,7.851,8.109,8.199,8.324,8.264,8.143,7.713,7.859,8.154,8.366,8.162,8.528,8.436,8.135,8.351,8.408,7.883,7.505,7.19,7.39,7.694,8.065,8.205,8.021,8.009,8.157,8.479,7.861,8.256,8.34,8.516,8.629,8.561,8.237,7.884,8.208,8.166,8.016,8.125,8.344,8.192,7.801,8.055,8.105,8.238,8.289,8.275,8.012,7.341,7.377,7.601,7.523,7.334,7.169,9.816,9.725,10.391,10.45,10.186,9.832,9.992,9.65,9.542,10.345,10.352,10.526,10.369,10.299,10.097,9.817,10.161,10.096,9.862,10.132,10.245,9.773,9.296,9.833,9.917,9.488,9.273,9.019,8.754,8.819,9.403,8.52,8.394,8.507,8.815,9.059,8.563,8.665,8.981,9.239,9.444,9.793,9.416,9.133,9.503,9.335,9.738,9.832,9.753,9.508,9.443,9.748,9.825,9.379,9.314,9.603,9.628,9.403,9.625,10.087,10.26,10.357,8.494,8.344,8.086,7.948,8.106,7.98,7.538,7.414,7.302,6.959,7.359,7.684,7.935,8.24,7.988,7.505,6.941,7.157,7.322,7.597,7.699,7.567,7.261,6.739,7.193,7.554,7.664,7.653,7.742,7.636,7.544,7.486,7.806,8.004,8.101,8.187,8.317,8.288,8.415,8.531,8.689,8.74,8.754,8.681,8.4,8.457,8.225,8.525,8.619,8.641,8.526,8.205,8.157,7.971,8.246,8.506,8.533,8.593,8.262,8.378,8.517,7.908,7.857,7.903,7.761,7.514,7.664,7.734,7.763,7.715,7.442,6.983,6.337,6.213,6.644,6.838,7.014,7.113,7.266,7.023,7.177,7.34,7.399,7.501,7.343,7.136,6.651,6.671,6.768,6.79,6.624,6.614,6.494,6.287,6.352,6.312,6.592,6.78,6.891,6.804,6.574,6.909,7.032,7.045,6.977,7.068,7.056,6.696,6.749,7.019,7.171,7.218,7.397,7.211,6.877,7.127,7.267,7.25,7.179,7.319,7.425,7.175,7.99,8.134,8.345,8.338,8.364,8.148,7.794,8.059,8.051,8.192,8.241,8.361,8.477,8.097,8.169,8.449,8.534,8.54,8.581,8.644,8.458,8.486,8.606,8.553,7.977,7.455,7.696,7.924,7.723,7.825,7.834,6.939,7.033,7.258,7.237,7.07,7.117,7.24,7.419,7.317,7.329,7.363,7.022,7.356,7.479,7.384,7.367,7.466,7.418,7.223,7.425,7.494,7.469,7.593,7.655,7.505,7.346,7.662,7.581,6.696,8.234,8.264,8.434,8.353,8.027,8.189,7.733,7.545,7.831,8.284,8.381,8.168,8.596,8.638,8.615,8.428,7.964,7.532,6.993,7.53,7.821,8.028,8.191,8.237,8.429,8.107,8.415,8.514,8.557,8.516,8.192,7.653,7.554,7.881,8.211,8.239,8.29,8.414,8.226,8.017,8.351,8.517,8.579,8.685,8.598,8.516,8.206,8.422,8.65,8.563,8.455,8.282,8.055,7.402,7.877,8.247,8.255,8.328,8.318,8.004,7.3,6.389,6.636,6.91,6.925,7.144,7.248,6.98,7.266,7.505,7.588,7.704,7.648,7.536,7.139,7.273,7.547,7.743,7.554,7.892,7.807,7.529,7.729,7.782,7.296,6.946,6.654,6.84,7.121,7.464,7.594,7.423,8.009,8.157,8.479,7.861,8.256,8.34,8.516,8.629,8.561,8.237,7.884,8.208,8.166,8.016,8.125,8.344,8.192,7.801,8.055,8.105,8.238,8.289,8.275,8.012,7.341,7.377,7.601,7.523,7.334,7.169,6.78,6.717,7.177,7.217,7.035,6.791,6.901,6.665,6.59,7.145,7.149,7.27,7.161,7.113,6.974,6.78,7.018,6.973,6.812,6.998,7.076,6.75,6.421,6.791,6.849,6.553,6.404,6.229,6.046,6.091,6.494,6.856,6.755,6.846,7.094,7.29,6.891,6.973,7.227,7.435,7.6,7.881,7.578,7.35,7.648,7.512,7.837,7.912,7.849,7.651,7.599,7.844,7.906,7.547,7.495,7.728,7.748,7.567,7.746,8.117,8.257,8.334,6.019,5.912,5.73,5.632,5.744,5.654,5.341,5.253,5.174,4.931,5.214,5.445,5.622,5.839,5.66,5.318,4.918,5.071,5.188,5.383,5.455,5.362,5.145,4.776,5.097,5.353,5.431,5.423,5.486,5.411,7.544,7.486,7.806,8.004,8.101,8.187,8.317,8.288,8.415,8.531,8.689,8.74,8.754,8.681,8.4,8.457,8.225,8.525,8.619,8.641,8.526,8.205,8.157,7.971,8.246,8.506,8.533,8.593,8.262,8.378,8.517,7.908,7.857,7.903,7.761,7.514,7.664,7.734,7.763,7.715,7.442,6.983,6.337,6.213,6.644,6.838,7.014,7.113,7.266,7.023,7.177,7.34,7.399,7.501,7.343,7.136,6.651,6.671,6.768,6.79,6.624,6.614,6.494,6.287,6.352,6.312,6.592,6.78,6.891,6.804,6.574,6.909,7.032,7.045,6.977,7.068,7.056,6.696,6.749,7.019,7.171,7.218,7.397,7.211,6.877,7.127,7.267,7.25,7.179,7.319,7.425,7.175
Guntur_101,10.757,10.831,11.035,11.063,10.652,10.713,10.946,10.96,10.741,10.621,10.815,10.819,10.951,10.757,10.443,10.387,10.871,10.823,10.385,10.828,10.906,10.663,10.783,11.043,11.163,10.653,10.996,11.157,11.242,11.317,11.224,9.579,9.119,9.411,9.655,9.656,9.648,9.755,9.42,9.213,9.371,9.414,9.512,9.848,9.832,9.929,9.513,9.746,9.946,9.905,9.689,9.353,9.433,9.184,9.493,9.661,9.767,9.649,9.593,9.484,9.527,9.798,9.906,9.751,9.597,9.656,9.787,9.5,9.429,8.744,9.084,9.637,9.696,9.634,9.263,9.586,9.891,9.849,10.917,10.758,10.377,10.21,10.029,10.436,10.807,10.926,10.883,10.826,10.489,10.215,10.192,10.892,11.133,11.21,11.138,10.706,11.245,11.299,11.241,11.314,11.399,11.187,10.921,11.543,11.331,11.251,10.922,10.842,10.737,10.377,11.025,11.084,10.81,10.982,11.097,10.989,10.775,11.173,11.185,11.205,11.012,10.802,10.828,10.67,10.982,10.94,11.075,11.369,11.355,11.285,10.838,10.664,10.755,10.714,10.628,10.688,10.564,10.598,9.921,10.388,10.699,10.369,10.228,10.496,10.661,10.192,10.434,10.612,10.915,10.885,10.637,10.39,7.234,7.325,7.306,7.505,7.448,7.494,7.353,7.817,7.957,8.06,7.961,7.982,7.75,7.485,7.862,7.855,7.979,8.088,7.922,7.871,7.566,8.0,8.206,8.104,8.102,7.827,7.659,7.427,7.778,8.166,0.0,0.0,0.0,0.0,0.0,0.0,0.0,0.0,0.0,0.0,0.0,0.0,0.0,0.0,0.0,0.0,0.0,0.0,0.0,0.0,0.0,0.0,0.0,0.0,0.0,0.0,0.0,0.0,0.0,0.0,0.0,0.0,0.0,0.0,0.0,0.0,0.0,0.0,0.0,0.0,0.0,0.0,0.0,0.0,0.0,0.0,0.0,0.0,0.0,0.0,0.0,0.0,0.0,0.0,0.0,0.0,0.0,0.0,0.0,0.0,0.0,0.0,12.216,12.257,12.262,12.499,12.597,11.936,12.065,12.401,12.956,12.773,12.606,12.203,11.832,11.962,12.165,12.336,12.103,12.014,12.338,11.795,12.006,11.843,11.634,12.003,12.062,11.525,11.144,12.002,12.258,12.157,9.041,8.984,9.249,8.96,9.128,9.402,9.715,9.849,9.852,9.561,9.034,9.128,9.269,8.872,9.026,9.127,9.331,9.09,9.303,9.312,9.277,9.099,8.871,8.858,8.407,8.576,9.019,9.196,9.402,9.578,9.502,9.448,9.778,9.883,9.85,9.75,9.97,9.825,9.43,9.624,9.59,9.522,9.689,9.513,8.659,8.413,8.475,9.031,9.292,9.45,9.521,9.446,9.287,9.739,9.7,9.434,8.888,8.908,9.082,9.244,9.567,8.771,8.9,8.807,8.893,8.839,8.458,8.626,8.775,8.617,8.756,8.831,8.662,8.43,8.669,8.903,8.912,8.995,9.12,8.966,8.84,9.077,9.302,9.419,9.279,9.266,9.41,9.052,9.323,9.423,9.372,9.373,9.67,9.388,9.062,9.31,9.384,9.421,9.293,9.405,9.223,9.188,9.562,9.614,9.58,9.468,9.485,9.676,9.559,9.66,9.982,10.181,10.356,10.302,10.143,9.788,9.876,9.537,9.788,9.911,10.099,10.078,9.782,8.25,8.352,8.418,8.264,8.294,8.233,8.003,8.09,8.278,8.435,8.473,8.478,8.439,8.239,8.371,8.372,8.342,8.267,8.175,8.177,8.04,8.353,8.49,8.616,8.645,8.702,8.661,8.523,9.575,9.624,9.592,9.556,9.771,9.715,9.336,9.555,9.738,9.841,9.741,9.406,9.235,9.23,9.575,9.646,9.792,9.936,9.906,9.801,9.491,9.591,9.352,9.576,9.729,9.594,9.643,9.281,8.749,8.894,9.308,9.045,9.276,9.35,9.149,9.393,9.39,9.398,9.617,9.525,9.502,9.161,9.457,9.517,9.165,9.204,9.281,9.055,8.992,9.17,9.341,9.044,8.865,8.774,8.912,8.733,9.062,9.198,9.159,9.198,9.144,9.484,9.307,9.363,9.408,9.227,9.332,9.531,9.462,9.259,9.44,9.21,8.909,8.652,8.944,8.878,8.216,8.26,8.07,8.089,8.03,8.142,8.424,8.597,8.792,8.652,8.49,8.523,8.848,9.058,8.542,8.968,9.938,10.699,10.907,10.94,10.68,10.185,10.495,10.326,10.296,10.074,9.741,9.716,9.244,10.078,10.127,10.386,10.454,10.529,10.082,9.571,10.369,10.761,11.351,10.905,10.857,10.558,10.814,11.621,12.013,11.755,9.427,9.101,9.128,9.24,9.766,9.949,9.878,9.69,9.546,9.72,9.069,8.971,8.874,8.755,8.906,9.332,9.415,8.542,7.894,7.903,7.739,7.97,8.392,8.214,8.084,8.348,8.273,7.79,7.942,7.9,7.781,0.0,0.0,0.0,0.0,0.0,0.0,0.0,0.0,0.0,0.0,0.0,0.0,0.0,0.0,0.0,0.0,0.0,0.0,0.0,0.0,0.0,0.0,0.0,0.0,0.0,0.0,0.0,0.0,0.0,0.0,0.0,0.0,0.0,0.0,0.0,0.0,0.0,0.0,0.0,0.0,0.0,0.0,0.0,0.0,0.0,0.0,0.0,0.0,0.0,0.0,0.0,0.0,0.0,0.0,0.0,0.0,0.0,0.0,0.0,0.0,0.0,7.19,6.93,6.762,7.073,7.226,7.37,7.373,7.446,7.339,7.107,7.444,7.522,7.534,7.428,7.196,7.289,6.906,6.743,7.038,7.105,7.06,7.017,7.108,6.678,6.95,7.008,6.991,6.94,7.03,6.959,6.847,8.954,8.953,8.853,8.179,7.922,8.473,8.306,8.755,8.992,9.308,9.053,9.247,9.179,9.029,9.15,9.134,9.239,9.319,9.084,9.089,8.7,9.201,9.341,9.397,9.312,9.242,9.113,8.619,8.781,8.821,10.085,9.8,9.996,10.016,9.803,10.129,10.33,10.302,10.414,10.255,10.164,9.744,10.223,10.561,10.531,10.43,10.376,10.36,9.842,10.549,10.864,11.051,11.161,11.244,11.131,10.798,11.026,10.8,10.538,10.429,10.609,8.869,8.531,9.011,9.258,9.399,9.22,9.182,8.863,8.464,8.746,8.796,8.839,9.015,8.844,8.622,8.618,9.03,9.31,9.316,9.27,9.355,8.856,8.713,9.197,9.252,8.958,9.111,9.241,9.279,9.27,9.439,8.856,8.891,8.55,8.697,8.801,8.675,8.829,9.073,8.91,8.722,8.77,8.749,8.643,8.699,8.759,8.885,8.809,8.854,8.777,8.631,8.853,8.827,8.838,9.087,8.894,8.75,8.423,8.796,10.925,10.701,10.639,10.936,11.112,10.84,10.798,10.876,10.984,11.178,11.324,11.297,11.021,11.268,11.342,11.496,11.453,10.815,10.894,11.107,11.421,11.515,11.58,11.685,11.636,11.557,11.199,11.407,11.515,11.727,11.798,9.927,9.916,9.608,9.95,10.053,9.868,10.025,9.967,10.004,9.689,9.883,10.027,10.048,9.95,9.847,9.989,9.533,9.792,9.964,9.89,9.928,9.95,9.938,9.624,9.96,10.078,10.181,10.114,10.023,9.764,11.475,11.758,11.717,11.996,11.984,12.301,12.225,11.678,11.858,11.674,11.727,11.712,11.602,11.489,11.173,11.626,11.904,12.238,12.12,11.614,10.591,9.842,9.723,10.585,11.374,11.446,11.274,11.177,11.081,11.702,11.871,12.359,12.484,12.468,12.328,12.027,12.358,12.441,12.177,12.062,12.356,12.232,11.876,12.459,12.634,12.296,12.022,11.848,11.563,10.733,10.764,10.855,11.718,12.173,12.032,11.793,11.45,12.117,12.288,11.798,10.985,10.868,11.052,10.772,11.58,11.63,11.617,11.655,11.436,10.957,10.264,10.654,10.679,10.845,10.684,10.71,10.732,10.268,11.046,11.216,11.017,10.342,10.654,10.38,9.647,10.38,11.061,11.187,11.1,11.297,10.928,10.278,12.695,13.019,13.556,13.545,13.073,12.687,12.068,12.365,12.352,12.347,11.636,12.268,12.733,11.87,11.257,12.056,12.751,13.189,13.031,12.866,12.311,12.981,13.307,13.188,13.408,13.846,13.393,12.825,13.752,14.111,14.02,11.453,11.562,11.503,10.827,11.38,11.56,11.606,11.449,11.152,10.87,10.151,10.312,10.356,10.362,10.204,9.696,10.025,10.099,10.668,10.65,10.518,10.08,9.919,9.789,9.821,10.692,10.774,10.738,10.892,10.92,8.616,8.23,8.733,8.996,8.528,8.651,8.609,8.659,8.37,8.636,8.557,8.703,8.713,8.64,8.515,8.221,8.877,8.963,8.977,8.949,8.834,8.6,8.088,7.628,7.468,8.002,8.443,8.617,8.661,8.422,8.51,8.962,9.077,8.998,9.144,9.112,8.924,9.054,9.125,9.127,9.123,9.132,8.858,8.642,8.708,8.938,9.072,9.14,9.22,9.25,8.89,9.216,9.345,9.324,9.32,9.322,9.331,9.126,9.36,9.245,9.255,9.968,10.115,10.132,9.777,9.984,10.214,10.335,10.085,10.011,9.624,9.368,9.862,9.878,9.938,10.123,10.326,10.402,10.17,10.569,10.604,10.522,10.565,10.738,10.669,10.304,10.511,10.71,10.881,10.92,10.794,10.68,9.953,10.223,10.181,10.01,10.136,10.211,10.27,10.177,10.341,10.356,10.45,10.476,10.537,10.163,9.758,10.034,10.237,10.431,10.339,10.467,10.344,10.044,10.119,10.298,10.221,9.552,9.861,10.153,9.896,10.026,10.038,10.229,10.368,10.7,10.668,10.423,10.492,10.674,10.937,10.787,10.805,10.855,10.352,10.845,11.026,10.885,10.861,11.007,10.935,10.648,10.946,11.047,11.011,11.194,11.286,11.064,10.829,11.296,11.177,11.585,11.628,11.867,11.753,11.294,11.523,10.881,10.616,11.019,11.656,11.792,11.493,12.094,12.154,12.122,11.859,11.205,10.598,9.84,10.595,11.005,11.296,11.525,11.589,11.86,11.406,11.841,11.98,12.04,11.982,11.526,10.462,10.326,10.774,11.224,11.263,11.333,11.502,11.245,10.959,11.416,11.644,11.728,11.872,11.754,11.642,11.218,11.513,11.825,11.706,11.558,11.322,11.012,10.119,10.768,11.273,11.285,11.385,11.37,10.942,9.979,8.651,8.985,9.357,9.378,9.674,9.815,9.451,9.839,10.162,10.275,10.432,10.357,10.205,9.667,9.849,10.219,10.485,10.229,10.687,10.572,10.195,10.466,10.538,9.88,9.406,9.01,9.261,9.642,10.107,10.283,10.052,10.064,10.249,10.654,9.878,10.374,10.48,10.7,10.843,10.758,10.35,9.906,10.314,10.261,10.072,10.209,10.484,10.294,9.802,10.121,10.184,10.352,10.415,10.398,10.067,9.224,9.27,9.551,9.453,9.216,9.008,9.816,9.725,10.391,10.45,10.186,9.832,9.992,9.65,9.542,10.345,10.352,10.526,10.369,10.299,10.097,9.817,10.161,10.096,9.862,10.132,10.245,9.773,9.296,9.833,9.917,9.488,9.273,9.019,8.754,8.819,9.403,17.362,17.104,17.335,17.963,18.46,17.449,17.657,18.301,18.827,19.245,19.956,19.189,18.611,19.366,19.022,19.844,20.036,19.875,19.375,19.243,19.864,20.021,19.112,18.979,19.569,19.62,19.162,19.614,20.555,20.908,21.105,12.286,12.069,11.696,11.497,11.725,11.542,10.903,10.724,10.562,10.065,10.644,11.114,11.477,11.919,11.554,10.856,10.04,10.352,10.591,10.988,11.136,10.945,10.502,9.748,10.405,10.927,11.086,11.069,11.199,11.044,9.475,9.402,9.804,10.052,10.174,10.282,10.445,10.409,10.568,10.714,10.913,10.977,10.995,10.902,10.55,10.621,10.329,10.707,10.825,10.852,10.708,10.305,10.245,10.011,10.356,10.683,10.717,10.793,10.376,10.521,10.697,10.602,10.534,10.595,10.405,10.073,10.275,10.369,10.407,10.343,9.976,9.361,8.495,8.329,8.907,9.168,9.403,9.536,9.741,9.415,9.622,9.84,9.919,10.057,9.845,9.567,8.917,8.943,9.074,9.103,8.881,8.692,8.533,8.261,8.347,8.294,8.662,8.91,9.055,8.941,8.639,9.079,9.24,9.258,9.168,9.288,9.272,8.799,8.869,9.224,9.423,9.485,9.72,9.476,9.037,9.365,9.55,9.527,9.434,9.618,9.757,9.428,9.854,10.032,10.291,10.283,10.316,10.049,9.613,9.939,9.929,10.103,10.163,10.312,10.455,9.986,10.075,10.42,10.525,10.533,10.583,10.66,10.431,10.466,10.613,10.549,9.838,9.195,9.492,9.773,9.525,9.65,9.661,9.096,9.219,9.514,9.486,9.268,9.329,9.491,9.725,9.592,9.607,9.652,9.205,9.643,9.804,9.679,9.657,9.787,9.724,9.469,9.733,9.823,9.791,9.954,10.035,9.838,9.629,10.044,9.938,8.778,9.559,9.595,9.792,9.698,9.319,9.508,8.978,8.76,9.092,9.617,9.73,9.483,9.979,10.028,10.002,9.785,9.245,8.745,8.119,8.742,9.08,9.32,9.509,9.563,9.786,9.412,9.77,9.885,9.935,9.887,9.51,8.733,8.619,8.993,9.369,9.401,9.46,9.601,9.386,9.148,9.529,9.719,9.79,9.91,9.811,9.717,9.363,9.61,9.871,9.771,9.647,9.45,9.192,8.446,8.988,9.41,9.42,9.503,9.491,9.134,8.33,8.533,8.862,9.229,9.249,9.542,9.681,9.322,9.704,10.023,10.135,10.289,10.215,10.066,9.534,9.714,10.079,10.341,10.089,10.541,10.427,10.056,10.322,10.394,9.745,9.277,8.887,9.135,9.51,9.968,10.143,9.914,10.064,10.249,10.654,9.878,10.374,10.48,10.7,10.843,10.758,10.35,9.906,10.314,10.261,10.072,10.209,10.484,10.294,9.802,10.121,10.184,10.352,10.415,10.398,10.067,9.224,9.27,9.551,9.453,9.216,9.008,9.055,8.971,9.585,9.64,9.396,9.069,9.217,8.901,8.802,9.543,9.549,9.709,9.565,9.501,9.314,9.055,9.373,9.313,9.097,9.346,9.45,9.015,8.575,9.07,9.148,8.752,8.554,8.32,8.075,8.135,8.674,6.856,6.755,6.846,7.094,7.29,6.891,6.973,7.227,7.435,7.6,7.881,7.578,7.35,7.648,7.512,7.837,7.912,7.849,7.651,7.599,7.844,7.906,7.547,7.495,7.728,7.748,7.567,7.746,8.117,8.257,8.334,10.474,10.289,9.971,9.801,9.996,9.84,9.295,9.142,9.004,8.581,9.074,9.475,9.784,10.161,9.849,9.254,8.559,8.825,9.028,9.368,9.493,9.33,8.953,8.31,8.87,9.315,9.451,9.436,9.547,9.415,9.475,9.402,9.804,10.052,10.174,10.282,10.445,10.409,10.568,10.714,10.913,10.977,10.995,10.902,10.55,10.621,10.329,10.707,10.825,10.852,10.708,10.305,10.245,10.011,10.356,10.683,10.717,10.793,10.376,10.521,10.697,10.602,10.534,10.595,10.405,10.073,10.275,10.369,10.407,10.343,9.976,9.361,8.495,8.329,8.907,9.168,9.403,9.536,9.741,9.415,9.622,9.84,9.919,10.057,9.845,9.567,8.917,8.943,9.074,9.103,8.881,8.692,8.533,8.261,8.347,8.294,8.662,8.91,9.055,8.941,8.639,9.079,9.24,9.258,9.168,9.288,9.272,8.799,8.869,9.224,9.423,9.485,9.72,9.476,9.037,9.365,9.55,9.527,9.434,9.618,9.757,9.428
Guntur_102,12.833,12.921,13.165,13.197,12.707,12.78,13.058,13.075,12.814,12.67,12.902,12.907,13.064,12.832,12.459,12.391,12.969,12.912,12.389,12.917,13.011,12.721,12.863,13.174,13.317,12.709,13.118,13.31,13.411,13.501,13.39,12.656,12.049,12.434,12.756,12.758,12.747,12.889,12.446,12.173,12.381,12.438,12.567,13.012,12.991,13.119,12.569,12.877,13.141,13.087,12.802,12.358,12.463,12.135,12.542,12.765,12.904,12.749,12.674,12.531,11.953,12.294,12.429,12.234,12.041,12.115,12.279,11.919,11.83,10.97,11.398,12.092,12.166,12.087,11.622,12.027,12.41,12.358,13.698,13.497,13.019,12.81,12.583,13.094,13.559,13.709,13.655,13.583,13.161,12.816,12.788,13.252,13.546,13.639,13.552,13.026,13.682,13.748,13.677,13.766,13.87,13.612,13.288,14.044,13.787,13.689,13.289,13.192,13.063,12.625,13.415,13.485,13.153,13.362,13.501,13.371,13.11,13.594,13.609,13.633,13.398,12.53,12.559,12.376,12.738,12.69,12.845,13.186,13.171,13.09,12.57,12.369,12.474,12.427,12.327,12.397,12.253,12.292,11.507,12.048,12.41,12.027,11.863,12.174,12.365,11.821,12.102,12.308,12.661,12.625,12.338,12.052,11.048,11.187,11.157,11.462,11.375,11.445,11.23,11.937,12.151,12.308,12.157,12.19,11.835,11.43,12.007,11.997,12.185,12.352,12.098,12.02,11.555,12.217,12.533,12.377,12.374,11.953,11.697,11.343,11.878,12.472,0.0,0.0,0.0,0.0,0.0,0.0,0.0,0.0,0.0,0.0,0.0,0.0,0.0,0.0,0.0,0.0,0.0,0.0,0.0,0.0,0.0,0.0,0.0,0.0,0.0,0.0,0.0,0.0,0.0,0.0,0.0,0.0,0.0,0.0,0.0,0.0,0.0,0.0,0.0,0.0,0.0,0.0,0.0,0.0,0.0,0.0,0.0,0.0,0.0,0.0,0.0,0.0,0.0,0.0,0.0,0.0,0.0,0.0,0.0,0.0,0.0,0.0,10.292,10.327,10.331,10.531,10.613,10.056,10.165,10.448,10.916,10.761,10.621,10.281,9.968,10.078,10.249,10.393,10.197,10.122,10.395,9.937,10.115,9.978,9.801,10.113,10.162,9.71,9.389,10.112,10.327,10.242,11.154,11.084,11.411,11.055,11.262,11.599,11.985,12.151,12.155,11.796,11.145,11.261,11.435,10.945,11.135,11.26,11.512,11.214,11.477,11.489,11.445,11.226,10.944,10.929,10.372,10.58,11.127,11.345,11.6,11.817,11.723,10.815,11.192,11.312,11.275,11.16,11.412,11.246,10.794,11.015,10.977,10.899,11.09,10.888,9.911,9.629,9.7,10.337,10.635,10.816,10.897,10.811,10.629,11.147,11.102,10.798,10.174,10.196,10.396,10.58,10.951,12.641,12.827,12.693,12.817,12.739,12.189,12.432,12.646,12.42,12.619,12.728,12.485,12.15,12.494,12.832,12.844,12.964,13.144,12.922,12.74,13.083,13.406,13.576,13.373,13.354,13.562,13.047,13.437,13.581,13.508,13.509,11.915,11.568,11.166,11.471,11.563,11.608,11.451,11.588,11.364,11.321,11.781,11.846,11.804,11.665,11.687,11.922,11.778,11.903,12.3,12.544,12.76,12.694,12.498,12.06,12.169,11.751,12.061,12.212,12.443,12.418,12.053,12.907,13.066,13.17,12.928,12.976,12.88,12.52,12.657,12.951,13.196,13.256,13.263,13.202,12.889,13.097,13.097,13.051,12.934,12.789,12.792,12.578,13.068,13.282,13.48,13.525,13.613,13.549,13.335,13.331,13.399,13.354,13.305,13.603,13.526,12.999,13.304,13.558,13.702,13.562,13.095,12.858,12.851,13.331,13.43,13.634,13.833,13.792,13.646,13.214,13.354,13.021,13.332,13.545,13.358,13.425,12.921,12.182,12.383,12.96,13.036,13.37,13.476,13.187,13.539,13.534,13.546,13.862,13.728,13.696,13.204,13.63,13.717,13.209,13.266,13.376,13.05,12.96,13.217,13.464,13.035,12.777,12.645,12.845,12.588,13.061,13.257,13.201,13.257,13.179,11.981,11.756,11.828,11.885,11.655,11.788,12.039,11.953,11.696,11.924,11.634,11.254,10.929,11.298,11.215,10.378,10.433,10.194,10.218,10.144,10.285,10.641,10.86,11.106,10.929,10.725,10.766,11.177,11.442,10.791,11.328,11.184,12.041,12.275,12.313,12.019,11.462,11.811,11.621,11.587,11.338,10.962,10.935,10.404,11.342,11.397,11.688,11.766,11.849,11.347,10.771,11.669,12.111,12.775,12.272,12.219,11.882,12.17,13.078,13.519,13.23,13.136,12.683,12.72,12.875,13.609,13.863,13.764,13.502,13.302,13.544,12.637,12.5,12.365,12.2,12.41,13.003,13.12,11.903,10.999,11.012,10.784,11.106,11.694,11.445,11.265,11.632,11.529,10.855,11.066,11.009,10.843,0.0,0.0,0.0,0.0,0.0,0.0,0.0,0.0,0.0,0.0,0.0,0.0,0.0,0.0,0.0,0.0,0.0,0.0,0.0,0.0,0.0,0.0,0.0,0.0,0.0,0.0,0.0,0.0,0.0,0.0,0.0,0.0,0.0,0.0,0.0,0.0,0.0,0.0,0.0,0.0,0.0,0.0,0.0,0.0,0.0,0.0,0.0,0.0,0.0,0.0,0.0,0.0,0.0,0.0,0.0,0.0,0.0,0.0,0.0,0.0,0.0,11.579,11.16,10.889,11.39,11.637,11.868,11.873,11.991,11.818,11.444,11.987,12.112,12.133,11.962,11.588,11.737,11.122,10.858,11.334,11.441,11.369,11.299,11.447,10.754,11.191,11.286,11.259,11.176,11.321,11.207,11.027,12.446,12.446,12.307,11.369,11.012,11.778,11.546,12.171,12.499,12.939,12.584,12.855,12.759,12.551,12.719,12.698,12.843,12.955,12.627,12.635,12.094,12.79,12.985,13.062,12.945,12.847,12.668,11.982,12.206,12.262,11.788,11.455,11.683,11.707,11.458,11.839,12.074,12.041,12.172,11.986,11.88,11.389,11.949,12.344,12.309,12.19,12.128,12.109,11.503,12.33,12.697,12.917,13.046,13.142,13.01,12.621,12.888,12.623,12.317,12.189,12.4,13.02,12.523,13.227,13.591,13.797,13.535,13.479,13.01,12.424,12.839,12.912,12.975,13.233,12.983,12.656,12.65,13.255,13.666,13.674,13.608,13.732,12.999,12.79,13.5,13.581,13.15,13.374,13.566,13.621,13.607,13.856,16.268,16.333,15.706,15.977,16.168,15.937,16.219,16.668,16.368,16.022,16.111,16.072,15.877,15.98,16.09,16.323,16.182,16.266,16.124,15.855,16.263,16.215,16.236,16.692,16.339,16.075,15.474,16.158,13.782,13.5,13.421,13.795,14.018,13.675,13.621,13.72,13.856,14.102,14.285,14.251,13.903,14.214,14.307,14.502,14.448,13.644,13.742,14.011,14.408,14.527,14.608,14.741,14.678,14.58,14.128,14.39,14.526,14.794,14.884,14.477,14.462,14.013,14.511,14.66,14.391,14.619,14.535,14.59,14.129,14.413,14.623,14.653,14.51,14.36,14.568,13.902,14.281,14.532,14.423,14.478,14.511,14.494,14.035,14.525,14.698,14.848,14.75,14.617,14.239,13.081,13.404,13.358,13.675,13.661,14.023,13.937,13.313,13.517,13.309,13.369,13.352,13.226,13.097,12.737,13.254,13.571,13.951,13.817,13.239,12.074,11.22,11.085,12.067,12.966,13.048,12.852,12.741,12.632,13.34,13.533,12.359,12.484,12.468,12.328,12.027,12.358,12.441,12.177,12.062,12.356,12.232,11.876,12.459,12.634,12.296,12.022,11.848,11.563,10.733,10.764,10.855,11.718,12.173,12.032,11.793,11.45,12.117,12.288,11.798,10.985,10.868,11.052,10.772,11.58,11.63,11.617,11.655,11.436,10.957,10.264,10.654,10.679,10.845,10.684,10.71,10.732,10.268,11.046,11.216,11.017,10.342,10.654,10.38,9.647,10.38,11.061,11.187,11.1,11.297,10.928,10.278,10.848,11.125,11.584,11.575,11.171,10.841,10.313,10.566,10.555,10.55,9.943,10.483,10.88,10.143,9.619,10.302,10.896,11.27,11.135,10.994,10.52,11.093,11.371,11.269,11.457,11.831,11.445,10.959,11.751,12.058,11.98,12.149,12.265,12.202,11.485,12.072,12.262,12.312,12.145,11.83,11.531,10.768,10.939,10.985,10.991,10.824,10.285,10.635,10.712,11.316,11.297,11.157,10.692,10.522,10.384,10.418,11.341,11.429,11.39,11.553,11.584,12.497,11.938,12.668,13.049,12.37,12.549,12.488,12.56,12.141,12.527,12.413,12.625,12.638,12.532,12.352,11.925,12.876,13.001,13.022,12.98,12.814,12.475,11.732,11.064,10.832,11.607,12.248,12.499,12.563,12.217,12.345,12.685,12.848,12.736,12.942,12.897,12.63,12.815,12.915,12.919,12.912,12.925,12.538,12.232,12.325,12.651,12.841,12.936,13.05,13.092,12.583,13.044,13.227,13.197,13.192,13.195,13.207,12.917,13.248,13.085,13.1,12.95,13.14,13.163,12.701,12.971,13.269,13.427,13.101,13.005,12.502,12.17,12.812,12.832,12.91,13.151,13.415,13.513,13.212,13.731,13.776,13.669,13.726,13.951,13.861,13.386,13.656,13.914,14.135,14.186,14.023,13.875,13.02,13.372,13.318,13.095,13.259,13.357,13.435,13.313,13.527,13.547,13.669,13.704,13.783,13.294,12.765,13.125,13.391,13.645,13.524,13.692,13.531,13.139,13.237,13.471,13.37,12.496,12.899,13.282,12.945,13.115,13.13,13.147,13.326,13.752,13.712,13.397,13.485,13.718,14.057,13.864,13.887,13.952,13.305,13.939,14.171,13.99,13.959,14.147,14.055,13.686,14.068,14.199,14.152,14.387,14.505,14.219,13.918,14.518,14.365,13.648,13.7,13.981,13.846,13.306,13.575,12.819,12.507,12.981,13.732,13.893,13.54,14.249,14.318,14.281,13.971,13.201,12.486,11.593,12.482,12.965,13.308,13.577,13.653,13.972,13.438,13.95,14.113,14.185,14.116,13.579,12.061,11.904,12.421,12.94,12.985,13.066,13.26,12.964,12.635,13.161,13.423,13.521,13.687,13.551,13.421,12.932,13.273,13.633,13.496,13.324,13.052,12.695,11.665,12.413,12.997,13.01,13.125,13.109,12.615,11.505,11.771,12.226,12.731,12.759,13.163,13.355,12.86,13.387,13.827,13.981,14.194,14.092,13.885,13.152,13.401,13.904,14.265,13.917,14.541,14.384,13.872,14.24,14.338,13.443,12.798,12.26,12.601,13.12,13.751,13.992,13.676,13.169,13.412,13.941,12.926,13.575,13.713,14.002,14.189,14.077,13.543,12.963,13.496,13.427,13.18,13.359,13.72,13.47,12.827,13.244,13.326,13.546,13.629,13.606,13.173,12.071,12.13,12.499,12.369,12.059,11.788,18.294,18.124,19.364,19.475,18.982,18.323,18.621,17.983,17.783,19.28,19.291,19.616,19.324,19.194,18.817,18.295,18.936,18.815,18.38,18.883,19.092,18.212,17.324,18.324,18.481,17.681,17.281,16.808,16.314,16.436,17.524,17.362,17.104,17.335,17.963,18.46,17.449,17.657,18.301,18.827,19.245,19.956,19.189,18.611,19.366,19.022,19.844,20.036,19.875,19.375,19.243,19.864,20.021,19.112,18.979,19.569,19.62,19.162,19.614,20.555,20.908,21.105,15.773,15.494,15.016,14.76,15.053,14.818,13.997,13.767,13.559,12.922,13.665,14.268,14.734,15.301,14.832,13.937,12.889,13.289,13.596,14.107,14.296,14.051,13.483,12.515,13.357,14.028,14.232,14.21,14.377,14.179,11.456,11.368,11.854,12.154,12.301,12.432,12.63,12.586,12.778,12.954,13.195,13.273,13.294,13.182,12.757,12.843,12.49,12.946,13.089,13.122,12.947,12.461,12.387,12.104,12.522,12.917,12.958,13.05,12.546,12.722,12.934,14.023,13.932,14.014,13.762,13.324,13.591,13.714,13.766,13.68,13.195,12.382,11.237,11.017,11.781,12.126,12.437,12.612,12.884,12.453,12.727,13.015,13.12,13.302,13.021,12.654,11.794,11.829,12.001,12.041,11.746,11.711,11.498,11.131,11.247,11.175,11.671,12.005,12.201,12.047,11.64,12.233,12.45,12.474,12.353,12.514,12.493,11.856,11.95,12.429,12.697,12.781,13.097,12.768,12.177,12.619,12.867,12.837,12.712,12.96,13.147,12.703,12.717,12.946,13.281,13.27,13.313,12.968,12.405,12.827,12.814,13.038,13.116,13.308,13.492,12.887,13.001,13.447,13.583,13.593,13.658,13.757,13.462,13.506,13.697,13.613,12.696,11.866,12.249,12.612,12.292,12.453,12.468,12.126,12.291,12.684,12.647,12.356,12.438,12.653,12.965,12.788,12.808,12.868,12.272,12.856,13.07,12.904,12.874,13.048,12.963,12.623,12.976,13.096,13.053,13.27,13.378,13.115,12.837,13.39,13.249,11.702,11.722,11.766,12.007,11.892,11.428,11.659,11.01,10.742,11.149,11.794,11.932,11.629,12.238,12.297,12.265,11.999,11.338,10.724,9.956,10.72,11.135,11.43,11.661,11.726,12.0,11.542,11.981,12.121,12.183,12.124,11.662,11.988,11.832,12.345,12.862,12.906,12.986,13.18,12.886,12.558,13.082,13.342,13.439,13.604,13.469,13.34,12.854,13.192,13.55,13.414,13.244,12.973,12.618,11.595,12.338,12.918,12.932,13.046,13.029,12.539,11.435,10.575,10.983,11.437,11.462,11.825,11.997,11.553,12.026,12.421,12.559,12.751,12.659,12.474,11.816,12.039,12.491,12.815,12.503,13.063,12.922,12.462,12.792,12.88,12.076,11.497,11.013,11.32,11.786,12.354,12.57,12.286,13.169,13.412,13.941,12.926,13.575,13.713,14.002,14.189,14.077,13.543,12.963,13.496,13.427,13.18,13.359,13.72,13.47,12.827,13.244,13.326,13.546,13.629,13.606,13.173,12.071,12.13,12.499,12.369,12.059,11.788,11.222,11.117,11.878,11.946,11.644,11.239,11.423,11.031,10.908,11.826,11.833,12.033,11.853,11.774,11.542,11.222,11.616,11.541,11.274,11.583,11.711,11.171,10.627,11.24,11.337,10.846,10.6,10.31,10.007,10.082,10.749,10.168,10.017,10.152,10.52,10.811,10.219,10.341,10.718,11.026,11.271,11.687,11.238,10.9,11.342,11.141,11.622,11.734,11.64,11.347,11.27,11.633,11.725,11.193,11.115,11.461,11.491,11.222,11.487,12.038,12.245,12.36,14.546,14.289,13.848,13.611,13.882,13.665,12.908,12.696,12.505,11.917,12.602,13.159,13.588,14.111,13.679,12.853,11.887,12.256,12.539,13.009,13.184,12.958,12.434,11.541,12.318,12.937,13.125,13.105,13.259,13.076,11.456,11.368,11.854,12.154,12.301,12.432,12.63,12.586,12.778,12.954,13.195,13.273,13.294,13.182,12.757,12.843,12.49,12.946,13.089,13.122,12.947,12.461,12.387,12.104,12.522,12.917,12.958,13.05,12.546,12.722,12.934,14.023,13.932,14.014,13.762,13.324,13.591,13.714,13.766,13.68,13.195,12.382,11.237,11.017,11.781,12.126,12.437,12.612,12.884,12.453,12.727,13.015,13.12,13.302,13.021,12.654,11.794,11.829,12.001,12.041,11.746,11.711,11.498,11.131,11.247,11.175,11.671,12.005,12.201,12.047,11.64,12.233,12.45,12.474,12.353,12.514,12.493,11.856,11.95,12.429,12.697,12.781,13.097,12.768,12.177,12.619,12.867,12.837,12.712,12.96,13.147,12.703
Guntur_103,13.47,13.562,13.818,13.853,13.338,13.414,13.706,13.724,13.45,13.3,13.543,13.548,13.713,13.469,13.077,13.006,13.613,13.553,13.005,13.558,13.657,13.352,13.502,13.829,13.979,13.34,13.769,13.97,14.077,14.171,14.055,12.515,11.914,12.295,12.614,12.616,12.605,12.746,12.307,12.037,12.243,12.3,12.427,12.867,12.846,12.972,12.429,12.734,12.994,12.941,12.659,12.22,12.324,11.999,12.403,12.623,12.76,12.607,12.533,12.391,12.231,12.579,12.718,12.518,12.32,12.396,12.564,12.195,12.104,11.225,11.662,12.372,12.448,12.367,11.892,12.306,12.698,12.645,14.015,13.81,13.321,13.107,12.875,13.398,13.873,14.027,13.971,13.898,13.466,13.113,13.084,13.113,13.403,13.495,13.409,12.889,13.538,13.603,13.534,13.622,13.724,13.468,13.148,13.897,13.642,13.545,13.15,13.053,12.926,12.492,13.274,13.344,13.015,13.222,13.359,13.23,12.972,13.452,13.466,13.49,13.257,13.792,13.824,13.623,14.022,13.968,14.14,14.515,14.498,14.409,13.837,13.615,13.731,13.68,13.569,13.646,13.487,13.531,12.666,13.262,13.661,13.239,13.059,13.401,13.611,13.012,13.322,13.549,13.937,13.898,13.581,13.266,11.264,11.407,11.376,11.687,11.598,11.67,11.45,12.171,12.39,12.55,12.396,12.429,12.067,11.655,12.242,12.232,12.424,12.594,12.335,12.256,11.781,12.457,12.779,12.619,12.617,12.187,11.927,11.565,12.111,12.716,0.0,0.0,0.0,0.0,0.0,0.0,0.0,0.0,0.0,0.0,0.0,0.0,0.0,0.0,0.0,0.0,0.0,0.0,0.0,0.0,0.0,0.0,0.0,0.0,0.0,0.0,0.0,0.0,0.0,0.0,0.0,0.0,0.0,0.0,0.0,0.0,0.0,0.0,0.0,0.0,0.0,0.0,0.0,0.0,0.0,0.0,0.0,0.0,0.0,0.0,0.0,0.0,0.0,0.0,0.0,0.0,0.0,0.0,0.0,0.0,0.0,0.0,10.301,10.336,10.341,10.54,10.622,10.065,10.174,10.457,10.926,10.771,10.63,10.29,9.977,10.088,10.258,10.403,10.206,10.131,10.404,9.946,10.125,9.987,9.81,10.122,10.171,9.719,9.397,10.121,10.337,10.251,11.518,11.445,11.783,11.415,11.629,11.977,12.376,12.547,12.551,12.18,11.509,11.628,11.808,11.302,11.498,11.627,11.887,11.58,11.852,11.863,11.818,11.592,11.301,11.285,10.71,10.925,11.49,11.715,11.978,12.202,12.106,12.602,13.042,13.182,13.138,13.005,13.298,13.105,12.578,12.836,12.791,12.701,12.924,12.688,11.55,11.221,11.304,12.046,12.393,12.604,12.699,12.598,12.386,12.99,12.937,12.582,11.855,11.882,12.114,12.329,12.761,12.491,12.674,12.543,12.665,12.588,12.044,12.284,12.496,12.272,12.469,12.577,12.336,12.005,12.346,12.679,12.691,12.81,12.988,12.769,12.589,12.927,13.247,13.414,13.214,13.195,13.4,12.892,13.277,13.419,13.347,13.348,12.753,12.381,11.951,12.278,12.376,12.424,12.256,12.403,12.163,12.117,12.61,12.679,12.634,12.486,12.509,12.76,12.606,12.74,13.165,13.426,13.657,13.586,13.377,12.908,13.025,12.577,12.909,13.071,13.318,13.291,12.901,13.023,13.184,13.289,13.045,13.093,12.997,12.633,12.771,13.068,13.315,13.376,13.383,13.322,13.006,13.215,13.216,13.169,13.051,12.904,12.908,12.692,13.186,13.403,13.602,13.647,13.737,13.672,13.455,13.447,13.515,13.47,13.421,13.722,13.643,13.111,13.419,13.676,13.821,13.68,13.209,12.969,12.963,13.447,13.546,13.752,13.953,13.912,13.764,13.329,13.47,13.134,13.448,13.663,13.474,13.542,13.033,12.287,12.491,13.073,12.72,13.046,13.149,12.867,13.21,13.206,13.217,13.525,13.395,13.363,12.883,13.299,13.384,12.889,12.945,13.051,12.734,12.646,12.896,13.137,12.719,12.467,12.338,12.533,12.282,12.744,12.935,12.881,12.935,12.859,12.969,12.726,12.803,12.865,12.617,12.76,13.032,12.938,12.66,12.907,12.593,12.182,11.83,12.23,12.14,11.234,11.294,11.035,11.061,10.98,11.133,11.518,11.755,12.022,11.831,11.609,11.654,12.098,12.385,11.681,12.262,11.464,12.342,12.582,12.62,12.32,11.749,12.106,11.911,11.877,11.621,11.236,11.208,10.664,11.626,11.682,11.98,12.06,12.145,11.63,11.04,11.961,12.413,13.094,12.579,12.524,12.179,12.474,13.405,13.857,13.56,11.535,11.137,11.17,11.306,11.951,12.174,12.087,11.857,11.681,11.894,11.097,10.977,10.859,10.713,10.898,11.419,11.521,10.452,9.659,9.67,9.47,9.752,10.269,10.051,9.892,10.215,10.124,9.533,9.718,9.667,9.521,0.0,0.0,0.0,0.0,0.0,0.0,0.0,0.0,0.0,0.0,0.0,0.0,0.0,0.0,0.0,0.0,0.0,0.0,0.0,0.0,0.0,0.0,0.0,0.0,0.0,0.0,0.0,0.0,0.0,0.0,0.0,0.0,0.0,0.0,0.0,0.0,0.0,0.0,0.0,0.0,0.0,0.0,0.0,0.0,0.0,0.0,0.0,0.0,0.0,0.0,0.0,0.0,0.0,0.0,0.0,0.0,0.0,0.0,0.0,0.0,0.0,13.72,13.224,12.902,13.496,13.789,14.062,14.069,14.208,14.003,13.561,14.204,14.353,14.377,14.174,13.732,13.908,13.179,12.866,13.43,13.557,13.472,13.389,13.564,12.743,13.261,13.373,13.341,13.243,13.414,13.28,13.066,12.481,12.48,12.341,11.401,11.043,11.811,11.578,12.204,12.534,12.975,12.619,12.89,12.795,12.585,12.754,12.733,12.878,12.991,12.662,12.67,12.128,12.826,13.022,13.099,12.981,12.883,12.703,12.015,12.24,12.296,12.063,11.722,11.956,11.98,11.726,12.115,12.356,12.322,12.456,12.265,12.158,11.654,12.228,12.632,12.597,12.475,12.411,12.392,11.772,12.618,12.994,13.218,13.35,13.449,13.314,12.915,13.188,12.917,12.604,12.474,12.689,13.067,12.568,13.275,13.64,13.847,13.584,13.528,13.057,12.469,12.886,12.959,13.022,13.281,13.03,12.702,12.697,13.303,13.715,13.724,13.658,13.782,13.047,12.836,13.549,13.63,13.198,13.423,13.615,13.67,13.657,13.907,15.813,15.876,15.266,15.529,15.716,15.491,15.765,16.201,15.91,15.574,15.66,15.622,15.433,15.533,15.639,15.866,15.729,15.81,15.673,15.411,15.808,15.761,15.781,16.225,15.881,15.624,15.041,15.705,14.292,14.0,13.917,14.306,14.536,14.181,14.125,14.228,14.369,14.623,14.814,14.778,14.417,14.74,14.837,15.039,14.982,14.148,14.251,14.53,14.941,15.064,15.149,15.286,15.222,15.119,14.65,14.922,15.063,15.342,15.434,15.193,15.177,14.705,15.229,15.385,15.102,15.342,15.254,15.311,14.828,15.126,15.346,15.378,15.228,15.07,15.288,14.59,14.987,15.25,15.136,15.194,15.229,15.21,14.729,15.244,15.425,15.582,15.479,15.34,14.943,13.581,13.916,13.868,14.197,14.183,14.559,14.469,13.822,14.034,13.817,13.879,13.861,13.731,13.597,13.224,13.76,14.089,14.484,14.344,13.745,12.535,11.648,11.508,12.528,13.461,13.547,13.343,13.228,13.115,13.849,14.05,14.544,14.691,14.673,14.508,14.154,14.543,14.64,14.329,14.194,14.54,14.394,13.975,14.661,14.868,14.47,14.147,13.942,13.607,12.63,12.667,12.774,13.79,14.325,14.159,13.878,13.474,14.259,14.46,13.883,12.927,12.79,13.006,12.676,13.628,13.686,13.67,13.715,13.457,12.894,12.079,12.538,12.567,12.762,12.573,12.604,12.63,12.083,12.999,13.199,12.964,12.17,12.538,12.215,11.352,12.215,13.016,13.165,13.062,13.293,12.86,12.095,12.49,12.808,13.337,13.326,12.862,12.482,11.873,12.165,12.153,12.147,11.448,12.069,12.527,11.678,11.075,11.861,12.545,12.976,12.82,12.658,12.112,12.772,13.092,12.974,13.191,13.622,13.177,12.617,13.53,13.883,13.793,12.297,12.415,12.351,11.626,12.219,12.412,12.462,12.294,11.974,11.672,10.899,11.073,11.119,11.126,10.956,10.411,10.764,10.843,11.454,11.435,11.294,10.823,10.651,10.51,10.545,11.48,11.568,11.529,11.694,11.725,12.409,11.854,12.578,12.957,12.283,12.46,12.399,12.471,12.055,12.438,12.325,12.535,12.549,12.444,12.264,11.84,12.785,12.909,12.93,12.889,12.723,12.387,11.649,10.986,10.756,11.525,12.161,12.411,12.474,12.13,12.257,12.34,12.498,12.39,12.59,12.546,12.287,12.466,12.564,12.567,12.561,12.573,12.197,11.899,11.99,12.307,12.492,12.584,12.695,12.736,12.241,12.689,12.868,12.838,12.833,12.836,12.848,12.565,12.888,12.729,12.744,12.223,12.403,12.424,11.989,12.243,12.525,12.673,12.366,12.276,11.801,11.487,12.093,12.112,12.186,12.413,12.662,12.755,12.47,12.96,13.003,12.902,12.955,13.168,13.083,12.635,12.89,13.133,13.342,13.39,13.236,13.097,13.393,13.756,13.701,13.47,13.64,13.74,13.82,13.695,13.916,13.936,14.061,14.098,14.178,13.676,13.131,13.502,13.775,14.037,13.912,14.085,13.919,13.516,13.617,13.858,13.754,12.854,13.27,13.663,13.316,13.491,13.507,12.323,12.49,12.89,12.852,12.557,12.64,12.858,13.176,12.995,13.016,13.077,12.471,13.065,13.283,13.113,13.084,13.26,13.174,12.828,13.186,13.308,13.265,13.485,13.596,13.328,13.046,13.608,13.464,13.796,13.848,14.132,13.996,13.45,13.722,12.958,12.643,13.122,13.881,14.043,13.687,14.403,14.473,14.436,14.122,13.344,12.621,11.718,12.617,13.105,13.452,13.724,13.801,14.123,13.584,14.101,14.266,14.339,14.269,13.726,11.907,11.752,12.262,12.774,12.819,12.898,13.09,12.798,12.473,12.993,13.251,13.348,13.511,13.377,13.249,12.767,13.103,13.458,13.323,13.154,12.885,12.532,11.516,12.254,12.83,12.844,12.957,12.941,12.453,11.357,11.663,12.113,12.614,12.642,13.041,13.231,12.741,13.263,13.699,13.852,14.063,13.962,13.757,13.031,13.277,13.776,14.134,13.789,14.407,14.252,13.744,14.108,14.206,13.319,12.68,12.147,12.485,12.999,13.625,13.863,13.55,12.852,13.089,13.606,12.615,13.249,13.384,13.665,13.847,13.739,13.218,12.651,13.172,13.104,12.863,13.038,13.39,13.146,12.518,12.926,13.006,13.22,13.301,13.279,12.856,11.78,11.839,12.198,12.072,11.769,11.504,11.932,11.821,12.63,12.702,12.381,11.951,12.146,11.729,11.599,12.575,12.583,12.794,12.604,12.519,12.273,11.933,12.351,12.272,11.988,12.316,12.453,11.879,11.3,11.952,12.054,11.533,11.271,10.963,10.64,10.72,11.43,18.558,18.283,18.529,19.201,19.731,18.651,18.874,19.562,20.124,20.571,21.331,20.511,19.894,20.7,20.333,21.211,21.416,21.244,20.71,20.569,21.233,21.4,20.428,20.287,20.917,20.972,20.482,20.966,21.971,22.349,22.559,13.959,13.712,13.289,13.062,13.322,13.114,12.388,12.184,12.0,11.436,12.094,12.628,13.04,13.542,13.127,12.334,11.407,11.761,12.033,12.485,12.652,12.435,11.933,11.076,11.822,12.415,12.595,12.576,12.724,12.548,11.584,11.494,11.986,12.29,12.438,12.57,12.77,12.726,12.92,13.098,13.342,13.421,13.442,13.329,12.899,12.986,12.629,13.09,13.235,13.268,13.091,12.599,12.525,12.239,12.661,13.061,13.103,13.195,12.686,12.864,13.078,13.608,13.52,13.599,13.355,12.929,13.188,13.308,13.358,13.275,12.804,12.015,10.904,10.691,11.432,11.767,12.069,12.239,12.503,12.084,12.35,12.63,12.731,12.908,12.635,12.279,11.445,11.478,11.646,11.684,11.398,11.419,11.211,10.853,10.966,10.896,11.38,11.705,11.896,11.746,11.349,11.927,12.139,12.163,12.044,12.202,12.181,11.56,11.652,12.118,12.38,12.461,12.77,12.449,11.872,12.303,12.546,12.516,12.394,12.636,12.819,12.386,13.001,13.236,13.578,13.567,13.61,13.259,12.683,13.114,13.1,13.329,13.409,13.605,13.794,13.176,13.292,13.748,13.886,13.897,13.964,14.065,13.763,13.808,14.003,13.918,12.98,12.131,12.523,12.894,12.567,12.732,12.747,12.763,12.936,13.35,13.311,13.005,13.091,13.317,13.646,13.459,13.481,13.544,12.916,13.531,13.757,13.581,13.55,13.733,13.644,13.286,13.657,13.783,13.738,13.967,14.081,13.804,13.511,14.094,13.945,12.317,12.71,12.758,13.019,12.894,12.391,12.642,11.937,11.647,12.089,12.787,12.937,12.609,13.269,13.334,13.299,13.01,12.293,11.627,10.795,11.623,12.073,12.393,12.644,12.715,13.011,12.514,12.991,13.143,13.209,13.146,12.645,12.124,11.967,12.486,13.008,13.053,13.134,13.33,13.032,12.701,13.23,13.494,13.592,13.759,13.622,13.492,13.0,13.342,13.705,13.566,13.394,13.121,12.762,11.726,12.479,13.065,13.079,13.194,13.177,12.681,11.565,10.736,11.151,11.612,11.638,12.005,12.18,11.729,12.21,12.611,12.751,12.946,12.853,12.665,11.996,12.223,12.682,13.011,12.694,13.263,13.119,12.652,12.988,13.077,12.261,11.672,11.182,11.493,11.966,12.542,12.762,12.474,12.852,13.089,13.606,12.615,13.249,13.384,13.665,13.847,13.739,13.218,12.651,13.172,13.104,12.863,13.038,13.39,13.146,12.518,12.926,13.006,13.22,13.301,13.279,12.856,11.78,11.839,12.198,12.072,11.769,11.504,11.393,11.287,12.06,12.128,11.822,11.411,11.597,11.199,11.075,12.007,12.014,12.217,12.034,11.954,11.719,11.394,11.793,11.717,11.447,11.76,11.89,11.342,10.789,11.412,11.51,11.012,10.762,10.468,10.16,10.236,10.913,9.956,9.809,9.941,10.301,10.586,10.006,10.126,10.495,10.797,11.036,11.444,11.004,10.673,11.106,10.909,11.38,11.49,11.397,11.111,11.035,11.391,11.481,10.96,10.884,11.222,11.252,10.989,11.248,11.788,11.99,12.103,14.546,14.289,13.848,13.611,13.882,13.665,12.908,12.696,12.505,11.917,12.602,13.159,13.588,14.111,13.679,12.853,11.887,12.256,12.539,13.009,13.184,12.958,12.434,11.541,12.318,12.937,13.125,13.105,13.259,13.076,11.584,11.494,11.986,12.29,12.438,12.57,12.77,12.726,12.92,13.098,13.342,13.421,13.442,13.329,12.899,12.986,12.629,13.09,13.235,13.268,13.091,12.599,12.525,12.239,12.661,13.061,13.103,13.195,12.686,12.864,13.078,13.608,13.52,13.599,13.355,12.929,13.188,13.308,13.358,13.275,12.804,12.015,10.904,10.691,11.432,11.767,12.069,12.239,12.503,12.084,12.35,12.63,12.731,12.908,12.635,12.279,11.445,11.478,11.646,11.684,11.398,11.419,11.211,10.853,10.966,10.896,11.38,11.705,11.896,11.746,11.349,11.927,12.139,12.163,12.044,12.202,12.181,11.56,11.652,12.118,12.38,12.461,12.77,12.449,11.872,12.303,12.546,12.516,12.394,12.636,12.819,12.386
Guntur_104,13.47,13.562,13.818,13.853,13.338,13.414,13.706,13.724,13.45,13.3,13.543,13.548,13.713,13.469,13.077,13.006,13.613,13.553,13.005,13.558,13.657,13.352,13.502,13.829,13.979,13.34,13.769,13.97,14.077,14.171,14.055,12.515,11.914,12.295,12.614,12.616,12.605,12.746,12.307,12.037,12.243,12.3,12.427,12.867,12.846,12.972,12.429,12.734,12.994,12.941,12.659,12.22,12.324,11.999,12.403,12.623,12.76,12.607,12.533,12.391,12.231,12.579,12.718,12.518,12.32,12.396,12.564,12.195,12.104,11.225,11.662,12.372,12.448,12.367,11.892,12.306,12.698,12.645,14.015,13.81,13.321,13.107,12.875,13.398,13.873,14.027,13.971,13.898,13.466,13.113,13.084,13.113,13.403,13.495,13.409,12.889,13.538,13.603,13.534,13.622,13.724,13.468,13.148,13.897,13.642,13.545,13.15,13.053,12.926,12.492,13.274,13.344,13.015,13.222,13.359,13.23,12.972,13.452,13.466,13.49,13.257,13.792,13.824,13.623,14.022,13.968,14.14,14.515,14.498,14.409,13.837,13.615,13.731,13.68,13.569,13.646,13.487,13.531,12.666,13.262,13.661,13.239,13.059,13.401,13.611,13.012,13.322,13.549,13.937,13.898,13.581,13.266,11.264,11.407,11.376,11.687,11.598,11.67,11.45,12.171,12.39,12.55,12.396,12.429,12.067,11.655,12.242,12.232,12.424,12.594,12.335,12.256,11.781,12.457,12.779,12.619,12.617,12.187,11.927,11.565,12.111,12.716,0.0,0.0,0.0,0.0,0.0,0.0,0.0,0.0,0.0,0.0,0.0,0.0,0.0,0.0,0.0,0.0,0.0,0.0,0.0,0.0,0.0,0.0,0.0,0.0,0.0,0.0,0.0,0.0,0.0,0.0,0.0,0.0,0.0,0.0,0.0,0.0,0.0,0.0,0.0,0.0,0.0,0.0,0.0,0.0,0.0,0.0,0.0,0.0,0.0,0.0,0.0,0.0,0.0,0.0,0.0,0.0,0.0,0.0,0.0,0.0,0.0,0.0,10.301,10.336,10.341,10.54,10.622,10.065,10.174,10.457,10.926,10.771,10.63,10.29,9.977,10.088,10.258,10.403,10.206,10.131,10.404,9.946,10.125,9.987,9.81,10.122,10.171,9.719,9.397,10.121,10.337,10.251,11.518,11.445,11.783,11.415,11.629,11.977,12.376,12.547,12.551,12.18,11.509,11.628,11.808,11.302,11.498,11.627,11.887,11.58,11.852,11.863,11.818,11.592,11.301,11.285,10.71,10.925,11.49,11.715,11.978,12.202,12.106,12.602,13.042,13.182,13.138,13.005,13.298,13.105,12.578,12.836,12.791,12.701,12.924,12.688,11.55,11.221,11.304,12.046,12.393,12.604,12.699,12.598,12.386,12.99,12.937,12.582,11.855,11.882,12.114,12.329,12.761,12.491,12.674,12.543,12.665,12.588,12.044,12.284,12.496,12.272,12.469,12.577,12.336,12.005,12.346,12.679,12.691,12.81,12.988,12.769,12.589,12.927,13.247,13.414,13.214,13.195,13.4,12.892,13.277,13.419,13.347,13.348,12.753,12.381,11.951,12.278,12.376,12.424,12.256,12.403,12.163,12.117,12.61,12.679,12.634,12.486,12.509,12.76,12.606,12.74,13.165,13.426,13.657,13.586,13.377,12.908,13.025,12.577,12.909,13.071,13.318,13.291,12.901,13.023,13.184,13.289,13.045,13.093,12.997,12.633,12.771,13.068,13.315,13.376,13.383,13.322,13.006,13.215,13.216,13.169,13.051,12.904,12.908,12.692,13.186,13.403,13.602,13.647,13.737,13.672,13.455,13.447,13.515,13.47,13.421,13.722,13.643,13.111,13.419,13.676,13.821,13.68,13.209,12.969,12.963,13.447,13.546,13.752,13.953,13.912,13.764,13.329,13.47,13.134,13.448,13.663,13.474,13.542,13.033,12.287,12.491,13.073,12.72,13.046,13.149,12.867,13.21,13.206,13.217,13.525,13.395,13.363,12.883,13.299,13.384,12.889,12.945,13.051,12.734,12.646,12.896,13.137,12.719,12.467,12.338,12.533,12.282,12.744,12.935,12.881,12.935,12.859,12.969,12.726,12.803,12.865,12.617,12.76,13.032,12.938,12.66,12.907,12.593,12.182,11.83,12.23,12.14,11.234,11.294,11.035,11.061,10.98,11.133,11.518,11.755,12.022,11.831,11.609,11.654,12.098,12.385,11.681,12.262,11.464,12.342,12.582,12.62,12.32,11.749,12.106,11.911,11.877,11.621,11.236,11.208,10.664,11.626,11.682,11.98,12.06,12.145,11.63,11.04,11.961,12.413,13.094,12.579,12.524,12.179,12.474,13.405,13.857,13.56,11.535,11.137,11.17,11.306,11.951,12.174,12.087,11.857,11.681,11.894,11.097,10.977,10.859,10.713,10.898,11.419,11.521,10.452,9.659,9.67,9.47,9.752,10.269,10.051,9.892,10.215,10.124,9.533,9.718,9.667,9.521,0.0,0.0,0.0,0.0,0.0,0.0,0.0,0.0,0.0,0.0,0.0,0.0,0.0,0.0,0.0,0.0,0.0,0.0,0.0,0.0,0.0,0.0,0.0,0.0,0.0,0.0,0.0,0.0,0.0,0.0,0.0,0.0,0.0,0.0,0.0,0.0,0.0,0.0,0.0,0.0,0.0,0.0,0.0,0.0,0.0,0.0,0.0,0.0,0.0,0.0,0.0,0.0,0.0,0.0,0.0,0.0,0.0,0.0,0.0,0.0,0.0,13.72,13.224,12.902,13.496,13.789,14.062,14.069,14.208,14.003,13.561,14.204,14.353,14.377,14.174,13.732,13.908,13.179,12.866,13.43,13.557,13.472,13.389,13.564,12.743,13.261,13.373,13.341,13.243,13.414,13.28,13.066,12.481,12.48,12.341,11.401,11.043,11.811,11.578,12.204,12.534,12.975,12.619,12.89,12.795,12.585,12.754,12.733,12.878,12.991,12.662,12.67,12.128,12.826,13.022,13.099,12.981,12.883,12.703,12.015,12.24,12.296,12.063,11.722,11.956,11.98,11.726,12.115,12.356,12.322,12.456,12.265,12.158,11.654,12.228,12.632,12.597,12.475,12.411,12.392,11.772,12.618,12.994,13.218,13.35,13.449,13.314,12.915,13.188,12.917,12.604,12.474,12.689,13.067,12.568,13.275,13.64,13.847,13.584,13.528,13.057,12.469,12.886,12.959,13.022,13.281,13.03,12.702,12.697,13.303,13.715,13.724,13.658,13.782,13.047,12.836,13.549,13.63,13.198,13.423,13.615,13.67,13.657,13.907,15.813,15.876,15.266,15.529,15.716,15.491,15.765,16.201,15.91,15.574,15.66,15.622,15.433,15.533,15.639,15.866,15.729,15.81,15.673,15.411,15.808,15.761,15.781,16.225,15.881,15.624,15.041,15.705,14.292,14.0,13.917,14.306,14.536,14.181,14.125,14.228,14.369,14.623,14.814,14.778,14.417,14.74,14.837,15.039,14.982,14.148,14.251,14.53,14.941,15.064,15.149,15.286,15.222,15.119,14.65,14.922,15.063,15.342,15.434,15.193,15.177,14.705,15.229,15.385,15.102,15.342,15.254,15.311,14.828,15.126,15.346,15.378,15.228,15.07,15.288,14.59,14.987,15.25,15.136,15.194,15.229,15.21,14.729,15.244,15.425,15.582,15.479,15.34,14.943,13.581,13.916,13.868,14.197,14.183,14.559,14.469,13.822,14.034,13.817,13.879,13.861,13.731,13.597,13.224,13.76,14.089,14.484,14.344,13.745,12.535,11.648,11.508,12.528,13.461,13.547,13.343,13.228,13.115,13.849,14.05,14.544,14.691,14.673,14.508,14.154,14.543,14.64,14.329,14.194,14.54,14.394,13.975,14.661,14.868,14.47,14.147,13.942,13.607,12.63,12.667,12.774,13.79,14.325,14.159,13.878,13.474,14.259,14.46,13.883,12.927,12.79,13.006,12.676,13.628,13.686,13.67,13.715,13.457,12.894,12.079,12.538,12.567,12.762,12.573,12.604,12.63,12.083,12.999,13.199,12.964,12.17,12.538,12.215,11.352,12.215,13.016,13.165,13.062,13.293,12.86,12.095,12.49,12.808,13.337,13.326,12.862,12.482,11.873,12.165,12.153,12.147,11.448,12.069,12.527,11.678,11.075,11.861,12.545,12.976,12.82,12.658,12.112,12.772,13.092,12.974,13.191,13.622,13.177,12.617,13.53,13.883,13.793,12.297,12.415,12.351,11.626,12.219,12.412,12.462,12.294,11.974,11.672,10.899,11.073,11.119,11.126,10.956,10.411,10.764,10.843,11.454,11.435,11.294,10.823,10.651,10.51,10.545,11.48,11.568,11.529,11.694,11.725,12.409,11.854,12.578,12.957,12.283,12.46,12.399,12.471,12.055,12.438,12.325,12.535,12.549,12.444,12.264,11.84,12.785,12.909,12.93,12.889,12.723,12.387,11.649,10.986,10.756,11.525,12.161,12.411,12.474,12.13,12.257,12.34,12.498,12.39,12.59,12.546,12.287,12.466,12.564,12.567,12.561,12.573,12.197,11.899,11.99,12.307,12.492,12.584,12.695,12.736,12.241,12.689,12.868,12.838,12.833,12.836,12.848,12.565,12.888,12.729,12.744,12.223,12.403,12.424,11.989,12.243,12.525,12.673,12.366,12.276,11.801,11.487,12.093,12.112,12.186,12.413,12.662,12.755,12.47,12.96,13.003,12.902,12.955,13.168,13.083,12.635,12.89,13.133,13.342,13.39,13.236,13.097,13.393,13.756,13.701,13.47,13.64,13.74,13.82,13.695,13.916,13.936,14.061,14.098,14.178,13.676,13.131,13.502,13.775,14.037,13.912,14.085,13.919,13.516,13.617,13.858,13.754,12.854,13.27,13.663,13.316,13.491,13.507,12.323,12.49,12.89,12.852,12.557,12.64,12.858,13.176,12.995,13.016,13.077,12.471,13.065,13.283,13.113,13.084,13.26,13.174,12.828,13.186,13.308,13.265,13.485,13.596,13.328,13.046,13.608,13.464,13.796,13.848,14.132,13.996,13.45,13.722,12.958,12.643,13.122,13.881,14.043,13.687,14.403,14.473,14.436,14.122,13.344,12.621,11.718,12.617,13.105,13.452,13.724,13.801,14.123,13.584,14.101,14.266,14.339,14.269,13.726,11.907,11.752,12.262,12.774,12.819,12.898,13.09,12.798,12.473,12.993,13.251,13.348,13.511,13.377,13.249,12.767,13.103,13.458,13.323,13.154,12.885,12.532,11.516,12.254,12.83,12.844,12.957,12.941,12.453,11.357,11.663,12.113,12.614,12.642,13.041,13.231,12.741,13.263,13.699,13.852,14.063,13.962,13.757,13.031,13.277,13.776,14.134,13.789,14.407,14.252,13.744,14.108,14.206,13.319,12.68,12.147,12.485,12.999,13.625,13.863,13.55,12.852,13.089,13.606,12.615,13.249,13.384,13.665,13.847,13.739,13.218,12.651,13.172,13.104,12.863,13.038,13.39,13.146,12.518,12.926,13.006,13.22,13.301,13.279,12.856,11.78,11.839,12.198,12.072,11.769,11.504,11.932,11.821,12.63,12.702,12.381,11.951,12.146,11.729,11.599,12.575,12.583,12.794,12.604,12.519,12.273,11.933,12.351,12.272,11.988,12.316,12.453,11.879,11.3,11.952,12.054,11.533,11.271,10.963,10.64,10.72,11.43,18.558,18.283,18.529,19.201,19.731,18.651,18.874,19.562,20.124,20.571,21.331,20.511,19.894,20.7,20.333,21.211,21.416,21.244,20.71,20.569,21.233,21.4,20.428,20.287,20.917,20.972,20.482,20.966,21.971,22.349,22.559,13.959,13.712,13.289,13.062,13.322,13.114,12.388,12.184,12.0,11.436,12.094,12.628,13.04,13.542,13.127,12.334,11.407,11.761,12.033,12.485,12.652,12.435,11.933,11.076,11.822,12.415,12.595,12.576,12.724,12.548,11.584,11.494,11.986,12.29,12.438,12.57,12.77,12.726,12.92,13.098,13.342,13.421,13.442,13.329,12.899,12.986,12.629,13.09,13.235,13.268,13.091,12.599,12.525,12.239,12.661,13.061,13.103,13.195,12.686,12.864,13.078,13.608,13.52,13.599,13.355,12.929,13.188,13.308,13.358,13.275,12.804,12.015,10.904,10.691,11.432,11.767,12.069,12.239,12.503,12.084,12.35,12.63,12.731,12.908,12.635,12.279,11.445,11.478,11.646,11.684,11.398,11.419,11.211,10.853,10.966,10.896,11.38,11.705,11.896,11.746,11.349,11.927,12.139,12.163,12.044,12.202,12.181,11.56,11.652,12.118,12.38,12.461,12.77,12.449,11.872,12.303,12.546,12.516,12.394,12.636,12.819,12.386,13.001,13.236,13.578,13.567,13.61,13.259,12.683,13.114,13.1,13.329,13.409,13.605,13.794,13.176,13.292,13.748,13.886,13.897,13.964,14.065,13.763,13.808,14.003,13.918,12.98,12.131,12.523,12.894,12.567,12.732,12.747,12.763,12.936,13.35,13.311,13.005,13.091,13.317,13.646,13.459,13.481,13.544,12.916,13.531,13.757,13.581,13.55,13.733,13.644,13.286,13.657,13.783,13.738,13.967,14.081,13.804,13.511,14.094,13.945,12.317,12.71,12.758,13.019,12.894,12.391,12.642,11.937,11.647,12.089,12.787,12.937,12.609,13.269,13.334,13.299,13.01,12.293,11.627,10.795,11.623,12.073,12.393,12.644,12.715,13.011,12.514,12.991,13.143,13.209,13.146,12.645,12.124,11.967,12.486,13.008,13.053,13.134,13.33,13.032,12.701,13.23,13.494,13.592,13.759,13.622,13.492,13.0,13.342,13.705,13.566,13.394,13.121,12.762,11.726,12.479,13.065,13.079,13.194,13.177,12.681,11.565,10.736,11.151,11.612,11.638,12.005,12.18,11.729,12.21,12.611,12.751,12.946,12.853,12.665,11.996,12.223,12.682,13.011,12.694,13.263,13.119,12.652,12.988,13.077,12.261,11.672,11.182,11.493,11.966,12.542,12.762,12.474,12.852,13.089,13.606,12.615,13.249,13.384,13.665,13.847,13.739,13.218,12.651,13.172,13.104,12.863,13.038,13.39,13.146,12.518,12.926,13.006,13.22,13.301,13.279,12.856,11.78,11.839,12.198,12.072,11.769,11.504,11.393,11.287,12.06,12.128,11.822,11.411,11.597,11.199,11.075,12.007,12.014,12.217,12.034,11.954,11.719,11.394,11.793,11.717,11.447,11.76,11.89,11.342,10.789,11.412,11.51,11.012,10.762,10.468,10.16,10.236,10.913,9.956,9.809,9.941,10.301,10.586,10.006,10.126,10.495,10.797,11.036,11.444,11.004,10.673,11.106,10.909,11.38,11.49,11.397,11.111,11.035,11.391,11.481,10.96,10.884,11.222,11.252,10.989,11.248,11.788,11.99,12.103,14.546,14.289,13.848,13.611,13.882,13.665,12.908,12.696,12.505,11.917,12.602,13.159,13.588,14.111,13.679,12.853,11.887,12.256,12.539,13.009,13.184,12.958,12.434,11.541,12.318,12.937,13.125,13.105,13.259,13.076,11.584,11.494,11.986,12.29,12.438,12.57,12.77,12.726,12.92,13.098,13.342,13.421,13.442,13.329,12.899,12.986,12.629,13.09,13.235,13.268,13.091,12.599,12.525,12.239,12.661,13.061,13.103,13.195,12.686,12.864,13.078,13.608,13.52,13.599,13.355,12.929,13.188,13.308,13.358,13.275,12.804,12.015,10.904,10.691,11.432,11.767,12.069,12.239,12.503,12.084,12.35,12.63,12.731,12.908,12.635,12.279,11.445,11.478,11.646,11.684,11.398,11.419,11.211,10.853,10.966,10.896,11.38,11.705,11.896,11.746,11.349,11.927,12.139,12.163,12.044,12.202,12.181,11.56,11.652,12.118,12.38,12.461,12.77,12.449,11.872,12.303,12.546,12.516,12.394,12.636,12.819,12.386
Guntur_105,11.382,11.46,11.676,11.705,11.27,11.335,11.581,11.597,11.365,11.238,11.443,11.447,11.587,11.381,11.05,10.99,11.503,11.452,10.989,11.456,11.54,11.282,11.409,11.685,11.811,11.272,11.634,11.805,11.894,11.974,11.876,10.714,10.2,10.526,10.799,10.801,10.791,10.912,10.537,10.305,10.482,10.53,10.639,11.016,10.998,11.106,10.641,10.902,11.125,11.079,10.838,10.462,10.551,10.273,10.618,10.807,10.925,10.793,10.73,10.608,9.977,10.26,10.374,10.211,10.05,10.111,10.249,9.948,9.873,9.156,9.513,10.092,10.154,10.088,9.7,10.038,10.358,10.314,11.432,11.265,10.866,10.691,10.502,10.929,11.317,11.442,11.396,11.337,10.984,10.697,10.673,10.761,10.999,11.075,11.004,10.577,11.11,11.163,11.106,11.178,11.262,11.053,10.79,11.404,11.195,11.115,10.791,10.712,10.608,10.252,10.893,10.95,10.68,10.85,10.963,10.857,10.646,11.039,11.05,11.07,10.879,9.857,9.88,9.737,10.021,9.983,10.106,10.374,10.362,10.298,9.889,9.731,9.814,9.777,9.698,9.753,9.64,9.67,9.053,9.479,9.763,9.462,9.333,9.578,9.728,9.3,9.521,9.683,9.961,9.933,9.707,9.481,8.032,8.134,8.112,8.333,8.27,8.321,8.164,8.679,8.835,8.949,8.839,8.863,8.605,8.31,8.73,8.722,8.859,8.98,8.796,8.739,8.401,8.882,9.112,8.998,8.996,8.69,8.504,8.247,8.636,9.067,0.0,0.0,0.0,0.0,0.0,0.0,0.0,0.0,0.0,0.0,0.0,0.0,0.0,0.0,0.0,0.0,0.0,0.0,0.0,0.0,0.0,0.0,0.0,0.0,0.0,0.0,0.0,0.0,0.0,0.0,0.0,0.0,0.0,0.0,0.0,0.0,0.0,0.0,0.0,0.0,0.0,0.0,0.0,0.0,0.0,0.0,0.0,0.0,0.0,0.0,0.0,0.0,0.0,0.0,0.0,0.0,0.0,0.0,0.0,0.0,0.0,0.0,9.152,9.184,9.187,9.365,9.438,8.943,9.04,9.291,9.707,9.57,9.445,9.143,8.865,8.963,9.114,9.243,9.068,9.001,9.244,8.837,8.996,8.873,8.716,8.993,9.037,8.635,8.349,8.993,9.184,9.108,8.721,8.665,8.921,8.643,8.805,9.068,9.37,9.5,9.503,9.222,8.714,8.804,8.941,8.557,8.706,8.803,9.0,8.767,8.973,8.982,8.948,8.777,8.556,8.545,8.109,8.272,8.699,8.87,9.069,9.239,9.166,8.676,8.979,9.075,9.045,8.953,9.155,9.022,8.659,8.837,8.806,8.744,8.897,8.735,7.951,7.725,7.782,8.293,8.532,8.677,8.742,8.673,8.527,8.943,8.907,8.662,8.162,8.18,8.34,8.488,8.785,9.866,10.011,9.907,10.004,9.942,9.513,9.703,9.87,9.693,9.849,9.934,9.744,9.483,9.751,10.015,10.024,10.118,10.258,10.085,9.943,10.211,10.463,10.595,10.437,10.422,10.584,10.183,10.487,10.599,10.542,10.543,10.163,9.867,9.524,9.784,9.862,9.9,9.767,9.884,9.692,9.656,10.049,10.104,10.068,9.95,9.969,10.169,10.046,10.152,10.491,10.699,10.883,10.827,10.66,10.286,10.379,10.023,10.287,10.416,10.613,10.592,10.28,10.053,10.177,10.258,10.07,10.107,10.032,9.752,9.858,10.087,10.278,10.325,10.331,10.283,10.039,10.201,10.201,10.165,10.074,9.961,9.964,9.797,10.179,10.346,10.499,10.534,10.603,10.554,10.386,10.805,10.86,10.824,10.784,11.026,10.963,10.536,10.783,10.989,11.106,10.993,10.614,10.422,10.416,10.806,10.885,11.05,11.212,11.179,11.06,10.71,10.824,10.554,10.806,10.979,10.827,10.882,10.473,9.874,10.037,10.505,10.619,10.891,10.977,10.742,11.028,11.024,11.034,11.291,11.182,11.156,10.755,11.102,11.173,10.76,10.806,10.896,10.63,10.557,10.766,10.967,10.618,10.408,10.3,10.463,10.253,10.639,10.799,10.753,10.798,10.735,10.084,9.895,9.955,10.003,9.81,9.922,10.133,10.06,9.844,10.036,9.792,9.472,9.198,9.509,9.439,8.735,8.782,8.58,8.6,8.538,8.657,8.956,9.14,9.348,9.199,9.027,9.062,9.407,9.63,9.082,9.534,8.49,9.141,9.318,9.347,9.124,8.701,8.966,8.822,8.796,8.607,8.322,8.301,7.898,8.61,8.652,8.873,8.931,8.995,8.614,8.177,8.858,9.193,9.698,9.316,9.276,9.02,9.238,9.928,10.263,10.043,9.881,9.54,9.568,9.685,10.236,10.428,10.353,10.156,10.006,10.188,9.506,9.403,9.301,9.177,9.335,9.781,9.869,8.953,8.274,8.283,8.112,8.354,8.796,8.609,8.474,8.75,8.672,8.165,8.324,8.281,8.156,0.0,0.0,0.0,0.0,0.0,0.0,0.0,0.0,0.0,0.0,0.0,0.0,0.0,0.0,0.0,0.0,0.0,0.0,0.0,0.0,0.0,0.0,0.0,0.0,0.0,0.0,0.0,0.0,0.0,0.0,0.0,0.0,0.0,0.0,0.0,0.0,0.0,0.0,0.0,0.0,0.0,0.0,0.0,0.0,0.0,0.0,0.0,0.0,0.0,0.0,0.0,0.0,0.0,0.0,0.0,0.0,0.0,0.0,0.0,0.0,0.0,9.526,9.182,8.958,9.37,9.574,9.764,9.768,9.865,9.722,9.415,9.862,9.965,9.982,9.841,9.534,9.656,9.15,8.933,9.324,9.413,9.353,9.296,9.418,8.848,9.207,9.285,9.263,9.195,9.314,9.22,9.072,9.868,9.868,9.758,9.014,8.731,9.338,9.155,9.65,9.91,10.259,9.978,10.192,10.117,9.951,10.084,10.068,10.183,10.272,10.012,10.018,9.589,10.141,10.296,10.357,10.264,10.186,10.044,9.5,9.678,9.722,9.961,9.679,9.872,9.893,9.682,10.004,10.203,10.175,10.285,10.128,10.039,9.623,10.097,10.431,10.401,10.301,10.248,10.232,9.72,10.419,10.729,10.915,11.024,11.105,10.994,10.665,10.89,10.666,10.408,10.3,10.478,9.747,9.375,9.902,10.174,10.329,10.132,10.091,9.74,9.301,9.612,9.666,9.713,9.907,9.719,9.475,9.471,9.923,10.231,10.237,10.188,10.28,9.732,9.575,10.106,10.167,9.845,10.012,10.156,10.197,10.187,10.373,11.749,11.795,11.343,11.538,11.676,11.509,11.713,12.037,11.821,11.571,11.635,11.607,11.466,11.54,11.62,11.788,11.687,11.747,11.645,11.45,11.745,11.71,11.725,12.055,11.8,11.609,11.175,11.669,11.1,10.873,10.809,11.11,11.289,11.013,10.97,11.05,11.159,11.357,11.505,11.478,11.197,11.448,11.523,11.68,11.636,10.988,11.068,11.284,11.604,11.699,11.765,11.872,11.822,11.742,11.378,11.589,11.699,11.915,11.987,11.751,11.738,11.373,11.778,11.899,11.68,11.866,11.798,11.842,11.468,11.699,11.869,11.893,11.777,11.655,11.824,11.284,11.591,11.795,11.706,11.752,11.778,11.764,11.391,11.79,11.93,12.051,11.972,11.864,11.557,10.399,10.655,10.619,10.871,10.86,11.148,11.079,10.583,10.746,10.58,10.627,10.614,10.514,10.412,10.125,10.536,10.788,11.09,10.983,10.525,9.598,8.919,8.812,9.593,10.307,10.373,10.217,10.129,10.042,10.604,10.758,10.45,10.556,10.543,10.424,10.17,10.45,10.519,10.296,10.199,10.447,10.343,10.042,10.535,10.683,10.397,10.166,10.018,9.777,9.075,9.102,9.178,9.909,10.293,10.174,9.972,9.682,10.246,10.39,9.976,9.288,9.19,9.346,9.108,9.792,9.834,9.823,9.855,9.669,9.265,8.679,9.009,9.03,9.17,9.034,9.056,9.075,8.682,9.34,9.484,9.315,8.745,9.009,8.777,8.157,8.777,9.352,9.459,9.386,9.552,9.241,8.691,10.381,10.646,11.085,11.076,10.69,10.374,9.869,10.111,10.101,10.096,9.515,10.031,10.412,9.706,9.205,9.858,10.427,10.785,10.656,10.521,10.067,10.615,10.882,10.784,10.964,11.322,10.952,10.487,11.246,11.539,11.464,11.498,11.608,11.548,10.87,11.425,11.605,11.652,11.495,11.196,10.913,10.191,10.353,10.397,10.403,10.244,9.734,10.065,10.138,10.71,10.691,10.56,10.12,9.959,9.827,9.86,10.734,10.817,10.78,10.934,10.963,10.919,10.431,11.068,11.402,10.808,10.964,10.911,10.974,10.608,10.945,10.846,11.031,11.042,10.95,10.792,10.419,11.25,11.359,11.378,11.341,11.196,10.9,10.25,9.667,9.465,10.142,10.701,10.921,10.977,10.674,10.786,10.651,10.788,10.694,10.867,10.829,10.605,10.76,10.844,10.847,10.842,10.853,10.528,10.27,10.349,10.622,10.782,10.862,10.958,10.993,10.566,10.952,11.106,11.081,11.076,11.079,11.09,10.845,11.124,10.987,11.0,10.463,10.617,10.635,10.262,10.48,10.721,10.849,10.585,10.508,10.102,9.833,10.352,10.368,10.431,10.625,10.839,10.918,10.675,11.094,11.131,11.044,11.09,11.272,11.199,10.816,11.034,11.242,11.421,11.462,11.33,11.211,10.101,10.375,10.333,10.159,10.287,10.363,10.423,10.329,10.495,10.51,10.605,10.632,10.693,10.314,9.904,10.183,10.389,10.587,10.493,10.623,10.498,10.194,10.27,10.452,10.373,9.695,10.008,10.305,10.043,10.175,10.187,10.491,10.633,10.973,10.941,10.69,10.761,10.947,11.217,11.063,11.081,11.133,10.617,11.123,11.308,11.164,11.138,11.289,11.215,10.921,11.226,11.33,11.293,11.481,11.574,11.347,11.106,11.585,11.462,11.395,11.438,11.672,11.56,11.109,11.334,10.702,10.442,10.838,11.464,11.599,11.305,11.896,11.954,11.923,11.664,11.021,10.424,9.678,10.421,10.824,11.11,11.335,11.399,11.665,11.219,11.646,11.783,11.843,11.785,11.337,10.234,10.101,10.539,10.979,11.017,11.086,11.251,11.0,10.72,11.167,11.389,11.472,11.613,11.498,11.387,10.973,11.261,11.567,11.451,11.305,11.075,10.771,9.898,10.532,11.027,11.039,11.137,11.122,10.703,9.762,9.162,9.515,9.909,9.931,10.245,10.394,10.009,10.419,10.762,10.881,11.047,10.968,10.807,10.237,10.43,10.822,11.103,10.832,11.318,11.195,10.797,11.083,11.16,10.463,9.961,9.542,9.808,10.211,10.703,10.89,10.645,10.07,10.256,10.661,9.884,10.381,10.487,10.707,10.85,10.765,10.357,9.913,10.321,10.268,10.079,10.216,10.491,10.301,9.809,10.128,10.191,10.359,10.422,10.405,10.073,9.23,9.276,9.558,9.459,9.222,9.014,12.183,12.07,12.896,12.97,12.642,12.203,12.402,11.976,11.843,12.84,12.848,13.064,12.869,12.783,12.532,12.184,12.611,12.53,12.241,12.576,12.715,12.129,11.538,12.204,12.308,11.776,11.509,11.194,10.865,10.946,11.671,11.179,11.013,11.161,11.566,11.886,11.235,11.369,11.784,12.122,12.391,12.849,12.355,11.983,12.469,12.248,12.777,12.9,12.797,12.475,12.39,12.79,12.891,12.306,12.22,12.6,12.633,12.338,12.629,13.235,13.462,13.589,12.39,12.171,11.795,11.594,11.825,11.64,10.995,10.814,10.651,10.15,10.734,11.208,11.574,12.019,11.651,10.947,10.125,10.439,10.68,11.081,11.23,11.037,10.591,9.831,10.493,11.019,11.179,11.162,11.294,11.138,9.813,9.737,10.153,10.41,10.536,10.648,10.817,10.78,10.945,11.096,11.301,11.369,11.387,11.291,10.926,11.0,10.697,11.089,11.211,11.239,11.089,10.673,10.61,10.367,10.725,11.064,11.099,11.177,10.746,10.897,11.078,12.084,12.006,12.076,11.859,11.481,11.711,11.818,11.862,11.789,11.371,10.67,9.683,9.494,10.152,10.449,10.717,10.868,11.103,10.731,10.967,11.216,11.306,11.462,11.221,10.904,10.163,10.193,10.342,10.376,10.122,9.688,9.512,9.209,9.304,9.245,9.655,9.931,10.093,9.966,9.629,10.12,10.3,10.32,10.219,10.353,10.335,9.808,9.886,10.282,10.504,10.573,10.834,10.562,10.073,10.439,10.645,10.619,10.516,10.721,10.876,10.509,10.551,10.741,11.019,11.01,11.045,10.76,10.292,10.642,10.631,10.817,10.882,11.041,11.194,10.692,10.787,11.157,11.269,11.278,11.332,11.414,11.169,11.206,11.364,11.294,10.534,9.845,10.163,10.464,10.199,10.332,10.345,9.625,9.755,10.067,10.038,9.807,9.872,10.043,10.291,10.15,10.166,10.214,9.74,10.204,10.374,10.242,10.219,10.357,10.289,10.019,10.299,10.394,10.36,10.533,10.619,10.41,10.189,10.628,10.516,9.289,10.647,10.687,10.906,10.801,10.38,10.59,10.0,9.757,10.126,10.712,10.837,10.562,11.115,11.169,11.14,10.898,10.298,9.74,9.043,9.737,10.113,10.381,10.591,10.651,10.899,10.483,10.882,11.01,11.065,11.012,10.592,11.005,10.862,11.333,11.807,11.848,11.922,12.099,11.829,11.528,12.009,12.248,12.337,12.488,12.364,12.246,11.8,12.111,12.439,12.314,12.158,11.91,11.584,10.644,11.327,11.859,11.871,11.976,11.961,11.511,10.498,8.226,8.543,8.897,8.917,9.198,9.332,8.987,9.355,9.662,9.77,9.919,9.847,9.703,9.191,9.365,9.717,9.969,9.726,10.162,10.052,9.694,9.951,10.02,9.394,8.943,8.567,8.806,9.168,9.61,9.778,9.557,10.07,10.256,10.661,9.884,10.381,10.487,10.707,10.85,10.765,10.357,9.913,10.321,10.268,10.079,10.216,10.491,10.301,9.809,10.128,10.191,10.359,10.422,10.405,10.073,9.23,9.276,9.558,9.459,9.222,9.014,8.729,8.648,9.24,9.293,9.057,8.743,8.885,8.581,8.485,9.2,9.205,9.36,9.221,9.159,8.979,8.73,9.036,8.978,8.77,9.01,9.11,8.69,8.267,8.744,8.819,8.437,8.246,8.02,7.784,7.842,8.362,9.48,9.34,9.465,9.809,10.08,9.528,9.642,9.993,10.28,10.508,10.897,10.478,10.163,10.574,10.387,10.836,10.94,10.852,10.58,10.508,10.847,10.932,10.436,10.363,10.685,10.714,10.463,10.71,11.224,11.417,11.524,12.133,11.919,11.551,11.354,11.58,11.399,10.767,10.59,10.431,9.94,10.512,10.976,11.334,11.771,11.41,10.721,9.915,10.223,10.459,10.852,10.997,10.809,10.372,9.627,10.275,10.791,10.948,10.931,11.06,10.907,9.813,9.737,10.153,10.41,10.536,10.648,10.817,10.78,10.945,11.096,11.301,11.369,11.387,11.291,10.926,11.0,10.697,11.089,11.211,11.239,11.089,10.673,10.61,10.367,10.725,11.064,11.099,11.177,10.746,10.897,11.078,12.084,12.006,12.076,11.859,11.481,11.711,11.818,11.862,11.789,11.371,10.67,9.683,9.494,10.152,10.449,10.717,10.868,11.103,10.731,10.967,11.216,11.306,11.462,11.221,10.904,10.163,10.193,10.342,10.376,10.122,9.688,9.512,9.209,9.304,9.245,9.655,9.931,10.093,9.966,9.629,10.12,10.3,10.32,10.219,10.353,10.335,9.808,9.886,10.282,10.504,10.573,10.834,10.562,10.073,10.439,10.645,10.619,10.516,10.721,10.876,10.509
Guntur_106,11.817,11.898,12.123,12.153,11.701,11.768,12.024,12.04,11.799,11.667,11.881,11.885,12.03,11.816,11.472,11.41,11.943,11.89,11.409,11.895,11.981,11.714,11.845,12.132,12.263,11.703,12.079,12.256,12.349,12.432,12.33,11.662,11.102,11.457,11.754,11.756,11.745,11.877,11.468,11.216,11.408,11.461,11.58,11.99,11.97,12.088,11.582,11.866,12.108,12.058,11.796,11.387,11.484,11.181,11.557,11.762,11.891,11.747,11.679,11.546,11.177,11.496,11.623,11.44,11.259,11.329,11.482,11.145,11.062,10.258,10.658,11.307,11.376,11.303,10.868,11.247,11.605,11.556,12.809,12.621,12.174,11.978,11.766,12.244,12.679,12.819,12.768,12.701,12.306,11.984,11.958,11.654,11.912,11.994,11.918,11.455,12.032,12.09,12.028,12.106,12.197,11.97,11.685,12.351,12.124,12.038,11.687,11.601,11.488,11.103,11.797,11.859,11.567,11.751,11.873,11.758,11.529,11.955,11.968,11.989,11.783,10.566,10.591,10.437,10.742,10.701,10.832,11.12,11.107,11.039,10.6,10.431,10.519,10.48,10.395,10.454,10.333,10.366,9.704,10.16,10.465,10.142,10.004,10.267,10.427,9.969,10.206,10.38,10.677,10.647,10.404,10.163,9.206,9.323,9.297,9.552,9.479,9.538,9.358,9.948,10.126,10.257,10.131,10.158,9.863,9.525,10.006,9.997,10.154,10.293,10.082,10.017,9.629,10.181,10.444,10.314,10.312,9.961,9.748,9.452,9.898,10.393,0.0,0.0,0.0,0.0,0.0,0.0,0.0,0.0,0.0,0.0,0.0,0.0,0.0,0.0,0.0,0.0,0.0,0.0,0.0,0.0,0.0,0.0,0.0,0.0,0.0,0.0,0.0,0.0,0.0,0.0,0.0,0.0,0.0,0.0,0.0,0.0,0.0,0.0,0.0,0.0,0.0,0.0,0.0,0.0,0.0,0.0,0.0,0.0,0.0,0.0,0.0,0.0,0.0,0.0,0.0,0.0,0.0,0.0,0.0,0.0,0.0,0.0,10.647,10.683,10.687,10.894,10.979,10.403,10.516,10.808,11.292,11.133,10.987,10.636,10.312,10.426,10.602,10.752,10.548,10.471,10.753,10.28,10.464,10.322,10.139,10.461,10.512,10.045,9.713,10.461,10.683,10.595,8.582,8.528,8.78,8.505,8.665,8.924,9.221,9.349,9.352,9.076,8.575,8.664,8.798,8.421,8.567,8.663,8.857,8.628,8.831,8.84,8.806,8.637,8.42,8.409,7.98,8.141,8.561,8.729,8.925,9.092,9.02,10.929,11.311,11.433,11.395,11.279,11.533,11.366,10.908,11.132,11.094,11.015,11.208,11.004,10.017,9.731,9.803,10.447,10.748,10.931,11.013,10.926,10.742,11.266,11.22,10.912,10.282,10.305,10.506,10.693,11.067,10.091,10.24,10.133,10.232,10.17,9.731,9.925,10.096,9.915,10.074,10.161,9.967,9.699,9.974,10.243,10.253,10.349,10.493,10.316,10.17,10.444,10.702,10.838,10.676,10.661,10.826,10.415,10.727,10.842,10.783,10.784,10.617,10.307,9.95,10.221,10.303,10.343,10.203,10.326,10.126,10.088,10.498,10.555,10.518,10.394,10.414,10.623,10.494,10.606,10.959,11.177,11.369,11.311,11.136,10.746,10.843,10.47,10.747,10.881,11.087,11.065,10.74,10.987,11.122,11.211,11.005,11.046,10.964,10.657,10.774,11.024,11.233,11.284,11.29,11.239,10.972,11.149,11.149,11.109,11.01,10.887,10.89,10.707,11.124,11.307,11.475,11.513,11.589,11.534,11.351,11.066,11.122,11.085,11.044,11.292,11.227,10.79,11.043,11.254,11.374,11.258,10.87,10.673,10.667,11.066,11.148,11.317,11.483,11.448,11.327,10.968,11.085,10.809,11.067,11.244,11.088,11.144,10.726,10.112,10.279,10.758,11.726,12.026,12.121,11.861,12.178,12.174,12.184,12.468,12.348,12.319,11.877,12.26,12.338,11.881,11.933,12.031,11.739,11.658,11.888,12.11,11.725,11.493,11.374,11.554,11.322,11.748,11.925,11.874,11.924,11.854,12.02,11.795,11.867,11.924,11.694,11.827,12.079,11.992,11.734,11.963,11.672,11.291,10.965,11.335,11.252,10.413,10.468,10.228,10.252,10.177,10.319,10.676,10.895,11.143,10.965,10.76,10.802,11.213,11.479,10.826,11.365,11.1,11.951,12.183,12.22,11.929,11.376,11.722,11.534,11.5,11.253,10.88,10.853,10.326,11.257,11.312,11.601,11.677,11.76,11.262,10.69,11.582,12.02,12.679,12.18,12.127,11.793,12.079,12.98,13.418,13.131,14.644,14.139,14.18,14.353,15.171,15.455,15.345,15.053,14.829,15.099,14.088,13.936,13.785,13.601,13.835,14.496,14.626,13.269,12.262,12.276,12.023,12.381,13.037,12.76,12.558,12.968,12.852,12.102,12.337,12.273,12.088,0.0,0.0,0.0,0.0,0.0,0.0,0.0,0.0,0.0,0.0,0.0,0.0,0.0,0.0,0.0,0.0,0.0,0.0,0.0,0.0,0.0,0.0,0.0,0.0,0.0,0.0,0.0,0.0,0.0,0.0,0.0,0.0,0.0,0.0,0.0,0.0,0.0,0.0,0.0,0.0,0.0,0.0,0.0,0.0,0.0,0.0,0.0,0.0,0.0,0.0,0.0,0.0,0.0,0.0,0.0,0.0,0.0,0.0,0.0,0.0,0.0,12.744,12.283,11.984,12.536,12.807,13.062,13.067,13.197,13.007,12.595,13.193,13.331,13.354,13.165,12.754,12.918,12.241,11.95,12.474,12.592,12.513,12.436,12.599,11.836,12.317,12.421,12.391,12.301,12.46,12.334,12.136,12.058,12.057,11.923,11.014,10.669,11.411,11.186,11.791,12.109,12.535,12.192,12.454,12.362,12.159,12.322,12.302,12.442,12.551,12.234,12.241,11.717,12.392,12.581,12.655,12.541,12.447,12.273,11.608,11.825,11.88,11.414,11.092,11.313,11.336,11.095,11.464,11.692,11.659,11.786,11.606,11.504,11.028,11.57,11.953,11.919,11.804,11.743,11.725,11.139,11.939,12.295,12.507,12.632,12.725,12.598,12.221,12.479,12.222,11.926,11.803,12.007,10.654,10.247,10.824,11.121,11.29,11.075,11.03,10.646,10.167,10.506,10.566,10.617,10.829,10.624,10.356,10.352,10.846,11.183,11.19,11.136,11.237,10.637,10.466,11.047,11.113,10.761,10.944,11.101,11.146,11.135,11.339,13.659,13.714,13.187,13.414,13.576,13.381,13.618,13.995,13.744,13.453,13.527,13.494,13.331,13.417,13.51,13.705,13.587,13.657,13.538,13.312,13.655,13.615,13.632,14.016,13.719,13.497,12.992,13.567,12.748,12.487,12.414,12.761,12.966,12.649,12.599,12.691,12.817,13.044,13.214,13.182,12.86,13.148,13.234,13.414,13.364,12.62,12.712,12.96,13.327,13.437,13.512,13.635,13.577,13.486,13.068,13.31,13.436,13.685,13.767,12.858,12.844,12.446,12.888,13.021,12.781,12.985,12.91,12.958,12.549,12.801,12.988,13.014,12.888,12.754,12.938,12.348,12.684,12.907,12.81,12.859,12.888,12.873,12.465,12.901,13.054,13.188,13.1,12.983,12.647,12.367,12.671,12.628,12.928,12.915,13.257,13.175,12.586,12.779,12.581,12.638,12.622,12.503,12.382,12.041,12.529,12.829,13.189,13.062,12.516,11.414,10.607,10.479,11.408,12.257,12.335,12.15,12.045,11.942,12.611,12.793,14.969,15.121,15.102,14.933,14.568,14.969,15.069,14.749,14.61,14.965,14.815,14.384,15.09,15.303,14.894,14.562,14.35,14.006,13.0,13.038,13.148,14.194,14.745,14.573,14.284,13.869,14.677,14.884,14.29,13.305,13.164,13.387,13.047,14.027,14.087,14.07,14.116,13.851,13.271,12.432,12.905,12.935,13.136,12.941,12.973,12.999,12.437,13.379,13.586,13.344,12.527,12.905,12.573,11.685,12.572,13.397,13.55,13.445,13.683,13.237,12.449,12.879,13.207,13.752,13.742,13.263,12.871,12.243,12.545,12.531,12.525,11.805,12.445,12.917,12.042,11.42,12.231,12.936,13.38,13.22,13.053,12.49,13.17,13.5,13.379,13.602,14.046,13.587,13.011,13.951,14.316,14.223,13.328,13.456,13.386,12.6,13.244,13.453,13.507,13.324,12.978,12.651,11.813,12.001,12.052,12.059,11.875,11.284,11.667,11.752,12.415,12.394,12.241,11.73,11.544,11.392,11.429,12.442,12.539,12.496,12.675,12.708,11.854,11.323,12.015,12.377,11.733,11.902,11.844,11.913,11.515,11.881,11.773,11.974,11.987,11.887,11.715,11.311,12.213,12.331,12.351,12.312,12.154,11.832,11.127,10.494,10.274,11.009,11.617,11.855,11.916,11.587,11.709,11.508,11.655,11.554,11.741,11.7,11.458,11.625,11.717,11.72,11.714,11.726,11.375,11.097,11.181,11.477,11.649,11.736,11.839,11.877,11.416,11.833,12.0,11.972,11.967,11.97,11.982,11.718,12.019,11.871,11.884,11.965,12.141,12.161,11.735,11.984,12.26,12.406,12.105,12.016,11.552,11.244,11.838,11.856,11.928,12.15,12.394,12.486,12.207,12.686,12.728,12.629,12.682,12.889,12.806,12.368,12.617,12.856,13.06,13.107,12.957,12.82,11.365,11.673,11.625,11.43,11.574,11.659,11.727,11.62,11.808,11.825,11.932,11.962,12.031,11.604,11.142,11.457,11.689,11.911,11.805,11.952,11.811,11.469,11.555,11.759,11.671,10.907,11.26,11.593,11.299,11.448,11.461,12.083,12.248,12.639,12.602,12.313,12.394,12.609,12.92,12.743,12.763,12.823,12.229,12.811,13.024,12.858,12.829,13.002,12.918,12.579,12.93,13.05,13.007,13.223,13.332,13.069,12.792,13.343,13.203,13.268,13.318,13.591,13.46,12.935,13.197,12.462,12.159,12.619,13.349,13.505,13.163,13.852,13.919,13.883,13.582,12.833,12.138,11.27,12.134,12.603,12.937,13.199,13.273,13.583,13.064,13.561,13.72,13.79,13.723,13.2,11.107,10.963,11.438,11.916,11.958,12.032,12.211,11.939,11.635,12.12,12.361,12.452,12.604,12.479,12.359,11.909,12.223,12.555,12.428,12.27,12.02,11.691,10.742,11.431,11.968,11.981,12.087,12.072,11.617,10.595,10.17,10.562,10.999,11.024,11.372,11.538,11.11,11.566,11.946,12.079,12.263,12.175,11.996,11.363,11.578,12.013,12.325,12.024,12.563,12.427,11.985,12.302,12.387,11.614,11.057,10.592,10.887,11.335,11.881,12.088,11.816,10.926,11.127,11.567,10.724,11.263,11.377,11.617,11.772,11.679,11.236,10.755,11.197,11.14,10.935,11.083,11.383,11.176,10.642,10.988,11.057,11.239,11.308,11.289,10.929,10.015,10.064,10.37,10.262,10.005,9.78,12.183,12.07,12.896,12.97,12.642,12.203,12.402,11.976,11.843,12.84,12.848,13.064,12.869,12.783,12.532,12.184,12.611,12.53,12.241,12.576,12.715,12.129,11.538,12.204,12.308,11.776,11.509,11.194,10.865,10.946,11.671,11.179,11.013,11.161,11.566,11.886,11.235,11.369,11.784,12.122,12.391,12.849,12.355,11.983,12.469,12.248,12.777,12.9,12.797,12.475,12.39,12.79,12.891,12.306,12.22,12.6,12.633,12.338,12.629,13.235,13.462,13.589,15.462,15.188,14.719,14.468,14.756,14.525,13.721,13.495,13.292,12.667,13.395,13.987,14.443,14.999,14.54,13.661,12.635,13.027,13.328,13.828,14.014,13.773,13.217,12.268,13.094,13.751,13.951,13.93,14.093,13.899,10.883,10.799,11.261,11.546,11.686,11.81,11.997,11.956,12.139,12.306,12.534,12.609,12.629,12.523,12.118,12.2,11.864,12.298,12.434,12.465,12.299,11.837,11.767,11.498,11.895,12.27,12.31,12.397,11.918,12.085,12.287,12.514,12.433,12.505,12.281,11.889,12.127,12.238,12.284,12.207,11.775,11.049,10.027,9.831,10.513,10.821,11.098,11.255,11.497,11.113,11.357,11.614,11.707,11.87,11.619,11.292,10.524,10.555,10.709,10.744,10.482,10.516,10.325,9.996,10.1,10.035,10.481,10.78,10.956,10.817,10.452,10.985,11.18,11.201,11.093,11.238,11.218,10.646,10.731,11.16,11.401,11.477,11.76,11.465,10.934,11.331,11.555,11.527,11.415,11.637,11.806,11.407,11.132,11.333,11.626,11.616,11.653,11.352,10.859,11.228,11.216,11.412,11.481,11.649,11.81,11.281,11.381,11.771,11.889,11.898,11.955,12.042,11.784,11.823,11.989,11.916,11.114,10.387,10.722,11.04,10.76,10.901,10.914,10.693,10.838,11.185,11.152,10.896,10.968,11.158,11.433,11.276,11.295,11.347,10.822,11.337,11.526,11.379,11.353,11.506,11.431,11.131,11.442,11.548,11.51,11.702,11.797,11.565,11.32,11.808,11.683,10.319,11.478,11.521,11.758,11.645,11.19,11.417,10.781,10.519,10.917,11.548,11.684,11.387,11.983,12.042,12.01,11.749,11.102,10.501,9.749,10.497,10.903,11.192,11.418,11.483,11.75,11.301,11.732,11.869,11.929,11.872,11.42,11.397,11.249,11.737,12.228,12.27,12.346,12.53,12.251,11.939,12.437,12.684,12.777,12.933,12.805,12.682,12.22,12.542,12.883,12.753,12.591,12.334,11.996,11.023,11.73,12.281,12.294,12.403,12.387,11.921,10.871,9.562,9.931,10.341,10.365,10.692,10.848,10.446,10.874,11.232,11.357,11.53,11.447,11.279,10.684,10.886,11.295,11.588,11.305,11.812,11.684,11.268,11.567,11.647,10.92,10.396,9.959,10.236,10.657,11.17,11.366,11.11,10.926,11.127,11.567,10.724,11.263,11.377,11.617,11.772,11.679,11.236,10.755,11.197,11.14,10.935,11.083,11.383,11.176,10.642,10.988,11.057,11.239,11.308,11.289,10.929,10.015,10.064,10.37,10.262,10.005,9.78,10.147,10.052,10.741,10.802,10.528,10.163,10.329,9.974,9.863,10.694,10.7,10.88,10.718,10.646,10.437,10.147,10.503,10.436,10.194,10.473,10.59,10.102,9.609,10.164,10.251,9.807,9.585,9.323,9.049,9.116,9.72,9.48,9.34,9.465,9.809,10.08,9.528,9.642,9.993,10.28,10.508,10.897,10.478,10.163,10.574,10.387,10.836,10.94,10.852,10.58,10.508,10.847,10.932,10.436,10.363,10.685,10.714,10.463,10.71,11.224,11.417,11.524,20.597,20.232,19.608,19.273,19.657,19.35,18.278,17.978,17.706,16.874,17.844,18.632,19.24,19.981,19.369,18.199,16.831,17.354,17.754,18.421,18.668,18.348,17.606,16.342,17.443,18.318,18.584,18.556,18.774,18.515,10.883,10.799,11.261,11.546,11.686,11.81,11.997,11.956,12.139,12.306,12.534,12.609,12.629,12.523,12.118,12.2,11.864,12.298,12.434,12.465,12.299,11.837,11.767,11.498,11.895,12.27,12.31,12.397,11.918,12.085,12.287,12.514,12.433,12.505,12.281,11.889,12.127,12.238,12.284,12.207,11.775,11.049,10.027,9.831,10.513,10.821,11.098,11.255,11.497,11.113,11.357,11.614,11.707,11.87,11.619,11.292,10.524,10.555,10.709,10.744,10.482,10.516,10.325,9.996,10.1,10.035,10.481,10.78,10.956,10.817,10.452,10.985,11.18,11.201,11.093,11.238,11.218,10.646,10.731,11.16,11.401,11.477,11.76,11.465,10.934,11.331,11.555,11.527,11.415,11.637,11.806,11.407
Guntur_107,11.609,11.688,11.909,11.938,11.495,11.561,11.812,11.828,11.592,11.462,11.671,11.676,11.818,11.608,11.27,11.209,11.732,11.68,11.208,11.685,11.77,11.507,11.636,11.918,12.047,11.497,11.867,12.04,12.132,12.213,12.113,10.303,9.808,10.122,10.384,10.385,10.376,10.492,10.132,9.909,10.079,10.125,10.23,10.592,10.575,10.679,10.232,10.483,10.697,10.653,10.421,10.06,10.145,9.878,10.21,10.391,10.505,10.378,10.317,10.2,9.872,10.153,10.265,10.104,9.944,10.005,10.141,9.844,9.77,9.06,9.413,9.986,10.047,9.982,9.598,9.933,10.249,10.206,11.312,11.147,10.752,10.579,10.392,10.814,11.198,11.322,11.277,11.218,10.869,10.584,10.561,11.023,11.267,11.345,11.272,10.835,11.38,11.435,11.377,11.451,11.537,11.322,11.053,11.682,11.468,11.386,11.054,10.973,10.866,10.501,11.158,11.217,10.941,11.114,11.23,11.122,10.905,11.308,11.32,11.34,11.145,10.64,10.664,10.509,10.816,10.775,10.908,11.197,11.184,11.115,10.674,10.503,10.592,10.553,10.467,10.527,10.404,10.438,9.771,10.231,10.538,10.213,10.074,10.338,10.5,10.038,10.277,10.452,10.751,10.721,10.477,10.234,9.412,9.531,9.505,9.765,9.69,9.75,9.567,10.169,10.352,10.486,10.357,10.385,10.082,9.738,10.229,10.22,10.38,10.523,10.306,10.24,9.844,10.408,10.677,10.544,10.541,10.183,9.965,9.663,10.119,10.625,0.0,0.0,0.0,0.0,0.0,0.0,0.0,0.0,0.0,0.0,0.0,0.0,0.0,0.0,0.0,0.0,0.0,0.0,0.0,0.0,0.0,0.0,0.0,0.0,0.0,0.0,0.0,0.0,0.0,0.0,0.0,0.0,0.0,0.0,0.0,0.0,0.0,0.0,0.0,0.0,0.0,0.0,0.0,0.0,0.0,0.0,0.0,0.0,0.0,0.0,0.0,0.0,0.0,0.0,0.0,0.0,0.0,0.0,0.0,0.0,0.0,0.0,10.749,10.786,10.791,10.999,11.085,10.503,10.617,10.912,11.401,11.24,11.093,10.738,10.411,10.527,10.704,10.856,10.65,10.572,10.857,10.379,10.565,10.422,10.237,10.562,10.614,10.141,9.806,10.562,10.786,10.697,7.699,7.65,7.876,7.63,7.773,8.006,8.272,8.387,8.39,8.142,7.693,7.772,7.893,7.555,7.686,7.772,7.946,7.74,7.922,7.93,7.899,7.748,7.554,7.543,7.159,7.303,7.68,7.83,8.006,8.156,8.092,10.732,11.106,11.226,11.188,11.075,11.324,11.16,10.711,10.931,10.893,10.816,11.005,10.805,9.835,9.555,9.626,10.258,10.553,10.733,10.814,10.728,10.548,11.062,11.017,10.715,10.096,10.118,10.316,10.499,10.867,10.027,10.174,10.069,10.167,10.105,9.669,9.861,10.031,9.851,10.01,10.096,9.903,9.637,9.91,10.178,10.188,10.283,10.426,10.25,10.106,10.377,10.634,10.768,10.608,10.592,10.757,10.349,10.658,10.772,10.714,10.715,10.591,10.283,9.926,10.197,10.278,10.318,10.178,10.301,10.101,10.063,10.472,10.53,10.492,10.369,10.389,10.597,10.469,10.58,10.933,11.15,11.342,11.283,11.109,10.72,10.817,10.445,10.721,10.855,11.06,11.038,10.714,11.512,11.654,11.747,11.532,11.574,11.489,11.167,11.289,11.551,11.77,11.824,11.83,11.776,11.497,11.682,11.682,11.641,11.536,11.407,11.41,11.219,11.656,11.847,12.023,12.063,12.143,12.086,11.894,11.312,11.37,11.332,11.29,11.543,11.477,11.03,11.289,11.505,11.627,11.508,11.112,10.91,10.905,11.312,11.396,11.569,11.738,11.703,11.579,11.212,11.331,11.049,11.313,11.494,11.335,11.392,10.964,10.336,10.507,10.997,11.809,12.111,12.207,11.945,12.264,12.26,12.27,12.556,12.435,12.406,11.96,12.346,12.425,11.965,12.017,12.116,11.822,11.74,11.972,12.196,11.807,11.574,11.455,11.635,11.402,11.831,12.009,11.958,12.008,11.938,12.382,12.151,12.224,12.283,12.046,12.184,12.443,12.354,12.088,12.324,12.024,11.632,11.295,11.677,11.591,10.726,10.783,10.536,10.561,10.484,10.63,10.998,11.224,11.479,11.296,11.084,11.127,11.551,11.825,11.153,11.708,10.569,11.379,11.601,11.636,11.359,10.832,11.162,10.982,10.95,10.714,10.36,10.334,9.832,10.719,10.771,11.046,11.119,11.198,10.723,10.179,11.028,11.445,12.073,11.598,11.547,11.229,11.501,12.359,12.776,12.503,14.644,14.139,14.18,14.353,15.171,15.455,15.345,15.053,14.829,15.099,14.088,13.936,13.785,13.601,13.835,14.496,14.626,13.269,12.262,12.276,12.023,12.381,13.037,12.76,12.558,12.968,12.852,12.102,12.337,12.273,12.088,20.168,22.024,22.635,23.006,23.801,24.137,24.924,24.772,25.253,25.293,25.338,25.695,25.912,25.267,24.623,23.151,26.38,25.942,25.258,25.072,24.589,23.537,24.542,24.711,24.827,25.037,25.378,25.152,24.242,24.654,24.495,0.0,0.0,0.0,0.0,0.0,0.0,0.0,0.0,0.0,0.0,0.0,0.0,0.0,0.0,0.0,0.0,0.0,0.0,0.0,0.0,0.0,0.0,0.0,0.0,0.0,0.0,0.0,0.0,0.0,0.0,12.394,11.946,11.656,12.192,12.456,12.703,12.709,12.835,12.65,12.25,12.831,12.965,12.987,12.804,12.405,12.564,11.905,11.623,12.132,12.247,12.17,12.095,12.253,11.512,11.98,12.081,12.052,11.963,12.118,11.996,11.803,10.977,10.976,10.854,10.027,9.712,10.388,10.183,10.734,11.024,11.411,11.099,11.337,11.253,11.069,11.218,11.199,11.327,11.426,11.137,11.143,10.667,11.281,11.453,11.52,11.417,11.331,11.173,10.567,10.765,10.815,11.113,10.799,11.014,11.037,10.802,11.161,11.383,11.352,11.475,11.3,11.2,10.737,11.265,11.638,11.605,11.492,11.434,11.416,10.845,11.624,11.971,12.177,12.299,12.39,12.266,11.898,12.15,11.9,11.612,11.492,11.69,11.371,10.937,11.553,11.87,12.05,11.821,11.772,11.363,10.851,11.213,11.277,11.332,11.558,11.339,11.054,11.049,11.577,11.936,11.943,11.886,11.993,11.354,11.17,11.791,11.861,11.485,11.681,11.848,11.896,11.884,12.102,12.021,12.069,11.605,11.805,11.947,11.776,11.984,12.316,12.095,11.839,11.905,11.875,11.732,11.808,11.889,12.061,11.957,12.019,11.914,11.715,12.017,11.982,11.997,12.334,12.073,11.878,11.434,11.939,12.364,12.111,12.04,12.376,12.575,12.268,12.22,12.309,12.431,12.651,12.816,12.785,12.472,12.752,12.835,13.01,12.961,12.24,12.328,12.57,12.926,13.032,13.105,13.224,13.168,13.079,12.674,12.909,13.031,13.272,13.352,11.895,11.882,11.514,11.923,12.046,11.824,12.012,11.943,11.988,11.61,11.843,12.015,12.04,11.923,11.799,11.97,11.423,11.734,11.94,11.851,11.896,11.923,11.909,11.532,11.935,12.077,12.2,12.119,12.011,11.7,11.552,11.837,11.796,12.076,12.064,12.384,12.307,11.757,11.937,11.753,11.806,11.79,11.679,11.566,11.248,11.704,11.984,12.32,12.201,11.691,10.662,9.908,9.789,10.656,11.45,11.523,11.35,11.251,11.155,11.78,11.951,14.969,15.121,15.102,14.933,14.568,14.969,15.069,14.749,14.61,14.965,14.815,14.384,15.09,15.303,14.894,14.562,14.35,14.006,13.0,13.038,13.148,14.194,14.745,14.573,14.284,13.869,14.677,14.884,14.29,13.305,13.164,13.387,13.047,14.027,14.087,14.07,14.116,13.851,13.271,12.432,12.905,12.935,13.136,12.941,12.973,12.999,12.437,13.379,13.586,13.344,12.527,12.905,12.573,11.685,12.572,13.397,13.55,13.445,13.683,13.237,12.449,12.879,13.207,13.752,13.742,13.263,12.871,12.243,12.545,12.531,12.525,11.805,12.445,12.917,12.042,11.42,12.231,12.936,13.38,13.22,13.053,12.49,13.17,13.5,13.379,13.602,14.046,13.587,13.011,13.951,14.316,14.223,12.742,12.863,12.797,12.046,12.661,12.861,12.913,12.738,12.407,12.094,11.294,11.473,11.521,11.528,11.352,10.787,11.154,11.235,11.868,11.848,11.702,11.214,11.036,10.89,10.926,11.895,11.987,11.946,12.117,12.149,9.966,9.52,10.102,10.406,9.865,10.007,9.959,10.016,9.682,9.99,9.899,10.068,10.078,9.994,9.85,9.51,10.268,10.368,10.385,10.351,10.219,9.948,9.356,8.823,8.639,9.257,9.767,9.968,10.019,9.743,9.845,10.528,10.663,10.57,10.741,10.704,10.482,10.635,10.719,10.722,10.716,10.727,10.406,10.152,10.229,10.5,10.657,10.736,10.831,10.865,10.443,10.826,10.978,10.953,10.948,10.951,10.961,10.72,10.995,10.86,10.872,11.012,11.174,11.193,10.801,11.03,11.284,11.418,11.141,11.059,10.632,10.349,10.895,10.912,10.979,11.183,11.407,11.491,11.235,11.676,11.715,11.624,11.672,11.863,11.787,11.383,11.613,11.832,12.02,12.063,11.925,11.799,11.721,12.038,11.99,11.788,11.936,12.024,12.094,11.984,12.178,12.195,12.305,12.337,12.408,11.968,11.491,11.815,12.055,12.284,12.175,12.326,12.181,11.828,11.917,12.127,12.036,11.249,11.612,11.956,11.653,11.806,11.82,11.532,11.689,12.063,12.027,11.751,11.829,12.033,12.33,12.161,12.181,12.238,11.671,12.227,12.43,12.272,12.244,12.409,12.328,12.005,12.34,12.455,12.414,12.62,12.723,12.473,12.209,12.735,12.6,12.712,12.759,13.021,12.896,12.393,12.644,11.939,11.649,12.09,12.789,12.939,12.611,13.271,13.336,13.301,13.012,12.295,11.629,10.797,11.625,12.075,12.394,12.645,12.716,13.013,12.516,12.992,13.145,13.211,13.148,12.647,11.678,11.526,12.026,12.529,12.573,12.651,12.839,12.553,12.234,12.744,12.997,13.092,13.252,13.121,12.995,12.522,12.851,13.2,13.067,12.901,12.638,12.292,11.295,12.019,12.584,12.597,12.709,12.692,12.214,11.14,10.432,10.834,11.282,11.307,11.664,11.835,11.396,11.863,12.253,12.389,12.578,12.488,12.305,11.655,11.875,12.322,12.642,12.333,12.886,12.747,12.293,12.619,12.706,11.913,11.341,10.864,11.167,11.626,12.186,12.399,12.12,11.795,12.012,12.487,11.577,12.159,12.282,12.541,12.708,12.608,12.13,11.61,12.088,12.026,11.805,11.965,12.288,12.064,11.488,11.862,11.936,12.132,12.207,12.187,11.798,10.811,10.865,11.194,11.079,10.801,10.558,13.485,13.36,14.275,14.356,13.993,13.507,13.727,13.256,13.109,14.212,14.221,14.46,14.245,14.149,13.871,13.486,13.959,13.869,13.549,13.92,14.074,13.425,12.771,13.508,13.624,13.034,12.739,12.39,12.026,12.116,12.918,13.893,13.687,13.871,14.375,14.772,13.963,14.13,14.645,15.066,15.4,15.969,15.355,14.893,15.497,15.222,15.88,16.033,15.904,15.504,15.399,15.896,16.021,15.293,15.187,15.659,15.701,15.334,15.696,16.449,16.731,16.888,15.016,14.75,14.295,14.051,14.33,14.106,13.325,13.106,12.908,12.301,13.009,13.583,14.027,14.567,14.12,13.268,12.27,12.652,12.943,13.43,13.61,13.376,12.836,11.914,12.716,13.355,13.549,13.528,13.687,13.498,10.902,10.818,11.281,11.566,11.706,11.83,12.018,11.977,12.16,12.328,12.556,12.631,12.651,12.545,12.14,12.221,11.885,12.32,12.456,12.487,12.321,11.858,11.788,11.519,11.916,12.292,12.331,12.418,11.939,12.106,12.308,12.86,12.777,12.851,12.621,12.218,12.463,12.577,12.624,12.545,12.101,11.355,10.304,10.103,10.804,11.12,11.405,11.566,11.815,11.42,11.671,11.935,12.031,12.198,11.941,11.604,10.816,10.847,11.006,11.042,10.772,10.695,10.5,10.165,10.271,10.206,10.658,10.963,11.142,11.001,10.629,11.171,11.37,11.392,11.281,11.428,11.409,10.827,10.913,11.35,11.595,11.671,11.96,11.66,11.12,11.523,11.751,11.723,11.609,11.835,12.006,11.601,11.764,11.977,12.287,12.276,12.316,11.997,11.476,11.866,11.854,12.061,12.134,12.311,12.482,11.922,12.028,12.44,12.565,12.575,12.635,12.727,12.454,12.495,12.671,12.594,11.746,10.977,11.332,11.668,11.372,11.521,11.535,10.847,10.994,11.346,11.313,11.053,11.126,11.318,11.598,11.439,11.457,11.511,10.978,11.5,11.692,11.543,11.517,11.672,11.596,11.292,11.607,11.715,11.676,11.87,11.967,11.732,11.483,11.978,11.852,10.468,11.91,11.954,12.199,12.082,11.611,11.846,11.186,10.914,11.327,11.982,12.123,11.815,12.433,12.494,12.462,12.191,11.519,10.895,10.116,10.891,11.313,11.612,11.848,11.914,12.192,11.726,12.173,12.315,12.378,12.318,11.849,10.59,10.453,10.906,11.362,11.402,11.472,11.643,11.383,11.094,11.557,11.786,11.872,12.018,11.898,11.785,11.355,11.654,11.971,11.85,11.699,11.461,11.147,10.243,10.9,11.412,11.424,11.525,11.51,11.077,10.102,9.971,10.356,10.784,10.808,11.15,11.313,10.894,11.34,11.713,11.843,12.023,11.937,11.762,11.141,11.352,11.778,12.084,11.789,12.318,12.185,11.751,12.062,12.146,11.387,10.841,10.385,10.675,11.113,11.649,11.852,11.585,11.795,12.012,12.487,11.577,12.159,12.282,12.541,12.708,12.608,12.13,11.61,12.088,12.026,11.805,11.965,12.288,12.064,11.488,11.862,11.936,12.132,12.207,12.187,11.798,10.811,10.865,11.194,11.079,10.801,10.558,10.581,10.483,11.201,11.264,10.979,10.598,10.771,10.401,10.286,11.152,11.158,11.346,11.177,11.102,10.884,10.582,10.953,10.883,10.631,10.922,11.043,10.534,10.021,10.599,10.69,10.227,9.996,9.722,9.436,9.506,10.136,11.501,11.331,11.483,11.9,12.228,11.559,11.697,12.124,12.472,12.748,13.219,12.711,12.329,12.829,12.601,13.146,13.272,13.166,12.835,12.747,13.159,13.263,12.66,12.572,12.963,12.997,12.694,12.993,13.617,13.85,13.981,20.086,19.731,19.122,18.796,19.17,18.87,17.825,17.532,17.267,16.455,17.402,18.17,18.763,19.485,18.889,17.748,16.414,16.924,17.314,17.964,18.205,17.893,17.17,15.937,17.01,17.864,18.124,18.096,18.309,18.056,10.902,10.818,11.281,11.566,11.706,11.83,12.018,11.977,12.16,12.328,12.556,12.631,12.651,12.545,12.14,12.221,11.885,12.32,12.456,12.487,12.321,11.858,11.788,11.519,11.916,12.292,12.331,12.418,11.939,12.106,12.308,12.86,12.777,12.851,12.621,12.218,12.463,12.577,12.624,12.545,12.101,11.355,10.304,10.103,10.804,11.12,11.405,11.566,11.815,11.42,11.671,11.935,12.031,12.198,11.941,11.604,10.816,10.847,11.006,11.042,10.772,10.695,10.5,10.165,10.271,10.206,10.658,10.963,11.142,11.001,10.629,11.171,11.37,11.392,11.281,11.428,11.409,10.827,10.913,11.35,11.595,11.671,11.96,11.66,11.12,11.523,11.751,11.723,11.609,11.835,12.006,11.601
Guntur_108,8.486,8.544,8.705,8.727,8.403,8.451,8.635,8.646,8.473,8.378,8.532,8.535,8.639,8.485,8.238,8.194,8.576,8.538,8.193,8.542,8.604,8.412,8.506,8.712,8.806,8.404,8.674,8.801,8.868,8.928,8.854,8.155,7.764,8.012,8.219,8.221,8.213,8.305,8.02,7.843,7.978,8.015,8.098,8.384,8.371,8.453,8.099,8.298,8.467,8.432,8.249,7.963,8.03,7.819,8.082,8.225,8.315,8.215,8.167,8.074,8.499,8.74,8.837,8.698,8.561,8.613,8.73,8.474,8.411,7.8,8.104,8.597,8.649,8.594,8.263,8.551,8.823,8.786,9.739,9.596,9.256,9.108,8.946,9.31,9.64,9.747,9.708,9.657,9.357,9.112,9.092,8.966,9.164,9.228,9.169,8.813,9.257,9.301,9.254,9.314,9.384,9.209,8.99,9.502,9.328,9.261,8.991,8.925,8.838,8.542,9.076,9.124,8.899,9.04,9.134,9.046,8.87,9.197,9.207,9.224,9.065,7.666,7.684,7.572,7.793,7.764,7.859,8.068,8.058,8.009,7.691,7.568,7.632,7.603,7.542,7.585,7.497,7.521,7.04,7.372,7.593,7.358,7.258,7.449,7.565,7.233,7.405,7.531,7.746,7.725,7.549,7.374,6.248,6.327,6.31,6.482,6.433,6.473,6.351,6.751,6.872,6.961,6.875,6.894,6.693,6.464,6.79,6.784,6.891,6.985,6.842,6.798,6.535,6.909,7.088,6.999,6.998,6.76,6.615,6.415,6.717,7.053,0.0,0.0,0.0,0.0,0.0,0.0,0.0,0.0,0.0,0.0,0.0,0.0,0.0,0.0,0.0,0.0,0.0,0.0,0.0,0.0,0.0,0.0,0.0,0.0,0.0,0.0,0.0,0.0,0.0,0.0,0.0,0.0,0.0,0.0,0.0,0.0,0.0,0.0,0.0,0.0,0.0,0.0,0.0,0.0,0.0,0.0,0.0,0.0,0.0,0.0,0.0,0.0,0.0,0.0,0.0,0.0,0.0,0.0,0.0,0.0,0.0,0.0,7.882,7.909,7.912,8.065,8.128,7.702,7.785,8.002,8.36,8.242,8.134,7.874,7.634,7.719,7.849,7.96,7.809,7.752,7.961,7.611,7.747,7.642,7.507,7.745,7.783,7.436,7.191,7.745,7.909,7.844,6.443,6.402,6.591,6.386,6.505,6.7,6.923,7.019,7.021,6.814,6.438,6.505,6.606,6.322,6.432,6.504,6.65,6.478,6.63,6.636,6.611,6.485,6.322,6.313,5.991,6.112,6.427,6.553,6.701,6.826,6.772,8.376,8.668,8.761,8.732,8.644,8.839,8.71,8.36,8.531,8.502,8.441,8.59,8.433,7.676,7.458,7.513,8.006,8.237,8.377,8.44,8.373,8.232,8.634,8.599,8.363,7.88,7.897,8.052,8.194,8.481,8.535,8.66,8.57,8.654,8.601,8.23,8.394,8.538,8.385,8.52,8.594,8.429,8.203,8.436,8.663,8.672,8.753,8.874,8.725,8.602,8.833,9.051,9.166,9.029,9.016,9.156,8.809,9.072,9.169,9.12,9.12,8.64,8.389,8.097,8.319,8.385,8.417,8.304,8.404,8.241,8.21,8.544,8.59,8.56,8.46,8.475,8.646,8.541,8.632,8.919,9.097,9.253,9.205,9.063,8.746,8.825,8.521,8.746,8.856,9.023,9.005,8.741,9.378,9.494,9.57,9.394,9.429,9.359,9.097,9.197,9.41,9.589,9.632,9.637,9.593,9.366,9.516,9.517,9.483,9.398,9.293,9.295,9.14,9.496,9.651,9.795,9.827,9.892,9.845,9.689,9.372,9.42,9.389,9.354,9.564,9.509,9.139,9.353,9.532,9.633,9.535,9.207,9.039,9.035,9.373,9.442,9.585,9.725,9.696,9.593,9.29,9.388,9.154,9.373,9.523,9.391,9.439,9.084,8.564,8.706,9.111,9.097,9.331,9.404,9.203,9.448,9.445,9.453,9.673,9.58,9.558,9.214,9.512,9.573,9.218,9.258,9.335,9.107,9.045,9.224,9.396,9.097,8.917,8.825,8.964,8.784,9.115,9.252,9.213,9.251,9.197,8.253,8.098,8.147,8.187,8.029,8.12,8.293,8.234,8.057,8.214,8.014,7.752,7.528,7.783,7.725,7.149,7.187,7.022,7.039,6.988,7.085,7.33,7.481,7.65,7.529,7.388,7.416,7.699,7.882,7.433,7.803,7.624,8.208,8.368,8.393,8.193,7.813,8.051,7.922,7.898,7.728,7.472,7.454,7.092,7.732,7.769,7.967,8.02,8.077,7.735,7.342,7.954,8.255,8.708,8.366,8.329,8.1,8.296,8.915,9.216,9.018,8.188,7.905,7.928,8.025,8.483,8.641,8.579,8.416,8.291,8.442,7.877,7.792,7.708,7.604,7.735,8.105,8.178,7.419,6.856,6.864,6.722,6.922,7.289,7.134,7.022,7.25,7.186,6.766,6.898,6.862,6.758,11.323,12.365,12.708,12.916,13.363,13.551,13.993,13.908,14.178,14.2,14.225,14.426,14.548,14.186,13.824,12.998,14.811,14.564,14.18,14.076,13.805,13.214,13.779,13.873,13.938,14.056,14.248,14.121,13.61,13.841,13.752,0.0,0.0,0.0,0.0,0.0,0.0,0.0,0.0,0.0,0.0,0.0,0.0,0.0,0.0,0.0,0.0,0.0,0.0,0.0,0.0,0.0,0.0,0.0,0.0,0.0,0.0,0.0,0.0,0.0,0.0,8.05,7.759,7.57,7.919,8.09,8.251,8.255,8.336,8.216,7.956,8.334,8.421,8.435,8.316,8.057,8.16,7.732,7.549,7.88,7.954,7.904,7.856,7.959,7.477,7.781,7.847,7.828,7.77,7.871,7.792,7.666,8.087,8.087,7.997,7.387,7.155,7.653,7.502,7.908,8.122,8.407,8.177,8.353,8.291,8.155,8.264,8.251,8.345,8.418,8.205,8.21,7.859,8.311,8.438,8.488,8.411,8.348,8.231,7.785,7.931,7.968,9.281,9.018,9.198,9.217,9.021,9.321,9.506,9.48,9.583,9.437,9.354,8.967,9.408,9.719,9.691,9.598,9.548,9.534,9.057,9.708,9.997,10.17,10.271,10.347,10.243,9.937,10.147,9.938,9.697,9.597,9.763,8.36,8.04,8.493,8.726,8.859,8.69,8.654,8.353,7.977,8.243,8.29,8.331,8.497,8.336,8.126,8.123,8.51,8.774,8.78,8.738,8.817,8.347,8.212,8.668,8.72,8.443,8.587,8.71,8.745,8.737,8.897,9.501,9.538,9.172,9.33,9.442,9.307,9.472,9.734,9.559,9.357,9.409,9.386,9.272,9.332,9.397,9.532,9.451,9.499,9.417,9.259,9.498,9.47,9.482,9.748,9.542,9.388,9.037,9.436,9.43,9.237,9.183,9.439,9.591,9.357,9.32,9.388,9.481,9.649,9.775,9.751,9.513,9.726,9.79,9.923,9.886,9.335,9.403,9.587,9.859,9.94,9.995,10.086,10.044,9.976,9.667,9.846,9.939,10.123,10.184,10.566,10.555,10.227,10.591,10.7,10.503,10.67,10.608,10.648,10.312,10.519,10.673,10.694,10.59,10.481,10.632,10.147,10.423,10.606,10.526,10.567,10.591,10.578,10.243,10.601,10.727,10.837,10.765,10.668,10.392,9.238,9.466,9.434,9.658,9.648,9.904,9.843,9.402,9.546,9.399,9.441,9.429,9.34,9.25,8.995,9.36,9.584,9.852,9.758,9.35,8.527,7.924,7.828,8.522,9.157,9.215,9.077,8.998,8.921,9.421,9.557,10.356,10.46,10.447,10.33,10.078,10.355,10.424,10.203,10.107,10.353,10.249,9.951,10.439,10.586,10.303,10.074,9.927,9.689,8.993,9.019,9.095,9.819,10.2,10.081,9.882,9.594,10.153,10.296,9.885,9.204,9.107,9.261,9.026,9.703,9.745,9.734,9.766,9.582,9.181,8.601,8.927,8.948,9.087,8.952,8.974,8.993,8.603,9.255,9.398,9.231,8.666,8.927,8.697,8.083,8.697,9.268,9.374,9.301,9.465,9.157,8.612,8.69,8.911,9.279,9.272,8.949,8.684,8.261,8.464,8.455,8.451,7.965,8.397,8.716,8.125,7.705,8.252,8.728,9.028,8.92,8.807,8.427,8.886,9.109,9.027,9.178,9.477,9.168,8.779,9.413,9.659,9.597,9.558,9.649,9.6,9.036,9.497,9.647,9.686,9.555,9.307,9.072,8.472,8.606,8.643,8.647,8.515,8.092,8.367,8.428,8.903,8.888,8.778,8.412,8.278,8.169,8.196,8.923,8.992,8.961,9.09,9.113,9.177,8.767,9.303,9.583,9.084,9.215,9.17,9.223,8.916,9.199,9.115,9.271,9.281,9.203,9.07,8.757,9.455,9.547,9.563,9.532,9.41,9.161,8.615,8.125,7.955,8.524,8.994,9.179,9.226,8.971,9.065,8.223,8.328,8.256,8.389,8.36,8.187,8.307,8.372,8.374,8.37,8.378,8.127,7.929,7.989,8.2,8.324,8.385,8.459,8.486,8.157,8.455,8.574,8.554,8.551,8.553,8.561,8.373,8.587,8.482,8.492,8.515,8.64,8.655,8.351,8.529,8.725,8.828,8.614,8.551,8.221,8.002,8.424,8.438,8.489,8.647,8.82,8.885,8.687,9.028,9.058,8.988,9.025,9.173,9.114,8.802,8.979,9.149,9.294,9.328,9.221,9.123,10.143,10.418,10.376,10.201,10.329,10.405,10.466,10.371,10.538,10.554,10.649,10.676,10.737,10.357,9.944,10.225,10.432,10.63,10.536,10.667,10.541,10.235,10.312,10.495,10.416,9.735,10.049,10.347,10.084,10.217,10.229,8.614,8.731,9.011,8.984,8.778,8.836,8.989,9.21,9.084,9.099,9.141,8.718,9.133,9.285,9.167,9.146,9.269,9.209,8.967,9.218,9.303,9.273,9.427,9.504,9.317,9.12,9.513,9.412,11.169,11.211,11.441,11.331,10.889,11.109,10.491,10.236,10.623,11.238,11.369,11.081,11.661,11.718,11.687,11.433,10.803,10.218,9.487,10.215,10.61,10.891,11.111,11.174,11.434,10.997,11.416,11.55,11.608,11.552,11.112,10.113,9.981,10.414,10.849,10.887,10.955,11.118,10.87,10.593,11.035,11.255,11.337,11.476,11.362,11.253,10.843,11.128,11.431,11.315,11.172,10.944,10.644,9.781,10.408,10.897,10.908,11.005,10.991,10.577,9.646,9.545,9.913,10.323,10.346,10.673,10.828,10.427,10.855,11.211,11.336,11.509,11.426,11.259,10.665,10.866,11.274,11.567,11.285,11.791,11.663,11.248,11.546,11.626,10.9,10.377,9.941,10.218,10.638,11.15,11.345,11.089,9.444,9.618,9.998,9.269,9.735,9.834,10.041,10.175,10.095,9.712,9.296,9.679,9.629,9.452,9.58,9.839,9.66,9.198,9.498,9.557,9.714,9.774,9.758,9.447,8.656,8.699,8.963,8.87,8.648,8.453,8.426,8.347,8.919,8.97,8.742,8.439,8.577,8.282,8.19,8.88,8.885,9.035,8.9,8.84,8.666,8.426,8.721,8.666,8.465,8.697,8.793,8.388,7.979,8.44,8.512,8.144,7.959,7.741,7.514,7.57,8.071,13.893,13.687,13.871,14.375,14.772,13.963,14.13,14.645,15.066,15.4,15.969,15.355,14.893,15.497,15.222,15.88,16.033,15.904,15.504,15.399,15.896,16.021,15.293,15.187,15.659,15.701,15.334,15.696,16.449,16.731,16.888,8.775,8.62,8.354,8.211,8.375,8.244,7.787,7.659,7.543,7.189,7.602,7.938,8.197,8.513,8.252,7.753,7.171,7.393,7.564,7.848,7.953,7.817,7.501,6.962,7.431,7.804,7.918,7.906,7.998,7.888,9.736,9.661,10.074,10.329,10.454,10.565,10.733,10.696,10.859,11.009,11.213,11.28,11.298,11.203,10.841,10.914,10.614,11.002,11.123,11.151,11.003,10.589,10.527,10.287,10.642,10.977,11.012,11.09,10.662,10.812,10.992,11.863,11.786,11.855,11.642,11.271,11.497,11.601,11.645,11.572,11.162,10.474,9.505,9.32,9.966,10.258,10.521,10.669,10.899,10.535,10.766,11.01,11.098,11.252,11.015,10.704,9.977,10.006,10.152,10.185,9.937,9.351,9.181,8.888,8.981,8.923,9.319,9.586,9.742,9.619,9.294,9.768,9.941,9.96,9.864,9.993,9.975,9.467,9.542,9.924,10.138,10.205,10.457,10.195,9.723,10.076,10.274,10.25,10.15,10.348,10.498,10.143,10.406,10.594,10.868,10.858,10.893,10.612,10.151,10.496,10.485,10.668,10.732,10.889,11.04,10.545,10.639,11.003,11.114,11.122,11.176,11.257,11.015,11.052,11.208,11.139,10.389,9.709,10.023,10.32,10.058,10.19,10.202,9.373,9.5,9.804,9.776,9.551,9.614,9.78,10.022,9.885,9.9,9.947,9.486,9.937,10.103,9.974,9.952,10.086,10.02,9.757,10.03,10.123,10.089,10.257,10.341,10.138,9.923,10.35,10.241,9.046,11.247,11.289,11.521,11.41,10.965,11.187,10.563,10.307,10.697,11.316,11.448,11.158,11.742,11.799,11.768,11.513,10.878,10.289,9.553,10.285,10.683,10.966,11.188,11.251,11.514,11.074,11.495,11.63,11.689,11.633,11.19,9.482,9.359,9.765,10.173,10.209,10.272,10.425,10.193,9.933,10.348,10.553,10.63,10.761,10.654,10.552,10.167,10.435,10.718,10.61,10.476,10.262,9.981,9.171,9.759,10.218,10.229,10.319,10.306,9.918,9.045,7.709,8.006,8.337,8.356,8.62,8.746,8.422,8.767,9.055,9.156,9.295,9.228,9.093,8.613,8.776,9.106,9.342,9.114,9.523,9.42,9.085,9.325,9.39,8.803,8.381,8.029,8.252,8.592,9.006,9.163,8.956,9.444,9.618,9.998,9.269,9.735,9.834,10.041,10.175,10.095,9.712,9.296,9.679,9.629,9.452,9.58,9.839,9.66,9.198,9.498,9.557,9.714,9.774,9.758,9.447,8.656,8.699,8.963,8.87,8.648,8.453,8.18,8.104,8.659,8.708,8.488,8.193,8.327,8.041,7.952,8.621,8.626,8.772,8.641,8.583,8.414,8.181,8.468,8.413,8.219,8.444,8.537,8.144,7.747,8.194,8.264,7.907,7.727,7.516,7.295,7.349,7.836,14.284,14.072,14.261,14.779,15.187,14.356,14.527,15.057,15.489,15.833,16.418,15.787,15.312,15.933,15.65,16.326,16.484,16.351,15.94,15.832,16.343,16.471,15.723,15.614,16.1,16.142,15.765,16.137,16.911,17.201,17.363,16.372,16.082,15.586,15.32,15.624,15.38,14.528,14.29,14.074,13.412,14.183,14.81,15.293,15.882,15.395,14.465,13.378,13.794,14.112,14.642,14.838,14.584,13.994,12.99,13.864,14.56,14.772,14.75,14.923,14.717,9.736,9.661,10.074,10.329,10.454,10.565,10.733,10.696,10.859,11.009,11.213,11.28,11.298,11.203,10.841,10.914,10.614,11.002,11.123,11.151,11.003,10.589,10.527,10.287,10.642,10.977,11.012,11.09,10.662,10.812,10.992,11.863,11.786,11.855,11.642,11.271,11.497,11.601,11.645,11.572,11.162,10.474,9.505,9.32,9.966,10.258,10.521,10.669,10.899,10.535,10.766,11.01,11.098,11.252,11.015,10.704,9.977,10.006,10.152,10.185,9.937,9.351,9.181,8.888,8.981,8.923,9.319,9.586,9.742,9.619,9.294,9.768,9.941,9.96,9.864,9.993,9.975,9.467,9.542,9.924,10.138,10.205,10.457,10.195,9.723,10.076,10.274,10.25,10.15,10.348,10.498,10.143
Guntur_109,7.224,7.273,7.411,7.429,7.153,7.194,7.351,7.36,7.213,7.133,7.263,7.266,7.354,7.224,7.013,6.975,7.301,7.269,6.974,7.271,7.324,7.161,7.241,7.416,7.497,7.154,7.384,7.492,7.549,7.6,7.538,7.243,6.895,7.116,7.3,7.301,7.295,7.376,7.123,6.966,7.086,7.118,7.192,7.447,7.435,7.508,7.193,7.37,7.52,7.489,7.326,7.072,7.132,6.945,7.178,7.305,7.385,7.296,7.253,7.171,6.873,7.068,7.146,7.034,6.923,6.966,7.06,6.853,6.802,6.308,6.553,6.952,6.995,6.95,6.682,6.915,7.135,7.105,7.876,7.76,7.486,7.365,7.235,7.529,7.796,7.882,7.851,7.81,7.567,7.369,7.353,7.687,7.858,7.912,7.861,7.556,7.937,7.975,7.934,7.986,8.046,7.896,7.708,8.147,7.998,7.941,7.709,7.652,7.578,7.324,7.782,7.823,7.63,7.751,7.832,7.756,7.605,7.886,7.894,7.909,7.772,7.128,7.145,7.041,7.247,7.219,7.308,7.502,7.493,7.447,7.151,7.037,7.097,7.07,7.013,7.053,6.971,6.993,6.546,6.855,7.06,6.842,6.749,6.926,7.035,6.725,6.885,7.002,7.203,7.183,7.019,6.856,5.718,5.79,5.774,5.932,5.887,5.923,5.812,6.178,6.289,6.37,6.292,6.309,6.125,5.916,6.214,6.209,6.306,6.393,6.261,6.221,5.98,6.323,6.486,6.405,6.404,6.186,6.054,5.87,6.147,6.455,0.0,0.0,0.0,0.0,0.0,0.0,0.0,0.0,0.0,0.0,0.0,0.0,0.0,0.0,0.0,0.0,0.0,0.0,0.0,0.0,0.0,0.0,0.0,0.0,0.0,0.0,0.0,0.0,0.0,0.0,0.0,0.0,0.0,0.0,0.0,0.0,0.0,0.0,0.0,0.0,0.0,0.0,0.0,0.0,0.0,0.0,0.0,0.0,0.0,0.0,0.0,0.0,0.0,0.0,0.0,0.0,0.0,0.0,0.0,0.0,0.0,0.0,6.593,6.616,6.619,6.747,6.799,6.442,6.512,6.693,6.993,6.894,6.804,6.587,6.386,6.457,6.566,6.659,6.532,6.485,6.659,6.366,6.48,6.392,6.279,6.479,6.51,6.221,6.015,6.478,6.616,6.562,5.646,5.611,5.776,5.596,5.701,5.871,6.067,6.151,6.153,5.971,5.642,5.7,5.789,5.541,5.637,5.7,5.827,5.677,5.81,5.816,5.793,5.683,5.54,5.532,5.25,5.356,5.632,5.743,5.872,5.982,5.934,7.846,8.12,8.207,8.18,8.097,8.279,8.159,7.831,7.992,7.964,7.907,8.046,7.899,7.191,6.986,7.037,7.5,7.716,7.847,7.906,7.844,7.712,8.087,8.055,7.834,7.381,7.397,7.542,7.676,7.945,7.005,7.108,7.034,7.103,7.059,6.755,6.889,7.008,6.882,6.993,7.053,6.918,6.733,6.924,7.11,7.117,7.184,7.284,7.161,7.06,7.25,7.429,7.523,7.411,7.4,7.515,7.23,7.446,7.526,7.485,7.486,7.106,6.899,6.659,6.841,6.895,6.922,6.829,6.911,6.777,6.751,7.026,7.064,7.039,6.957,6.97,7.11,7.024,7.098,7.335,7.481,7.609,7.57,7.453,7.192,7.257,7.008,7.192,7.283,7.42,7.405,7.188,7.725,7.82,7.882,7.738,7.766,7.709,7.493,7.575,7.751,7.898,7.934,7.938,7.901,7.714,7.838,7.839,7.811,7.741,7.654,7.656,7.528,7.821,7.949,8.068,8.094,8.148,8.109,7.981,7.73,7.769,7.743,7.714,7.887,7.842,7.537,7.714,7.861,7.945,7.863,7.593,7.455,7.451,7.73,7.787,7.905,8.021,7.997,7.912,7.661,7.742,7.55,7.73,7.854,7.745,7.784,7.492,7.063,7.18,7.514,8.028,8.234,8.299,8.121,8.338,8.335,8.342,8.536,8.454,8.434,8.131,8.394,8.447,8.135,8.17,8.237,8.037,7.981,8.139,8.291,8.027,7.869,7.787,7.91,7.752,8.043,8.164,8.13,8.164,8.116,7.462,7.323,7.367,7.403,7.26,7.343,7.499,7.445,7.285,7.427,7.247,7.01,6.807,7.037,6.986,6.464,6.499,6.35,6.365,6.318,6.406,6.628,6.764,6.918,6.808,6.68,6.706,6.962,7.127,6.721,7.056,6.445,6.938,7.073,7.095,6.926,6.605,6.806,6.696,6.677,6.533,6.317,6.301,5.995,6.536,6.567,6.735,6.779,6.828,6.538,6.206,6.724,6.978,7.361,7.072,7.041,6.847,7.012,7.536,7.79,7.623,8.188,7.905,7.928,8.025,8.483,8.641,8.579,8.416,8.291,8.442,7.877,7.792,7.708,7.604,7.735,8.105,8.178,7.419,6.856,6.864,6.722,6.922,7.289,7.134,7.022,7.25,7.186,6.766,6.898,6.862,6.758,11.323,12.365,12.708,12.916,13.363,13.551,13.993,13.908,14.178,14.2,14.225,14.426,14.548,14.186,13.824,12.998,14.811,14.564,14.18,14.076,13.805,13.214,13.779,13.873,13.938,14.056,14.248,14.121,13.61,13.841,13.752,0.0,0.0,0.0,0.0,0.0,0.0,0.0,0.0,0.0,0.0,0.0,0.0,0.0,0.0,0.0,0.0,0.0,0.0,0.0,0.0,0.0,0.0,0.0,0.0,0.0,0.0,0.0,0.0,0.0,0.0,6.769,6.524,6.365,6.658,6.802,6.937,6.94,7.009,6.908,6.69,7.007,7.081,7.093,6.992,6.774,6.861,6.501,6.347,6.625,6.688,6.646,6.605,6.692,6.287,6.542,6.597,6.581,6.533,6.618,6.551,6.446,7.131,7.131,7.051,6.514,6.309,6.748,6.615,6.973,7.161,7.413,7.21,7.365,7.31,7.191,7.287,7.275,7.358,7.422,7.235,7.239,6.929,7.328,7.44,7.484,7.417,7.361,7.258,6.865,6.993,7.025,6.582,6.396,6.523,6.537,6.398,6.61,6.742,6.723,6.796,6.692,6.633,6.359,6.672,6.892,6.873,6.806,6.771,6.761,6.423,6.884,7.09,7.212,7.284,7.338,7.264,7.047,7.196,7.048,6.877,6.806,6.924,7.281,7.003,7.397,7.6,7.715,7.569,7.537,7.275,6.947,7.179,7.22,7.255,7.4,7.26,7.077,7.074,7.412,7.642,7.647,7.61,7.679,7.269,7.152,7.549,7.594,7.354,7.479,7.586,7.617,7.609,7.748,7.785,7.816,7.516,7.645,7.737,7.626,7.761,7.976,7.833,7.667,7.71,7.691,7.598,7.647,7.7,7.811,7.744,7.784,7.716,7.587,7.783,7.76,7.77,7.988,7.819,7.692,7.405,7.732,8.11,7.944,7.897,8.118,8.249,8.047,8.015,8.074,8.154,8.298,8.406,8.386,8.181,8.364,8.419,8.534,8.502,8.029,8.087,8.245,8.478,8.548,8.596,8.674,8.637,8.579,8.313,8.468,8.548,8.706,8.758,8.913,8.903,8.627,8.934,9.026,8.86,9.001,8.949,8.982,8.699,8.874,9.003,9.021,8.933,8.841,8.969,8.559,8.792,8.947,8.88,8.914,8.934,8.923,8.641,8.943,9.049,9.141,9.081,8.999,8.767,8.593,8.805,8.774,8.983,8.974,9.212,9.155,8.745,8.879,8.742,8.782,8.77,8.688,8.603,8.367,8.706,8.914,9.164,9.076,8.697,7.931,7.37,7.281,7.927,8.517,8.571,8.442,8.369,8.298,8.763,8.889,10.356,10.46,10.447,10.33,10.078,10.355,10.424,10.203,10.107,10.353,10.249,9.951,10.439,10.586,10.303,10.074,9.927,9.689,8.993,9.019,9.095,9.819,10.2,10.081,9.882,9.594,10.153,10.296,9.885,9.204,9.107,9.261,9.026,9.703,9.745,9.734,9.766,9.582,9.181,8.601,8.927,8.948,9.087,8.952,8.974,8.993,8.603,9.255,9.398,9.231,8.666,8.927,8.697,8.083,8.697,9.268,9.374,9.301,9.465,9.157,8.612,6.178,6.335,6.597,6.591,6.362,6.174,5.873,6.017,6.011,6.008,5.662,5.97,6.196,5.776,5.478,5.867,6.205,6.418,6.341,6.261,5.991,6.317,6.476,6.417,6.525,6.738,6.518,6.241,6.692,6.867,6.822,9.7,9.792,9.742,9.17,9.638,9.79,9.83,9.697,9.445,9.207,8.597,8.734,8.771,8.776,8.642,8.212,8.491,8.553,9.035,9.019,8.908,8.537,8.401,8.29,8.318,9.055,9.125,9.094,9.224,9.248,7.0,6.687,7.095,7.309,6.929,7.029,6.994,7.035,6.8,7.016,6.952,7.071,7.079,7.019,6.918,6.679,7.212,7.282,7.294,7.27,7.177,6.987,6.571,6.197,6.067,6.501,6.86,7.001,7.037,6.843,6.914,7.23,7.323,7.259,7.377,7.351,7.199,7.304,7.361,7.363,7.36,7.367,7.146,6.972,7.025,7.211,7.319,7.373,7.438,7.462,7.172,7.435,7.539,7.522,7.519,7.521,7.528,7.362,7.551,7.458,7.467,7.729,7.843,7.856,7.581,7.741,7.92,8.014,7.819,7.762,7.462,7.264,7.647,7.659,7.705,7.849,8.006,8.065,7.885,8.195,8.222,8.158,8.192,8.326,8.273,7.989,8.15,8.305,8.437,8.467,8.37,8.281,8.375,8.602,8.567,8.423,8.529,8.592,8.642,8.564,8.702,8.714,8.793,8.816,8.866,8.552,8.211,8.443,8.614,8.778,8.7,8.808,8.704,8.452,8.515,8.666,8.601,8.038,8.298,8.544,8.327,8.436,8.446,7.69,7.794,8.044,8.02,7.836,7.888,8.024,8.222,8.11,8.123,8.161,7.783,8.153,8.289,8.183,8.165,8.275,8.221,8.005,8.229,8.305,8.278,8.415,8.484,8.317,8.141,8.492,8.402,8.557,8.589,8.765,8.681,8.342,8.511,8.037,7.841,8.138,8.609,8.71,8.489,8.933,8.977,8.953,8.759,8.276,7.828,7.268,7.825,8.128,8.343,8.512,8.56,8.76,8.425,8.746,8.848,8.893,8.85,8.513,7.781,7.68,8.013,8.348,8.377,8.429,8.554,8.364,8.151,8.491,8.66,8.723,8.83,8.742,8.658,8.343,8.563,8.795,8.706,8.596,8.42,8.19,7.526,8.008,8.384,8.393,8.468,8.457,8.138,7.422,7.484,7.773,8.094,8.112,8.368,8.49,8.176,8.511,8.791,8.888,9.024,8.959,8.828,8.362,8.52,8.84,9.07,8.848,9.245,9.145,8.819,9.053,9.116,8.546,8.136,7.794,8.012,8.341,8.743,8.896,8.695,8.11,8.26,8.586,7.96,8.36,8.445,8.623,8.738,8.669,8.341,7.983,8.312,8.269,8.117,8.227,8.449,8.296,7.899,8.157,8.207,8.342,8.394,8.38,8.113,7.434,7.471,7.697,7.618,7.427,7.259,8.426,8.347,8.919,8.97,8.742,8.439,8.577,8.282,8.19,8.88,8.885,9.035,8.9,8.84,8.666,8.426,8.721,8.666,8.465,8.697,8.793,8.388,7.979,8.44,8.512,8.144,7.959,7.741,7.514,7.57,8.071,10.093,9.944,10.077,10.443,10.731,10.144,10.265,10.639,10.945,11.188,11.601,11.155,10.82,11.258,11.059,11.536,11.648,11.554,11.264,11.187,11.548,11.639,11.11,11.033,11.376,11.406,11.14,11.403,11.95,12.155,12.269,8.36,8.212,7.958,7.823,7.978,7.854,7.418,7.297,7.187,6.849,7.242,7.562,7.809,8.11,7.861,7.386,6.831,7.043,7.206,7.477,7.577,7.447,7.146,6.633,7.079,7.435,7.543,7.532,7.62,7.515,8.551,8.485,8.848,9.072,9.182,9.279,9.426,9.394,9.538,9.669,9.848,9.907,9.923,9.839,9.522,9.586,9.322,9.663,9.769,9.794,9.663,9.3,9.246,9.034,9.346,9.641,9.672,9.74,9.365,9.496,9.654,10.595,10.527,10.588,10.398,10.067,10.268,10.362,10.401,10.336,9.97,9.355,8.49,8.324,8.901,9.162,9.397,9.529,9.735,9.409,9.616,9.834,9.913,10.05,9.838,9.561,8.911,8.937,9.068,9.097,8.875,7.988,7.842,7.592,7.671,7.622,7.96,8.188,8.321,8.216,7.939,8.343,8.492,8.508,8.425,8.535,8.521,8.086,8.151,8.477,8.66,8.717,8.933,8.708,8.305,8.607,8.776,8.755,8.67,8.839,8.967,8.664,8.664,8.82,9.048,9.041,9.07,8.835,8.451,8.739,8.73,8.882,8.935,9.066,9.192,8.78,8.858,9.161,9.254,9.26,9.305,9.373,9.171,9.201,9.331,9.274,8.65,8.084,8.345,8.592,8.374,8.484,8.494,7.55,7.652,7.897,7.874,7.693,7.744,7.878,8.072,7.962,7.975,8.012,7.641,8.004,8.138,8.034,8.016,8.124,8.071,7.859,8.079,8.154,8.127,8.262,8.33,8.166,7.993,8.337,8.249,7.286,11.547,11.59,11.828,11.714,11.257,11.485,10.845,10.582,10.983,11.618,11.754,11.456,12.055,12.114,12.082,11.82,11.168,10.564,9.808,10.56,10.969,11.259,11.487,11.551,11.821,11.369,11.802,11.94,12.001,11.943,11.488,8.619,8.507,8.876,9.247,9.279,9.337,9.476,9.264,9.029,9.405,9.592,9.662,9.781,9.683,9.591,9.241,9.485,9.742,9.644,9.522,9.327,9.072,8.336,8.871,9.287,9.297,9.379,9.367,9.015,8.221,7.359,7.643,7.959,7.976,8.228,8.348,8.039,8.369,8.644,8.74,8.873,8.809,8.68,8.222,8.377,8.692,8.918,8.7,9.09,8.992,8.672,8.902,8.963,8.404,8.0,7.664,7.878,8.202,8.597,8.747,8.55,8.11,8.26,8.586,7.96,8.36,8.445,8.623,8.738,8.669,8.341,7.983,8.312,8.269,8.117,8.227,8.449,8.296,7.899,8.157,8.207,8.342,8.394,8.38,8.113,7.434,7.471,7.697,7.618,7.427,7.259,7.809,7.736,8.266,8.313,8.102,7.821,7.949,7.676,7.591,8.23,8.235,8.373,8.248,8.193,8.032,7.809,8.083,8.031,7.845,8.06,8.15,7.774,7.395,7.822,7.889,7.547,7.376,7.175,6.964,7.016,7.48,12.887,12.696,12.867,13.334,13.702,12.952,13.107,13.585,13.975,14.285,14.813,14.243,13.815,14.375,14.12,14.73,14.872,14.752,14.382,14.284,14.745,14.861,14.186,14.088,14.526,14.564,14.224,14.559,15.258,15.519,15.665,10.123,9.944,9.637,9.472,9.661,9.51,8.983,8.836,8.702,8.293,8.77,9.157,9.456,9.82,9.519,8.944,8.272,8.529,8.726,9.054,9.175,9.018,8.653,8.032,8.573,9.003,9.134,9.12,9.227,9.1,8.551,8.485,8.848,9.072,9.182,9.279,9.426,9.394,9.538,9.669,9.848,9.907,9.923,9.839,9.522,9.586,9.322,9.663,9.769,9.794,9.663,9.3,9.246,9.034,9.346,9.641,9.672,9.74,9.365,9.496,9.654,10.595,10.527,10.588,10.398,10.067,10.268,10.362,10.401,10.336,9.97,9.355,8.49,8.324,8.901,9.162,9.397,9.529,9.735,9.409,9.616,9.834,9.913,10.05,9.838,9.561,8.911,8.937,9.068,9.097,8.875,7.988,7.842,7.592,7.671,7.622,7.96,8.188,8.321,8.216,7.939,8.343,8.492,8.508,8.425,8.535,8.521,8.086,8.151,8.477,8.66,8.717,8.933,8.708,8.305,8.607,8.776,8.755,8.67,8.839,8.967,8.664
Guntur_110,5.52,5.558,5.663,5.677,5.466,5.498,5.617,5.625,5.512,5.451,5.55,5.552,5.62,5.52,5.36,5.33,5.579,5.555,5.33,5.557,5.597,5.472,5.534,5.667,5.729,5.467,5.643,5.726,5.769,5.808,5.76,6.519,6.206,6.405,6.571,6.572,6.566,6.639,6.411,6.27,6.378,6.407,6.473,6.703,6.692,6.758,6.474,6.633,6.769,6.741,6.594,6.365,6.42,6.251,6.461,6.575,6.647,6.567,6.529,6.455,5.697,5.859,5.923,5.83,5.738,5.773,5.852,5.68,5.638,5.228,5.432,5.763,5.798,5.76,5.539,5.732,5.914,5.889,6.528,6.432,6.205,6.105,5.997,6.24,6.462,6.533,6.507,6.473,6.272,6.108,6.094,6.573,6.718,6.765,6.721,6.461,6.786,6.819,6.784,6.828,6.879,6.751,6.59,6.966,6.838,6.789,6.591,6.543,6.479,6.262,6.653,6.688,6.524,6.627,6.696,6.632,6.502,6.743,6.75,6.762,6.645,6.2,6.214,6.124,6.303,6.279,6.356,6.525,6.517,6.477,6.22,6.12,6.172,6.149,6.099,6.134,6.063,6.082,5.693,5.961,6.14,5.951,5.87,6.024,6.118,5.849,5.988,6.09,6.264,6.247,6.105,5.963,4.56,4.618,4.606,4.731,4.695,4.725,4.636,4.928,5.016,5.081,5.018,5.032,4.885,4.718,4.956,4.952,5.03,5.099,4.994,4.962,4.77,5.043,5.174,5.109,5.108,4.934,4.829,4.682,4.903,5.148,0.0,0.0,0.0,0.0,0.0,0.0,0.0,0.0,0.0,0.0,0.0,0.0,0.0,0.0,0.0,0.0,0.0,0.0,0.0,0.0,0.0,0.0,0.0,0.0,0.0,0.0,0.0,0.0,0.0,0.0,0.0,0.0,0.0,0.0,0.0,0.0,0.0,0.0,0.0,0.0,0.0,0.0,0.0,0.0,0.0,0.0,0.0,0.0,0.0,0.0,0.0,0.0,0.0,0.0,0.0,0.0,0.0,0.0,0.0,0.0,0.0,0.0,5.921,5.941,5.944,6.059,6.106,5.785,5.848,6.011,6.28,6.191,6.11,5.915,5.735,5.798,5.896,5.98,5.866,5.823,5.98,5.717,5.82,5.74,5.639,5.818,5.846,5.586,5.402,5.818,5.941,5.892,4.694,4.664,4.802,4.652,4.739,4.881,5.043,5.113,5.115,4.964,4.69,4.739,4.812,4.606,4.686,4.738,4.844,4.719,4.83,4.835,4.816,4.724,4.605,4.599,4.365,4.452,4.682,4.774,4.881,4.973,4.933,6.199,6.415,6.484,6.463,6.397,6.541,6.446,6.187,6.314,6.292,6.247,6.357,6.241,5.681,5.519,5.56,5.925,6.096,6.2,6.246,6.197,6.093,6.39,6.364,6.189,5.832,5.844,5.959,6.065,6.277,6.2,6.291,6.225,6.286,6.248,5.978,6.097,6.202,6.091,6.189,6.242,6.123,5.959,6.128,6.293,6.299,6.358,6.446,6.338,6.248,6.416,6.575,6.658,6.559,6.549,6.651,6.399,6.59,6.661,6.625,6.625,5.884,5.713,5.514,5.665,5.71,5.732,5.655,5.723,5.612,5.591,5.818,5.85,5.829,5.761,5.772,5.887,5.816,5.878,6.074,6.195,6.301,6.269,6.172,5.956,6.009,5.803,5.956,6.031,6.145,6.132,5.952,6.434,6.513,6.565,6.445,6.468,6.421,6.241,6.309,6.456,6.578,6.608,6.612,6.581,6.425,6.529,6.529,6.506,6.447,6.375,6.377,6.27,6.514,6.621,6.72,6.742,6.786,6.754,6.647,6.796,6.83,6.808,6.783,6.935,6.895,6.626,6.782,6.912,6.985,6.914,6.676,6.554,6.551,6.796,6.846,6.95,7.052,7.031,6.956,6.736,6.807,6.638,6.796,6.905,6.809,6.844,6.587,6.21,6.313,6.607,6.416,6.581,6.633,6.491,6.664,6.661,6.667,6.823,6.757,6.741,6.499,6.709,6.752,6.502,6.53,6.584,6.423,6.379,6.505,6.627,6.416,6.289,6.224,6.322,6.196,6.429,6.525,6.498,6.525,6.487,6.955,6.825,6.866,6.899,6.766,6.844,6.989,6.939,6.79,6.922,6.754,6.533,6.344,6.559,6.511,6.025,6.057,5.918,5.932,5.889,5.971,6.177,6.304,6.448,6.345,6.226,6.25,6.488,6.642,6.264,6.576,5.573,5.999,6.116,6.135,5.989,5.711,5.885,5.79,5.773,5.649,5.462,5.448,5.184,5.651,5.679,5.824,5.862,5.904,5.654,5.367,5.814,6.034,6.365,6.115,6.088,5.92,6.064,6.516,6.736,6.592,6.502,6.278,6.296,6.373,6.737,6.863,6.814,6.684,6.585,6.705,6.256,6.188,6.121,6.039,6.143,6.437,6.495,5.892,5.445,5.451,5.339,5.498,5.789,5.666,5.576,5.758,5.707,5.374,5.478,5.45,5.367,0.0,0.0,0.0,0.0,0.0,0.0,0.0,0.0,0.0,0.0,0.0,0.0,0.0,0.0,0.0,0.0,0.0,0.0,0.0,0.0,0.0,0.0,0.0,0.0,0.0,0.0,0.0,0.0,0.0,0.0,0.0,0.0,0.0,0.0,0.0,0.0,0.0,0.0,0.0,0.0,0.0,0.0,0.0,0.0,0.0,0.0,0.0,0.0,0.0,0.0,0.0,0.0,0.0,0.0,0.0,0.0,0.0,0.0,0.0,0.0,0.0,5.37,5.176,5.05,5.283,5.397,5.504,5.507,5.561,5.481,5.308,5.56,5.618,5.628,5.548,5.375,5.444,5.158,5.036,5.257,5.307,5.273,5.241,5.309,4.988,5.191,5.235,5.222,5.184,5.251,5.198,5.114,5.648,5.648,5.585,5.159,4.997,5.345,5.239,5.523,5.672,5.871,5.71,5.833,5.79,5.695,5.772,5.762,5.828,5.879,5.73,5.734,5.488,5.804,5.893,5.927,5.874,5.83,5.749,5.437,5.539,5.564,5.414,5.261,5.366,5.377,5.262,5.437,5.545,5.53,5.59,5.505,5.456,5.23,5.488,5.669,5.653,5.599,5.57,5.561,5.283,5.663,5.832,5.932,5.991,6.036,5.975,5.796,5.919,5.797,5.657,5.598,5.695,5.775,5.554,5.867,6.028,6.119,6.003,5.978,5.77,5.51,5.694,5.727,5.755,5.869,5.758,5.613,5.611,5.879,6.061,6.065,6.036,6.09,5.766,5.673,5.988,6.023,5.833,5.932,6.017,6.041,6.035,6.146,6.247,6.272,6.031,6.135,6.209,6.12,6.228,6.4,6.285,6.153,6.187,6.171,6.097,6.136,6.179,6.268,6.214,6.246,6.192,6.088,6.245,6.227,6.235,6.41,6.274,6.173,5.942,6.205,6.252,6.124,6.088,6.258,6.359,6.203,6.179,6.224,6.286,6.397,6.48,6.465,6.307,6.448,6.49,6.579,6.554,6.189,6.234,6.356,6.536,6.59,6.627,6.687,6.658,6.614,6.409,6.528,6.589,6.711,6.752,7.354,7.346,7.118,7.371,7.447,7.31,7.426,7.383,7.411,7.177,7.321,7.428,7.443,7.37,7.294,7.4,7.062,7.254,7.381,7.326,7.354,7.371,7.362,7.129,7.378,7.466,7.542,7.492,7.425,7.233,7.132,7.308,7.283,7.456,7.449,7.646,7.599,7.259,7.37,7.256,7.289,7.28,7.211,7.141,6.945,7.226,7.399,7.607,7.533,7.219,6.583,6.117,6.044,6.58,7.07,7.114,7.008,6.947,6.888,7.273,7.379,8.557,8.644,8.633,8.536,8.328,8.557,8.614,8.431,8.352,8.555,8.469,8.223,8.627,8.748,8.514,8.324,8.203,8.006,7.431,7.453,7.516,8.114,8.429,8.331,8.166,7.928,8.39,8.508,8.169,7.606,7.525,7.653,7.459,8.018,8.053,8.043,8.07,7.918,7.586,7.107,7.377,7.394,7.509,7.398,7.416,7.431,7.109,7.648,7.766,7.628,7.161,7.377,7.187,6.68,7.187,7.658,7.746,7.686,7.822,7.567,7.117,6.178,6.335,6.597,6.591,6.362,6.174,5.873,6.017,6.011,6.008,5.662,5.97,6.196,5.776,5.478,5.867,6.205,6.418,6.341,6.261,5.991,6.317,6.476,6.417,6.525,6.738,6.518,6.241,6.692,6.867,6.822,9.429,9.519,9.47,8.914,9.369,9.517,9.556,9.426,9.181,8.95,8.357,8.49,8.526,8.531,8.401,7.983,8.254,8.314,8.783,8.768,8.66,8.299,8.167,8.059,8.086,8.802,8.87,8.84,8.967,8.99,5.725,5.469,5.803,5.978,5.667,5.748,5.72,5.753,5.562,5.738,5.686,5.783,5.789,5.741,5.658,5.463,5.898,5.955,5.965,5.946,5.87,5.714,5.374,5.068,4.962,5.317,5.61,5.726,5.755,5.596,5.655,5.782,5.856,5.805,5.899,5.878,5.757,5.841,5.887,5.888,5.885,5.891,5.715,5.575,5.617,5.766,5.853,5.896,5.948,5.967,5.735,5.945,6.029,6.015,6.012,6.014,6.02,5.887,6.038,5.964,5.971,6.367,6.461,6.472,6.245,6.378,6.524,6.602,6.442,6.395,6.147,5.984,6.3,6.31,6.348,6.466,6.596,6.644,6.496,6.751,6.774,6.721,6.749,6.859,6.815,6.582,6.714,6.841,6.95,6.975,6.895,6.822,6.72,6.903,6.875,6.759,6.844,6.894,6.935,6.872,6.982,6.992,7.056,7.074,7.114,6.862,6.589,6.775,6.912,7.043,6.981,7.068,6.984,6.782,6.833,6.954,6.901,6.45,6.658,6.856,6.682,6.769,6.777,6.732,6.824,7.042,7.021,6.86,6.905,7.025,7.198,7.1,7.111,7.144,6.813,7.138,7.256,7.164,7.148,7.244,7.197,7.008,7.204,7.271,7.247,7.367,7.428,7.281,7.127,7.434,7.356,7.31,7.338,7.488,7.416,7.127,7.271,6.866,6.699,6.953,7.355,7.441,7.252,7.632,7.669,7.649,7.483,7.07,6.688,6.209,6.685,6.944,7.128,7.272,7.313,7.483,7.198,7.472,7.559,7.597,7.561,7.273,6.834,6.745,7.037,7.331,7.357,7.403,7.513,7.345,7.159,7.457,7.605,7.661,7.755,7.678,7.604,7.327,7.52,7.724,7.646,7.549,7.395,7.193,6.609,7.033,7.364,7.371,7.437,7.427,7.147,6.518,6.138,6.375,6.638,6.653,6.863,6.963,6.705,6.98,7.209,7.29,7.401,7.348,7.24,6.858,6.987,7.25,7.438,7.257,7.582,7.5,7.233,7.425,7.476,7.009,6.673,6.392,6.57,6.841,7.17,7.295,7.131,6.251,6.366,6.618,6.136,6.444,6.509,6.646,6.735,6.682,6.429,6.153,6.406,6.373,6.256,6.341,6.512,6.394,6.089,6.287,6.326,6.43,6.469,6.459,6.253,5.73,5.758,5.933,5.871,5.724,5.595,0.0,0.0,0.0,0.0,0.0,0.0,0.0,0.0,0.0,0.0,0.0,0.0,0.0,0.0,0.0,0.0,0.0,0.0,0.0,0.0,0.0,0.0,0.0,0.0,0.0,0.0,0.0,0.0,0.0,0.0,0.0,6.376,6.282,6.366,6.597,6.779,6.408,6.485,6.721,6.914,7.068,7.329,7.047,6.835,7.112,6.986,7.288,7.358,7.299,7.116,7.067,7.295,7.353,7.019,6.97,7.187,7.206,7.037,7.203,7.549,7.678,7.751,5.844,5.74,5.563,5.468,5.577,5.49,5.186,5.101,5.024,4.788,5.063,5.286,5.459,5.669,5.495,5.163,4.775,4.924,5.037,5.227,5.297,5.206,4.995,4.637,4.949,5.197,5.273,5.265,5.327,5.253,7.257,7.201,7.509,7.7,7.793,7.875,8.001,7.973,8.095,8.206,8.359,8.408,8.422,8.351,8.081,8.136,7.912,8.201,8.292,8.312,8.202,7.894,7.847,7.668,7.932,8.183,8.209,8.267,7.948,8.059,8.193,6.842,6.798,6.837,6.715,6.501,6.631,6.691,6.716,6.675,6.438,6.041,5.482,5.375,5.748,5.916,6.068,6.154,6.286,6.076,6.21,6.35,6.401,6.49,6.353,6.174,5.754,5.771,5.855,5.875,5.731,6.58,6.46,6.254,6.319,6.279,6.557,6.744,6.854,6.768,6.539,6.873,6.995,7.008,6.94,7.031,7.019,6.661,6.714,6.982,7.133,7.18,7.358,7.173,6.841,7.089,7.229,7.212,7.142,7.281,7.386,7.137,7.688,7.827,8.029,8.023,8.048,7.84,7.5,7.755,7.747,7.882,7.929,8.045,8.157,7.791,7.86,8.13,8.212,8.218,8.257,8.317,8.139,8.165,8.281,8.23,7.676,7.174,7.405,7.625,7.431,7.529,7.538,6.831,6.924,7.145,7.124,6.96,7.006,7.128,7.303,7.203,7.215,7.249,6.913,7.242,7.363,7.269,7.252,7.35,7.302,7.111,7.309,7.377,7.353,7.475,7.536,7.388,7.231,7.543,7.463,6.592,8.102,8.133,8.299,8.22,7.899,8.059,7.61,7.425,7.706,8.152,8.247,8.038,8.459,8.5,8.478,8.294,7.837,7.412,6.882,7.41,7.696,7.9,8.06,8.105,8.294,7.977,8.281,8.378,8.421,8.38,8.061,6.778,6.69,6.98,7.272,7.297,7.343,7.452,7.286,7.1,7.396,7.544,7.599,7.692,7.615,7.542,7.268,7.459,7.661,7.584,7.488,7.335,7.134,6.556,6.976,7.304,7.312,7.376,7.367,7.089,6.465,6.804,7.066,7.358,7.375,7.608,7.719,7.433,7.738,7.992,8.081,8.204,8.145,8.026,7.602,7.746,8.037,8.245,8.044,8.405,8.314,8.018,8.23,8.287,7.77,7.397,7.086,7.284,7.583,7.948,8.087,7.905,6.251,6.366,6.618,6.136,6.444,6.509,6.646,6.735,6.682,6.429,6.153,6.406,6.373,6.256,6.341,6.512,6.394,6.089,6.287,6.326,6.43,6.469,6.459,6.253,5.73,5.758,5.933,5.871,5.724,5.595,7.22,7.153,7.642,7.686,7.492,7.231,7.349,7.097,7.018,7.609,7.614,7.742,7.626,7.575,7.426,7.22,7.473,7.426,7.254,7.452,7.535,7.188,6.837,7.232,7.294,6.978,6.82,6.634,6.439,6.487,6.916,7.761,7.646,7.749,8.03,8.252,7.8,7.893,8.181,8.416,8.603,8.92,8.577,8.319,8.657,8.503,8.871,8.956,8.884,8.661,8.602,8.879,8.949,8.543,8.484,8.748,8.771,8.566,8.768,9.188,9.346,9.434,10.123,9.944,9.637,9.472,9.661,9.51,8.983,8.836,8.702,8.293,8.77,9.157,9.456,9.82,9.519,8.944,8.272,8.529,8.726,9.054,9.175,9.018,8.653,8.032,8.573,9.003,9.134,9.12,9.227,9.1,7.257,7.201,7.509,7.7,7.793,7.875,8.001,7.973,8.095,8.206,8.359,8.408,8.422,8.351,8.081,8.136,7.912,8.201,8.292,8.312,8.202,7.894,7.847,7.668,7.932,8.183,8.209,8.267,7.948,8.059,8.193,6.842,6.798,6.837,6.715,6.501,6.631,6.691,6.716,6.675,6.438,6.041,5.482,5.375,5.748,5.916,6.068,6.154,6.286,6.076,6.21,6.35,6.401,6.49,6.353,6.174,5.754,5.771,5.855,5.875,5.731,6.58,6.46,6.254,6.319,6.279,6.557,6.744,6.854,6.768,6.539,6.873,6.995,7.008,6.94,7.031,7.019,6.661,6.714,6.982,7.133,7.18,7.358,7.173,6.841,7.089,7.229,7.212,7.142,7.281,7.386,7.137
Guntur_111,4.208,4.237,4.317,4.328,4.167,4.191,4.282,4.288,4.202,4.155,4.231,4.233,4.284,4.208,4.085,4.063,4.253,4.234,4.063,4.236,4.267,4.171,4.218,4.32,4.367,4.168,4.302,4.365,4.398,4.427,4.391,5.019,4.778,4.931,5.059,5.059,5.055,5.111,4.936,4.827,4.91,4.933,4.984,5.16,5.152,5.202,4.984,5.107,5.211,5.19,5.077,4.901,4.942,4.812,4.974,5.062,5.117,5.056,5.026,4.969,4.625,4.757,4.809,4.734,4.659,4.687,4.751,4.612,4.577,4.245,4.41,4.679,4.707,4.677,4.497,4.654,4.802,4.781,5.3,5.222,5.037,4.956,4.869,5.066,5.246,5.304,5.283,5.255,5.092,4.959,4.948,5.089,5.202,5.238,5.205,5.003,5.254,5.28,5.253,5.287,5.327,5.227,5.103,5.394,5.295,5.257,5.104,5.066,5.017,4.849,5.152,5.179,5.051,5.132,5.185,5.135,5.035,5.221,5.226,5.236,5.146,4.375,4.385,4.321,4.448,4.431,4.485,4.604,4.599,4.57,4.389,4.319,4.355,4.339,4.304,4.328,4.278,4.292,4.018,4.207,4.333,4.199,4.142,4.251,4.317,4.127,4.226,4.297,4.42,4.408,4.308,4.208,4.042,4.093,4.082,4.193,4.161,4.187,4.108,4.367,4.445,4.503,4.448,4.46,4.33,4.182,4.393,4.389,4.458,4.519,4.426,4.397,4.227,4.47,4.585,4.528,4.527,4.373,4.279,4.15,4.345,4.563,0.0,0.0,0.0,0.0,0.0,0.0,0.0,0.0,0.0,0.0,0.0,0.0,0.0,0.0,0.0,0.0,0.0,0.0,0.0,0.0,0.0,0.0,0.0,0.0,0.0,0.0,0.0,0.0,0.0,0.0,0.0,0.0,0.0,0.0,0.0,0.0,0.0,0.0,0.0,0.0,0.0,0.0,0.0,0.0,0.0,0.0,0.0,0.0,0.0,0.0,0.0,0.0,0.0,0.0,0.0,0.0,0.0,0.0,0.0,0.0,0.0,0.0,4.109,4.123,4.125,4.205,4.237,4.015,4.059,4.172,4.358,4.297,4.241,4.105,3.98,4.024,4.092,4.15,4.071,4.041,4.15,3.968,4.039,3.984,3.913,4.038,4.057,3.877,3.749,4.037,4.123,4.089,5.967,5.929,6.104,5.914,6.024,6.205,6.411,6.5,6.502,6.31,5.962,6.024,6.117,5.855,5.957,6.023,6.158,5.999,6.14,6.146,6.122,6.005,5.854,5.846,5.548,5.66,5.952,6.069,6.205,6.321,6.271,3.281,3.396,3.432,3.421,3.386,3.463,3.412,3.275,3.342,3.331,3.307,3.365,3.304,3.007,2.922,2.943,3.136,3.227,3.282,3.307,3.28,3.225,3.382,3.369,3.276,3.087,3.094,3.154,3.21,3.323,4.815,4.886,4.835,4.882,4.852,4.643,4.735,4.817,4.731,4.807,4.848,4.755,4.628,4.759,4.887,4.892,4.938,5.006,4.922,4.853,4.983,5.106,5.171,5.094,5.086,5.166,4.969,5.118,5.173,5.145,5.145,4.752,4.613,4.453,4.575,4.611,4.629,4.567,4.622,4.532,4.515,4.699,4.724,4.708,4.652,4.661,4.755,4.697,4.747,4.905,5.003,5.089,5.063,4.984,4.81,4.853,4.686,4.81,4.87,4.963,4.952,4.807,5.001,5.062,5.103,5.009,5.027,4.99,4.851,4.904,5.018,5.113,5.136,5.139,5.115,4.994,5.074,5.074,5.056,5.011,4.955,4.956,4.873,5.063,5.146,5.223,5.24,5.274,5.25,5.166,5.377,5.405,5.387,5.367,5.487,5.456,5.243,5.366,5.469,5.527,5.471,5.282,5.186,5.184,5.377,5.417,5.499,5.58,5.563,5.504,5.33,5.386,5.252,5.378,5.464,5.388,5.415,5.212,4.914,4.995,5.228,5.076,5.206,5.247,5.135,5.272,5.27,5.274,5.397,5.345,5.333,5.141,5.307,5.341,5.143,5.166,5.208,5.081,5.046,5.146,5.242,5.075,4.975,4.924,5.001,4.901,5.086,5.162,5.14,5.162,5.131,3.695,3.626,3.648,3.665,3.595,3.636,3.713,3.686,3.607,3.678,3.588,3.471,3.37,3.484,3.459,3.201,3.218,3.144,3.151,3.128,3.172,3.282,3.349,3.425,3.371,3.308,3.32,3.447,3.529,3.328,3.494,2.879,3.099,3.159,3.169,3.093,2.95,3.04,2.991,2.982,2.918,2.821,2.814,2.678,2.919,2.933,3.008,3.028,3.05,2.92,2.772,3.003,3.117,3.288,3.159,3.145,3.058,3.132,3.366,3.48,3.405,7.788,7.519,7.541,7.633,8.068,8.219,8.16,8.005,7.886,8.03,7.492,7.411,7.331,7.233,7.357,7.709,7.778,7.056,6.521,6.528,6.394,6.584,6.933,6.785,6.678,6.896,6.835,6.436,6.561,6.527,6.428,9.291,10.146,10.427,10.598,10.965,11.119,11.482,11.412,11.633,11.652,11.672,11.837,11.937,11.64,11.343,10.665,12.153,11.951,11.635,11.55,11.328,10.843,11.306,11.383,11.437,11.534,11.691,11.587,11.167,11.357,11.284,0.0,0.0,0.0,0.0,0.0,0.0,0.0,0.0,0.0,0.0,0.0,0.0,0.0,0.0,0.0,0.0,0.0,0.0,0.0,0.0,0.0,0.0,0.0,0.0,0.0,0.0,0.0,0.0,0.0,0.0,3.75,3.615,3.527,3.689,3.769,3.844,3.846,3.884,3.828,3.707,3.883,3.923,3.93,3.874,3.754,3.802,3.602,3.517,3.671,3.706,3.683,3.66,3.708,3.483,3.625,3.656,3.647,3.62,3.667,3.63,3.572,3.583,3.583,3.543,3.273,3.17,3.39,3.324,3.503,3.598,3.725,3.622,3.7,3.673,3.613,3.661,3.655,3.697,3.729,3.635,3.637,3.482,3.682,3.738,3.76,3.726,3.698,3.647,3.449,3.514,3.53,4.485,4.358,4.445,4.454,4.359,4.504,4.594,4.581,4.631,4.56,4.52,4.333,4.546,4.696,4.683,4.638,4.614,4.607,4.376,4.691,4.831,4.914,4.963,5.0,4.95,4.802,4.903,4.802,4.686,4.637,4.718,5.294,5.092,5.379,5.527,5.611,5.504,5.481,5.29,5.052,5.221,5.251,5.276,5.381,5.279,5.147,5.144,5.39,5.557,5.561,5.534,5.584,5.286,5.201,5.49,5.523,5.347,5.438,5.516,5.539,5.533,5.635,4.384,4.401,4.232,4.305,4.357,4.294,4.37,4.491,4.411,4.317,4.341,4.331,4.278,4.306,4.336,4.398,4.36,4.383,4.345,4.272,4.382,4.369,4.375,4.498,4.403,4.331,4.17,4.354,5.176,5.07,5.04,5.181,5.265,5.136,5.116,5.153,5.204,5.296,5.365,5.352,5.222,5.338,5.373,5.447,5.426,5.124,5.161,5.262,5.411,5.456,5.486,5.536,5.513,5.476,5.306,5.404,5.456,5.556,5.59,6.289,6.282,6.087,6.303,6.368,6.251,6.35,6.314,6.337,6.137,6.261,6.352,6.365,6.303,6.238,6.328,6.039,6.203,6.312,6.265,6.289,6.303,6.296,6.096,6.309,6.384,6.45,6.407,6.349,6.185,5.91,6.056,6.035,6.179,6.172,6.336,6.297,6.015,6.107,6.013,6.04,6.033,5.976,5.918,5.755,5.988,6.132,6.303,6.243,5.982,5.455,5.069,5.008,5.452,5.858,5.896,5.807,5.757,5.708,6.027,6.114,4.133,4.175,4.169,4.123,4.022,4.133,4.16,4.072,4.034,4.132,4.09,3.971,4.166,4.225,4.112,4.02,3.962,3.867,3.589,3.599,3.63,3.919,4.071,4.023,3.944,3.829,4.052,4.109,3.945,3.673,3.634,3.696,3.602,3.872,3.889,3.885,3.897,3.824,3.664,3.432,3.563,3.571,3.627,3.573,3.582,3.589,3.434,3.694,3.751,3.684,3.458,3.563,3.471,3.226,3.471,3.699,3.741,3.712,3.778,3.654,3.437,3.375,3.461,3.604,3.602,3.476,3.373,3.209,3.288,3.284,3.283,3.094,3.262,3.385,3.156,2.993,3.205,3.39,3.507,3.465,3.421,3.273,3.452,3.538,3.506,3.565,3.681,3.561,3.41,3.657,3.752,3.728,5.762,5.817,5.787,5.447,5.725,5.816,5.839,5.76,5.611,5.469,5.107,5.188,5.21,5.213,5.133,4.878,5.044,5.081,5.367,5.358,5.292,5.071,4.99,4.925,4.941,5.379,5.42,5.402,5.479,5.494,4.955,4.733,5.022,5.174,4.904,4.975,4.951,4.98,4.813,4.966,4.921,5.005,5.011,4.969,4.897,4.728,5.105,5.154,5.163,5.146,5.08,4.946,4.651,4.387,4.295,4.602,4.856,4.955,4.981,4.844,4.894,5.332,5.4,5.353,5.44,5.421,5.309,5.386,5.428,5.43,5.427,5.433,5.27,5.141,5.18,5.317,5.397,5.437,5.485,5.503,5.289,5.482,5.56,5.547,5.545,5.546,5.551,5.429,5.568,5.5,5.506,5.188,5.265,5.274,5.089,5.197,5.316,5.38,5.249,5.211,5.009,4.876,5.133,5.141,5.173,5.269,5.375,5.414,5.293,5.501,5.52,5.477,5.499,5.589,5.553,5.363,5.471,5.575,5.664,5.684,5.619,5.559,5.338,5.483,5.461,5.369,5.437,5.477,5.509,5.458,5.546,5.554,5.605,5.619,5.651,5.451,5.234,5.382,5.491,5.595,5.545,5.614,5.548,5.387,5.428,5.524,5.482,5.123,5.289,5.446,5.308,5.377,5.384,5.167,5.238,5.405,5.389,5.266,5.3,5.392,5.525,5.449,5.458,5.484,5.23,5.479,5.57,5.499,5.486,5.56,5.524,5.379,5.53,5.581,5.562,5.655,5.701,5.589,5.471,5.706,5.646,5.93,5.952,6.074,6.016,5.781,5.898,5.569,5.434,5.64,5.966,6.036,5.883,6.191,6.221,6.205,6.07,5.735,5.425,5.037,5.423,5.633,5.782,5.899,5.932,6.07,5.838,6.061,6.132,6.163,6.133,5.9,5.853,5.776,6.027,6.279,6.301,6.34,6.434,6.291,6.131,6.386,6.514,6.561,6.641,6.575,6.512,6.275,6.44,6.615,6.549,6.465,6.334,6.16,5.66,6.023,6.306,6.313,6.369,6.361,6.121,5.583,5.417,5.626,5.858,5.871,6.057,6.145,5.918,6.16,6.363,6.433,6.531,6.484,6.39,6.052,6.167,6.398,6.564,6.404,6.691,6.619,6.383,6.553,6.598,6.186,5.889,5.641,5.799,6.037,6.328,6.439,6.293,6.291,6.407,6.66,6.175,6.486,6.552,6.689,6.779,6.725,6.47,6.193,6.448,6.415,6.297,6.382,6.554,6.435,6.128,6.327,6.367,6.472,6.511,6.5,6.293,5.767,5.795,5.971,5.909,5.761,5.632,0.0,0.0,0.0,0.0,0.0,0.0,0.0,0.0,0.0,0.0,0.0,0.0,0.0,0.0,0.0,0.0,0.0,0.0,0.0,0.0,0.0,0.0,0.0,0.0,0.0,0.0,0.0,0.0,0.0,0.0,0.0,6.376,6.282,6.366,6.597,6.779,6.408,6.485,6.721,6.914,7.068,7.329,7.047,6.835,7.112,6.986,7.288,7.358,7.299,7.116,7.067,7.295,7.353,7.019,6.97,7.187,7.206,7.037,7.203,7.549,7.678,7.751,4.678,4.595,4.453,4.377,4.464,4.394,4.151,4.083,4.021,3.832,4.052,4.231,4.369,4.538,4.399,4.133,3.822,3.941,4.032,4.183,4.24,4.167,3.998,3.711,3.961,4.16,4.221,4.214,4.264,4.205,5.652,5.608,5.848,5.996,6.069,6.133,6.23,6.209,6.304,6.391,6.509,6.548,6.558,6.503,6.293,6.336,6.161,6.387,6.457,6.473,6.387,6.147,6.111,5.971,6.177,6.372,6.393,6.438,6.19,6.276,6.381,6.17,6.13,6.166,6.055,5.862,5.98,6.034,6.057,6.019,5.806,5.448,4.944,4.847,5.184,5.335,5.472,5.549,5.669,5.479,5.6,5.727,5.773,5.853,5.729,5.568,5.189,5.205,5.281,5.298,5.168,4.581,4.498,4.355,4.4,4.372,4.566,4.696,4.773,4.713,4.553,4.785,4.87,4.88,4.832,4.896,4.887,4.638,4.675,4.862,4.967,5.0,5.123,4.995,4.763,4.936,5.034,5.022,4.973,5.07,5.143,4.969,5.876,5.983,6.137,6.132,6.152,5.993,5.732,5.927,5.921,6.025,6.061,6.149,6.235,5.955,6.008,6.214,6.277,6.281,6.311,6.357,6.221,6.241,6.329,6.291,5.867,5.483,5.66,5.828,5.68,5.755,5.762,5.203,5.273,5.442,5.426,5.301,5.336,5.429,5.563,5.487,5.495,5.521,5.265,5.516,5.608,5.536,5.524,5.598,5.562,5.416,5.567,5.619,5.6,5.693,5.74,5.627,5.508,5.745,5.684,5.021,6.208,6.231,6.359,6.298,6.052,6.175,5.831,5.689,5.905,6.246,6.319,6.159,6.481,6.513,6.496,6.355,6.004,5.679,5.273,5.677,5.897,6.053,6.176,6.21,6.355,6.112,6.345,6.42,6.452,6.421,6.176,5.642,5.568,5.81,6.053,6.074,6.112,6.203,6.064,5.91,6.156,6.279,6.325,6.402,6.339,6.278,6.049,6.208,6.377,6.313,6.233,6.105,5.938,5.457,5.807,6.079,6.086,6.14,6.132,5.901,5.382,6.265,6.507,6.776,6.791,7.006,7.108,6.844,7.125,7.359,7.441,7.554,7.5,7.39,7.0,7.132,7.4,7.593,7.407,7.739,7.656,7.383,7.579,7.631,7.155,6.811,6.525,6.707,6.983,7.319,7.447,7.279,6.291,6.407,6.66,6.175,6.486,6.552,6.689,6.779,6.725,6.47,6.193,6.448,6.415,6.297,6.382,6.554,6.435,6.128,6.327,6.367,6.472,6.511,6.5,6.293,5.767,5.795,5.971,5.909,5.761,5.632,6.648,6.586,7.037,7.077,6.898,6.659,6.767,6.535,6.463,7.007,7.011,7.129,7.023,6.976,6.838,6.649,6.882,6.838,6.68,6.862,6.939,6.619,6.296,6.659,6.717,6.426,6.28,6.108,5.929,5.973,6.368,7.761,7.646,7.749,8.03,8.252,7.8,7.893,8.181,8.416,8.603,8.92,8.577,8.319,8.657,8.503,8.871,8.956,8.884,8.661,8.602,8.879,8.949,8.543,8.484,8.748,8.771,8.566,8.768,9.188,9.346,9.434,3.849,3.781,3.664,3.601,3.673,3.616,3.415,3.359,3.309,3.153,3.334,3.482,3.595,3.734,3.619,3.401,3.145,3.243,3.318,3.442,3.488,3.428,3.29,3.054,3.259,3.423,3.473,3.467,3.508,3.46,5.652,5.608,5.848,5.996,6.069,6.133,6.23,6.209,6.304,6.391,6.509,6.548,6.558,6.503,6.293,6.336,6.161,6.387,6.457,6.473,6.387,6.147,6.111,5.971,6.177,6.372,6.393,6.438,6.19,6.276,6.381,6.17,6.13,6.166,6.055,5.862,5.98,6.034,6.057,6.019,5.806,5.448,4.944,4.847,5.184,5.335,5.472,5.549,5.669,5.479,5.6,5.727,5.773,5.853,5.729,5.568,5.189,5.205,5.281,5.298,5.168,4.581,4.498,4.355,4.4,4.372,4.566,4.696,4.773,4.713,4.553,4.785,4.87,4.88,4.832,4.896,4.887,4.638,4.675,4.862,4.967,5.0,5.123,4.995,4.763,4.936,5.034,5.022,4.973,5.07,5.143,4.969
Guntur_112,4.492,4.523,4.608,4.62,4.448,4.474,4.571,4.577,4.485,4.435,4.516,4.518,4.573,4.492,4.361,4.337,4.54,4.52,4.337,4.522,4.554,4.453,4.503,4.612,4.662,4.449,4.592,4.659,4.694,4.726,4.687,5.29,5.036,5.197,5.331,5.332,5.327,5.387,5.202,5.087,5.175,5.199,5.252,5.438,5.429,5.483,5.253,5.382,5.492,5.47,5.35,5.165,5.209,5.072,5.242,5.335,5.393,5.328,5.297,5.237,4.428,4.554,4.604,4.532,4.46,4.488,4.549,4.415,4.382,4.064,4.222,4.479,4.506,4.477,4.305,4.455,4.597,4.578,5.074,5.0,4.823,4.745,4.661,4.85,5.023,5.078,5.058,5.032,4.875,4.747,4.737,5.466,5.587,5.626,5.59,5.373,5.644,5.671,5.642,5.678,5.721,5.615,5.481,5.793,5.687,5.647,5.482,5.442,5.389,5.208,5.533,5.563,5.426,5.512,5.569,5.515,5.408,5.608,5.613,5.624,5.527,4.187,4.197,4.136,4.257,4.241,4.293,4.407,4.402,4.375,4.201,4.134,4.169,4.153,4.12,4.143,4.095,4.108,3.846,4.027,4.147,4.019,3.965,4.069,4.132,3.951,4.045,4.113,4.231,4.219,4.123,4.028,4.275,4.329,4.318,4.436,4.402,4.429,4.346,4.62,4.703,4.763,4.705,4.718,4.58,4.424,4.647,4.643,4.715,4.78,4.682,4.652,4.472,4.728,4.85,4.79,4.789,4.626,4.527,4.39,4.597,4.826,0.0,0.0,0.0,0.0,0.0,0.0,0.0,0.0,0.0,0.0,0.0,0.0,0.0,0.0,0.0,0.0,0.0,0.0,0.0,0.0,0.0,0.0,0.0,0.0,0.0,0.0,0.0,0.0,0.0,0.0,0.0,0.0,0.0,0.0,0.0,0.0,0.0,0.0,0.0,0.0,0.0,0.0,0.0,0.0,0.0,0.0,0.0,0.0,0.0,0.0,0.0,0.0,0.0,0.0,0.0,0.0,0.0,0.0,0.0,0.0,0.0,0.0,6.734,6.757,6.759,6.89,6.944,6.579,6.651,6.836,7.142,7.041,6.949,6.727,6.522,6.594,6.705,6.8,6.671,6.622,6.801,6.502,6.618,6.528,6.413,6.616,6.649,6.353,6.143,6.616,6.757,6.701,7.006,6.962,7.167,6.943,7.074,7.285,7.528,7.632,7.635,7.409,7.0,7.073,7.183,6.875,6.994,7.072,7.231,7.044,7.209,7.216,7.188,7.051,6.874,6.864,6.515,6.645,6.989,7.126,7.286,7.422,7.363,3.76,3.892,3.933,3.92,3.88,3.968,3.91,3.753,3.83,3.817,3.79,3.856,3.786,3.446,3.348,3.373,3.594,3.698,3.761,3.789,3.759,3.696,3.876,3.86,3.754,3.537,3.545,3.615,3.679,3.808,4.273,4.336,4.29,4.332,4.306,4.12,4.202,4.275,4.198,4.265,4.302,4.22,4.107,4.223,4.337,4.341,4.382,4.443,4.368,4.306,4.422,4.531,4.589,4.52,4.514,4.584,4.41,4.542,4.59,4.566,4.566,5.238,5.085,4.909,5.043,5.083,5.103,5.034,5.094,4.996,4.977,5.179,5.208,5.189,5.128,5.138,5.241,5.178,5.233,5.407,5.514,5.609,5.58,5.494,5.302,5.35,5.166,5.302,5.369,5.47,5.459,5.299,4.229,4.281,4.315,4.236,4.251,4.22,4.102,4.147,4.243,4.323,4.343,4.346,4.326,4.223,4.291,4.291,4.276,4.238,4.19,4.191,4.121,4.282,4.352,4.417,4.431,4.46,4.439,4.369,5.341,5.368,5.35,5.331,5.45,5.419,5.208,5.33,5.432,5.49,5.434,5.247,5.151,5.149,5.341,5.381,5.462,5.542,5.526,5.467,5.294,5.35,5.217,5.341,5.427,5.352,5.379,5.177,4.881,4.961,5.192,5.046,5.175,5.216,5.104,5.24,5.238,5.243,5.365,5.313,5.301,5.111,5.276,5.309,5.113,5.135,5.177,5.051,5.016,5.116,5.211,5.045,4.946,4.894,4.972,4.872,5.055,5.131,5.11,5.131,5.101,4.097,4.02,4.044,4.064,3.986,4.031,4.117,4.087,3.999,4.077,3.978,3.848,3.737,3.863,3.835,3.549,3.568,3.486,3.494,3.469,3.517,3.639,3.713,3.798,3.737,3.667,3.681,3.822,3.912,3.69,3.874,3.365,3.623,3.693,3.704,3.616,3.448,3.553,3.496,3.486,3.411,3.298,3.29,3.13,3.412,3.429,3.516,3.54,3.565,3.414,3.24,3.511,3.643,3.843,3.692,3.676,3.575,3.661,3.935,4.067,3.98,2.963,2.86,2.869,2.904,3.069,3.127,3.104,3.045,3.0,3.055,2.85,2.819,2.789,2.752,2.799,2.933,2.959,2.685,2.481,2.484,2.432,2.505,2.638,2.581,2.541,2.624,2.6,2.448,2.496,2.483,2.445,9.291,10.146,10.427,10.598,10.965,11.119,11.482,11.412,11.633,11.652,11.672,11.837,11.937,11.64,11.343,10.665,12.153,11.951,11.635,11.55,11.328,10.843,11.306,11.383,11.437,11.534,11.691,11.587,11.167,11.357,11.284,0.0,0.0,0.0,0.0,0.0,0.0,0.0,0.0,0.0,0.0,0.0,0.0,0.0,0.0,0.0,0.0,0.0,0.0,0.0,0.0,0.0,0.0,0.0,0.0,0.0,0.0,0.0,0.0,0.0,0.0,3.85,3.711,3.621,3.787,3.87,3.946,3.948,3.987,3.93,3.806,3.986,4.028,4.035,3.978,3.854,3.903,3.698,3.611,3.769,3.804,3.781,3.757,3.807,3.576,3.722,3.753,3.744,3.716,3.764,3.727,3.667,4.248,4.248,4.201,3.88,3.759,4.02,3.941,4.154,4.266,4.416,4.295,4.387,4.355,4.284,4.341,4.334,4.383,4.422,4.31,4.312,4.128,4.366,4.432,4.458,4.418,4.385,4.324,4.089,4.166,4.185,3.955,3.843,3.92,3.928,3.845,3.972,4.051,4.04,4.084,4.022,3.986,3.821,4.009,4.142,4.13,4.09,4.069,4.063,3.86,4.137,4.26,4.334,4.377,4.41,4.365,4.235,4.324,4.235,4.133,4.09,4.161,5.407,5.201,5.493,5.644,5.73,5.621,5.598,5.403,5.16,5.332,5.362,5.388,5.496,5.392,5.256,5.254,5.505,5.675,5.679,5.652,5.703,5.399,5.312,5.606,5.64,5.461,5.554,5.634,5.657,5.651,5.755,5.525,5.547,5.334,5.426,5.491,5.413,5.509,5.661,5.559,5.442,5.472,5.458,5.392,5.427,5.465,5.544,5.496,5.524,5.476,5.385,5.524,5.507,5.514,5.669,5.549,5.459,5.256,5.488,5.672,5.556,5.523,5.678,5.769,5.628,5.606,5.647,5.703,5.804,5.879,5.865,5.722,5.85,5.888,5.968,5.946,5.615,5.656,5.766,5.93,5.979,6.012,6.067,6.041,6.0,5.814,5.922,5.978,6.089,6.126,7.004,6.997,6.779,7.021,7.093,6.962,7.073,7.032,7.059,6.836,6.973,7.075,7.089,7.02,6.948,7.048,6.726,6.909,7.031,6.978,7.005,7.021,7.012,6.79,7.028,7.111,7.184,7.136,7.072,6.889,6.679,6.844,6.82,6.982,6.975,7.16,7.116,6.797,6.902,6.795,6.826,6.817,6.753,6.687,6.503,6.767,6.929,7.123,7.054,6.76,6.164,5.729,5.659,6.161,6.62,6.662,6.562,6.505,6.45,6.811,6.91,4.133,4.175,4.169,4.123,4.022,4.133,4.16,4.072,4.034,4.132,4.09,3.971,4.166,4.225,4.112,4.02,3.962,3.867,3.589,3.599,3.63,3.919,4.071,4.023,3.944,3.829,4.052,4.109,3.945,3.673,3.634,3.696,3.602,3.872,3.889,3.885,3.897,3.824,3.664,3.432,3.563,3.571,3.627,3.573,3.582,3.589,3.434,3.694,3.751,3.684,3.458,3.563,3.471,3.226,3.471,3.699,3.741,3.712,3.778,3.654,3.437,3.375,3.461,3.604,3.602,3.476,3.373,3.209,3.288,3.284,3.283,3.094,3.262,3.385,3.156,2.993,3.205,3.39,3.507,3.465,3.421,3.273,3.452,3.538,3.506,3.565,3.681,3.561,3.41,3.657,3.752,3.728,6.722,6.786,6.751,6.355,6.68,6.785,6.812,6.72,6.546,6.38,5.958,6.053,6.078,6.082,5.989,5.691,5.884,5.927,6.261,6.251,6.174,5.916,5.822,5.745,5.764,6.275,6.324,6.302,6.393,6.409,5.756,5.499,5.835,6.011,5.698,5.78,5.752,5.785,5.592,5.77,5.717,5.815,5.821,5.773,5.689,5.493,5.931,5.988,5.998,5.979,5.902,5.746,5.404,5.096,4.989,5.346,5.641,5.757,5.787,5.627,5.686,5.634,5.706,5.657,5.748,5.728,5.609,5.691,5.736,5.737,5.735,5.74,5.569,5.432,5.474,5.619,5.703,5.745,5.796,5.814,5.589,5.793,5.875,5.861,5.859,5.86,5.866,5.737,5.884,5.811,5.818,5.054,5.128,5.137,4.957,5.062,5.179,5.24,5.113,5.076,4.879,4.75,5.0,5.008,5.039,5.132,5.235,5.274,5.156,5.359,5.376,5.335,5.357,5.445,5.409,5.224,5.33,5.43,5.517,5.536,5.473,5.415,6.91,7.097,7.069,6.95,7.037,7.089,7.13,7.066,7.18,7.19,7.255,7.274,7.315,7.056,6.775,6.966,7.107,7.242,7.178,7.267,7.181,6.973,7.026,7.15,7.096,6.632,6.846,7.049,6.87,6.961,6.969,5.986,6.067,6.261,6.243,6.1,6.14,6.246,6.4,6.313,6.323,6.352,6.058,6.346,6.452,6.37,6.356,6.441,6.399,6.231,6.405,6.465,6.444,6.551,6.604,6.474,6.337,6.61,6.54,7.113,7.14,7.286,7.216,6.934,7.075,6.681,6.518,6.765,7.156,7.24,7.057,7.426,7.462,7.443,7.281,6.88,6.507,6.042,6.505,6.757,6.935,7.076,7.116,7.282,7.003,7.27,7.355,7.393,7.357,7.077,6.027,5.949,6.207,6.466,6.489,6.529,6.626,6.479,6.314,6.577,6.708,6.757,6.84,6.772,6.707,6.463,6.633,6.813,6.744,6.658,6.523,6.344,5.829,6.203,6.495,6.502,6.559,6.551,6.304,5.749,6.029,6.262,6.521,6.535,6.742,6.84,6.587,6.857,7.082,7.161,7.27,7.218,7.112,6.737,6.864,7.122,7.307,7.128,7.448,7.367,7.105,7.293,7.344,6.885,6.555,6.279,6.454,6.72,7.043,7.167,7.005,7.699,7.841,8.151,7.557,7.937,8.018,8.186,8.295,8.23,7.918,7.579,7.891,7.85,7.706,7.81,8.021,7.875,7.499,7.743,7.791,7.92,7.968,7.955,7.702,7.057,7.092,7.307,7.232,7.051,6.892,0.0,0.0,0.0,0.0,0.0,0.0,0.0,0.0,0.0,0.0,0.0,0.0,0.0,0.0,0.0,0.0,0.0,0.0,0.0,0.0,0.0,0.0,0.0,0.0,0.0,0.0,0.0,0.0,0.0,0.0,0.0,7.692,7.578,7.68,7.958,8.178,7.73,7.823,8.108,8.341,8.526,8.841,8.501,8.245,8.58,8.428,8.792,8.876,8.805,8.584,8.525,8.8,8.87,8.467,8.408,8.67,8.692,8.489,8.69,9.107,9.263,9.35,6.778,6.658,6.453,6.343,6.469,6.368,6.015,5.916,5.827,5.553,5.872,6.132,6.332,6.575,6.374,5.989,5.539,5.711,5.843,6.062,6.143,6.038,5.794,5.378,5.74,6.028,6.116,6.107,6.178,6.093,5.773,5.728,5.973,6.125,6.199,6.264,6.364,6.342,6.439,6.528,6.649,6.688,6.699,6.643,6.428,6.471,6.293,6.524,6.595,6.612,6.524,6.279,6.242,6.099,6.31,6.509,6.53,6.576,6.322,6.411,6.517,6.579,6.536,6.574,6.456,6.251,6.376,6.434,6.458,6.418,6.19,5.809,5.271,5.168,5.527,5.689,5.835,5.917,6.044,5.842,5.971,6.106,6.155,6.24,6.109,5.936,5.533,5.549,5.63,5.649,5.511,4.805,4.717,4.567,4.614,4.585,4.788,4.925,5.005,4.942,4.775,5.018,5.108,5.118,5.068,5.134,5.125,4.864,4.902,5.099,5.209,5.243,5.373,5.238,4.995,5.177,5.279,5.266,5.215,5.317,5.394,5.212,6.376,6.491,6.659,6.653,6.675,6.502,6.22,6.431,6.424,6.537,6.576,6.672,6.764,6.461,6.519,6.742,6.81,6.815,6.848,6.898,6.749,6.772,6.867,6.825,6.366,5.949,6.141,6.323,6.163,6.244,6.251,5.583,5.659,5.84,5.822,5.689,5.726,5.825,5.969,5.887,5.897,5.924,5.65,5.919,6.017,5.941,5.927,6.007,5.968,5.812,5.974,6.029,6.009,6.109,6.159,6.038,5.91,6.165,6.1,5.388,9.021,9.055,9.241,9.152,8.795,8.973,8.473,8.267,8.58,9.076,9.183,8.95,9.418,9.464,9.439,9.234,8.725,8.253,7.662,8.25,8.569,8.796,8.974,9.025,9.235,8.882,9.221,9.329,9.376,9.331,8.975,6.642,6.555,6.84,7.126,7.151,7.195,7.302,7.139,6.958,7.248,7.392,7.446,7.537,7.462,7.391,7.121,7.309,7.507,7.432,7.337,7.188,6.991,6.424,6.836,7.157,7.164,7.228,7.218,6.947,6.335,6.044,6.278,6.537,6.552,6.759,6.857,6.603,6.874,7.1,7.179,7.288,7.236,7.13,6.753,6.881,7.14,7.325,7.146,7.466,7.386,7.123,7.312,7.362,6.902,6.571,6.295,6.47,6.737,7.061,7.184,7.022,7.699,7.841,8.151,7.557,7.937,8.018,8.186,8.295,8.23,7.918,7.579,7.891,7.85,7.706,7.81,8.021,7.875,7.499,7.743,7.791,7.92,7.968,7.955,7.702,7.057,7.092,7.307,7.232,7.051,6.892,6.414,6.354,6.789,6.828,6.655,6.424,6.529,6.305,6.235,6.76,6.764,6.878,6.775,6.73,6.597,6.414,6.639,6.597,6.444,6.62,6.694,6.385,6.074,6.425,6.48,6.199,6.059,5.893,5.72,5.762,6.144,5.444,5.363,5.435,5.632,5.788,5.471,5.536,5.738,5.903,6.034,6.257,6.016,5.836,6.072,5.964,6.222,6.282,6.232,6.075,6.034,6.228,6.277,5.992,5.951,6.136,6.152,6.008,6.15,6.445,6.556,6.617,6.976,6.853,6.641,6.528,6.658,6.554,6.191,6.089,5.997,5.715,6.044,6.311,6.517,6.768,6.56,6.164,5.701,5.878,6.013,6.239,6.323,6.215,5.963,5.535,5.908,6.205,6.295,6.285,6.359,6.271,5.773,5.728,5.973,6.125,6.199,6.264,6.364,6.342,6.439,6.528,6.649,6.688,6.699,6.643,6.428,6.471,6.293,6.524,6.595,6.612,6.524,6.279,6.242,6.099,6.31,6.509,6.53,6.576,6.322,6.411,6.517,6.579,6.536,6.574,6.456,6.251,6.376,6.434,6.458,6.418,6.19,5.809,5.271,5.168,5.527,5.689,5.835,5.917,6.044,5.842,5.971,6.106,6.155,6.24,6.109,5.936,5.533,5.549,5.63,5.649,5.511,4.805,4.717,4.567,4.614,4.585,4.788,4.925,5.005,4.942,4.775,5.018,5.108,5.118,5.068,5.134,5.125,4.864,4.902,5.099,5.209,5.243,5.373,5.238,4.995,5.177,5.279,5.266,5.215,5.317,5.394,5.212
Guntur_113,4.625,4.656,4.744,4.756,4.579,4.605,4.706,4.712,4.618,4.566,4.65,4.651,4.708,4.624,4.49,4.465,4.674,4.653,4.465,4.655,4.689,4.584,4.636,4.748,4.799,4.58,4.727,4.796,4.833,4.865,4.825,4.466,4.251,4.387,4.501,4.502,4.498,4.548,4.392,4.295,4.369,4.389,4.434,4.591,4.584,4.629,4.435,4.544,4.637,4.618,4.517,4.36,4.398,4.282,4.426,4.504,4.553,4.499,4.472,4.422,4.902,5.042,5.097,5.017,4.938,4.968,5.036,4.888,4.851,4.499,4.674,4.959,4.989,4.957,4.766,4.932,5.089,5.068,5.617,5.535,5.339,5.253,5.16,5.37,5.561,5.622,5.6,5.57,5.397,5.256,5.244,5.647,5.772,5.811,5.774,5.55,5.83,5.858,5.828,5.866,5.91,5.8,5.662,5.984,5.875,5.833,5.663,5.621,5.566,5.38,5.716,5.746,5.604,5.694,5.753,5.697,5.586,5.793,5.799,5.809,5.709,4.692,4.703,4.635,4.771,4.752,4.811,4.939,4.933,4.902,4.708,4.632,4.672,4.654,4.617,4.643,4.589,4.603,4.309,4.512,4.648,4.504,4.443,4.559,4.631,4.427,4.532,4.61,4.742,4.728,4.621,4.513,4.019,4.07,4.059,4.17,4.138,4.164,4.085,4.343,4.42,4.478,4.423,4.435,4.305,4.158,4.368,4.364,4.433,4.493,4.401,4.373,4.203,4.444,4.559,4.502,4.501,4.348,4.255,4.126,4.321,4.537,345.504,348.416,347.043,325.967,293.987,309.211,330.035,328.695,335.132,334.69,315.108,294.096,339.745,356.112,344.045,339.628,344.265,348.813,330.008,325.025,316.626,337.145,340.008,342.363,336.706,327.22,340.513,351.325,345.692,341.718,347.882,338.305,326.867,320.617,320.751,317.795,308.93,328.577,343.407,334.111,334.291,329.194,311.574,313.241,309.756,308.746,301.153,324.76,330.027,316.59,313.28,314.391,312.4,301.595,314.368,324.639,332.987,325.316,324.003,320.673,303.236,322.508,4.791,4.807,4.809,4.902,4.94,4.681,4.732,4.864,5.081,5.01,4.944,4.786,4.64,4.692,4.771,4.838,4.747,4.712,4.839,4.626,4.709,4.645,4.563,4.708,4.731,4.52,4.371,4.707,4.808,4.768,4.113,4.087,4.208,4.077,4.153,4.278,4.42,4.481,4.483,4.35,4.11,4.153,4.217,4.036,4.106,4.152,4.245,4.136,4.233,4.237,4.221,4.14,4.036,4.03,3.825,3.902,4.103,4.184,4.278,4.358,4.323,4.13,4.275,4.321,4.306,4.263,4.359,4.295,4.123,4.207,4.192,4.163,4.236,4.159,3.785,3.678,3.705,3.948,4.062,4.131,4.162,4.129,4.06,4.258,4.24,4.124,3.886,3.894,3.971,4.041,4.183,4.31,4.374,4.328,4.37,4.344,4.156,4.239,4.312,4.235,4.303,4.34,4.257,4.143,4.26,4.375,4.379,4.42,4.482,4.406,4.344,4.461,4.571,4.629,4.56,4.553,4.624,4.449,4.582,4.631,4.606,4.606,5.212,5.061,4.885,5.018,5.058,5.078,5.009,5.07,4.971,4.953,5.154,5.182,5.164,5.103,5.113,5.216,5.152,5.207,5.381,5.488,5.582,5.553,5.467,5.276,5.324,5.141,5.276,5.342,5.443,5.432,5.273,5.169,5.233,5.275,5.178,5.197,5.159,5.014,5.069,5.187,5.285,5.309,5.312,5.288,5.162,5.245,5.245,5.227,5.18,5.122,5.123,5.038,5.234,5.32,5.399,5.417,5.452,5.427,5.341,5.327,5.354,5.336,5.316,5.435,5.404,5.194,5.316,5.417,5.475,5.419,5.232,5.137,5.135,5.327,5.366,5.448,5.527,5.511,5.452,5.28,5.336,5.203,5.327,5.412,5.337,5.364,5.163,4.867,4.948,5.178,5.347,5.484,5.527,5.409,5.553,5.551,5.556,5.686,5.631,5.617,5.416,5.591,5.626,5.418,5.441,5.486,5.353,5.316,5.421,5.522,5.346,5.241,5.187,5.268,5.163,5.357,5.438,5.415,5.437,5.405,5.302,5.203,5.234,5.26,5.158,5.217,5.328,5.29,5.176,5.277,5.149,4.981,4.836,5.0,4.963,4.593,4.617,4.511,4.522,4.489,4.552,4.709,4.806,4.915,4.837,4.746,4.765,4.946,5.064,4.775,5.013,3.795,4.086,4.165,4.178,4.079,3.89,4.008,3.943,3.932,3.847,3.72,3.71,3.53,3.849,3.867,3.966,3.992,4.021,3.85,3.655,3.96,4.11,4.335,4.164,4.146,4.032,4.13,4.438,4.588,4.489,4.155,4.012,4.024,4.073,4.305,4.386,4.354,4.271,4.208,4.285,3.998,3.954,3.912,3.859,3.926,4.113,4.15,3.765,3.48,3.484,3.412,3.513,3.699,3.621,3.564,3.68,3.647,3.434,3.501,3.483,3.43,13.691,14.952,15.366,15.618,16.158,16.386,16.92,16.817,17.144,17.171,17.201,17.444,17.591,17.153,16.716,15.717,17.909,17.612,17.147,17.021,16.693,15.979,16.661,16.776,16.854,16.997,17.229,17.075,16.457,16.737,16.629,0.0,0.0,0.0,0.0,0.0,0.0,0.0,0.0,0.0,0.0,0.0,0.0,0.0,0.0,0.0,0.0,0.0,0.0,0.0,0.0,0.0,0.0,0.0,0.0,0.0,0.0,0.0,0.0,0.0,0.0,4.732,4.561,4.45,4.655,4.756,4.851,4.853,4.901,4.83,4.677,4.899,4.951,4.959,4.889,4.736,4.797,4.546,4.438,4.632,4.676,4.647,4.618,4.679,4.395,4.574,4.613,4.602,4.568,4.627,4.58,4.507,4.13,4.13,4.084,3.773,3.654,3.908,3.832,4.039,4.148,4.294,4.176,4.266,4.234,4.165,4.221,4.214,4.262,4.299,4.19,4.193,4.014,4.244,4.309,4.335,4.296,4.263,4.204,3.976,4.05,4.069,3.685,3.581,3.653,3.66,3.582,3.701,3.775,3.764,3.805,3.747,3.714,3.561,3.736,3.859,3.848,3.811,3.792,3.786,3.596,3.855,3.97,4.038,4.079,4.109,4.068,3.946,4.029,3.946,3.851,3.811,3.877,4.79,4.608,4.867,5.001,5.076,4.98,4.959,4.787,4.571,4.724,4.751,4.774,4.869,4.777,4.657,4.655,4.877,5.028,5.031,5.007,5.052,4.783,4.706,4.967,4.997,4.838,4.921,4.991,5.012,5.007,5.098,6.034,6.058,5.826,5.926,5.997,5.911,6.016,6.182,6.071,5.943,5.976,5.961,5.889,5.927,5.968,6.054,6.002,6.033,5.981,5.881,6.032,6.014,6.022,6.191,6.06,5.962,5.739,5.993,6.126,6.001,5.965,6.132,6.231,6.079,6.055,6.099,6.159,6.268,6.35,6.335,6.18,6.318,6.36,6.446,6.422,6.065,6.109,6.228,6.404,6.457,6.493,6.552,6.525,6.481,6.28,6.396,6.457,6.576,6.616,6.203,6.197,6.004,6.218,6.282,6.166,6.264,6.228,6.252,6.054,6.176,6.266,6.279,6.217,6.153,6.242,5.957,6.119,6.227,6.18,6.204,6.218,6.21,6.014,6.224,6.298,6.362,6.32,6.263,6.101,6.372,6.529,6.506,6.661,6.654,6.83,6.788,6.485,6.584,6.482,6.512,6.503,6.442,6.379,6.204,6.455,6.61,6.795,6.73,6.449,5.881,5.465,5.399,5.878,6.315,6.355,6.26,6.206,6.153,6.497,6.592,6.735,6.804,6.795,6.719,6.555,6.735,6.78,6.636,6.574,6.734,6.666,6.472,6.79,6.886,6.701,6.552,6.457,6.302,5.849,5.866,5.916,6.386,6.634,6.557,6.427,6.24,6.604,6.697,6.43,5.987,5.923,6.024,5.871,6.311,6.338,6.331,6.352,6.232,5.971,5.594,5.807,5.82,5.911,5.823,5.837,5.849,5.596,6.02,6.113,6.004,5.636,5.807,5.657,5.258,5.657,6.028,6.097,6.049,6.157,5.956,5.602,6.072,6.226,6.483,6.478,6.252,6.068,5.772,5.914,5.908,5.905,5.565,5.867,6.09,5.677,5.384,5.766,6.098,6.308,6.232,6.153,5.888,6.209,6.364,6.307,6.412,6.622,6.406,6.134,6.577,6.749,6.705,6.993,7.06,7.023,6.611,6.949,7.058,7.087,6.991,6.809,6.637,6.198,6.297,6.323,6.327,6.23,5.92,6.121,6.166,6.513,6.502,6.422,6.155,6.057,5.977,5.997,6.528,6.579,6.556,6.65,6.667,5.346,5.107,5.419,5.582,5.292,5.368,5.342,5.373,5.194,5.359,5.31,5.401,5.406,5.361,5.284,5.101,5.508,5.561,5.571,5.553,5.481,5.336,5.019,4.733,4.634,4.965,5.239,5.347,5.374,5.226,5.281,5.233,5.3,5.254,5.339,5.321,5.211,5.287,5.328,5.329,5.327,5.332,5.172,5.046,5.084,5.219,5.297,5.337,5.384,5.401,5.191,5.381,5.457,5.444,5.442,5.443,5.449,5.329,5.465,5.398,5.404,6.077,6.166,6.176,5.96,6.086,6.226,6.3,6.148,6.103,5.867,5.711,6.012,6.022,6.058,6.171,6.295,6.341,6.199,6.443,6.464,6.414,6.441,6.546,6.504,6.281,6.408,6.529,6.633,6.657,6.58,6.511,7.58,7.786,7.754,7.624,7.72,7.777,7.822,7.751,7.876,7.887,7.959,7.979,8.025,7.74,7.432,7.642,7.797,7.945,7.874,7.972,7.878,7.65,7.707,7.844,7.785,7.275,7.51,7.733,7.537,7.636,7.645,7.478,7.58,7.822,7.8,7.62,7.671,7.803,7.996,7.886,7.899,7.936,7.568,7.929,8.061,7.958,7.94,8.047,7.995,7.785,8.002,8.076,8.05,8.184,8.251,8.088,7.917,8.258,8.171,7.937,7.967,8.13,8.052,7.738,7.894,7.455,7.273,7.549,7.985,8.079,7.874,8.286,8.326,8.305,8.124,7.677,7.261,6.741,7.258,7.539,7.739,7.896,7.94,8.125,7.815,8.112,8.207,8.249,8.209,7.896,5.254,5.186,5.411,5.637,5.657,5.692,5.777,5.648,5.504,5.734,5.848,5.891,5.963,5.904,5.847,5.634,5.782,5.939,5.879,5.805,5.686,5.531,5.082,5.408,5.662,5.668,5.718,5.711,5.496,5.012,5.921,6.149,6.403,6.418,6.62,6.717,6.468,6.733,6.955,7.032,7.139,7.088,6.984,6.615,6.74,6.994,7.175,7.0,7.314,7.235,6.977,7.162,7.212,6.761,6.437,6.166,6.338,6.599,6.917,7.038,6.879,6.44,6.558,6.817,6.321,6.638,6.706,6.847,6.938,6.884,6.623,6.339,6.6,6.566,6.445,6.532,6.709,6.587,6.272,6.477,6.517,6.624,6.665,6.654,6.442,5.903,5.932,6.112,6.049,5.897,5.764,6.776,6.713,7.173,7.213,7.031,6.787,6.897,6.661,6.587,7.141,7.145,7.266,7.157,7.109,6.97,6.776,7.014,6.969,6.808,6.994,7.072,6.746,6.417,6.787,6.846,6.549,6.401,6.226,6.043,6.088,6.491,7.002,6.898,6.991,7.244,7.445,7.037,7.121,7.381,7.593,7.761,8.048,7.738,7.506,7.81,7.671,8.003,8.08,8.015,7.814,7.76,8.011,8.074,7.707,7.654,7.892,7.913,7.728,7.91,8.29,8.432,8.511,5.856,5.752,5.575,5.48,5.589,5.501,5.197,5.111,5.034,4.798,5.073,5.298,5.47,5.681,5.507,5.174,4.785,4.934,5.048,5.237,5.308,5.217,5.006,4.646,4.959,5.208,5.284,5.276,5.338,5.264,5.754,5.709,5.953,6.104,6.178,6.244,6.343,6.321,6.418,6.506,6.627,6.666,6.677,6.621,6.407,6.45,6.273,6.502,6.574,6.59,6.502,6.258,6.221,6.079,6.289,6.487,6.508,6.554,6.301,6.389,6.496,8.92,8.862,8.913,8.754,8.474,8.644,8.723,8.756,8.701,8.393,7.875,7.147,7.007,7.493,7.713,7.911,8.022,8.195,7.921,8.095,8.278,8.345,8.461,8.282,8.049,7.502,7.524,7.633,7.658,7.471,6.535,6.416,6.211,6.276,6.236,6.513,6.699,6.808,6.722,6.495,6.826,6.947,6.961,6.893,6.983,6.971,6.616,6.668,6.935,7.085,7.132,7.308,7.124,6.795,7.041,7.18,7.163,7.093,7.231,7.336,7.089,6.585,6.704,6.877,6.871,6.893,6.715,6.424,6.642,6.635,6.751,6.791,6.891,6.986,6.673,6.732,6.963,7.033,7.038,7.072,7.124,6.971,6.994,7.092,7.049,6.574,6.144,6.343,6.531,6.365,6.449,6.456,9.491,9.62,9.928,9.899,9.671,9.735,9.904,10.148,10.009,10.025,10.072,9.605,10.063,10.23,10.1,10.077,10.213,10.146,9.88,10.156,10.25,10.217,10.387,10.471,10.265,10.048,10.481,10.37,9.16,9.684,9.72,9.92,9.824,9.441,9.632,9.095,8.874,9.211,9.743,9.857,9.607,10.11,10.159,10.133,9.913,9.366,8.859,8.225,8.856,9.199,9.442,9.634,9.688,9.914,9.535,9.898,10.014,10.065,10.016,9.635,7.414,7.318,7.635,7.955,7.982,8.032,8.151,7.97,7.767,8.091,8.252,8.312,8.414,8.33,8.25,7.95,8.159,8.381,8.296,8.191,8.024,7.804,7.171,7.631,7.989,7.998,8.069,8.058,7.755,7.072,5.118,5.315,5.535,5.547,5.723,5.806,5.591,5.82,6.011,6.078,6.171,6.126,6.037,5.718,5.826,6.045,6.202,6.051,6.322,6.254,6.031,6.191,6.234,5.844,5.564,5.33,5.479,5.704,5.979,6.083,5.946,6.44,6.558,6.817,6.321,6.638,6.706,6.847,6.938,6.884,6.623,6.339,6.6,6.566,6.445,6.532,6.709,6.587,6.272,6.477,6.517,6.624,6.665,6.654,6.442,5.903,5.932,6.112,6.049,5.897,5.764,5.431,5.38,5.749,5.781,5.635,5.439,5.528,5.338,5.279,5.723,5.727,5.823,5.736,5.698,5.586,5.431,5.621,5.585,5.456,5.606,5.668,5.406,5.143,5.44,5.486,5.249,5.13,4.99,4.843,4.879,5.202,4.301,4.237,4.294,4.45,4.573,4.323,4.374,4.534,4.664,4.767,4.944,4.754,4.611,4.797,4.712,4.916,4.963,4.923,4.8,4.767,4.921,4.96,4.734,4.702,4.848,4.861,4.747,4.859,5.092,5.18,5.228,6.976,6.853,6.641,6.528,6.658,6.554,6.191,6.089,5.997,5.715,6.044,6.311,6.517,6.768,6.56,6.164,5.701,5.878,6.013,6.239,6.323,6.215,5.963,5.535,5.908,6.205,6.295,6.285,6.359,6.271,5.754,5.709,5.953,6.104,6.178,6.244,6.343,6.321,6.418,6.506,6.627,6.666,6.677,6.621,6.407,6.45,6.273,6.502,6.574,6.59,6.502,6.258,6.221,6.079,6.289,6.487,6.508,6.554,6.301,6.389,6.496,8.92,8.862,8.913,8.754,8.474,8.644,8.723,8.756,8.701,8.393,7.875,7.147,7.007,7.493,7.713,7.911,8.022,8.195,7.921,8.095,8.278,8.345,8.461,8.282,8.049,7.502,7.524,7.633,7.658,7.471,6.535,6.416,6.211,6.276,6.236,6.513,6.699,6.808,6.722,6.495,6.826,6.947,6.961,6.893,6.983,6.971,6.616,6.668,6.935,7.085,7.132,7.308,7.124,6.795,7.041,7.18,7.163,7.093,7.231,7.336,7.089
Guntur_114,9.363,9.427,9.605,9.629,9.271,9.324,9.527,9.54,9.349,9.244,9.413,9.417,9.532,9.362,9.09,9.041,9.462,9.42,9.039,9.424,9.493,9.281,9.385,9.612,9.716,9.272,9.571,9.711,9.785,9.85,9.769,10.973,10.447,10.781,11.06,11.062,11.052,11.176,10.791,10.554,10.735,10.785,10.896,11.282,11.264,11.374,10.898,11.165,11.394,11.347,11.1,10.714,10.806,10.521,10.875,11.068,11.189,11.054,10.989,10.865,11.214,11.534,11.661,11.478,11.297,11.366,11.52,11.182,11.098,10.292,10.693,11.344,11.413,11.34,10.904,11.284,11.643,11.594,12.851,12.663,12.215,12.018,11.805,12.285,12.721,12.862,12.81,12.743,12.347,12.024,11.997,12.064,12.331,12.416,12.337,11.858,12.455,12.515,12.451,12.532,12.626,12.391,12.096,12.785,12.551,12.461,12.098,12.009,11.892,11.493,12.212,12.276,11.974,12.164,12.291,12.172,11.935,12.375,12.388,12.411,12.197,12.546,12.575,12.392,12.754,12.706,12.862,13.204,13.188,13.107,12.587,12.385,12.49,12.443,12.343,12.413,12.269,12.308,11.522,12.064,12.426,12.042,11.879,12.19,12.381,11.836,12.118,12.324,12.677,12.642,12.354,12.067,10.181,10.31,10.282,10.563,10.482,10.548,10.349,11.001,11.198,11.343,11.204,11.234,10.907,10.534,11.065,11.056,11.229,11.383,11.149,11.077,10.649,11.259,11.55,11.406,11.403,11.015,10.78,10.453,10.946,11.493,0.0,0.0,0.0,0.0,0.0,0.0,0.0,0.0,0.0,0.0,0.0,0.0,0.0,0.0,0.0,0.0,0.0,0.0,0.0,0.0,0.0,0.0,0.0,0.0,0.0,0.0,0.0,0.0,0.0,0.0,0.0,0.0,0.0,0.0,0.0,0.0,0.0,0.0,0.0,0.0,0.0,0.0,0.0,0.0,0.0,0.0,0.0,0.0,0.0,0.0,0.0,0.0,0.0,0.0,0.0,0.0,0.0,0.0,0.0,0.0,0.0,0.0,4.137,4.151,4.153,4.233,4.266,4.043,4.086,4.2,4.388,4.326,4.27,4.133,4.007,4.051,4.12,4.178,4.099,4.069,4.179,3.995,4.066,4.011,3.94,4.065,4.085,3.903,3.774,4.065,4.152,4.117,9.067,9.01,9.276,8.986,9.155,9.429,9.742,9.878,9.881,9.589,9.06,9.154,9.296,8.897,9.051,9.153,9.358,9.116,9.33,9.339,9.303,9.126,8.896,8.884,8.431,8.601,9.045,9.222,9.429,9.606,9.53,10.904,11.285,11.406,11.368,11.253,11.506,11.339,10.883,11.106,11.068,10.989,11.182,10.978,9.993,9.709,9.78,10.422,10.723,10.905,10.987,10.901,10.717,11.239,11.194,10.887,10.258,10.28,10.482,10.668,11.041,11.917,12.092,11.966,12.083,12.009,11.491,11.72,11.921,11.708,11.896,11.998,11.769,11.453,11.778,12.096,12.107,12.221,12.39,12.182,12.01,12.333,12.638,12.798,12.607,12.588,12.784,12.299,12.667,12.802,12.733,12.734,12.241,11.885,11.472,11.785,11.879,11.925,11.764,11.906,11.675,11.631,12.104,12.17,12.127,11.985,12.007,12.249,12.1,12.229,12.636,12.887,13.109,13.041,12.84,12.39,12.502,12.072,12.391,12.546,12.784,12.758,12.383,12.518,12.672,12.773,12.539,12.585,12.492,12.142,12.275,12.56,12.798,12.856,12.863,12.804,12.501,12.702,12.702,12.657,12.544,12.403,12.407,12.199,12.674,12.882,13.073,13.117,13.203,13.141,12.932,13.31,13.377,13.333,13.283,13.581,13.504,12.977,13.282,13.536,13.68,13.54,13.074,12.837,12.83,13.31,13.408,13.611,13.811,13.769,13.623,13.192,13.332,13.0,13.31,13.523,13.336,13.403,12.9,12.162,12.363,12.939,13.081,13.417,13.522,13.233,13.586,13.581,13.593,13.91,13.775,13.743,13.25,13.677,13.765,13.255,13.312,13.422,13.096,13.005,13.263,13.51,13.08,12.822,12.689,12.889,12.631,13.106,13.303,13.247,13.303,13.224,12.745,12.506,12.582,12.643,12.399,12.54,12.807,12.715,12.442,12.684,12.376,11.972,11.625,12.019,11.93,11.04,11.099,10.844,10.87,10.791,10.941,11.319,11.552,11.815,11.626,11.409,11.453,11.889,12.171,11.479,12.05,10.894,11.728,11.956,11.993,11.707,11.165,11.504,11.319,11.286,11.043,10.677,10.651,10.133,11.048,11.101,11.385,11.46,11.541,11.052,10.491,11.366,11.796,12.443,11.954,11.901,11.574,11.854,12.738,13.168,12.886,0.0,0.0,0.0,0.0,0.0,0.0,0.0,0.0,0.0,0.0,0.0,0.0,0.0,0.0,0.0,0.0,0.0,0.0,0.0,0.0,0.0,0.0,0.0,0.0,0.0,0.0,0.0,0.0,0.0,0.0,0.0,12.735,13.908,14.293,14.527,15.03,15.241,15.739,15.643,15.947,15.972,16.0,16.225,16.363,15.955,15.549,14.619,16.658,16.381,15.949,15.832,15.527,14.863,15.498,15.604,15.677,15.81,16.025,15.882,15.308,15.568,15.468,0.0,0.0,0.0,0.0,0.0,0.0,0.0,0.0,0.0,0.0,0.0,0.0,0.0,0.0,0.0,0.0,0.0,0.0,0.0,0.0,0.0,0.0,0.0,0.0,0.0,0.0,0.0,0.0,0.0,0.0,12.461,12.01,11.718,12.257,12.523,12.772,12.777,12.904,12.718,12.316,12.9,13.035,13.057,12.873,12.471,12.631,11.969,11.685,12.197,12.313,12.235,12.16,12.319,11.574,12.044,12.146,12.116,12.028,12.183,12.061,11.867,10.693,10.692,10.573,9.767,9.461,10.119,9.92,10.456,10.738,11.116,10.811,11.044,10.962,10.783,10.927,10.909,11.034,11.13,10.848,10.855,10.391,10.989,11.156,11.222,11.121,11.038,10.884,10.294,10.486,10.535,9.732,9.457,9.646,9.666,9.46,9.775,9.969,9.941,10.049,9.896,9.809,9.403,9.865,10.192,10.163,10.065,10.013,9.998,9.498,10.18,10.483,10.664,10.771,10.85,10.742,10.42,10.64,10.422,10.169,10.064,10.238,10.577,10.173,10.745,11.041,11.208,10.995,10.95,10.569,10.093,10.43,10.489,10.541,10.75,10.547,10.282,10.277,10.768,11.102,11.109,11.055,11.155,10.561,10.39,10.967,11.033,10.683,10.865,11.021,11.065,11.054,11.257,12.133,12.181,11.714,11.916,12.059,11.886,12.096,12.431,12.208,11.95,12.016,11.986,11.842,11.918,12.0,12.174,12.069,12.131,12.026,11.825,12.129,12.094,12.109,12.449,12.186,11.989,11.541,12.051,10.723,10.503,10.441,10.733,10.906,10.639,10.597,10.675,10.78,10.971,11.114,11.087,10.816,11.059,11.131,11.283,11.24,10.615,10.692,10.901,11.209,11.302,11.365,11.469,11.42,11.343,10.991,11.195,11.301,11.51,11.58,11.665,11.653,11.291,11.693,11.813,11.595,11.78,11.712,11.756,11.385,11.614,11.783,11.807,11.692,11.571,11.738,11.202,11.507,11.709,11.621,11.666,11.693,11.679,11.309,11.704,11.843,11.964,11.885,11.778,11.474,10.414,10.671,10.634,10.887,10.876,11.164,11.095,10.599,10.761,10.595,10.643,10.629,10.529,10.427,10.14,10.551,10.804,11.107,11.0,10.54,9.612,8.932,8.825,9.607,10.322,10.388,10.232,10.143,10.057,10.62,10.774,11.152,11.265,11.251,11.125,10.853,11.152,11.226,10.988,10.884,11.149,11.037,10.716,11.242,11.401,11.096,10.848,10.691,10.434,9.685,9.713,9.795,10.574,10.985,10.857,10.642,10.332,10.934,11.088,10.646,9.912,9.807,9.973,9.72,10.45,10.495,10.482,10.517,10.319,9.887,9.262,9.614,9.636,9.786,9.641,9.665,9.684,9.265,9.967,10.121,9.941,9.332,9.614,9.367,8.705,9.366,9.981,10.095,10.016,10.194,9.861,9.275,11.082,11.364,11.833,11.824,11.412,11.074,10.535,10.794,10.782,10.777,10.157,10.708,11.115,10.361,9.826,10.524,11.13,11.513,11.375,11.231,10.747,11.332,11.616,11.512,11.704,12.086,11.691,11.195,12.004,12.318,12.238,8.507,8.589,8.544,8.043,8.454,8.587,8.622,8.505,8.284,8.075,7.54,7.66,7.693,7.697,7.58,7.202,7.447,7.501,7.924,7.911,7.813,7.488,7.368,7.271,7.295,7.942,8.003,7.976,8.09,8.112,9.556,9.129,9.686,9.978,9.459,9.595,9.549,9.604,9.283,9.578,9.491,9.653,9.664,9.583,9.445,9.118,9.846,9.941,9.957,9.925,9.798,9.539,8.971,8.46,8.283,8.876,9.365,9.557,9.606,9.342,9.439,11.033,11.175,11.078,11.257,11.218,10.986,11.146,11.233,11.236,11.231,11.242,10.905,10.639,10.72,11.004,11.169,11.252,11.351,11.387,10.945,11.345,11.505,11.479,11.474,11.477,11.487,11.235,11.523,11.381,11.394,10.517,10.672,10.69,10.315,10.534,10.776,10.904,10.64,10.562,10.154,9.884,10.405,10.422,10.485,10.68,10.895,10.975,10.73,11.151,11.188,11.101,11.147,11.33,11.257,10.871,11.09,11.3,11.48,11.521,11.389,11.268,11.288,11.594,11.547,11.353,11.495,11.58,11.647,11.542,11.728,11.745,11.851,11.881,11.949,11.526,11.067,11.379,11.609,11.83,11.725,11.871,11.731,11.391,11.476,11.679,11.592,10.833,11.183,11.515,11.223,11.37,11.383,11.649,11.807,12.185,12.149,11.87,11.949,12.155,12.455,12.285,12.305,12.362,11.789,12.351,12.556,12.396,12.368,12.535,12.453,12.127,12.465,12.581,12.539,12.748,12.852,12.599,12.332,12.864,12.728,10.691,10.731,10.951,10.846,10.422,10.633,10.041,9.797,10.168,10.756,10.882,10.606,11.161,11.215,11.186,10.943,10.34,9.78,9.08,9.777,10.155,10.424,10.635,10.695,10.944,10.526,10.927,11.055,11.111,11.057,10.636,10.502,10.366,10.815,11.268,11.307,11.377,11.546,11.289,11.002,11.46,11.688,11.774,11.918,11.799,11.687,11.261,11.557,11.871,11.751,11.602,11.365,11.054,10.158,10.809,11.317,11.329,11.429,11.414,10.985,10.018,9.883,10.264,10.688,10.712,11.051,11.212,10.797,11.239,11.609,11.738,11.917,11.831,11.658,11.042,11.251,11.674,11.977,11.684,12.208,12.076,11.647,11.955,12.038,11.286,10.744,10.293,10.58,11.015,11.545,11.747,11.482,9.174,9.344,9.713,9.005,9.458,9.554,9.755,9.885,9.807,9.435,9.031,9.403,9.354,9.182,9.307,9.558,9.384,8.936,9.227,9.284,9.437,9.495,9.479,9.177,8.409,8.451,8.707,8.617,8.401,8.212,11.2,11.095,11.855,11.923,11.621,11.217,11.4,11.009,10.887,11.803,11.81,12.009,11.83,11.751,11.52,11.2,11.593,11.519,11.252,11.56,11.689,11.15,10.606,11.218,11.315,10.825,10.58,10.29,9.987,10.062,10.728,15.669,15.437,15.644,16.212,16.66,15.748,15.936,16.517,16.991,17.368,18.01,17.317,16.797,17.477,17.168,17.909,18.082,17.937,17.486,17.367,17.927,18.069,17.248,17.128,17.661,17.707,17.294,17.702,18.551,18.869,19.047,13.019,12.788,12.394,12.182,12.425,12.231,11.553,11.363,11.192,10.666,11.279,11.777,12.161,12.63,12.243,11.503,10.639,10.969,11.222,11.644,11.8,11.597,11.129,10.33,11.025,11.579,11.747,11.729,11.867,11.703,10.297,10.217,10.654,10.924,11.056,11.174,11.351,11.312,11.485,11.643,11.859,11.93,11.949,11.848,11.466,11.543,11.225,11.636,11.764,11.794,11.636,11.199,11.133,10.879,11.255,11.61,11.647,11.729,11.276,11.434,11.625,10.471,10.403,10.464,10.276,9.948,10.148,10.24,10.278,10.215,9.853,9.245,8.39,8.226,8.797,9.054,9.286,9.417,9.62,9.298,9.503,9.718,9.796,9.932,9.722,9.448,8.806,8.832,8.961,8.99,8.771,8.226,8.076,7.818,7.9,7.849,8.198,8.432,8.569,8.461,8.175,8.592,8.745,8.762,8.676,8.79,8.775,8.327,8.393,8.729,8.918,8.977,9.199,8.968,8.552,8.863,9.038,9.016,8.928,9.102,9.234,8.923,9.761,9.937,10.194,10.186,10.219,9.954,9.522,9.846,9.835,10.008,10.067,10.215,10.356,9.892,9.98,10.322,10.426,10.433,10.484,10.56,10.333,10.367,10.513,10.449,9.746,9.108,9.402,9.681,9.435,9.559,9.57,11.129,11.281,11.641,11.607,11.341,11.416,11.613,11.9,11.737,11.756,11.811,11.263,11.8,11.996,11.843,11.816,11.976,11.898,11.586,11.909,12.02,11.98,12.179,12.279,12.037,11.782,12.29,12.16,10.741,11.278,11.32,11.553,11.442,10.995,11.218,10.593,10.335,10.727,11.347,11.48,11.189,11.774,11.832,11.801,11.545,10.908,10.318,9.579,10.314,10.713,10.997,11.219,11.282,11.546,11.104,11.527,11.662,11.722,11.665,11.221,10.556,10.419,10.871,11.325,11.365,11.435,11.606,11.347,11.058,11.519,11.749,11.834,11.979,11.86,11.747,11.319,11.617,11.932,11.812,11.662,11.424,11.111,10.21,10.865,11.375,11.387,11.488,11.473,11.041,10.069,10.171,10.563,11.0,11.024,11.373,11.539,11.111,11.567,11.947,12.08,12.264,12.176,11.997,11.364,11.579,12.014,12.326,12.025,12.564,12.428,11.986,12.303,12.388,11.615,11.057,10.593,10.888,11.336,11.882,12.089,11.817,9.174,9.344,9.713,9.005,9.458,9.554,9.755,9.885,9.807,9.435,9.031,9.403,9.354,9.182,9.307,9.558,9.384,8.936,9.227,9.284,9.437,9.495,9.479,9.177,8.409,8.451,8.707,8.617,8.401,8.212,10.793,10.692,11.424,11.49,11.199,10.81,10.986,10.609,10.491,11.374,11.381,11.573,11.4,11.324,11.101,10.793,11.172,11.1,10.843,11.14,11.264,10.745,10.221,10.811,10.904,10.432,10.195,9.916,9.625,9.697,10.339,8.824,8.693,8.81,9.13,9.382,8.869,8.974,9.302,9.569,9.781,10.143,9.753,9.459,9.843,9.668,10.086,10.183,10.101,9.848,9.78,10.096,10.176,9.714,9.646,9.946,9.972,9.739,9.969,10.447,10.627,10.727,11.999,11.787,11.423,11.228,11.452,11.273,10.648,10.473,10.315,9.83,10.396,10.855,11.209,11.641,11.284,10.602,9.805,10.11,10.343,10.732,10.876,10.689,10.257,9.521,10.162,10.672,10.827,10.811,10.938,10.787,10.297,10.217,10.654,10.924,11.056,11.174,11.351,11.312,11.485,11.643,11.859,11.93,11.949,11.848,11.466,11.543,11.225,11.636,11.764,11.794,11.636,11.199,11.133,10.879,11.255,11.61,11.647,11.729,11.276,11.434,11.625,10.471,10.403,10.464,10.276,9.948,10.148,10.24,10.278,10.215,9.853,9.245,8.39,8.226,8.797,9.054,9.286,9.417,9.62,9.298,9.503,9.718,9.796,9.932,9.722,9.448,8.806,8.832,8.961,8.99,8.771,8.226,8.076,7.818,7.9,7.849,8.198,8.432,8.569,8.461,8.175,8.592,8.745,8.762,8.676,8.79,8.775,8.327,8.393,8.729,8.918,8.977,9.199,8.968,8.552,8.863,9.038,9.016,8.928,9.102,9.234,8.923
Guntur_115,10.984,11.059,11.268,11.296,10.877,10.939,11.177,11.192,10.968,10.845,11.043,11.048,11.182,10.984,10.664,10.606,11.101,11.052,10.605,11.056,11.137,10.888,11.01,11.277,11.399,10.878,11.228,11.392,11.479,11.556,11.461,9.626,9.164,9.457,9.702,9.703,9.695,9.803,9.466,9.258,9.417,9.46,9.558,9.897,9.881,9.978,9.56,9.794,9.995,9.953,9.737,9.399,9.479,9.229,9.539,9.709,9.815,9.697,9.64,9.53,11.122,11.439,11.565,11.383,11.204,11.272,11.425,11.09,11.007,10.207,10.605,11.251,11.319,11.247,10.814,11.191,11.547,11.498,12.745,12.559,12.114,11.919,11.708,12.183,12.616,12.756,12.705,12.638,12.245,11.925,11.899,11.269,11.518,11.598,11.524,11.077,11.634,11.69,11.63,11.706,11.794,11.574,11.299,11.942,11.724,11.64,11.3,11.218,11.108,10.736,11.407,11.467,11.185,11.362,11.481,11.37,11.148,11.56,11.572,11.593,11.393,10.086,10.109,9.962,10.253,10.214,10.34,10.614,10.602,10.536,10.118,9.956,10.041,10.003,9.922,9.979,9.863,9.894,9.262,9.698,9.989,9.681,9.549,9.8,9.953,9.515,9.742,9.907,10.191,10.163,9.931,9.701,14.12,14.299,14.26,14.65,14.538,14.628,14.353,15.257,15.531,15.732,15.538,15.581,15.127,14.61,15.346,15.333,15.574,15.787,15.463,15.363,14.768,15.615,16.018,15.819,15.815,15.277,14.951,14.497,15.181,15.94,0.0,0.0,0.0,0.0,0.0,0.0,0.0,0.0,0.0,0.0,0.0,0.0,0.0,0.0,0.0,0.0,0.0,0.0,0.0,0.0,0.0,0.0,0.0,0.0,0.0,0.0,0.0,0.0,0.0,0.0,0.0,0.0,0.0,0.0,0.0,0.0,0.0,0.0,0.0,0.0,0.0,0.0,0.0,0.0,0.0,0.0,0.0,0.0,0.0,0.0,0.0,0.0,0.0,0.0,0.0,0.0,0.0,0.0,0.0,0.0,0.0,0.0,7.78,7.806,7.809,7.96,8.022,7.601,7.684,7.897,8.251,8.135,8.028,7.771,7.535,7.618,7.747,7.856,7.708,7.651,7.857,7.512,7.646,7.542,7.409,7.644,7.681,7.34,7.097,7.644,7.806,7.742,8.236,8.184,8.425,8.162,8.315,8.564,8.849,8.972,8.975,8.709,8.229,8.314,8.443,8.081,8.222,8.314,8.5,8.28,8.474,8.483,8.45,8.289,8.081,8.069,7.658,7.812,8.215,8.376,8.565,8.725,8.656,8.599,8.9,8.995,8.965,8.874,9.074,8.942,8.583,8.759,8.728,8.667,8.819,8.658,7.881,7.657,7.713,8.22,8.457,8.6,8.665,8.597,8.452,8.864,8.828,8.586,8.09,8.108,8.266,8.413,8.708,10.907,11.068,10.952,11.059,10.992,10.518,10.727,10.912,10.716,10.889,10.982,10.772,10.484,10.781,11.072,11.082,11.186,11.341,11.15,10.993,11.288,11.567,11.714,11.539,11.522,11.702,11.257,11.594,11.718,11.655,11.656,11.167,10.841,10.465,10.751,10.836,10.879,10.732,10.861,10.65,10.61,11.042,11.102,11.063,10.933,10.953,11.173,11.038,11.155,11.527,11.756,11.958,11.897,11.713,11.303,11.405,11.013,11.303,11.445,11.662,11.638,11.296,11.772,11.917,12.012,11.791,11.835,11.747,11.419,11.544,11.812,12.035,12.09,12.097,12.041,11.756,11.945,11.945,11.903,11.796,11.664,11.667,11.472,11.919,12.114,12.294,12.335,12.416,12.358,12.162,11.37,11.428,11.39,11.348,11.602,11.536,11.086,11.346,11.563,11.686,11.567,11.169,10.966,10.96,11.37,11.454,11.628,11.798,11.763,11.638,11.27,11.389,11.105,11.371,11.553,11.393,11.45,11.02,10.389,10.561,11.053,10.664,10.937,11.023,10.787,11.075,11.071,11.081,11.339,11.23,11.203,10.801,11.15,11.221,10.805,10.852,10.942,10.676,10.602,10.812,11.014,10.663,10.452,10.344,10.507,10.297,10.684,10.845,10.799,10.844,10.78,10.143,9.953,10.014,10.062,9.868,9.98,10.193,10.119,9.902,10.095,9.85,9.528,9.252,9.565,9.495,8.786,8.833,8.63,8.651,8.588,8.708,9.009,9.194,9.403,9.253,9.08,9.115,9.462,9.687,9.136,9.59,8.937,9.622,9.809,9.839,9.605,9.16,9.438,9.286,9.259,9.06,8.76,8.738,8.313,9.064,9.107,9.34,9.402,9.469,9.067,8.607,9.325,9.678,10.209,9.807,9.764,9.495,9.725,10.451,10.803,10.572,6.949,6.709,6.729,6.811,7.199,7.334,7.281,7.143,7.037,7.165,6.685,6.613,6.541,6.454,6.565,6.879,6.94,6.296,5.819,5.825,5.705,5.875,6.186,6.055,5.959,6.153,6.099,5.743,5.854,5.824,5.736,13.876,15.154,15.574,15.829,16.376,16.607,17.149,17.044,17.375,17.403,17.433,17.679,17.829,17.385,16.942,15.929,18.151,17.849,17.378,17.251,16.918,16.195,16.886,17.002,17.082,17.227,17.461,17.305,16.679,16.963,16.854,0.0,0.0,0.0,0.0,0.0,0.0,0.0,0.0,0.0,0.0,0.0,0.0,0.0,0.0,0.0,0.0,0.0,0.0,0.0,0.0,0.0,0.0,0.0,0.0,0.0,0.0,0.0,0.0,0.0,0.0,13.171,12.695,12.386,12.956,13.237,13.5,13.505,13.639,13.443,13.018,13.635,13.778,13.801,13.607,13.182,13.351,12.651,12.351,12.892,13.014,12.933,12.853,13.021,12.233,12.73,12.838,12.807,12.713,12.877,12.748,12.543,9.182,9.182,9.08,8.387,8.124,8.689,8.518,8.979,9.221,9.546,9.284,9.483,9.413,9.259,9.383,9.368,9.475,9.557,9.316,9.321,8.923,9.436,9.58,9.637,9.55,9.478,9.346,8.839,9.005,9.046,9.322,9.059,9.239,9.258,9.062,9.363,9.549,9.523,9.626,9.479,9.395,9.007,9.45,9.762,9.735,9.641,9.591,9.576,9.097,9.751,10.042,10.215,10.317,10.393,10.289,9.981,10.192,9.983,9.741,9.64,9.807,9.498,9.135,9.649,9.915,10.065,9.874,9.833,9.491,9.063,9.366,9.419,9.465,9.654,9.471,9.233,9.229,9.669,9.969,9.976,9.927,10.017,9.483,9.33,9.848,9.907,9.593,9.756,9.896,9.936,9.926,10.108,10.483,10.524,10.12,10.295,10.418,10.269,10.451,10.74,10.547,10.324,10.381,10.356,10.231,10.297,10.368,10.518,10.427,10.481,10.39,10.216,10.479,10.448,10.462,10.756,10.528,10.358,9.971,10.411,10.164,9.956,9.897,10.174,10.337,10.085,10.045,10.118,10.218,10.399,10.535,10.51,10.253,10.482,10.551,10.695,10.655,10.062,10.134,10.333,10.625,10.713,10.773,10.871,10.825,10.752,10.418,10.612,10.712,10.91,10.976,10.132,10.121,9.806,10.155,10.26,10.071,10.231,10.172,10.21,9.888,10.087,10.234,10.255,10.155,10.05,10.195,9.729,9.994,10.17,10.093,10.132,10.155,10.143,9.822,10.165,10.286,10.391,10.322,10.23,9.965,9.254,9.482,9.449,9.674,9.664,9.92,9.859,9.418,9.562,9.415,9.457,9.445,9.356,9.265,9.01,9.376,9.6,9.869,9.774,9.366,8.541,7.937,7.841,8.536,9.172,9.23,9.092,9.013,8.936,9.437,9.573,10.206,10.309,10.296,10.181,9.932,10.205,10.273,10.055,9.961,10.203,10.101,9.807,10.288,10.433,10.154,9.928,9.783,9.549,8.863,8.889,8.964,9.677,10.053,9.936,9.739,9.455,10.006,10.147,9.742,9.071,8.975,9.127,8.895,9.563,9.604,9.593,9.624,9.443,9.048,8.476,8.798,8.819,8.956,8.823,8.845,8.863,8.479,9.122,9.262,9.098,8.54,8.798,8.572,7.966,8.572,9.134,9.238,9.166,9.329,9.025,8.488,8.591,8.81,9.173,9.166,8.847,8.585,8.167,8.368,8.359,8.355,7.874,8.301,8.616,8.032,7.617,8.158,8.628,8.925,8.818,8.707,8.331,8.785,9.005,8.924,9.073,9.369,9.063,8.679,9.306,9.549,9.487,8.353,8.433,8.389,7.897,8.3,8.431,8.465,8.35,8.133,7.928,7.403,7.521,7.553,7.557,7.442,7.071,7.312,7.365,7.78,7.767,7.671,7.351,7.234,7.139,7.163,7.798,7.858,7.831,7.943,7.964,9.127,8.719,9.251,9.53,9.034,9.164,9.12,9.173,8.867,9.148,9.065,9.22,9.23,9.152,9.02,8.709,9.403,9.494,9.51,9.48,9.358,9.11,8.568,8.08,7.911,8.477,8.945,9.128,9.175,8.922,9.015,10.651,10.788,10.694,10.867,10.829,10.605,10.76,10.844,10.847,10.842,10.853,10.528,10.27,10.349,10.622,10.782,10.862,10.958,10.993,10.566,10.952,11.106,11.081,11.076,11.079,11.09,10.845,11.124,10.987,11.0,9.322,9.459,9.475,9.143,9.337,9.552,9.666,9.431,9.362,9.0,8.761,9.223,9.238,9.294,9.467,9.657,9.728,9.511,9.884,9.917,9.84,9.881,10.043,9.978,9.636,9.83,10.016,10.176,10.212,10.095,9.988,11.086,11.386,11.34,11.15,11.29,11.373,11.439,11.335,11.518,11.535,11.639,11.669,11.736,11.32,10.869,11.176,11.402,11.619,11.516,11.659,11.521,11.187,11.271,11.471,11.385,10.64,10.984,11.309,11.022,11.167,11.18,10.418,10.56,10.898,10.866,10.616,10.686,10.871,11.139,10.987,11.005,11.056,10.544,11.046,11.23,11.087,11.062,11.211,11.138,10.846,11.149,11.252,11.215,11.401,11.495,11.268,11.03,11.505,11.383,9.55,9.585,9.782,9.688,9.31,9.498,8.969,8.751,9.083,9.608,9.72,9.474,9.97,10.018,9.992,9.775,9.236,8.736,8.111,8.733,9.071,9.311,9.5,9.553,9.776,9.403,9.761,9.875,9.925,9.877,9.501,9.723,9.597,10.013,10.431,10.468,10.533,10.689,10.451,10.185,10.61,10.821,10.9,11.033,10.924,10.819,10.425,10.699,10.99,10.879,10.741,10.522,10.234,9.404,10.007,10.477,10.488,10.581,10.567,10.169,9.274,8.696,9.032,9.405,9.426,9.724,9.866,9.5,9.89,10.215,10.328,10.486,10.41,10.258,9.716,9.9,10.272,10.539,10.281,10.742,10.626,10.248,10.52,10.592,9.931,9.454,9.057,9.309,9.692,10.159,10.336,10.104,8.925,9.09,9.449,8.76,9.201,9.294,9.49,9.616,9.541,9.179,8.786,9.147,9.1,8.933,9.054,9.298,9.129,8.693,8.976,9.032,9.181,9.237,9.222,8.928,8.181,8.221,8.471,8.383,8.173,7.989,14.136,14.005,14.964,15.049,14.668,14.159,14.39,13.896,13.741,14.898,14.907,15.158,14.932,14.832,14.541,14.137,14.633,14.539,14.203,14.591,14.754,14.073,13.387,14.16,14.281,13.663,13.354,12.988,12.606,12.7,13.541,12.651,12.463,12.631,13.089,13.451,12.715,12.866,13.336,13.719,14.023,14.541,13.982,13.562,14.111,13.861,14.46,14.599,14.482,14.118,14.022,14.474,14.589,13.926,13.829,14.259,14.297,13.963,14.292,14.978,15.235,15.378,10.888,10.695,10.365,10.188,10.391,10.228,9.662,9.503,9.36,8.92,9.433,9.849,10.171,10.562,10.239,9.62,8.897,9.173,9.385,9.738,9.868,9.699,9.307,8.639,9.22,9.683,9.824,9.809,9.924,9.787,10.188,10.11,10.542,10.809,10.94,11.056,11.232,11.193,11.364,11.521,11.734,11.804,11.823,11.723,11.345,11.421,11.107,11.513,11.64,11.67,11.514,11.081,11.016,10.765,11.136,11.487,11.524,11.605,11.158,11.314,11.502,12.5,12.419,12.491,12.267,11.876,12.114,12.224,12.27,12.194,11.762,11.037,10.016,9.82,10.501,10.809,11.086,11.242,11.485,11.1,11.344,11.601,11.694,11.857,11.606,11.279,10.513,10.544,10.697,10.732,10.47,8.394,8.241,7.979,8.062,8.01,8.366,8.605,8.745,8.635,8.343,8.768,8.924,8.941,8.854,8.97,8.954,8.498,8.565,8.908,9.101,9.161,9.387,9.151,8.728,9.045,9.223,9.201,9.111,9.289,9.423,9.105,9.755,9.932,10.188,10.18,10.212,9.948,9.516,9.84,9.83,10.002,10.061,10.209,10.35,9.886,9.974,10.315,10.42,10.427,10.477,10.554,10.327,10.361,10.507,10.443,9.74,9.102,9.397,9.675,9.43,9.553,9.565,10.041,10.177,10.503,10.472,10.231,10.299,10.477,10.736,10.589,10.606,10.655,10.161,10.645,10.823,10.685,10.66,10.804,10.734,10.452,10.744,10.844,10.808,10.988,11.078,10.86,10.63,11.088,10.971,9.69,11.253,11.295,11.527,11.416,10.971,11.193,10.569,10.313,10.703,11.322,11.455,11.164,11.748,11.806,11.775,11.519,10.884,10.295,9.558,10.291,10.689,10.972,11.195,11.257,11.52,11.08,11.502,11.637,11.696,11.639,11.196,9.488,9.365,9.771,10.179,10.215,10.278,10.431,10.199,9.939,10.354,10.56,10.637,10.767,10.66,10.558,10.173,10.441,10.725,10.617,10.482,10.268,9.987,9.177,9.765,10.224,10.235,10.325,10.312,9.924,9.051,9.147,9.5,9.893,9.915,10.228,10.377,9.993,10.403,10.744,10.864,11.03,10.95,10.79,10.22,10.413,10.805,11.085,10.815,11.3,11.177,10.78,11.065,11.142,10.446,9.945,9.527,9.792,10.195,10.686,10.873,10.628,8.925,9.09,9.449,8.76,9.201,9.294,9.49,9.616,9.541,9.179,8.786,9.147,9.1,8.933,9.054,9.298,9.129,8.693,8.976,9.032,9.181,9.237,9.222,8.928,8.181,8.221,8.471,8.383,8.173,7.989,9.707,9.616,10.275,10.333,10.072,9.722,9.881,9.542,9.435,10.23,10.236,10.408,10.253,10.184,9.984,9.707,10.047,9.983,9.752,10.019,10.13,9.663,9.192,9.723,9.806,9.382,9.169,8.918,8.656,8.721,9.298,7.131,7.026,7.12,7.378,7.582,7.167,7.253,7.517,7.733,7.905,8.197,7.882,7.645,7.954,7.813,8.151,8.23,8.163,7.958,7.904,8.159,8.224,7.85,7.796,8.038,8.059,7.871,8.057,8.443,8.588,8.669,11.999,11.787,11.423,11.228,11.452,11.273,10.648,10.473,10.315,9.83,10.396,10.855,11.209,11.641,11.284,10.602,9.805,10.11,10.343,10.732,10.876,10.689,10.257,9.521,10.162,10.672,10.827,10.811,10.938,10.787,10.188,10.11,10.542,10.809,10.94,11.056,11.232,11.193,11.364,11.521,11.734,11.804,11.823,11.723,11.345,11.421,11.107,11.513,11.64,11.67,11.514,11.081,11.016,10.765,11.136,11.487,11.524,11.605,11.158,11.314,11.502,12.5,12.419,12.491,12.267,11.876,12.114,12.224,12.27,12.194,11.762,11.037,10.016,9.82,10.501,10.809,11.086,11.242,11.485,11.1,11.344,11.601,11.694,11.857,11.606,11.279,10.513,10.544,10.697,10.732,10.47,8.394,8.241,7.979,8.062,8.01,8.366,8.605,8.745,8.635,8.343,8.768,8.924,8.941,8.854,8.97,8.954,8.498,8.565,8.908,9.101,9.161,9.387,9.151,8.728,9.045,9.223,9.201,9.111,9.289,9.423,9.105
Guntur_116,8.959,9.02,9.191,9.213,8.871,8.922,9.116,9.128,8.946,8.846,9.007,9.011,9.121,8.959,8.698,8.651,9.054,9.014,8.649,9.018,9.083,8.881,8.98,9.198,9.297,8.872,9.158,9.292,9.363,9.425,9.348,7.855,7.478,7.717,7.917,7.918,7.911,8.0,7.725,7.555,7.684,7.72,7.8,8.076,8.063,8.142,7.801,7.992,8.156,8.122,7.945,7.67,7.735,7.531,7.784,7.922,8.009,7.913,7.866,7.777,7.858,8.082,8.171,8.043,7.916,7.964,8.072,7.836,7.777,7.212,7.493,7.949,7.998,7.946,7.64,7.907,8.158,8.124,9.005,8.873,8.559,8.421,8.272,8.608,8.914,9.012,8.976,8.929,8.652,8.425,8.407,9.023,9.223,9.287,9.227,8.869,9.316,9.361,9.313,9.373,9.444,9.268,9.047,9.563,9.387,9.321,9.049,8.982,8.895,8.596,9.134,9.182,8.956,9.098,9.193,9.104,8.927,9.256,9.266,9.283,9.123,8.668,8.688,8.562,8.812,8.779,8.886,9.123,9.112,9.056,8.696,8.557,8.63,8.597,8.528,8.576,8.476,8.504,7.96,8.335,8.585,8.32,8.207,8.422,8.554,8.178,8.372,8.515,8.759,8.734,8.535,8.337,7.411,7.504,7.484,7.689,7.63,7.677,7.533,8.007,8.151,8.256,8.155,8.177,7.939,7.667,8.054,8.047,8.173,8.285,8.115,8.063,7.751,8.195,8.407,8.302,8.3,8.018,7.846,7.609,7.968,8.366,0.0,0.0,0.0,0.0,0.0,0.0,0.0,0.0,0.0,0.0,0.0,0.0,0.0,0.0,0.0,0.0,0.0,0.0,0.0,0.0,0.0,0.0,0.0,0.0,0.0,0.0,0.0,0.0,0.0,0.0,0.0,0.0,0.0,0.0,0.0,0.0,0.0,0.0,0.0,0.0,0.0,0.0,0.0,0.0,0.0,0.0,0.0,0.0,0.0,0.0,0.0,0.0,0.0,0.0,0.0,0.0,0.0,0.0,0.0,0.0,0.0,0.0,10.338,10.374,10.378,10.579,10.661,10.102,10.211,10.495,10.965,10.81,10.669,10.328,10.013,10.124,10.295,10.441,10.243,10.168,10.442,9.982,10.161,10.023,9.846,10.158,10.208,9.754,9.431,10.158,10.374,10.289,8.695,8.64,8.895,8.617,8.779,9.041,9.342,9.472,9.475,9.195,8.688,8.778,8.914,8.532,8.68,8.777,8.973,8.741,8.947,8.956,8.921,8.751,8.531,8.519,8.085,8.247,8.673,8.843,9.042,9.211,9.138,8.044,8.325,8.414,8.386,8.301,8.488,8.365,8.028,8.193,8.165,8.107,8.249,8.099,7.372,7.162,7.215,7.689,7.91,8.045,8.106,8.041,7.906,8.291,8.258,8.031,7.567,7.584,7.732,7.87,8.145,7.526,7.636,7.557,7.631,7.584,7.257,7.401,7.529,7.394,7.513,7.577,7.432,7.233,7.438,7.639,7.646,7.718,7.825,7.693,7.585,7.788,7.981,8.082,7.961,7.95,8.074,7.767,8.0,8.085,8.042,8.042,7.924,7.693,7.426,7.629,7.69,7.72,7.615,7.707,7.558,7.529,7.835,7.878,7.85,7.758,7.773,7.929,7.833,7.916,8.18,8.342,8.486,8.442,8.312,8.021,8.093,7.815,8.021,8.122,8.275,8.259,8.016,8.179,8.279,8.345,8.192,8.222,8.162,7.933,8.02,8.206,8.362,8.4,8.404,8.366,8.168,8.299,8.299,8.27,8.196,8.104,8.106,7.971,8.281,8.417,8.542,8.57,8.626,8.586,8.45,8.034,8.074,8.047,8.018,8.198,8.151,7.833,8.017,8.17,8.257,8.173,7.891,7.748,7.744,8.034,8.093,8.216,8.336,8.311,8.223,7.963,8.047,7.847,8.034,8.163,8.049,8.09,7.786,7.341,7.462,7.81,8.262,8.473,8.54,8.357,8.58,8.577,8.584,8.785,8.7,8.679,8.368,8.638,8.693,8.371,8.407,8.477,8.271,8.213,8.376,8.532,8.261,8.097,8.014,8.14,7.977,8.277,8.402,8.366,8.401,8.352,7.278,7.142,7.185,7.22,7.08,7.161,7.313,7.261,7.105,7.244,7.067,6.837,6.639,6.863,6.813,6.305,6.338,6.193,6.207,6.162,6.248,6.464,6.597,6.747,6.639,6.515,6.54,6.789,6.951,6.555,6.881,6.445,6.938,7.073,7.095,6.926,6.605,6.806,6.696,6.677,6.533,6.317,6.301,5.995,6.536,6.567,6.735,6.779,6.828,6.538,6.206,6.724,6.978,7.361,7.072,7.041,6.847,7.012,7.536,7.79,7.623,6.587,6.36,6.378,6.456,6.824,6.952,6.902,6.771,6.67,6.792,6.337,6.268,6.201,6.118,6.223,6.521,6.579,5.969,5.516,5.522,5.408,5.569,5.864,5.739,5.649,5.833,5.781,5.444,5.549,5.521,5.437,12.54,13.694,14.074,14.304,14.799,15.007,15.497,15.402,15.702,15.726,15.754,15.976,16.111,15.71,15.31,14.395,16.403,16.13,15.704,15.589,15.289,14.635,15.26,15.364,15.436,15.567,15.779,15.639,15.073,15.329,15.23,0.0,0.0,0.0,0.0,0.0,0.0,0.0,0.0,0.0,0.0,0.0,0.0,0.0,0.0,0.0,0.0,0.0,0.0,0.0,0.0,0.0,0.0,0.0,0.0,0.0,0.0,0.0,0.0,0.0,0.0,9.254,8.92,8.703,9.103,9.3,9.485,9.489,9.583,9.445,9.146,9.58,9.681,9.697,9.56,9.262,9.381,8.889,8.678,9.058,9.144,9.087,9.031,9.149,8.595,8.944,9.02,8.998,8.932,9.048,8.957,8.813,8.836,8.835,8.737,8.071,7.818,8.361,8.197,8.64,8.873,9.185,8.934,9.126,9.058,8.91,9.029,9.014,9.117,9.197,8.964,8.97,8.586,9.08,9.218,9.273,9.19,9.12,8.993,8.506,8.665,8.705,7.9,7.677,7.83,7.846,7.679,7.934,8.092,8.07,8.158,8.033,7.962,7.633,8.008,8.273,8.25,8.17,8.128,8.115,7.71,8.263,8.51,8.657,8.743,8.808,8.719,8.458,8.637,8.46,8.255,8.169,8.31,7.868,7.567,7.993,8.213,8.337,8.179,8.145,7.862,7.508,7.758,7.802,7.84,7.997,7.845,7.648,7.644,8.009,8.258,8.263,8.223,8.298,7.855,7.728,8.158,8.207,7.946,8.082,8.197,8.231,8.222,8.373,8.684,8.719,8.384,8.529,8.631,8.507,8.658,8.898,8.738,8.553,8.6,8.579,8.476,8.53,8.589,8.713,8.638,8.683,8.607,8.464,8.682,8.656,8.667,8.911,8.722,8.581,8.26,8.625,9.067,8.881,8.829,9.076,9.222,8.997,8.961,9.026,9.116,9.277,9.398,9.376,9.146,9.351,9.413,9.541,9.505,8.976,9.041,9.218,9.479,9.557,9.61,9.698,9.657,9.592,9.294,9.467,9.556,9.733,9.792,8.998,8.988,8.709,9.019,9.112,8.944,9.087,9.034,9.068,8.782,8.958,9.089,9.108,9.019,8.925,9.054,8.641,8.876,9.032,8.964,8.999,9.019,9.008,8.723,9.028,9.135,9.229,9.168,9.085,8.85,8.185,8.387,8.358,8.557,8.548,8.775,8.721,8.331,8.458,8.328,8.365,8.355,8.276,8.195,7.97,8.293,8.492,8.73,8.645,8.284,7.555,7.021,6.936,7.551,8.113,8.165,8.042,7.973,7.905,8.347,8.468,10.206,10.309,10.296,10.181,9.932,10.205,10.273,10.055,9.961,10.203,10.101,9.807,10.288,10.433,10.154,9.928,9.783,9.549,8.863,8.889,8.964,9.677,10.053,9.936,9.739,9.455,10.006,10.147,9.742,9.071,8.975,9.127,8.895,9.563,9.604,9.593,9.624,9.443,9.048,8.476,8.798,8.819,8.956,8.823,8.845,8.863,8.479,9.122,9.262,9.098,8.54,8.798,8.572,7.966,8.572,9.134,9.238,9.166,9.329,9.025,8.488,7.529,7.721,8.04,8.034,7.754,7.524,7.158,7.334,7.326,7.323,6.901,7.276,7.552,7.04,6.676,7.15,7.562,7.822,7.728,7.631,7.302,7.699,7.892,7.821,7.952,8.212,7.943,7.606,8.156,8.369,8.315,8.907,8.992,8.946,8.421,8.851,8.99,9.026,8.904,8.673,8.454,7.895,8.02,8.054,8.058,7.936,7.541,7.797,7.854,8.296,8.282,8.18,7.839,7.715,7.613,7.638,8.315,8.379,8.351,8.471,8.493,8.142,7.778,8.253,8.502,8.059,8.176,8.136,8.183,7.91,8.161,8.087,8.225,8.234,8.165,8.047,7.769,8.389,8.47,8.484,8.457,8.348,8.127,7.643,7.208,7.057,7.562,7.98,8.143,8.185,7.959,8.043,7.97,8.072,8.002,8.132,8.103,7.935,8.051,8.114,8.116,8.113,8.121,7.878,7.685,7.744,7.948,8.068,8.128,8.199,8.225,7.906,8.195,8.311,8.291,8.288,8.29,8.298,8.115,8.323,8.221,8.231,8.009,8.127,8.14,7.855,8.022,8.206,8.304,8.102,8.043,7.732,7.527,7.924,7.936,7.984,8.133,8.296,8.357,8.171,8.492,8.52,8.454,8.489,8.628,8.572,8.279,8.445,8.605,8.742,8.773,8.673,8.581,8.696,8.931,8.895,8.746,8.855,8.921,8.973,8.891,9.035,9.048,9.129,9.153,9.205,8.879,8.525,8.766,8.943,9.113,9.033,9.145,9.037,8.775,8.841,8.997,8.93,8.346,8.615,8.871,8.646,8.759,8.769,8.224,8.336,8.603,8.578,8.381,8.436,8.582,8.794,8.673,8.687,8.728,8.324,8.72,8.865,8.752,8.732,8.85,8.792,8.562,8.801,8.882,8.853,9.0,9.074,8.895,8.707,9.082,8.986,9.585,9.621,9.818,9.724,9.344,9.533,9.002,8.784,9.116,9.643,9.756,9.509,10.006,10.055,10.029,9.811,9.27,8.769,8.141,8.765,9.105,9.346,9.535,9.588,9.812,9.437,9.796,9.911,9.962,9.913,9.536,8.614,8.502,8.871,9.242,9.274,9.332,9.47,9.259,9.024,9.4,9.587,9.657,9.775,9.678,9.585,9.236,9.479,9.737,9.639,9.516,9.322,9.067,8.331,8.866,9.282,9.292,9.374,9.362,9.01,8.217,7.548,7.839,8.163,8.181,8.44,8.563,8.246,8.584,8.866,8.964,9.101,9.035,8.903,8.433,8.592,8.915,9.147,8.924,9.324,9.223,8.895,9.13,9.193,8.619,8.206,7.861,8.08,8.412,8.817,8.971,8.769,8.427,8.582,8.921,8.271,8.687,8.775,8.96,9.079,9.008,8.666,8.295,8.636,8.592,8.434,8.548,8.779,8.619,8.208,8.475,8.528,8.668,8.721,8.707,8.429,7.724,7.762,7.998,7.915,7.717,7.543,9.557,9.469,10.117,10.174,9.917,9.573,9.729,9.395,9.29,10.072,10.079,10.248,10.095,10.028,9.831,9.558,9.893,9.83,9.602,9.865,9.975,9.515,9.051,9.573,9.655,9.238,9.028,8.781,8.523,8.587,9.155,8.52,8.394,8.507,8.815,9.059,8.563,8.665,8.981,9.239,9.444,9.793,9.416,9.133,9.503,9.335,9.738,9.832,9.753,9.508,9.443,9.748,9.825,9.379,9.314,9.603,9.628,9.403,9.625,10.087,10.26,10.357,9.563,9.393,9.104,8.948,9.126,8.984,8.486,8.347,8.221,7.834,8.285,8.651,8.933,9.277,8.993,8.449,7.814,8.057,8.243,8.553,8.667,8.519,8.174,7.587,8.098,8.505,8.628,8.615,8.717,8.596,8.576,8.51,8.874,9.099,9.209,9.307,9.455,9.422,9.566,9.698,9.878,9.936,9.952,9.869,9.55,9.614,9.35,9.692,9.799,9.823,9.692,9.328,9.273,9.061,9.374,9.67,9.701,9.769,9.392,9.524,9.683,12.154,12.075,12.145,11.927,11.547,11.778,11.886,11.93,11.856,11.436,10.731,9.738,9.548,10.21,10.509,10.779,10.931,11.166,10.793,11.03,11.28,11.37,11.528,11.285,10.967,10.221,10.251,10.401,10.435,10.18,6.917,6.791,6.574,6.643,6.6,6.893,7.09,7.206,7.115,6.874,7.225,7.353,7.367,7.296,7.391,7.378,7.002,7.058,7.34,7.499,7.548,7.735,7.541,7.192,7.453,7.6,7.581,7.508,7.654,7.765,7.503,8.681,8.838,9.066,9.059,9.088,8.853,8.468,8.756,8.747,8.9,8.953,9.084,9.21,8.797,8.875,9.18,9.272,9.279,9.324,9.391,9.19,9.22,9.35,9.293,8.667,8.1,8.362,8.61,8.391,8.501,8.511,7.658,7.762,8.01,7.986,7.803,7.854,7.99,8.188,8.076,8.088,8.126,7.75,8.119,8.254,8.149,8.13,8.24,8.186,7.972,8.194,8.27,8.243,8.38,8.449,8.282,8.107,8.456,8.367,7.39,9.09,9.124,9.311,9.222,8.862,9.041,8.538,8.33,8.646,9.146,9.253,9.018,9.49,9.536,9.511,9.305,8.792,8.316,7.721,8.313,8.635,8.863,9.043,9.093,9.306,8.95,9.291,9.4,9.447,9.402,9.044,7.897,7.795,8.133,8.473,8.502,8.555,8.682,8.489,8.273,8.618,8.789,8.853,8.962,8.873,8.788,8.468,8.691,8.927,8.837,8.724,8.546,8.312,7.638,8.128,8.51,8.519,8.594,8.583,8.26,7.533,7.165,7.441,7.749,7.766,8.012,8.128,7.827,8.148,8.416,8.509,8.639,8.577,8.451,8.005,8.157,8.463,8.683,8.471,8.851,8.755,8.443,8.667,8.727,8.182,7.789,7.462,7.67,7.985,8.37,8.516,8.324,8.427,8.582,8.921,8.271,8.687,8.775,8.96,9.079,9.008,8.666,8.295,8.636,8.592,8.434,8.548,8.779,8.619,8.208,8.475,8.528,8.668,8.721,8.707,8.429,7.724,7.762,7.998,7.915,7.717,7.543,7.603,7.532,8.048,8.094,7.889,7.615,7.739,7.474,7.391,8.013,8.018,8.153,8.031,7.977,7.82,7.603,7.87,7.819,7.639,7.848,7.935,7.569,7.2,7.616,7.681,7.349,7.182,6.985,6.78,6.831,7.283,7.131,7.026,7.12,7.378,7.582,7.167,7.253,7.517,7.733,7.905,8.197,7.882,7.645,7.954,7.813,8.151,8.23,8.163,7.958,7.904,8.159,8.224,7.85,7.796,8.038,8.059,7.871,8.057,8.443,8.588,8.669,12.574,12.351,11.97,11.766,12.0,11.812,11.158,10.975,10.809,10.301,10.893,11.374,11.746,12.198,11.824,11.11,10.275,10.594,10.839,11.246,11.396,11.201,10.748,9.976,10.648,11.183,11.345,11.328,11.461,11.303,8.576,8.51,8.874,9.099,9.209,9.307,9.455,9.422,9.566,9.698,9.878,9.936,9.952,9.869,9.55,9.614,9.35,9.692,9.799,9.823,9.692,9.328,9.273,9.061,9.374,9.67,9.701,9.769,9.392,9.524,9.683,12.154,12.075,12.145,11.927,11.547,11.778,11.886,11.93,11.856,11.436,10.731,9.738,9.548,10.21,10.509,10.779,10.931,11.166,10.793,11.03,11.28,11.37,11.528,11.285,10.967,10.221,10.251,10.401,10.435,10.18,6.917,6.791,6.574,6.643,6.6,6.893,7.09,7.206,7.115,6.874,7.225,7.353,7.367,7.296,7.391,7.378,7.002,7.058,7.34,7.499,7.548,7.735,7.541,7.192,7.453,7.6,7.581,7.508,7.654,7.765,7.503
Guntur_117,8.7,8.76,8.925,8.947,8.615,8.664,8.853,8.865,8.687,8.59,8.747,8.751,8.857,8.7,8.447,8.401,8.793,8.754,8.4,8.757,8.821,8.624,8.721,8.932,9.029,8.616,8.893,9.024,9.092,9.153,9.078,8.261,7.864,8.116,8.326,8.327,8.32,8.413,8.124,7.945,8.081,8.119,8.203,8.493,8.479,8.563,8.204,8.405,8.577,8.542,8.356,8.066,8.135,7.921,8.187,8.332,8.423,8.322,8.273,8.179,8.382,8.62,8.715,8.578,8.443,8.495,8.61,8.357,8.295,7.692,7.992,8.479,8.53,8.475,8.149,8.433,8.702,8.665,9.605,9.464,9.129,8.982,8.823,9.181,9.507,9.613,9.574,9.524,9.228,8.986,8.967,9.441,9.65,9.717,9.655,9.28,9.747,9.794,9.744,9.808,9.881,9.697,9.467,10.006,9.822,9.752,9.468,9.398,9.307,8.995,9.557,9.607,9.371,9.52,9.619,9.526,9.34,9.685,9.695,9.713,9.545,8.513,8.533,8.409,8.655,8.622,8.728,8.96,8.949,8.894,8.541,8.404,8.476,8.444,8.375,8.423,8.325,8.352,7.818,8.186,8.432,8.172,8.061,8.272,8.401,8.032,8.223,8.363,8.602,8.578,8.383,8.188,7.268,7.36,7.34,7.541,7.483,7.53,7.388,7.853,7.994,8.098,7.998,8.02,7.786,7.52,7.899,7.892,8.016,8.126,7.959,7.908,7.602,8.038,8.245,8.142,8.141,7.864,7.696,7.462,7.814,8.205,0.0,0.0,0.0,0.0,0.0,0.0,0.0,0.0,0.0,0.0,0.0,0.0,0.0,0.0,0.0,0.0,0.0,0.0,0.0,0.0,0.0,0.0,0.0,0.0,0.0,0.0,0.0,0.0,0.0,0.0,0.0,0.0,0.0,0.0,0.0,0.0,0.0,0.0,0.0,0.0,0.0,0.0,0.0,0.0,0.0,0.0,0.0,0.0,0.0,0.0,0.0,0.0,0.0,0.0,0.0,0.0,0.0,0.0,0.0,0.0,0.0,0.0,10.338,10.374,10.378,10.579,10.661,10.102,10.211,10.495,10.965,10.81,10.669,10.328,10.013,10.124,10.295,10.441,10.243,10.168,10.442,9.982,10.161,10.023,9.846,10.158,10.208,9.754,9.431,10.158,10.374,10.289,9.041,8.984,9.249,8.96,9.128,9.402,9.715,9.849,9.852,9.561,9.034,9.128,9.269,8.872,9.026,9.127,9.331,9.09,9.303,9.312,9.277,9.099,8.871,8.858,8.407,8.576,9.019,9.196,9.402,9.578,9.502,7.271,7.525,7.606,7.581,7.504,7.673,7.562,7.257,7.406,7.381,7.328,7.457,7.321,6.664,6.474,6.522,6.95,7.151,7.272,7.327,7.269,7.147,7.495,7.465,7.26,6.841,6.856,6.99,7.114,7.363,8.105,8.224,8.139,8.218,8.168,7.816,7.971,8.109,7.963,8.091,8.161,8.005,7.79,8.011,8.227,8.235,8.312,8.428,8.286,8.169,8.388,8.596,8.705,8.575,8.562,8.696,8.365,8.616,8.708,8.661,8.662,8.244,8.004,7.726,7.937,8.0,8.031,7.923,8.018,7.863,7.833,8.152,8.196,8.167,8.071,8.087,8.249,8.149,8.235,8.51,8.679,8.828,8.783,8.647,8.344,8.42,8.13,8.345,8.449,8.609,8.592,8.339,8.341,8.444,8.511,8.355,8.386,8.324,8.091,8.179,8.369,8.528,8.567,8.571,8.532,8.33,8.463,8.464,8.434,8.358,8.265,8.267,8.129,8.445,8.584,8.711,8.74,8.797,8.756,8.617,8.591,8.634,8.606,8.574,8.766,8.716,8.376,8.573,8.737,8.83,8.74,8.439,8.286,8.281,8.591,8.654,8.786,8.914,8.888,8.793,8.515,8.605,8.391,8.591,8.729,8.608,8.651,8.327,7.85,7.98,8.352,8.713,8.937,9.007,8.814,9.049,9.046,9.054,9.265,9.176,9.154,8.825,9.11,9.168,8.829,8.867,8.941,8.723,8.663,8.834,8.999,8.712,8.54,8.452,8.585,8.414,8.73,8.861,8.824,8.861,8.809,7.62,7.478,7.523,7.559,7.414,7.498,7.658,7.603,7.439,7.584,7.4,7.158,6.951,7.186,7.134,6.601,6.636,6.484,6.499,6.452,6.542,6.768,6.907,7.064,6.952,6.822,6.848,7.109,7.278,6.864,7.205,7.652,8.238,8.398,8.424,8.223,7.842,8.081,7.951,7.927,7.757,7.5,7.481,7.118,7.76,7.797,7.997,8.049,8.107,7.763,7.369,7.983,8.286,8.74,8.396,8.36,8.129,8.326,8.947,9.249,9.051,7.049,6.806,6.826,6.909,7.303,7.439,7.386,7.246,7.138,7.268,6.781,6.708,6.635,6.547,6.659,6.978,7.04,6.387,5.902,5.909,5.787,5.959,6.275,6.142,6.045,6.242,6.186,5.825,5.938,5.908,5.818,0.0,0.0,0.0,0.0,0.0,0.0,0.0,0.0,0.0,0.0,0.0,0.0,0.0,0.0,0.0,0.0,0.0,0.0,0.0,0.0,0.0,0.0,0.0,0.0,0.0,0.0,0.0,0.0,0.0,0.0,0.0,0.0,0.0,0.0,0.0,0.0,0.0,0.0,0.0,0.0,0.0,0.0,0.0,0.0,0.0,0.0,0.0,0.0,0.0,0.0,0.0,0.0,0.0,0.0,0.0,0.0,0.0,0.0,0.0,0.0,0.0,7.739,7.46,7.278,7.613,7.778,7.933,7.936,8.015,7.899,7.649,8.012,8.096,8.11,7.995,7.746,7.845,7.434,7.258,7.576,7.647,7.599,7.553,7.651,7.188,7.481,7.544,7.525,7.47,7.567,7.491,7.371,9.342,9.341,9.237,8.533,8.265,8.84,8.666,9.135,9.381,9.711,9.445,9.648,9.577,9.42,9.546,9.53,9.639,9.723,9.477,9.483,9.078,9.6,9.746,9.804,9.716,9.643,9.508,8.993,9.161,9.203,8.097,7.868,8.025,8.042,7.871,8.132,8.294,8.271,8.361,8.233,8.161,7.823,8.208,8.48,8.455,8.374,8.331,8.318,7.902,8.47,8.722,8.873,8.961,9.027,8.937,8.67,8.853,8.671,8.461,8.373,8.518,7.998,7.693,8.125,8.349,8.475,8.314,8.28,7.992,7.632,7.887,7.932,7.97,8.129,7.975,7.775,7.771,8.142,8.395,8.4,8.36,8.435,7.986,7.857,8.293,8.343,8.078,8.216,8.333,8.367,8.359,8.512,8.684,8.719,8.384,8.529,8.631,8.507,8.658,8.898,8.738,8.553,8.6,8.579,8.476,8.53,8.589,8.713,8.638,8.683,8.607,8.464,8.682,8.656,8.667,8.911,8.722,8.581,8.26,8.625,8.718,8.539,8.489,8.726,8.867,8.65,8.616,8.679,8.765,8.92,9.036,9.014,8.794,8.991,9.05,9.173,9.139,8.63,8.693,8.863,9.114,9.189,9.24,9.324,9.285,9.222,8.936,9.102,9.188,9.358,9.415,9.322,9.312,9.023,9.344,9.44,9.266,9.414,9.359,9.394,9.098,9.281,9.416,9.435,9.343,9.247,9.38,8.952,9.196,9.357,9.287,9.323,9.344,9.333,9.037,9.353,9.464,9.561,9.497,9.412,9.169,8.624,8.836,8.806,9.015,9.006,9.245,9.187,8.776,8.911,8.773,8.813,8.802,8.719,8.634,8.397,8.737,8.946,9.197,9.108,8.728,7.959,7.396,7.307,7.955,8.547,8.602,8.473,8.399,8.328,8.794,8.921,7.903,7.983,7.973,7.883,7.691,7.902,7.955,7.786,7.713,7.901,7.821,7.594,7.967,8.079,7.863,7.688,7.576,7.394,6.863,6.883,6.941,7.493,7.784,7.694,7.541,7.322,7.748,7.857,7.544,7.024,6.95,7.067,6.888,7.405,7.437,7.428,7.452,7.312,7.006,6.563,6.813,6.829,6.935,6.832,6.849,6.863,6.566,7.063,7.172,7.045,6.613,6.813,6.637,6.169,6.637,7.073,7.153,7.098,7.223,6.988,6.572,8.145,8.352,8.697,8.69,8.388,8.14,7.743,7.933,7.925,7.921,7.466,7.871,8.169,7.616,7.222,7.735,8.181,8.462,8.36,8.255,7.899,8.329,8.538,8.461,8.602,8.883,8.593,8.228,8.823,9.054,8.995,8.843,8.927,8.881,8.36,8.787,8.925,8.961,8.84,8.61,8.393,7.838,7.962,7.996,8.0,7.878,7.486,7.74,7.797,8.236,8.222,8.121,7.783,7.659,7.558,7.583,8.255,8.319,8.29,8.409,8.431,7.966,7.609,8.074,8.317,7.884,7.998,7.959,8.005,7.738,7.984,7.912,8.047,8.055,7.988,7.873,7.601,8.207,8.286,8.3,8.273,8.167,7.951,7.477,7.052,6.904,7.398,7.806,7.966,8.007,7.787,7.868,8.346,8.453,8.38,8.515,8.485,8.31,8.431,8.497,8.499,8.495,8.504,8.249,8.048,8.109,8.323,8.448,8.511,8.586,8.614,8.279,8.582,8.703,8.683,8.679,8.681,8.689,8.498,8.716,8.609,8.619,7.955,8.072,8.086,7.802,7.968,8.151,8.248,8.048,7.989,7.68,7.476,7.871,7.883,7.931,8.078,8.241,8.301,8.116,8.435,8.463,8.397,8.432,8.57,8.515,8.223,8.389,8.547,8.683,8.714,8.614,8.523,8.547,8.779,8.743,8.596,8.704,8.769,8.82,8.74,8.881,8.893,8.974,8.997,9.048,8.728,8.38,8.616,8.791,8.958,8.879,8.989,8.883,8.625,8.69,8.844,8.778,8.203,8.468,8.719,8.498,8.61,8.62,8.202,8.314,8.58,8.555,8.358,8.413,8.559,8.77,8.65,8.664,8.704,8.301,8.696,8.841,8.728,8.709,8.826,8.768,8.538,8.777,8.858,8.829,8.976,9.049,8.871,8.683,9.058,8.962,8.852,8.886,9.068,8.981,8.63,8.805,8.314,8.112,8.42,8.907,9.011,8.782,9.242,9.287,9.263,9.062,8.562,8.099,7.519,8.096,8.409,8.632,8.806,8.856,9.062,8.716,9.048,9.154,9.2,9.156,8.807,8.863,8.748,9.127,9.509,9.542,9.601,9.744,9.526,9.284,9.671,9.864,9.936,10.057,9.957,9.862,9.503,9.753,10.018,9.917,9.791,9.591,9.329,8.572,9.122,9.55,9.56,9.645,9.632,9.27,8.454,7.656,7.952,8.28,8.299,8.561,8.686,8.364,8.707,8.993,9.093,9.232,9.165,9.031,8.554,8.716,9.044,9.278,9.052,9.458,9.356,9.022,9.262,9.325,8.743,8.324,7.974,8.196,8.533,8.944,9.1,8.895,9.094,9.261,9.627,8.926,9.374,9.47,9.669,9.798,9.721,9.352,8.952,9.32,9.272,9.101,9.225,9.474,9.301,8.857,9.146,9.202,9.354,9.411,9.396,9.096,8.335,8.376,8.631,8.541,8.327,8.14,9.816,9.725,10.391,10.45,10.186,9.832,9.992,9.65,9.542,10.345,10.352,10.526,10.369,10.299,10.097,9.817,10.161,10.096,9.862,10.132,10.245,9.773,9.296,9.833,9.917,9.488,9.273,9.019,8.754,8.819,9.403,8.52,8.394,8.507,8.815,9.059,8.563,8.665,8.981,9.239,9.444,9.793,9.416,9.133,9.503,9.335,9.738,9.832,9.753,9.508,9.443,9.748,9.825,9.379,9.314,9.603,9.628,9.403,9.625,10.087,10.26,10.357,11.871,11.661,11.301,11.108,11.329,11.152,10.534,10.361,10.205,9.725,10.284,10.739,11.089,11.516,11.163,10.489,9.701,10.002,10.233,10.617,10.759,10.575,10.147,9.419,10.053,10.558,10.711,10.695,10.821,10.671,8.589,8.523,8.887,9.112,9.223,9.32,9.469,9.436,9.58,9.712,9.892,9.951,9.967,9.883,9.564,9.629,9.364,9.706,9.813,9.838,9.707,9.342,9.287,9.075,9.388,9.684,9.715,9.784,9.406,9.538,9.697,10.457,10.389,10.45,10.262,9.935,10.134,10.227,10.265,10.201,9.84,9.233,8.379,8.215,8.785,9.042,9.274,9.405,9.608,9.286,9.49,9.705,9.783,9.919,9.71,9.436,8.795,8.82,8.949,8.978,8.759,7.591,7.453,7.215,7.29,7.244,7.565,7.781,7.908,7.808,7.545,7.929,8.07,8.086,8.007,8.112,8.098,7.685,7.746,8.056,8.23,8.284,8.489,8.276,7.893,8.179,8.34,8.321,8.24,8.4,8.522,8.234,8.397,8.548,8.769,8.762,8.79,8.563,8.191,8.469,8.46,8.608,8.66,8.787,8.908,8.509,8.585,8.879,8.968,8.975,9.018,9.084,8.888,8.918,9.044,8.988,8.383,7.835,8.088,8.327,8.116,8.223,8.232,7.842,7.949,8.203,8.179,7.991,8.044,8.183,8.385,8.27,8.284,8.322,7.937,8.315,8.453,8.346,8.327,8.439,8.384,8.164,8.392,8.47,8.442,8.582,8.653,8.482,8.303,8.66,8.569,7.569,8.784,8.817,8.998,8.911,8.563,8.737,8.25,8.049,8.354,8.837,8.941,8.714,9.17,9.215,9.191,8.991,8.496,8.036,7.461,8.033,8.344,8.565,8.738,8.787,8.992,8.648,8.978,9.083,9.129,9.085,8.739,9.363,9.241,9.642,10.045,10.08,10.143,10.294,10.064,9.808,10.217,10.421,10.497,10.625,10.52,10.419,10.039,10.304,10.583,10.477,10.344,10.133,9.855,9.056,9.637,10.089,10.1,10.189,10.176,9.793,8.931,7.515,7.805,8.128,8.146,8.403,8.526,8.21,8.546,8.827,8.925,9.061,8.996,8.865,8.397,8.555,8.877,9.107,8.885,9.283,9.183,8.856,9.091,9.153,8.582,8.17,7.827,8.045,8.376,8.779,8.932,8.731,9.094,9.261,9.627,8.926,9.374,9.47,9.669,9.798,9.721,9.352,8.952,9.32,9.272,9.101,9.225,9.474,9.301,8.857,9.146,9.202,9.354,9.411,9.396,9.096,8.335,8.376,8.631,8.541,8.327,8.14,7.975,7.9,8.441,8.489,8.274,7.987,8.117,7.839,7.752,8.404,8.409,8.551,8.424,8.367,8.203,7.975,8.255,8.202,8.012,8.231,8.323,7.939,7.552,7.988,8.056,7.708,7.533,7.327,7.111,7.165,7.639,7.02,6.916,7.009,7.263,7.464,7.056,7.14,7.4,7.613,7.782,8.069,7.759,7.525,7.831,7.692,8.024,8.101,8.036,7.834,7.781,8.032,8.095,7.728,7.674,7.913,7.934,7.748,7.931,8.312,8.454,8.534,12.574,12.351,11.97,11.766,12.0,11.812,11.158,10.975,10.809,10.301,10.893,11.374,11.746,12.198,11.824,11.11,10.275,10.594,10.839,11.246,11.396,11.201,10.748,9.976,10.648,11.183,11.345,11.328,11.461,11.303,8.589,8.523,8.887,9.112,9.223,9.32,9.469,9.436,9.58,9.712,9.892,9.951,9.967,9.883,9.564,9.629,9.364,9.706,9.813,9.838,9.707,9.342,9.287,9.075,9.388,9.684,9.715,9.784,9.406,9.538,9.697,10.457,10.389,10.45,10.262,9.935,10.134,10.227,10.265,10.201,9.84,9.233,8.379,8.215,8.785,9.042,9.274,9.405,9.608,9.286,9.49,9.705,9.783,9.919,9.71,9.436,8.795,8.82,8.949,8.978,8.759,7.591,7.453,7.215,7.29,7.244,7.565,7.781,7.908,7.808,7.545,7.929,8.07,8.086,8.007,8.112,8.098,7.685,7.746,8.056,8.23,8.284,8.489,8.276,7.893,8.179,8.34,8.321,8.24,8.4,8.522,8.234
Guntur_118,11.224,11.301,11.514,11.543,11.114,11.178,11.421,11.436,11.207,11.082,11.284,11.289,11.427,11.223,10.897,10.838,11.343,11.293,10.836,11.298,11.38,11.126,11.251,11.523,11.648,11.116,11.473,11.641,11.73,11.808,11.711,10.391,9.892,10.209,10.473,10.474,10.465,10.582,10.218,9.994,10.165,10.212,10.318,10.683,10.666,10.771,10.319,10.573,10.789,10.744,10.511,10.146,10.232,9.963,10.298,10.48,10.595,10.467,10.406,10.288,11.35,11.673,11.802,11.616,11.433,11.503,11.659,11.317,11.233,10.417,10.823,11.481,11.551,11.477,11.035,11.42,11.784,11.734,13.006,12.816,12.362,12.163,11.948,12.433,12.874,13.017,12.965,12.897,12.496,12.169,12.142,11.154,11.401,11.48,11.406,10.964,11.516,11.571,11.512,11.587,11.674,11.457,11.184,11.821,11.604,11.522,11.185,11.103,10.995,10.626,11.291,11.35,11.071,11.247,11.364,11.254,11.035,11.442,11.454,11.475,11.277,11.943,11.971,11.796,12.142,12.096,12.244,12.569,12.554,12.477,11.982,11.79,11.89,11.845,11.75,11.817,11.679,11.716,10.968,11.484,11.829,11.464,11.308,11.604,11.786,11.268,11.536,11.732,12.068,12.034,11.76,11.487,7.878,7.978,7.956,8.174,8.111,8.162,8.008,8.513,8.665,8.777,8.669,8.693,8.44,8.151,8.562,8.555,8.689,8.808,8.627,8.572,8.24,8.712,8.937,8.826,8.824,8.524,8.341,8.089,8.47,8.894,0.0,0.0,0.0,0.0,0.0,0.0,0.0,0.0,0.0,0.0,0.0,0.0,0.0,0.0,0.0,0.0,0.0,0.0,0.0,0.0,0.0,0.0,0.0,0.0,0.0,0.0,0.0,0.0,0.0,0.0,0.0,0.0,0.0,0.0,0.0,0.0,0.0,0.0,0.0,0.0,0.0,0.0,0.0,0.0,0.0,0.0,0.0,0.0,0.0,0.0,0.0,0.0,0.0,0.0,0.0,0.0,0.0,0.0,0.0,0.0,0.0,0.0,12.449,12.492,12.497,12.738,12.837,12.164,12.296,12.638,13.204,13.017,12.847,12.436,12.058,12.191,12.397,12.572,12.334,12.244,12.573,12.02,12.236,12.069,11.856,12.232,12.292,11.745,11.357,12.232,12.492,12.389,9.266,9.208,9.479,9.184,9.356,9.636,9.957,10.095,10.098,9.799,9.259,9.355,9.5,9.093,9.25,9.354,9.563,9.316,9.535,9.544,9.508,9.326,9.092,9.079,8.616,8.789,9.243,9.425,9.637,9.817,9.739,11.14,11.529,11.653,11.614,11.496,11.755,11.585,11.119,11.347,11.307,11.227,11.424,11.216,10.21,9.919,9.992,10.648,10.955,11.142,11.226,11.137,10.949,11.483,11.437,11.123,10.48,10.503,10.709,10.899,11.281,9.045,9.178,9.082,9.171,9.115,8.721,8.895,9.048,8.886,9.029,9.107,8.933,8.693,8.94,9.181,9.19,9.276,9.404,9.246,9.116,9.361,9.592,9.713,9.568,9.555,9.703,9.335,9.614,9.717,9.665,9.665,10.143,9.848,9.506,9.766,9.843,9.882,9.748,9.865,9.674,9.638,10.03,10.084,10.049,9.931,9.95,10.15,10.027,10.133,10.471,10.679,10.862,10.806,10.64,10.267,10.36,10.004,10.267,10.396,10.593,10.572,10.261,9.404,9.52,9.596,9.42,9.455,9.385,9.122,9.222,9.436,9.615,9.659,9.664,9.62,9.392,9.543,9.543,9.509,9.424,9.318,9.321,9.165,9.522,9.678,9.822,9.855,9.919,9.873,9.716,10.834,10.889,10.853,10.813,11.056,10.992,10.564,10.812,11.019,11.136,11.022,10.643,10.449,10.444,10.834,10.914,11.08,11.242,11.209,11.09,10.739,10.853,10.582,10.835,11.008,10.856,10.911,10.501,9.9,10.064,10.533,11.214,11.501,11.592,11.343,11.646,11.642,11.652,11.924,11.809,11.781,11.358,11.724,11.799,11.362,11.412,11.506,11.226,11.148,11.369,11.581,11.213,10.991,10.877,11.049,10.828,11.235,11.404,11.356,11.403,11.336,11.902,11.679,11.75,11.806,11.579,11.71,11.96,11.874,11.619,11.845,11.557,11.18,10.856,11.224,11.141,10.31,10.365,10.127,10.151,10.077,10.217,10.571,10.788,11.033,10.857,10.654,10.695,11.103,11.366,10.72,11.253,10.279,11.066,11.282,11.316,11.046,10.534,10.855,10.68,10.649,10.42,10.075,10.049,9.561,10.424,10.474,10.742,10.813,10.89,10.428,9.899,10.724,11.13,11.741,11.279,11.23,10.92,11.185,12.019,12.425,12.159,9.688,9.354,9.381,9.496,10.037,10.225,10.152,9.959,9.811,9.99,9.321,9.22,9.12,8.998,9.153,9.591,9.677,8.779,8.113,8.122,7.954,8.191,8.625,8.442,8.309,8.579,8.503,8.006,8.162,8.12,7.997,0.0,0.0,0.0,0.0,0.0,0.0,0.0,0.0,0.0,0.0,0.0,0.0,0.0,0.0,0.0,0.0,0.0,0.0,0.0,0.0,0.0,0.0,0.0,0.0,0.0,0.0,0.0,0.0,0.0,0.0,0.0,0.0,0.0,0.0,0.0,0.0,0.0,0.0,0.0,0.0,0.0,0.0,0.0,0.0,0.0,0.0,0.0,0.0,0.0,0.0,0.0,0.0,0.0,0.0,0.0,0.0,0.0,0.0,0.0,0.0,0.0,10.214,9.845,9.605,10.047,10.265,10.469,10.473,10.577,10.425,10.095,10.574,10.685,10.703,10.552,10.222,10.354,9.811,9.578,9.998,10.092,10.029,9.967,10.098,9.487,9.872,9.956,9.931,9.859,9.986,9.886,9.727,9.03,9.029,8.929,8.248,7.989,8.545,8.377,8.83,9.068,9.387,9.13,9.326,9.257,9.105,9.228,9.212,9.317,9.399,9.161,9.167,8.775,9.279,9.421,9.477,9.391,9.321,9.191,8.693,8.855,8.896,11.316,10.996,11.215,11.238,10.999,11.365,11.59,11.558,11.684,11.505,11.404,10.932,11.47,11.85,11.816,11.702,11.642,11.624,11.043,11.836,12.189,12.399,12.523,12.615,12.489,12.115,12.371,12.117,11.823,11.701,11.903,9.788,9.415,9.944,10.218,10.373,10.176,10.134,9.781,9.341,9.652,9.707,9.755,9.949,9.761,9.515,9.511,9.965,10.274,10.281,10.231,10.324,9.773,9.615,10.149,10.21,9.887,10.055,10.199,10.24,10.23,10.417,10.98,11.023,10.6,10.783,10.912,10.756,10.946,11.249,11.047,10.814,10.873,10.847,10.716,10.785,10.859,11.016,10.922,10.978,10.882,10.701,10.976,10.944,10.958,11.266,11.027,10.849,10.443,10.905,11.302,11.071,11.006,11.313,11.496,11.214,11.17,11.252,11.363,11.564,11.715,11.687,11.401,11.657,11.733,11.893,11.848,11.189,11.27,11.49,11.816,11.913,11.98,12.089,12.037,11.956,11.586,11.801,11.912,12.132,12.206,10.455,10.444,10.12,10.48,10.588,10.393,10.558,10.497,10.537,10.204,10.409,10.561,10.582,10.479,10.371,10.521,10.04,10.314,10.495,10.416,10.456,10.48,10.467,10.136,10.49,10.615,10.723,10.652,10.557,10.284,11.629,11.915,11.874,12.156,12.144,12.466,12.389,11.835,12.016,11.831,11.884,11.869,11.757,11.643,11.323,11.782,12.064,12.402,12.282,11.769,10.733,9.974,9.854,10.727,11.526,11.599,11.425,11.326,11.23,11.858,12.03,13.037,13.169,13.153,13.005,12.687,13.037,13.123,12.845,12.724,13.034,12.903,12.527,13.142,13.328,12.971,12.682,12.498,12.198,11.322,11.355,11.451,12.362,12.841,12.692,12.44,12.078,12.782,12.963,12.445,11.588,11.465,11.659,11.363,12.216,12.268,12.254,12.294,12.063,11.558,10.828,11.239,11.265,11.44,11.271,11.298,11.321,10.831,11.652,11.832,11.621,10.91,11.239,10.95,10.176,10.95,11.668,11.801,11.709,11.917,11.528,10.842,13.106,13.439,13.994,13.983,13.496,13.097,12.459,12.765,12.752,12.746,12.012,12.664,13.144,12.254,11.621,12.446,13.163,13.616,13.452,13.282,12.709,13.401,13.738,13.614,13.841,14.293,13.826,13.239,14.197,14.568,14.473,12.297,12.415,12.351,11.626,12.219,12.412,12.462,12.294,11.974,11.672,10.899,11.073,11.119,11.126,10.956,10.411,10.764,10.843,11.454,11.435,11.294,10.823,10.651,10.51,10.545,11.48,11.568,11.529,11.694,11.725,9.474,9.05,9.603,9.892,9.378,9.513,9.467,9.521,9.204,9.496,9.41,9.571,9.581,9.501,9.363,9.04,9.761,9.856,9.872,9.84,9.714,9.457,8.893,8.388,8.212,8.799,9.285,9.475,9.524,9.261,9.358,9.955,10.082,9.995,10.157,10.121,9.912,10.056,10.135,10.138,10.133,10.143,9.839,9.599,9.672,9.928,10.077,10.152,10.241,10.274,9.875,10.236,10.38,10.356,10.352,10.355,10.364,10.136,10.396,10.269,10.28,10.511,10.666,10.684,10.31,10.529,10.771,10.899,10.634,10.557,10.148,9.879,10.4,10.416,10.479,10.675,10.889,10.969,10.724,11.145,11.182,11.095,11.141,11.324,11.251,10.866,11.085,11.294,11.474,11.515,11.383,11.263,10.754,11.045,11.001,10.816,10.952,11.032,11.097,10.996,11.173,11.189,11.29,11.319,11.384,10.981,10.543,10.841,11.06,11.27,11.171,11.31,11.176,10.852,10.934,11.127,11.044,10.321,10.654,10.97,10.692,10.832,10.845,12.345,12.513,12.913,12.875,12.58,12.662,12.882,13.199,13.019,13.04,13.101,12.494,13.089,13.307,13.137,13.107,13.284,13.197,12.851,13.21,13.333,13.289,13.51,13.62,13.352,13.069,13.632,13.488,12.768,12.816,13.079,12.953,12.448,12.7,11.992,11.701,12.144,12.846,12.997,12.667,13.33,13.395,13.36,13.07,12.349,11.681,10.845,11.677,12.128,12.449,12.702,12.773,13.071,12.571,13.05,13.203,13.27,13.206,12.703,11.477,11.327,11.819,12.313,12.356,12.432,12.617,12.336,12.022,12.524,12.773,12.866,13.023,12.894,12.771,12.305,12.629,12.972,12.842,12.679,12.42,12.08,11.1,11.812,12.367,12.38,12.489,12.473,12.004,10.947,10.298,10.695,11.137,11.162,11.515,11.683,11.25,11.711,12.096,12.23,12.417,12.327,12.147,11.506,11.723,12.164,12.479,12.175,12.721,12.583,12.135,12.457,12.543,11.76,11.195,10.725,11.024,11.477,12.03,12.24,11.964,12.26,12.486,12.979,12.033,12.638,12.766,13.035,13.209,13.105,12.608,12.068,12.564,12.5,12.27,12.436,12.772,12.54,11.941,12.33,12.406,12.61,12.688,12.667,12.263,11.237,11.293,11.635,11.515,11.227,10.974,9.816,9.725,10.391,10.45,10.186,9.832,9.992,9.65,9.542,10.345,10.352,10.526,10.369,10.299,10.097,9.817,10.161,10.096,9.862,10.132,10.245,9.773,9.296,9.833,9.917,9.488,9.273,9.019,8.754,8.819,9.403,17.362,17.104,17.335,17.963,18.46,17.449,17.657,18.301,18.827,19.245,19.956,19.189,18.611,19.366,19.022,19.844,20.036,19.875,19.375,19.243,19.864,20.021,19.112,18.979,19.569,19.62,19.162,19.614,20.555,20.908,21.105,15.663,15.386,14.911,14.657,14.948,14.715,13.899,13.671,13.465,12.832,13.57,14.169,14.631,15.195,14.729,13.839,12.799,13.197,13.501,14.008,14.196,13.953,13.389,12.428,13.264,13.93,14.133,14.111,14.277,14.08,11.119,11.033,11.505,11.796,11.939,12.065,12.257,12.215,12.402,12.573,12.806,12.882,12.902,12.794,12.381,12.464,12.121,12.565,12.703,12.735,12.565,12.093,12.022,11.748,12.153,12.536,12.576,12.665,12.177,12.347,12.553,12.59,12.508,12.581,12.356,11.962,12.201,12.313,12.358,12.282,11.847,11.116,10.088,9.891,10.577,10.886,11.166,11.323,11.567,11.18,11.426,11.685,11.778,11.942,11.69,11.36,10.588,10.619,10.774,10.81,10.546,10.358,10.169,9.845,9.947,9.884,10.322,10.617,10.79,10.654,10.294,10.819,11.011,11.032,10.925,11.068,11.049,10.486,10.569,10.992,11.229,11.303,11.583,11.292,10.769,11.16,11.38,11.353,11.243,11.462,11.628,11.235,10.853,11.049,11.335,11.325,11.361,11.068,10.587,10.947,10.935,11.127,11.193,11.357,11.514,10.998,11.096,11.476,11.592,11.6,11.656,11.741,11.489,11.527,11.689,11.618,10.835,10.127,10.454,10.763,10.49,10.628,10.641,10.416,10.557,10.895,10.863,10.613,10.683,10.868,11.136,10.984,11.002,11.053,10.541,11.043,11.227,11.084,11.058,11.208,11.135,10.843,11.145,11.249,11.212,11.398,11.491,11.265,11.027,11.502,11.38,10.052,11.741,11.785,12.027,11.911,11.446,11.678,11.027,10.759,11.167,11.813,11.951,11.648,12.257,12.317,12.285,12.018,11.356,10.741,9.972,10.737,11.153,11.448,11.68,11.745,12.019,11.56,12.0,12.141,12.202,12.143,11.681,12.369,12.208,12.737,13.27,13.316,13.399,13.598,13.295,12.957,13.497,13.766,13.866,14.036,13.896,13.763,13.262,13.611,13.981,13.84,13.664,13.385,13.019,11.963,12.73,13.328,13.342,13.46,13.443,12.937,11.798,11.577,12.024,12.52,12.549,12.945,13.134,12.647,13.165,13.598,13.749,13.959,13.859,13.656,12.935,13.179,13.675,14.03,13.687,14.301,14.146,13.643,14.004,14.101,13.22,12.586,12.057,12.393,12.903,13.524,13.761,13.45,12.26,12.486,12.979,12.033,12.638,12.766,13.035,13.209,13.105,12.608,12.068,12.564,12.5,12.27,12.436,12.772,12.54,11.941,12.33,12.406,12.61,12.688,12.667,12.263,11.237,11.293,11.635,11.515,11.227,10.974,12.285,12.171,13.004,13.078,12.747,12.304,12.505,12.076,11.942,12.947,12.955,13.173,12.976,12.889,12.636,12.285,12.716,12.635,12.342,12.68,12.821,12.23,11.634,12.305,12.411,11.874,11.605,11.287,10.955,11.037,11.768,7.02,6.916,7.009,7.263,7.464,7.056,7.14,7.4,7.613,7.782,8.069,7.759,7.525,7.831,7.692,8.024,8.101,8.036,7.834,7.781,8.032,8.095,7.728,7.674,7.913,7.934,7.748,7.931,8.312,8.454,8.534,22.978,22.571,21.875,21.501,21.929,21.586,20.39,20.056,19.753,18.824,19.907,20.786,21.464,22.29,21.608,20.302,18.776,19.36,19.807,20.55,20.826,20.469,19.641,18.231,19.459,20.436,20.732,20.701,20.944,20.655,11.119,11.033,11.505,11.796,11.939,12.065,12.257,12.215,12.402,12.573,12.806,12.882,12.902,12.794,12.381,12.464,12.121,12.565,12.703,12.735,12.565,12.093,12.022,11.748,12.153,12.536,12.576,12.665,12.177,12.347,12.553,12.59,12.508,12.581,12.356,11.962,12.201,12.313,12.358,12.282,11.847,11.116,10.088,9.891,10.577,10.886,11.166,11.323,11.567,11.18,11.426,11.685,11.778,11.942,11.69,11.36,10.588,10.619,10.774,10.81,10.546,10.358,10.169,9.845,9.947,9.884,10.322,10.617,10.79,10.654,10.294,10.819,11.011,11.032,10.925,11.068,11.049,10.486,10.569,10.992,11.229,11.303,11.583,11.292,10.769,11.16,11.38,11.353,11.243,11.462,11.628,11.235
Guntur_119,13.628,13.721,13.98,14.015,13.494,13.571,13.867,13.885,13.607,13.455,13.701,13.706,13.874,13.627,13.23,13.159,13.773,13.712,13.157,13.717,13.817,13.509,13.66,13.991,14.142,13.496,13.93,14.134,14.242,14.337,14.22,14.015,13.343,13.769,14.126,14.128,14.116,14.274,13.783,13.48,13.711,13.774,13.917,14.409,14.386,14.528,13.919,14.26,14.552,14.492,14.177,13.685,13.801,13.438,13.889,14.136,14.29,14.118,14.035,13.876,13.505,13.89,14.043,13.822,13.604,13.688,13.873,13.467,13.366,12.395,12.878,13.662,13.745,13.656,13.131,13.589,14.021,13.962,15.476,15.25,14.71,14.473,14.217,14.794,15.319,15.489,15.427,15.346,14.869,14.48,14.448,14.064,14.375,14.474,14.382,13.824,14.519,14.59,14.515,14.609,14.719,14.445,14.101,14.904,14.631,14.527,14.103,13.999,13.863,13.398,14.236,14.311,13.958,14.18,14.328,14.189,13.913,14.427,14.442,14.468,14.219,12.774,12.804,12.617,12.986,12.937,13.096,13.444,13.428,13.345,12.815,12.61,12.717,12.67,12.567,12.639,12.492,12.532,11.731,12.283,12.652,12.261,12.095,12.412,12.606,12.052,12.338,12.548,12.908,12.872,12.578,12.287,12.609,12.769,12.734,13.082,12.983,13.063,12.817,13.625,13.869,14.049,13.876,13.914,13.508,13.047,13.705,13.693,13.907,14.098,13.808,13.72,13.188,13.945,14.305,14.126,14.123,13.643,13.351,12.946,13.557,14.235,0.0,0.0,0.0,0.0,0.0,0.0,0.0,0.0,0.0,0.0,0.0,0.0,0.0,0.0,0.0,0.0,0.0,0.0,0.0,0.0,0.0,0.0,0.0,0.0,0.0,0.0,0.0,0.0,0.0,0.0,0.0,0.0,0.0,0.0,0.0,0.0,0.0,0.0,0.0,0.0,0.0,0.0,0.0,0.0,0.0,0.0,0.0,0.0,0.0,0.0,0.0,0.0,0.0,0.0,0.0,0.0,0.0,0.0,0.0,0.0,0.0,0.0,12.449,12.492,12.497,12.738,12.837,12.164,12.296,12.638,13.204,13.017,12.847,12.436,12.058,12.191,12.397,12.572,12.334,12.244,12.573,12.02,12.236,12.069,11.856,12.232,12.292,11.745,11.357,12.232,12.492,12.389,11.925,11.849,12.199,11.818,12.04,12.4,12.813,12.991,12.995,12.611,11.915,12.039,12.226,11.702,11.904,12.038,12.307,11.989,12.271,12.283,12.236,12.002,11.7,11.684,11.088,11.311,11.896,12.129,12.402,12.634,12.533,13.004,13.459,13.603,13.558,13.42,13.723,13.523,12.979,13.246,13.2,13.106,13.336,13.093,11.918,11.579,11.664,12.43,12.788,13.006,13.104,13.0,12.782,13.404,13.35,12.984,12.234,12.261,12.501,12.722,13.168,12.421,12.604,12.472,12.594,12.517,11.977,12.216,12.426,12.204,12.4,12.507,12.267,11.938,12.277,12.608,12.62,12.738,12.915,12.697,12.518,12.855,13.173,13.339,13.14,13.122,13.326,12.82,13.203,13.344,13.272,13.273,11.998,11.649,11.244,11.551,11.643,11.689,11.531,11.669,11.443,11.4,11.864,11.928,11.886,11.747,11.769,12.005,11.86,11.986,12.386,12.631,12.849,12.782,12.585,12.144,12.254,11.833,12.145,12.297,12.53,12.505,12.137,12.874,13.033,13.137,12.896,12.943,12.848,12.488,12.625,12.918,13.163,13.223,13.23,13.169,12.857,13.064,13.064,13.018,12.901,12.757,12.76,12.547,13.035,13.249,13.446,13.491,13.579,13.515,13.301,13.874,13.945,13.898,13.847,14.157,14.077,13.528,13.845,14.11,14.26,14.114,13.629,13.381,13.374,13.874,13.977,14.189,14.397,14.353,14.201,13.752,13.897,13.551,13.875,14.097,13.902,13.972,13.447,12.677,12.887,13.488,13.571,13.919,14.028,13.728,14.094,14.089,14.101,14.43,14.291,14.257,13.745,14.189,14.28,13.751,13.811,13.925,13.586,13.492,13.759,14.016,13.57,13.301,13.164,13.372,13.104,13.597,13.801,13.743,13.8,13.719,14.266,13.999,14.084,14.152,13.879,14.037,14.336,14.233,13.927,14.199,13.853,13.401,13.013,13.453,13.355,12.358,12.424,12.139,12.167,12.079,12.247,12.671,12.931,13.225,13.014,12.771,12.82,13.309,13.624,12.849,13.489,11.732,12.631,12.877,12.916,12.608,12.024,12.389,12.19,12.155,11.893,11.499,11.47,10.913,11.898,11.955,12.261,12.342,12.429,11.903,11.299,12.241,12.704,13.401,12.874,12.817,12.464,12.766,13.719,14.182,13.878,13.782,13.307,13.346,13.509,14.278,14.545,14.442,14.167,13.957,14.211,13.259,13.115,12.974,12.8,13.021,13.643,13.765,12.488,11.541,11.554,11.315,11.652,12.27,12.009,11.819,12.204,12.096,11.39,11.611,11.551,11.376,0.0,0.0,0.0,0.0,0.0,0.0,0.0,0.0,0.0,0.0,0.0,0.0,0.0,0.0,0.0,0.0,0.0,0.0,0.0,0.0,0.0,0.0,0.0,0.0,0.0,0.0,0.0,0.0,0.0,0.0,0.0,0.0,0.0,0.0,0.0,0.0,0.0,0.0,0.0,0.0,0.0,0.0,0.0,0.0,0.0,0.0,0.0,0.0,0.0,0.0,0.0,0.0,0.0,0.0,0.0,0.0,0.0,0.0,0.0,0.0,0.0,11.124,10.722,10.461,10.942,11.179,11.401,11.406,11.519,11.353,10.994,11.516,11.636,11.656,11.492,11.133,11.276,10.685,10.431,10.888,10.991,10.922,10.855,10.997,10.332,10.752,10.842,10.816,10.737,10.876,10.766,10.594,12.405,12.404,12.266,11.331,10.975,11.738,11.508,12.13,12.457,12.895,12.542,12.812,12.717,12.509,12.676,12.655,12.8,12.912,12.585,12.593,12.054,12.748,12.942,13.019,12.902,12.804,12.626,11.942,12.165,12.221,13.184,12.812,13.067,13.094,12.815,13.241,13.505,13.467,13.614,13.405,13.288,12.738,13.364,13.807,13.767,13.634,13.564,13.544,12.866,13.79,14.201,14.447,14.591,14.698,14.552,14.116,14.414,14.118,13.776,13.633,13.869,12.943,12.448,13.149,13.51,13.715,13.455,13.399,12.933,12.35,12.763,12.835,12.898,13.155,12.906,12.581,12.576,13.176,13.585,13.593,13.528,13.65,12.922,12.714,13.42,13.5,13.072,13.295,13.485,13.54,13.526,13.774,14.624,14.682,14.118,14.361,14.534,14.326,14.579,14.983,14.714,14.403,14.482,14.447,14.272,14.365,14.463,14.673,14.547,14.621,14.494,14.252,14.619,14.576,14.595,15.005,14.687,14.45,13.91,14.524,13.23,12.959,12.883,13.243,13.456,13.127,13.076,13.171,13.301,13.537,13.714,13.681,13.346,13.645,13.735,13.921,13.869,13.097,13.192,13.45,13.831,13.945,14.023,14.151,14.091,13.996,13.562,13.814,13.944,14.202,14.288,14.315,14.3,13.856,14.349,14.497,14.23,14.456,14.373,14.427,13.971,14.252,14.46,14.489,14.348,14.2,14.405,13.747,14.121,14.369,14.262,14.317,14.349,14.332,13.878,14.363,14.534,14.682,14.585,14.454,14.08,14.326,14.68,14.629,14.977,14.962,15.358,15.263,14.58,14.804,14.575,14.641,14.622,14.485,14.344,13.95,14.515,14.863,15.279,15.132,14.5,13.223,12.288,12.14,13.216,14.2,14.29,14.076,13.954,13.835,14.609,14.821,13.037,13.169,13.153,13.005,12.687,13.037,13.123,12.845,12.724,13.034,12.903,12.527,13.142,13.328,12.971,12.682,12.498,12.198,11.322,11.355,11.451,12.362,12.841,12.692,12.44,12.078,12.782,12.963,12.445,11.588,11.465,11.659,11.363,12.216,12.268,12.254,12.294,12.063,11.558,10.828,11.239,11.265,11.44,11.271,11.298,11.321,10.831,11.652,11.832,11.621,10.91,11.239,10.95,10.176,10.95,11.668,11.801,11.709,11.917,11.528,10.842,12.851,13.178,13.722,13.711,13.233,12.842,12.216,12.517,12.504,12.498,11.779,12.418,12.889,12.015,11.395,12.204,12.907,13.351,13.19,13.024,12.462,13.141,13.471,13.349,13.572,14.016,13.558,12.982,13.921,14.284,14.192,12.407,12.525,12.461,11.729,12.328,12.522,12.573,12.403,12.081,11.776,10.996,11.171,11.218,11.225,11.053,10.503,10.86,10.94,11.556,11.537,11.394,10.919,10.746,10.604,10.639,11.582,11.672,11.632,11.799,11.829,12.889,12.312,13.064,13.458,12.758,12.942,12.879,12.953,12.521,12.919,12.801,13.02,13.034,12.925,12.738,12.298,13.279,13.408,13.43,13.387,13.215,12.865,12.099,11.411,11.172,11.971,12.631,12.89,12.956,12.599,12.731,12.926,13.091,12.978,13.188,13.142,12.87,13.058,13.16,13.163,13.157,13.17,12.776,12.464,12.558,12.891,13.084,13.182,13.298,13.34,12.822,13.291,13.478,13.447,13.441,13.445,13.458,13.161,13.499,13.333,13.349,13.461,13.659,13.682,13.203,13.483,13.793,13.957,13.618,13.519,12.996,12.65,13.318,13.339,13.42,13.67,13.944,14.047,13.733,14.273,14.32,14.209,14.268,14.501,14.408,13.915,14.195,14.464,14.694,14.746,14.577,14.423,14.419,14.81,14.75,14.502,14.685,14.793,14.879,14.744,14.982,15.003,15.139,15.178,15.265,14.724,14.137,14.536,14.831,15.112,14.978,15.165,14.985,14.551,14.66,14.92,14.808,13.839,14.286,14.71,14.336,14.525,14.542,14.394,14.59,15.056,15.013,14.668,14.764,15.02,15.39,15.18,15.204,15.275,14.568,15.261,15.515,15.318,15.283,15.489,15.388,14.984,15.403,15.546,15.494,15.752,15.881,15.568,15.239,15.895,15.727,14.691,14.746,15.048,14.904,14.322,14.612,13.798,13.463,13.973,14.78,14.954,14.574,15.337,15.412,15.372,15.038,14.209,13.44,12.478,13.435,13.955,14.324,14.614,14.696,15.039,14.464,15.015,15.191,15.268,15.194,14.616,13.486,13.31,13.888,14.468,14.519,14.609,14.826,14.496,14.127,14.716,15.009,15.118,15.303,15.151,15.006,14.46,14.84,15.243,15.09,14.898,14.594,14.195,13.043,13.88,14.532,14.547,14.676,14.657,14.105,12.864,12.594,13.08,13.621,13.652,14.083,14.288,13.759,14.323,14.794,14.958,15.186,15.077,14.856,14.072,14.338,14.877,15.263,14.89,15.558,15.39,14.842,15.235,15.34,14.383,13.692,13.117,13.482,14.037,14.713,14.97,14.633,14.658,14.928,15.517,14.387,15.11,15.263,15.585,15.792,15.668,15.074,14.429,15.022,14.945,14.67,14.869,15.27,14.993,14.277,14.741,14.833,15.077,15.17,15.144,14.662,13.435,13.502,13.911,13.768,13.422,13.12,18.294,18.124,19.364,19.475,18.982,18.323,18.621,17.983,17.783,19.28,19.291,19.616,19.324,19.194,18.817,18.295,18.936,18.815,18.38,18.883,19.092,18.212,17.324,18.324,18.481,17.681,17.281,16.808,16.314,16.436,17.524,17.362,17.104,17.335,17.963,18.46,17.449,17.657,18.301,18.827,19.245,19.956,19.189,18.611,19.366,19.022,19.844,20.036,19.875,19.375,19.243,19.864,20.021,19.112,18.979,19.569,19.62,19.162,19.614,20.555,20.908,21.105,15.773,15.494,15.016,14.76,15.053,14.818,13.997,13.767,13.559,12.922,13.665,14.268,14.734,15.301,14.832,13.937,12.889,13.289,13.596,14.107,14.296,14.051,13.483,12.515,13.357,14.028,14.232,14.21,14.377,14.179,13.432,13.328,13.898,14.25,14.422,14.575,14.807,14.756,14.982,15.188,15.47,15.562,15.586,15.455,14.956,15.057,14.643,15.179,15.346,15.384,15.179,14.609,14.523,14.191,14.681,15.144,15.193,15.3,14.71,14.915,15.164,19.099,18.976,19.086,18.744,18.146,18.51,18.679,18.748,18.632,17.972,16.864,15.304,15.005,16.046,16.515,16.939,17.178,17.548,16.961,17.334,17.726,17.869,18.117,17.734,17.234,16.063,16.11,16.345,16.399,15.998,13.481,13.236,12.814,12.947,12.865,13.435,13.819,14.045,13.867,13.399,14.082,14.332,14.36,14.22,14.406,14.381,13.648,13.756,14.307,14.616,14.712,15.076,14.697,14.017,14.526,14.812,14.777,14.633,14.918,15.134,14.623,14.465,14.726,15.107,15.094,15.142,14.751,14.11,14.59,14.575,14.83,14.918,15.137,15.346,14.659,14.788,15.295,15.449,15.461,15.535,15.648,15.312,15.363,15.579,15.484,14.441,13.497,13.933,14.346,13.982,14.165,14.182,13.964,14.154,14.607,14.564,14.23,14.323,14.571,14.931,14.727,14.75,14.819,14.133,14.805,15.052,14.86,14.826,15.026,14.928,14.537,14.943,15.081,15.032,15.282,15.407,15.104,14.784,15.421,15.258,13.477,15.542,15.6,15.92,15.767,15.152,15.459,14.597,14.243,14.782,15.637,15.82,15.419,16.225,16.305,16.262,15.909,15.032,14.218,13.201,14.213,14.763,15.154,15.461,15.548,15.91,15.303,15.885,16.071,16.153,16.075,15.463,15.397,15.197,15.856,16.519,16.576,16.679,16.927,16.55,16.129,16.802,17.136,17.261,17.472,17.299,17.133,16.509,16.944,17.404,17.228,17.009,16.662,16.206,14.892,15.847,16.591,16.609,16.756,16.734,16.104,14.687,12.87,13.366,13.919,13.95,14.391,14.601,14.06,14.636,15.117,15.285,15.518,15.406,15.181,14.38,14.651,15.202,15.596,15.216,15.898,15.726,15.166,15.568,15.676,14.697,13.992,13.404,13.777,14.344,15.035,15.297,14.952,14.658,14.928,15.517,14.387,15.11,15.263,15.585,15.792,15.668,15.074,14.429,15.022,14.945,14.67,14.869,15.27,14.993,14.277,14.741,14.833,15.077,15.17,15.144,14.662,13.435,13.502,13.911,13.768,13.422,13.12,13.657,13.53,14.456,14.538,14.17,13.679,13.901,13.425,13.275,14.393,14.401,14.644,14.426,14.329,14.047,13.657,14.136,14.046,13.721,14.096,14.253,13.596,12.933,13.68,13.797,13.2,12.901,12.548,12.179,12.27,13.082,15.892,15.656,15.867,16.443,16.897,15.972,16.163,16.752,17.233,17.616,18.266,17.564,17.036,17.726,17.412,18.164,18.339,18.192,17.735,17.614,18.183,18.326,17.494,17.372,17.912,17.96,17.54,17.954,18.815,19.138,19.318,31.843,31.279,30.314,29.797,30.39,29.915,28.258,27.794,27.374,26.087,27.587,28.806,29.746,30.891,29.944,28.136,26.021,26.829,27.449,28.479,28.861,28.366,27.22,25.265,26.967,28.321,28.732,28.688,29.025,28.625,13.432,13.328,13.898,14.25,14.422,14.575,14.807,14.756,14.982,15.188,15.47,15.562,15.586,15.455,14.956,15.057,14.643,15.179,15.346,15.384,15.179,14.609,14.523,14.191,14.681,15.144,15.193,15.3,14.71,14.915,15.164,19.099,18.976,19.086,18.744,18.146,18.51,18.679,18.748,18.632,17.972,16.864,15.304,15.005,16.046,16.515,16.939,17.178,17.548,16.961,17.334,17.726,17.869,18.117,17.734,17.234,16.063,16.11,16.345,16.399,15.998,13.481,13.236,12.814,12.947,12.865,13.435,13.819,14.045,13.867,13.399,14.082,14.332,14.36,14.22,14.406,14.381,13.648,13.756,14.307,14.616,14.712,15.076,14.697,14.017,14.526,14.812,14.777,14.633,14.918,15.134,14.623
Guntur_120,14.328,14.426,14.699,14.735,14.188,14.269,14.579,14.599,14.307,14.147,14.405,14.411,14.587,14.327,13.91,13.835,14.48,14.416,13.833,14.422,14.527,14.203,14.362,14.71,14.869,14.19,14.646,14.86,14.974,15.074,14.95,14.462,13.768,14.209,14.577,14.579,14.566,14.729,14.222,13.91,14.148,14.214,14.361,14.869,14.845,14.991,14.363,14.715,15.016,14.954,14.629,14.121,14.242,13.867,14.333,14.587,14.746,14.569,14.483,14.319,13.117,13.491,13.64,13.425,13.214,13.295,13.475,13.08,12.982,12.039,12.508,13.269,13.35,13.264,12.754,13.199,13.619,13.561,15.031,14.812,14.287,14.057,13.808,14.369,14.879,15.044,14.984,14.906,14.442,14.064,14.033,13.719,14.023,14.12,14.03,13.485,14.164,14.233,14.16,14.252,14.359,14.091,13.756,14.539,14.273,14.171,13.758,13.657,13.524,13.07,13.888,13.961,13.617,13.833,13.977,13.842,13.572,14.074,14.088,14.114,13.871,12.749,12.779,12.593,12.962,12.912,13.071,13.418,13.402,13.319,12.791,12.586,12.693,12.645,12.543,12.615,12.468,12.508,11.709,12.26,12.628,12.238,12.072,12.388,12.582,12.029,12.315,12.524,12.883,12.847,12.554,12.263,11.07,11.21,11.18,11.486,11.398,11.469,11.253,11.962,12.176,12.334,12.182,12.215,11.86,11.454,12.032,12.021,12.21,12.377,12.123,12.045,11.579,12.242,12.559,12.402,12.399,11.977,11.721,11.366,11.902,12.497,0.0,0.0,0.0,0.0,0.0,0.0,0.0,0.0,0.0,0.0,0.0,0.0,0.0,0.0,0.0,0.0,0.0,0.0,0.0,0.0,0.0,0.0,0.0,0.0,0.0,0.0,0.0,0.0,0.0,0.0,0.0,0.0,0.0,0.0,0.0,0.0,0.0,0.0,0.0,0.0,0.0,0.0,0.0,0.0,0.0,0.0,0.0,0.0,0.0,0.0,0.0,0.0,0.0,0.0,0.0,0.0,0.0,0.0,0.0,0.0,0.0,0.0,10.703,10.739,10.744,10.951,11.037,10.458,10.571,10.865,11.352,11.191,11.045,10.692,10.366,10.481,10.658,10.808,10.604,10.526,10.81,10.334,10.519,10.376,10.193,10.516,10.568,10.097,9.764,10.516,10.74,10.651,12.063,11.987,12.341,11.956,12.18,12.544,12.962,13.142,13.146,12.757,12.054,12.179,12.368,11.838,12.043,12.178,12.45,12.128,12.413,12.425,12.378,12.141,11.836,11.82,11.217,11.443,12.034,12.27,12.546,12.78,12.679,11.772,12.183,12.314,12.273,12.148,12.422,12.242,11.749,11.991,11.949,11.864,12.073,11.852,10.789,10.482,10.559,11.252,11.577,11.774,11.862,11.769,11.571,12.134,12.085,11.754,11.075,11.099,11.316,11.517,11.92,12.308,12.489,12.359,12.48,12.404,11.868,12.105,12.313,12.093,12.287,12.393,12.156,11.83,12.165,12.494,12.506,12.622,12.798,12.582,12.405,12.738,13.053,13.218,13.021,13.002,13.205,12.703,13.083,13.223,13.152,13.153,13.092,12.71,12.269,12.604,12.705,12.754,12.582,12.733,12.486,12.439,12.945,13.016,12.97,12.818,12.842,13.1,12.941,13.078,13.514,13.783,14.02,13.947,13.732,13.251,13.371,12.911,13.252,13.418,13.672,13.644,13.243,13.328,13.493,13.6,13.351,13.4,13.301,12.929,13.07,13.374,13.627,13.689,13.696,13.634,13.31,13.524,13.525,13.477,13.356,13.207,13.21,12.989,13.495,13.716,13.92,13.966,14.058,13.992,13.77,14.533,14.607,14.558,14.504,14.829,14.745,14.17,14.503,14.78,14.937,14.785,14.276,14.016,14.009,14.533,14.64,14.862,15.08,15.035,14.875,14.405,14.557,14.195,14.533,14.766,14.562,14.635,14.086,13.279,13.499,14.128,14.753,15.131,15.25,14.924,15.322,15.317,15.33,15.687,15.536,15.499,14.943,15.425,15.524,14.949,15.014,15.138,14.769,14.667,14.958,15.237,14.752,14.46,14.311,14.537,14.246,14.782,15.003,14.94,15.003,14.914,15.366,15.078,15.17,15.243,14.949,15.119,15.441,15.33,15.001,15.293,14.922,14.434,14.017,14.491,14.384,13.311,13.382,13.075,13.106,13.01,13.192,13.648,13.928,14.245,14.018,13.755,13.808,14.335,14.675,13.84,14.529,12.162,13.094,13.349,13.389,13.07,12.465,12.844,12.637,12.601,12.329,11.921,11.891,11.313,12.334,12.394,12.711,12.795,12.885,12.339,11.713,12.69,13.17,13.892,13.346,13.288,12.922,13.234,14.222,14.702,14.387,15.367,14.837,14.881,15.062,15.921,16.218,16.103,15.796,15.562,15.845,14.784,14.624,14.466,14.273,14.518,15.212,15.349,13.925,12.868,12.883,12.617,12.992,13.681,13.39,13.179,13.608,13.487,12.7,12.946,12.879,12.685,0.0,0.0,0.0,0.0,0.0,0.0,0.0,0.0,0.0,0.0,0.0,0.0,0.0,0.0,0.0,0.0,0.0,0.0,0.0,0.0,0.0,0.0,0.0,0.0,0.0,0.0,0.0,0.0,0.0,0.0,0.0,0.0,0.0,0.0,0.0,0.0,0.0,0.0,0.0,0.0,0.0,0.0,0.0,0.0,0.0,0.0,0.0,0.0,0.0,0.0,0.0,0.0,0.0,0.0,0.0,0.0,0.0,0.0,0.0,0.0,0.0,12.328,11.882,11.593,12.126,12.389,12.635,12.641,12.766,12.582,12.184,12.762,12.896,12.918,12.735,12.338,12.496,11.841,11.56,12.067,12.181,12.105,12.03,12.187,11.45,11.915,12.016,11.987,11.899,12.053,11.932,11.74,12.578,12.577,12.437,11.489,11.129,11.902,11.668,12.299,12.631,13.076,12.717,12.991,12.894,12.683,12.853,12.832,12.979,13.092,12.761,12.768,12.222,12.926,13.123,13.2,13.082,12.983,12.802,12.108,12.335,12.392,11.964,11.626,11.858,11.882,11.63,12.016,12.255,12.221,12.354,12.165,12.058,11.559,12.128,12.529,12.494,12.373,12.309,12.29,11.676,12.515,12.888,13.11,13.241,13.339,13.205,12.81,13.081,12.812,12.501,12.372,12.586,12.213,11.747,12.408,12.749,12.943,12.696,12.644,12.204,11.655,12.044,12.112,12.171,12.414,12.179,11.872,11.867,12.434,12.819,12.828,12.765,12.881,12.194,11.998,12.664,12.74,12.336,12.546,12.726,12.777,12.764,12.998,15.05,15.109,14.529,14.78,14.957,14.743,15.004,15.419,15.142,14.822,14.904,14.868,14.688,14.783,14.885,15.1,14.97,15.047,14.916,14.667,15.045,15.001,15.02,15.442,15.115,14.87,14.315,14.947,13.915,13.63,13.55,13.928,14.153,13.807,13.752,13.853,13.99,14.237,14.423,14.388,14.037,14.351,14.445,14.642,14.587,13.775,13.875,14.146,14.547,14.667,14.749,14.883,14.82,14.72,14.264,14.528,14.666,14.937,15.027,14.281,14.266,13.823,14.315,14.462,14.196,14.422,14.338,14.392,13.938,14.218,14.425,14.455,14.314,14.166,14.37,13.714,14.088,14.335,14.228,14.282,14.315,14.297,13.845,14.329,14.499,14.647,14.55,14.42,14.047,13.035,13.357,13.311,13.627,13.613,13.974,13.888,13.266,13.47,13.262,13.322,13.304,13.179,13.051,12.692,13.207,13.523,13.902,13.768,13.193,12.031,11.18,11.045,12.025,12.92,13.002,12.807,12.696,12.588,13.293,13.485,13.282,13.416,13.399,13.249,12.925,13.281,13.37,13.086,12.963,13.278,13.145,12.762,13.389,13.578,13.214,12.92,12.732,12.426,11.534,11.568,11.665,12.593,13.082,12.93,12.674,12.305,13.022,13.206,12.679,11.805,11.68,11.878,11.576,12.445,12.499,12.484,12.525,12.289,11.775,11.031,11.45,11.477,11.655,11.482,11.51,11.534,11.034,11.871,12.054,11.839,11.114,11.45,11.155,10.367,11.155,11.886,12.022,11.929,12.14,11.744,11.046,13.601,13.947,14.523,14.512,14.006,13.592,12.929,13.248,13.234,13.227,12.466,13.143,13.641,12.717,12.06,12.916,13.661,14.13,13.96,13.784,13.19,13.908,14.257,14.128,14.364,14.834,14.349,13.74,14.733,15.118,15.02,12.697,12.818,12.752,12.003,12.616,12.815,12.867,12.693,12.363,12.051,11.254,11.432,11.481,11.487,11.312,10.749,11.114,11.195,11.826,11.806,11.661,11.175,10.997,10.852,10.888,11.853,11.944,11.904,12.074,12.106,12.832,12.258,13.007,13.398,12.701,12.885,12.822,12.896,12.466,12.862,12.745,12.963,12.976,12.868,12.682,12.244,13.221,13.349,13.371,13.328,13.157,12.809,12.046,11.36,11.122,11.918,12.576,12.833,12.899,12.544,12.675,12.494,12.654,12.545,12.748,12.703,12.44,12.622,12.721,12.724,12.718,12.73,12.349,12.048,12.139,12.46,12.648,12.742,12.854,12.895,12.394,12.847,13.028,12.998,12.993,12.996,13.008,12.722,13.048,12.888,12.903,13.03,13.222,13.245,12.78,13.052,13.352,13.511,13.183,13.086,12.58,12.246,12.892,12.912,12.991,13.233,13.498,13.598,13.294,13.816,13.862,13.754,13.811,14.038,13.947,13.47,13.741,14.001,14.224,14.274,14.111,13.962,13.66,14.03,13.974,13.739,13.911,14.014,14.096,13.968,14.193,14.213,14.342,14.378,14.461,13.948,13.393,13.771,14.05,14.317,14.19,14.366,14.196,13.785,13.889,14.134,14.028,13.11,13.534,13.935,13.582,13.76,13.776,13.08,13.258,13.682,13.642,13.329,13.416,13.649,13.985,13.794,13.816,13.881,13.238,13.868,14.099,13.919,13.888,14.075,13.983,13.616,13.997,14.126,14.08,14.314,14.431,14.147,13.847,14.444,14.292,14.705,14.76,15.063,14.918,14.336,14.626,13.811,13.476,13.986,14.795,14.968,14.588,15.351,15.427,15.386,15.052,14.222,13.453,12.49,13.448,13.968,14.338,14.628,14.71,15.053,14.478,15.029,15.206,15.283,15.209,14.63,13.768,13.589,14.178,14.771,14.823,14.914,15.136,14.799,14.423,15.024,15.323,15.435,15.624,15.468,15.32,14.762,15.151,15.562,15.405,15.21,14.899,14.492,13.316,14.17,14.836,14.851,14.983,14.963,14.4,13.133,12.562,13.047,13.587,13.617,14.047,14.252,13.724,14.286,14.756,14.92,15.148,15.039,14.819,14.036,14.301,14.839,15.224,14.853,15.518,15.351,14.804,15.197,15.302,14.346,13.658,13.084,13.448,14.001,14.676,14.932,14.596,12.879,13.117,13.635,12.641,13.277,13.412,13.694,13.876,13.767,13.245,12.678,13.199,13.131,12.89,13.065,13.418,13.174,12.544,12.953,13.033,13.248,13.329,13.307,12.883,11.805,11.864,12.224,12.097,11.794,11.528,14.943,14.804,15.817,15.907,15.505,14.966,15.21,14.689,14.525,15.748,15.757,16.023,15.784,15.678,15.37,14.943,15.467,15.368,15.013,15.424,15.595,14.876,14.151,14.968,15.096,14.443,14.115,13.729,13.325,13.425,14.314,18.512,18.237,18.483,19.153,19.683,18.605,18.827,19.514,20.074,20.52,21.278,20.46,19.844,20.649,20.283,21.159,21.363,21.191,20.659,20.518,21.18,21.347,20.378,20.236,20.865,20.92,20.432,20.914,21.917,22.293,22.503,13.959,13.712,13.289,13.062,13.322,13.114,12.388,12.184,12.0,11.436,12.094,12.628,13.04,13.542,13.127,12.334,11.407,11.761,12.033,12.485,12.652,12.435,11.933,11.076,11.822,12.415,12.595,12.576,12.724,12.548,12.278,12.183,12.705,13.026,13.184,13.324,13.536,13.489,13.695,13.884,14.142,14.225,14.248,14.128,13.672,13.764,13.386,13.875,14.028,14.063,13.876,13.355,13.276,12.973,13.42,13.844,13.888,13.986,13.447,13.635,13.862,15.644,15.542,15.633,15.353,14.863,15.161,15.299,15.356,15.261,14.72,13.813,12.535,12.29,13.143,13.527,13.874,14.07,14.373,13.892,14.198,14.519,14.636,14.839,14.526,14.116,13.157,13.195,13.388,13.432,13.104,14.686,14.418,13.959,14.104,14.014,14.636,15.054,15.3,15.107,14.596,15.34,15.613,15.643,15.491,15.693,15.666,14.867,14.986,15.586,15.922,16.027,16.424,16.011,15.27,15.824,16.136,16.098,15.941,16.252,16.487,15.93,14.366,14.625,15.004,14.991,15.039,14.65,14.014,14.49,14.475,14.728,14.817,15.033,15.242,14.559,14.687,15.191,15.344,15.355,15.429,15.542,15.208,15.258,15.473,15.378,14.343,13.404,13.838,14.248,13.886,14.068,14.085,14.118,14.31,14.768,14.725,14.387,14.481,14.732,15.096,14.889,14.913,14.983,14.288,14.969,15.218,15.024,14.99,15.192,15.093,14.697,15.108,15.248,15.198,15.451,15.577,15.27,14.947,15.591,15.426,13.625,15.054,15.111,15.421,15.273,14.676,14.974,14.139,13.796,14.318,15.146,15.324,14.935,15.716,15.793,15.752,15.41,14.56,13.772,12.787,13.767,14.3,14.679,14.976,15.06,15.411,14.822,15.387,15.567,15.646,15.57,14.977,14.511,14.322,14.943,15.568,15.622,15.719,15.953,15.597,15.201,15.834,16.149,16.267,16.466,16.303,16.147,15.559,15.968,16.402,16.237,16.03,15.703,15.273,14.034,14.934,15.636,15.653,15.791,15.771,15.177,13.841,13.694,14.222,14.81,14.843,15.312,15.536,14.96,15.573,16.085,16.264,16.512,16.393,16.153,15.301,15.589,16.175,16.595,16.19,16.916,16.733,16.138,16.565,16.68,15.638,14.888,14.262,14.659,15.262,15.997,16.277,15.91,12.879,13.117,13.635,12.641,13.277,13.412,13.694,13.876,13.767,13.245,12.678,13.199,13.131,12.89,13.065,13.418,13.174,12.544,12.953,13.033,13.248,13.329,13.307,12.883,11.805,11.864,12.224,12.097,11.794,11.528,14.531,14.396,15.382,15.469,15.078,14.555,14.792,14.284,14.125,15.315,15.324,15.582,15.35,15.247,14.947,14.532,15.042,14.945,14.6,14.999,15.166,14.467,13.761,14.556,14.68,14.045,13.727,13.351,12.959,13.055,13.92,16.024,15.787,15.999,16.58,17.038,16.105,16.297,16.892,17.377,17.762,18.418,17.71,17.178,17.874,17.557,18.315,18.492,18.344,17.883,17.761,18.334,18.479,17.639,17.517,18.062,18.109,17.686,18.103,18.972,19.297,19.479,31.843,31.279,30.314,29.797,30.39,29.915,28.258,27.794,27.374,26.087,27.587,28.806,29.746,30.891,29.944,28.136,26.021,26.829,27.449,28.479,28.861,28.366,27.22,25.265,26.967,28.321,28.732,28.688,29.025,28.625,12.278,12.183,12.705,13.026,13.184,13.324,13.536,13.489,13.695,13.884,14.142,14.225,14.248,14.128,13.672,13.764,13.386,13.875,14.028,14.063,13.876,13.355,13.276,12.973,13.42,13.844,13.888,13.986,13.447,13.635,13.862,15.644,15.542,15.633,15.353,14.863,15.161,15.299,15.356,15.261,14.72,13.813,12.535,12.29,13.143,13.527,13.874,14.07,14.373,13.892,14.198,14.519,14.636,14.839,14.526,14.116,13.157,13.195,13.388,13.432,13.104,14.686,14.418,13.959,14.104,14.014,14.636,15.054,15.3,15.107,14.596,15.34,15.613,15.643,15.491,15.693,15.666,14.867,14.986,15.586,15.922,16.027,16.424,16.011,15.27,15.824,16.136,16.098,15.941,16.252,16.487,15.93
Guntur_121,14.328,14.426,14.699,14.735,14.188,14.269,14.579,14.599,14.307,14.147,14.405,14.411,14.587,14.327,13.91,13.835,14.48,14.416,13.833,14.422,14.527,14.203,14.362,14.71,14.869,14.19,14.646,14.86,14.974,15.074,14.95,14.462,13.768,14.209,14.577,14.579,14.566,14.729,14.222,13.91,14.148,14.214,14.361,14.869,14.845,14.991,14.363,14.715,15.016,14.954,14.629,14.121,14.242,13.867,14.333,14.587,14.746,14.569,14.483,14.319,13.117,13.491,13.64,13.425,13.214,13.295,13.475,13.08,12.982,12.039,12.508,13.269,13.35,13.264,12.754,13.199,13.619,13.561,15.031,14.812,14.287,14.057,13.808,14.369,14.879,15.044,14.984,14.906,14.442,14.064,14.033,13.719,14.023,14.12,14.03,13.485,14.164,14.233,14.16,14.252,14.359,14.091,13.756,14.539,14.273,14.171,13.758,13.657,13.524,13.07,13.888,13.961,13.617,13.833,13.977,13.842,13.572,14.074,14.088,14.114,13.871,12.749,12.779,12.593,12.962,12.912,13.071,13.418,13.402,13.319,12.791,12.586,12.693,12.645,12.543,12.615,12.468,12.508,11.709,12.26,12.628,12.238,12.072,12.388,12.582,12.029,12.315,12.524,12.883,12.847,12.554,12.263,11.07,11.21,11.18,11.486,11.398,11.469,11.253,11.962,12.176,12.334,12.182,12.215,11.86,11.454,12.032,12.021,12.21,12.377,12.123,12.045,11.579,12.242,12.559,12.402,12.399,11.977,11.721,11.366,11.902,12.497,0.0,0.0,0.0,0.0,0.0,0.0,0.0,0.0,0.0,0.0,0.0,0.0,0.0,0.0,0.0,0.0,0.0,0.0,0.0,0.0,0.0,0.0,0.0,0.0,0.0,0.0,0.0,0.0,0.0,0.0,0.0,0.0,0.0,0.0,0.0,0.0,0.0,0.0,0.0,0.0,0.0,0.0,0.0,0.0,0.0,0.0,0.0,0.0,0.0,0.0,0.0,0.0,0.0,0.0,0.0,0.0,0.0,0.0,0.0,0.0,0.0,0.0,10.703,10.739,10.744,10.951,11.037,10.458,10.571,10.865,11.352,11.191,11.045,10.692,10.366,10.481,10.658,10.808,10.604,10.526,10.81,10.334,10.519,10.376,10.193,10.516,10.568,10.097,9.764,10.516,10.74,10.651,12.063,11.987,12.341,11.956,12.18,12.544,12.962,13.142,13.146,12.757,12.054,12.179,12.368,11.838,12.043,12.178,12.45,12.128,12.413,12.425,12.378,12.141,11.836,11.82,11.217,11.443,12.034,12.27,12.546,12.78,12.679,11.772,12.183,12.314,12.273,12.148,12.422,12.242,11.749,11.991,11.949,11.864,12.073,11.852,10.789,10.482,10.559,11.252,11.577,11.774,11.862,11.769,11.571,12.134,12.085,11.754,11.075,11.099,11.316,11.517,11.92,12.308,12.489,12.359,12.48,12.404,11.868,12.105,12.313,12.093,12.287,12.393,12.156,11.83,12.165,12.494,12.506,12.622,12.798,12.582,12.405,12.738,13.053,13.218,13.021,13.002,13.205,12.703,13.083,13.223,13.152,13.153,13.092,12.71,12.269,12.604,12.705,12.754,12.582,12.733,12.486,12.439,12.945,13.016,12.97,12.818,12.842,13.1,12.941,13.078,13.514,13.783,14.02,13.947,13.732,13.251,13.371,12.911,13.252,13.418,13.672,13.644,13.243,13.328,13.493,13.6,13.351,13.4,13.301,12.929,13.07,13.374,13.627,13.689,13.696,13.634,13.31,13.524,13.525,13.477,13.356,13.207,13.21,12.989,13.495,13.716,13.92,13.966,14.058,13.992,13.77,14.533,14.607,14.558,14.504,14.829,14.745,14.17,14.503,14.78,14.937,14.785,14.276,14.016,14.009,14.533,14.64,14.862,15.08,15.035,14.875,14.405,14.557,14.195,14.533,14.766,14.562,14.635,14.086,13.279,13.499,14.128,14.753,15.131,15.25,14.924,15.322,15.317,15.33,15.687,15.536,15.499,14.943,15.425,15.524,14.949,15.014,15.138,14.769,14.667,14.958,15.237,14.752,14.46,14.311,14.537,14.246,14.782,15.003,14.94,15.003,14.914,15.366,15.078,15.17,15.243,14.949,15.119,15.441,15.33,15.001,15.293,14.922,14.434,14.017,14.491,14.384,13.311,13.382,13.075,13.106,13.01,13.192,13.648,13.928,14.245,14.018,13.755,13.808,14.335,14.675,13.84,14.529,12.162,13.094,13.349,13.389,13.07,12.465,12.844,12.637,12.601,12.329,11.921,11.891,11.313,12.334,12.394,12.711,12.795,12.885,12.339,11.713,12.69,13.17,13.892,13.346,13.288,12.922,13.234,14.222,14.702,14.387,15.367,14.837,14.881,15.062,15.921,16.218,16.103,15.796,15.562,15.845,14.784,14.624,14.466,14.273,14.518,15.212,15.349,13.925,12.868,12.883,12.617,12.992,13.681,13.39,13.179,13.608,13.487,12.7,12.946,12.879,12.685,0.0,0.0,0.0,0.0,0.0,0.0,0.0,0.0,0.0,0.0,0.0,0.0,0.0,0.0,0.0,0.0,0.0,0.0,0.0,0.0,0.0,0.0,0.0,0.0,0.0,0.0,0.0,0.0,0.0,0.0,0.0,0.0,0.0,0.0,0.0,0.0,0.0,0.0,0.0,0.0,0.0,0.0,0.0,0.0,0.0,0.0,0.0,0.0,0.0,0.0,0.0,0.0,0.0,0.0,0.0,0.0,0.0,0.0,0.0,0.0,0.0,12.328,11.882,11.593,12.126,12.389,12.635,12.641,12.766,12.582,12.184,12.762,12.896,12.918,12.735,12.338,12.496,11.841,11.56,12.067,12.181,12.105,12.03,12.187,11.45,11.915,12.016,11.987,11.899,12.053,11.932,11.74,12.578,12.577,12.437,11.489,11.129,11.902,11.668,12.299,12.631,13.076,12.717,12.991,12.894,12.683,12.853,12.832,12.979,13.092,12.761,12.768,12.222,12.926,13.123,13.2,13.082,12.983,12.802,12.108,12.335,12.392,11.964,11.626,11.858,11.882,11.63,12.016,12.255,12.221,12.354,12.165,12.058,11.559,12.128,12.529,12.494,12.373,12.309,12.29,11.676,12.515,12.888,13.11,13.241,13.339,13.205,12.81,13.081,12.812,12.501,12.372,12.586,12.213,11.747,12.408,12.749,12.943,12.696,12.644,12.204,11.655,12.044,12.112,12.171,12.414,12.179,11.872,11.867,12.434,12.819,12.828,12.765,12.881,12.194,11.998,12.664,12.74,12.336,12.546,12.726,12.777,12.764,12.998,15.05,15.109,14.529,14.78,14.957,14.743,15.004,15.419,15.142,14.822,14.904,14.868,14.688,14.783,14.885,15.1,14.97,15.047,14.916,14.667,15.045,15.001,15.02,15.442,15.115,14.87,14.315,14.947,13.915,13.63,13.55,13.928,14.153,13.807,13.752,13.853,13.99,14.237,14.423,14.388,14.037,14.351,14.445,14.642,14.587,13.775,13.875,14.146,14.547,14.667,14.749,14.883,14.82,14.72,14.264,14.528,14.666,14.937,15.027,14.281,14.266,13.823,14.315,14.462,14.196,14.422,14.338,14.392,13.938,14.218,14.425,14.455,14.314,14.166,14.37,13.714,14.088,14.335,14.228,14.282,14.315,14.297,13.845,14.329,14.499,14.647,14.55,14.42,14.047,13.035,13.357,13.311,13.627,13.613,13.974,13.888,13.266,13.47,13.262,13.322,13.304,13.179,13.051,12.692,13.207,13.523,13.902,13.768,13.193,12.031,11.18,11.045,12.025,12.92,13.002,12.807,12.696,12.588,13.293,13.485,13.282,13.416,13.399,13.249,12.925,13.281,13.37,13.086,12.963,13.278,13.145,12.762,13.389,13.578,13.214,12.92,12.732,12.426,11.534,11.568,11.665,12.593,13.082,12.93,12.674,12.305,13.022,13.206,12.679,11.805,11.68,11.878,11.576,12.445,12.499,12.484,12.525,12.289,11.775,11.031,11.45,11.477,11.655,11.482,11.51,11.534,11.034,11.871,12.054,11.839,11.114,11.45,11.155,10.367,11.155,11.886,12.022,11.929,12.14,11.744,11.046,13.601,13.947,14.523,14.512,14.006,13.592,12.929,13.248,13.234,13.227,12.466,13.143,13.641,12.717,12.06,12.916,13.661,14.13,13.96,13.784,13.19,13.908,14.257,14.128,14.364,14.834,14.349,13.74,14.733,15.118,15.02,12.697,12.818,12.752,12.003,12.616,12.815,12.867,12.693,12.363,12.051,11.254,11.432,11.481,11.487,11.312,10.749,11.114,11.195,11.826,11.806,11.661,11.175,10.997,10.852,10.888,11.853,11.944,11.904,12.074,12.106,12.832,12.258,13.007,13.398,12.701,12.885,12.822,12.896,12.466,12.862,12.745,12.963,12.976,12.868,12.682,12.244,13.221,13.349,13.371,13.328,13.157,12.809,12.046,11.36,11.122,11.918,12.576,12.833,12.899,12.544,12.675,12.494,12.654,12.545,12.748,12.703,12.44,12.622,12.721,12.724,12.718,12.73,12.349,12.048,12.139,12.46,12.648,12.742,12.854,12.895,12.394,12.847,13.028,12.998,12.993,12.996,13.008,12.722,13.048,12.888,12.903,13.03,13.222,13.245,12.78,13.052,13.352,13.511,13.183,13.086,12.58,12.246,12.892,12.912,12.991,13.233,13.498,13.598,13.294,13.816,13.862,13.754,13.811,14.038,13.947,13.47,13.741,14.001,14.224,14.274,14.111,13.962,13.66,14.03,13.974,13.739,13.911,14.014,14.096,13.968,14.193,14.213,14.342,14.378,14.461,13.948,13.393,13.771,14.05,14.317,14.19,14.366,14.196,13.785,13.889,14.134,14.028,13.11,13.534,13.935,13.582,13.76,13.776,13.08,13.258,13.682,13.642,13.329,13.416,13.649,13.985,13.794,13.816,13.881,13.238,13.868,14.099,13.919,13.888,14.075,13.983,13.616,13.997,14.126,14.08,14.314,14.431,14.147,13.847,14.444,14.292,14.705,14.76,15.063,14.918,14.336,14.626,13.811,13.476,13.986,14.795,14.968,14.588,15.351,15.427,15.386,15.052,14.222,13.453,12.49,13.448,13.968,14.338,14.628,14.71,15.053,14.478,15.029,15.206,15.283,15.209,14.63,13.768,13.589,14.178,14.771,14.823,14.914,15.136,14.799,14.423,15.024,15.323,15.435,15.624,15.468,15.32,14.762,15.151,15.562,15.405,15.21,14.899,14.492,13.316,14.17,14.836,14.851,14.983,14.963,14.4,13.133,12.562,13.047,13.587,13.617,14.047,14.252,13.724,14.286,14.756,14.92,15.148,15.039,14.819,14.036,14.301,14.839,15.224,14.853,15.518,15.351,14.804,15.197,15.302,14.346,13.658,13.084,13.448,14.001,14.676,14.932,14.596,12.879,13.117,13.635,12.641,13.277,13.412,13.694,13.876,13.767,13.245,12.678,13.199,13.131,12.89,13.065,13.418,13.174,12.544,12.953,13.033,13.248,13.329,13.307,12.883,11.805,11.864,12.224,12.097,11.794,11.528,14.943,14.804,15.817,15.907,15.505,14.966,15.21,14.689,14.525,15.748,15.757,16.023,15.784,15.678,15.37,14.943,15.467,15.368,15.013,15.424,15.595,14.876,14.151,14.968,15.096,14.443,14.115,13.729,13.325,13.425,14.314,18.512,18.237,18.483,19.153,19.683,18.605,18.827,19.514,20.074,20.52,21.278,20.46,19.844,20.649,20.283,21.159,21.363,21.191,20.659,20.518,21.18,21.347,20.378,20.236,20.865,20.92,20.432,20.914,21.917,22.293,22.503,13.959,13.712,13.289,13.062,13.322,13.114,12.388,12.184,12.0,11.436,12.094,12.628,13.04,13.542,13.127,12.334,11.407,11.761,12.033,12.485,12.652,12.435,11.933,11.076,11.822,12.415,12.595,12.576,12.724,12.548,12.278,12.183,12.705,13.026,13.184,13.324,13.536,13.489,13.695,13.884,14.142,14.225,14.248,14.128,13.672,13.764,13.386,13.875,14.028,14.063,13.876,13.355,13.276,12.973,13.42,13.844,13.888,13.986,13.447,13.635,13.862,15.644,15.542,15.633,15.353,14.863,15.161,15.299,15.356,15.261,14.72,13.813,12.535,12.29,13.143,13.527,13.874,14.07,14.373,13.892,14.198,14.519,14.636,14.839,14.526,14.116,13.157,13.195,13.388,13.432,13.104,14.686,14.418,13.959,14.104,14.014,14.636,15.054,15.3,15.107,14.596,15.34,15.613,15.643,15.491,15.693,15.666,14.867,14.986,15.586,15.922,16.027,16.424,16.011,15.27,15.824,16.136,16.098,15.941,16.252,16.487,15.93,14.366,14.625,15.004,14.991,15.039,14.65,14.014,14.49,14.475,14.728,14.817,15.033,15.242,14.559,14.687,15.191,15.344,15.355,15.429,15.542,15.208,15.258,15.473,15.378,14.343,13.404,13.838,14.248,13.886,14.068,14.085,14.118,14.31,14.768,14.725,14.387,14.481,14.732,15.096,14.889,14.913,14.983,14.288,14.969,15.218,15.024,14.99,15.192,15.093,14.697,15.108,15.248,15.198,15.451,15.577,15.27,14.947,15.591,15.426,13.625,15.054,15.111,15.421,15.273,14.676,14.974,14.139,13.796,14.318,15.146,15.324,14.935,15.716,15.793,15.752,15.41,14.56,13.772,12.787,13.767,14.3,14.679,14.976,15.06,15.411,14.822,15.387,15.567,15.646,15.57,14.977,14.511,14.322,14.943,15.568,15.622,15.719,15.953,15.597,15.201,15.834,16.149,16.267,16.466,16.303,16.147,15.559,15.968,16.402,16.237,16.03,15.703,15.273,14.034,14.934,15.636,15.653,15.791,15.771,15.177,13.841,13.694,14.222,14.81,14.843,15.312,15.536,14.96,15.573,16.085,16.264,16.512,16.393,16.153,15.301,15.589,16.175,16.595,16.19,16.916,16.733,16.138,16.565,16.68,15.638,14.888,14.262,14.659,15.262,15.997,16.277,15.91,12.879,13.117,13.635,12.641,13.277,13.412,13.694,13.876,13.767,13.245,12.678,13.199,13.131,12.89,13.065,13.418,13.174,12.544,12.953,13.033,13.248,13.329,13.307,12.883,11.805,11.864,12.224,12.097,11.794,11.528,14.531,14.396,15.382,15.469,15.078,14.555,14.792,14.284,14.125,15.315,15.324,15.582,15.35,15.247,14.947,14.532,15.042,14.945,14.6,14.999,15.166,14.467,13.761,14.556,14.68,14.045,13.727,13.351,12.959,13.055,13.92,16.024,15.787,15.999,16.58,17.038,16.105,16.297,16.892,17.377,17.762,18.418,17.71,17.178,17.874,17.557,18.315,18.492,18.344,17.883,17.761,18.334,18.479,17.639,17.517,18.062,18.109,17.686,18.103,18.972,19.297,19.479,31.843,31.279,30.314,29.797,30.39,29.915,28.258,27.794,27.374,26.087,27.587,28.806,29.746,30.891,29.944,28.136,26.021,26.829,27.449,28.479,28.861,28.366,27.22,25.265,26.967,28.321,28.732,28.688,29.025,28.625,12.278,12.183,12.705,13.026,13.184,13.324,13.536,13.489,13.695,13.884,14.142,14.225,14.248,14.128,13.672,13.764,13.386,13.875,14.028,14.063,13.876,13.355,13.276,12.973,13.42,13.844,13.888,13.986,13.447,13.635,13.862,15.644,15.542,15.633,15.353,14.863,15.161,15.299,15.356,15.261,14.72,13.813,12.535,12.29,13.143,13.527,13.874,14.07,14.373,13.892,14.198,14.519,14.636,14.839,14.526,14.116,13.157,13.195,13.388,13.432,13.104,14.686,14.418,13.959,14.104,14.014,14.636,15.054,15.3,15.107,14.596,15.34,15.613,15.643,15.491,15.693,15.666,14.867,14.986,15.586,15.922,16.027,16.424,16.011,15.27,15.824,16.136,16.098,15.941,16.252,16.487,15.93
Guntur_122,12.946,13.035,13.281,13.314,12.82,12.893,13.173,13.191,12.927,12.783,13.016,13.021,13.18,12.946,12.569,12.501,13.084,13.026,12.499,13.031,13.126,12.833,12.977,13.291,13.435,12.821,13.234,13.427,13.53,13.62,13.509,12.197,11.612,11.983,12.294,12.295,12.285,12.422,11.995,11.731,11.932,11.987,12.111,12.54,12.52,12.643,12.113,12.41,12.664,12.612,12.338,11.909,12.011,11.695,12.088,12.302,12.436,12.287,12.215,12.076,11.381,11.705,11.834,11.648,11.464,11.534,11.691,11.348,11.263,10.445,10.852,11.513,11.583,11.508,11.065,11.451,11.816,11.766,13.041,12.851,12.396,12.196,11.98,12.467,12.909,13.052,13.0,12.932,12.53,12.202,12.175,12.22,12.49,12.576,12.496,12.011,12.616,12.677,12.612,12.694,12.789,12.551,12.252,12.95,12.713,12.622,12.254,12.164,12.046,11.641,12.369,12.435,12.128,12.321,12.449,12.329,12.089,12.535,12.548,12.571,12.354,12.024,12.052,11.877,12.224,12.178,12.327,12.655,12.64,12.562,12.063,11.87,11.971,11.926,11.83,11.897,11.759,11.796,11.043,11.563,11.91,11.542,11.385,11.684,11.867,11.345,11.614,11.812,12.15,12.117,11.84,11.566,11.629,11.776,11.744,12.065,11.973,12.048,11.821,12.566,12.791,12.956,12.797,12.832,12.458,12.032,12.639,12.628,12.826,13.002,12.735,12.653,12.163,12.86,13.192,13.028,13.025,12.582,12.313,11.94,12.503,13.128,0.0,0.0,0.0,0.0,0.0,0.0,0.0,0.0,0.0,0.0,0.0,0.0,0.0,0.0,0.0,0.0,0.0,0.0,0.0,0.0,0.0,0.0,0.0,0.0,0.0,0.0,0.0,0.0,0.0,0.0,0.0,0.0,0.0,0.0,0.0,0.0,0.0,0.0,0.0,0.0,0.0,0.0,0.0,0.0,0.0,0.0,0.0,0.0,0.0,0.0,0.0,0.0,0.0,0.0,0.0,0.0,0.0,0.0,0.0,0.0,0.0,0.0,0.0,0.0,0.0,0.0,0.0,0.0,0.0,0.0,0.0,0.0,0.0,0.0,0.0,0.0,0.0,0.0,0.0,0.0,0.0,0.0,0.0,0.0,0.0,0.0,0.0,0.0,0.0,0.0,0.0,0.0,9.647,9.586,9.869,9.561,9.74,10.032,10.366,10.51,10.513,10.202,9.64,9.74,9.89,9.467,9.631,9.739,9.957,9.699,9.927,9.937,9.899,9.709,9.466,9.452,8.971,9.151,9.624,9.812,10.033,10.221,10.14,10.719,11.093,11.212,11.175,11.061,11.311,11.146,10.698,10.918,10.88,10.803,10.992,10.792,9.824,9.544,9.614,10.245,10.541,10.72,10.801,10.716,10.535,11.049,11.004,10.702,10.084,10.106,10.304,10.486,10.854,11.063,11.226,11.109,11.217,11.149,10.668,10.88,11.068,10.869,11.044,11.139,10.926,10.633,10.934,11.23,11.24,11.345,11.503,11.309,11.15,11.449,11.732,11.881,11.704,11.687,11.869,11.418,11.76,11.885,11.821,11.822,11.512,11.177,10.789,11.083,11.172,11.215,11.063,11.196,10.979,10.938,11.383,11.445,11.405,11.271,11.292,11.519,11.379,11.5,11.884,12.12,12.328,12.265,12.075,11.652,11.757,11.353,11.653,11.799,12.022,11.998,11.645,11.143,11.28,11.37,11.161,11.202,11.12,10.808,10.927,11.181,11.392,11.444,11.45,11.398,11.128,11.307,11.307,11.267,11.166,11.041,11.044,10.859,11.282,11.467,11.637,11.676,11.753,11.697,11.512,11.652,11.711,11.672,11.629,11.89,11.822,11.361,11.628,11.851,11.976,11.854,11.446,11.238,11.232,11.652,11.738,11.916,12.091,12.055,11.927,11.55,11.672,11.381,11.653,11.839,11.675,11.734,11.294,10.647,10.823,11.328,11.816,12.119,12.214,11.953,12.272,12.267,12.278,12.564,12.443,12.414,11.968,12.354,12.433,11.973,12.025,12.124,11.829,11.747,11.98,12.204,11.815,11.581,11.462,11.643,11.41,11.839,12.016,11.966,12.016,11.945,10.953,10.748,10.813,10.865,10.656,10.777,11.007,10.928,10.693,10.901,10.636,10.289,9.991,10.329,10.253,9.488,9.539,9.32,9.342,9.274,9.403,9.728,9.928,10.154,9.992,9.805,9.843,10.218,10.46,9.865,10.356,9.519,10.248,10.447,10.479,10.229,9.755,10.052,9.89,9.862,9.649,9.33,9.306,8.854,9.653,9.7,9.948,10.013,10.084,9.657,9.167,9.931,10.307,10.873,10.445,10.399,10.113,10.358,11.13,11.506,11.26,17.368,16.769,16.818,17.024,17.994,18.33,18.199,17.853,17.588,17.908,16.709,16.528,16.35,16.131,16.409,17.193,17.347,15.738,14.544,14.56,14.259,14.684,15.462,15.133,14.895,15.38,15.243,14.353,14.632,14.556,14.336,0.0,0.0,0.0,0.0,0.0,0.0,0.0,0.0,0.0,0.0,0.0,0.0,0.0,0.0,0.0,0.0,0.0,0.0,0.0,0.0,0.0,0.0,0.0,0.0,0.0,0.0,0.0,0.0,0.0,0.0,0.0,0.0,0.0,0.0,0.0,0.0,0.0,0.0,0.0,0.0,0.0,0.0,0.0,0.0,0.0,0.0,0.0,0.0,0.0,0.0,0.0,0.0,0.0,0.0,0.0,0.0,0.0,0.0,0.0,0.0,0.0,11.645,11.224,10.951,11.455,11.703,11.936,11.941,12.059,11.886,11.51,12.056,12.182,12.203,12.03,11.655,11.805,11.185,10.92,11.399,11.507,11.434,11.364,11.513,10.816,11.256,11.351,11.323,11.24,11.386,11.271,11.09,11.4,11.399,11.272,10.413,10.086,10.788,10.575,11.147,11.448,11.851,11.526,11.774,11.687,11.495,11.65,11.63,11.763,11.866,11.566,11.573,11.078,11.715,11.894,11.964,11.856,11.767,11.603,10.974,11.18,11.231,11.653,11.324,11.549,11.573,11.327,11.703,11.936,11.903,12.033,11.848,11.744,11.258,11.812,12.203,12.168,12.051,11.989,11.971,11.372,12.189,12.552,12.769,12.896,12.991,12.862,12.476,12.74,12.478,12.176,12.05,12.258,11.698,11.251,11.884,12.211,12.396,12.16,12.11,11.689,11.162,11.535,11.601,11.657,11.889,11.664,11.371,11.366,11.909,12.278,12.286,12.226,12.337,11.679,11.491,12.129,12.202,11.815,12.016,12.188,12.237,12.225,12.449,12.015,12.063,11.6,11.799,11.941,11.77,11.978,12.31,12.089,11.833,11.899,11.87,11.726,11.802,11.883,12.055,11.951,12.013,11.908,11.709,12.011,11.976,11.991,12.328,12.067,11.872,11.428,11.933,11.903,11.659,11.591,11.915,12.107,11.811,11.764,11.85,11.967,12.179,12.338,12.308,12.007,12.276,12.357,12.525,12.478,11.783,11.869,12.101,12.444,12.546,12.616,12.731,12.677,12.592,12.201,12.428,12.546,12.777,12.855,12.713,12.7,12.305,12.743,12.874,12.637,12.838,12.764,12.812,12.408,12.657,12.842,12.868,12.742,12.611,12.793,12.209,12.541,12.761,12.666,12.714,12.743,12.728,12.325,12.756,12.907,13.039,12.953,12.836,12.504,11.829,12.12,12.078,12.365,12.353,12.68,12.602,12.038,12.223,12.034,12.088,12.073,11.959,11.843,11.517,11.984,12.271,12.615,12.493,11.972,10.917,10.145,10.023,10.912,11.724,11.799,11.621,11.521,11.423,12.062,12.237,15.608,15.766,15.747,15.57,15.19,15.608,15.712,15.378,15.233,15.604,15.448,14.998,15.734,15.956,15.529,15.183,14.963,14.603,13.555,13.594,13.709,14.799,15.374,15.195,14.894,14.46,15.303,15.519,14.9,13.873,13.726,13.958,13.604,14.625,14.688,14.671,14.719,14.442,13.837,12.963,13.456,13.487,13.697,13.493,13.526,13.554,12.967,13.95,14.165,13.913,13.061,13.456,13.109,12.183,13.109,13.969,14.128,14.018,14.267,13.802,12.981,10.381,10.646,11.085,11.076,10.69,10.374,9.869,10.111,10.101,10.096,9.515,10.031,10.412,9.706,9.205,9.858,10.427,10.785,10.656,10.521,10.067,10.615,10.882,10.784,10.964,11.322,10.952,10.487,11.246,11.539,11.464,14.514,14.653,14.577,13.722,14.422,14.649,14.709,14.51,14.133,13.776,12.864,13.069,13.124,13.131,12.931,12.288,12.705,12.798,13.519,13.496,13.33,12.774,12.571,12.405,12.446,13.55,13.654,13.608,13.803,13.839,12.661,12.095,12.834,13.221,12.533,12.714,12.652,12.725,12.3,12.691,12.576,12.79,12.804,12.697,12.514,12.081,13.045,13.171,13.193,13.151,12.982,12.639,11.886,11.209,10.975,11.76,12.409,12.663,12.728,12.377,12.507,11.89,12.042,11.938,12.131,12.089,11.839,12.012,12.106,12.109,12.103,12.115,11.752,11.465,11.552,11.858,12.036,12.126,12.232,12.271,11.795,12.226,12.398,12.37,12.365,12.368,12.379,12.107,12.418,12.265,12.279,14.064,14.271,14.295,13.794,14.087,14.411,14.582,14.228,14.124,13.578,13.217,13.915,13.936,14.021,14.282,14.569,14.676,14.348,14.912,14.961,14.845,14.906,15.151,15.053,14.538,14.831,15.111,15.352,15.406,15.23,15.069,13.067,13.421,13.367,13.142,13.307,13.405,13.484,13.361,13.577,13.596,13.719,13.754,13.833,13.343,12.811,13.173,13.44,13.695,13.574,13.742,13.58,13.186,13.285,13.521,13.419,12.541,12.946,13.33,12.992,13.162,13.178,12.167,12.332,12.727,12.689,12.398,12.48,12.696,13.009,12.831,12.852,12.912,12.313,12.9,13.114,12.947,12.918,13.092,13.007,12.666,13.02,13.14,13.097,13.315,13.424,13.159,12.881,13.436,13.294,14.163,14.216,14.507,14.368,13.807,14.086,13.302,12.979,13.47,14.249,14.416,14.05,14.785,14.858,14.819,14.497,13.698,12.956,12.029,12.952,13.453,13.809,14.089,14.168,14.498,13.944,14.475,14.645,14.719,14.648,14.09,12.706,12.541,13.085,13.632,13.68,13.764,13.969,13.658,13.31,13.865,14.141,14.244,14.419,14.276,14.139,13.624,13.983,14.362,14.218,14.037,13.751,13.374,12.289,13.077,13.692,13.706,13.827,13.81,13.29,12.12,11.172,11.603,12.082,12.109,12.492,12.674,12.205,12.705,13.122,13.268,13.471,13.374,13.178,12.482,12.718,13.196,13.539,13.208,13.8,13.651,13.165,13.514,13.607,12.758,12.146,11.635,11.959,12.451,13.051,13.279,12.98,11.64,11.854,12.323,11.425,11.999,12.121,12.376,12.541,12.442,11.971,11.458,11.929,11.868,11.65,11.808,12.127,11.906,11.337,11.706,11.779,11.973,12.047,12.026,11.643,10.669,10.722,11.047,10.933,10.659,10.419,15.224,15.082,16.115,16.207,15.796,15.248,15.496,14.965,14.798,16.044,16.054,16.324,16.081,15.973,15.659,15.225,15.758,15.657,15.295,15.714,15.888,15.156,14.417,15.249,15.38,14.714,14.381,13.987,13.576,13.677,14.583,15.135,14.911,15.112,15.66,16.092,15.211,15.393,15.954,16.412,16.777,17.396,16.728,16.225,16.882,16.583,17.299,17.466,17.326,16.891,16.775,17.317,17.453,16.661,16.545,17.059,17.104,16.705,17.099,17.919,18.227,18.398,14.924,14.66,14.208,13.965,14.243,14.02,13.244,13.026,12.83,12.226,12.93,13.501,13.941,14.478,14.034,13.187,12.195,12.574,12.865,13.348,13.527,13.295,12.757,11.841,12.639,13.273,13.466,13.446,13.604,13.416,11.801,11.709,12.21,12.519,12.671,12.805,13.009,12.964,13.162,13.343,13.591,13.672,13.693,13.578,13.14,13.229,12.865,13.335,13.482,13.516,13.336,12.835,12.759,12.468,12.898,13.305,13.348,13.442,12.923,13.104,13.322,12.618,12.536,12.609,12.383,11.988,12.228,12.34,12.386,12.309,11.873,11.141,10.11,9.913,10.6,10.91,11.19,11.348,11.593,11.205,11.451,11.71,11.804,11.968,11.716,11.385,10.612,10.643,10.798,10.834,10.569,12.237,12.014,11.631,11.752,11.677,12.195,12.544,12.748,12.587,12.162,12.782,13.009,13.034,12.907,13.076,13.053,12.388,12.486,12.986,13.267,13.354,13.684,13.341,12.723,13.185,13.445,13.413,13.282,13.541,13.737,13.274,15.22,15.494,15.895,15.882,15.933,15.521,14.847,15.351,15.335,15.604,15.697,15.927,16.147,15.424,15.56,16.093,16.256,16.268,16.346,16.465,16.111,16.164,16.392,16.292,15.195,14.201,14.66,15.094,14.711,14.904,14.922,14.611,14.81,15.284,15.239,14.889,14.987,15.247,15.623,15.409,15.434,15.506,14.787,15.491,15.75,15.549,15.514,15.723,15.62,15.211,15.635,15.78,15.728,15.99,16.121,15.804,15.469,16.135,15.965,14.101,15.798,15.857,16.183,16.027,15.402,15.713,14.838,14.478,15.026,15.895,16.081,15.673,16.493,16.574,16.53,16.171,15.28,14.453,13.419,14.448,15.007,15.404,15.716,15.804,16.173,15.555,16.147,16.337,16.419,16.34,15.718,12.494,12.331,12.866,13.404,13.451,13.534,13.736,13.429,13.088,13.633,13.905,14.006,14.178,14.037,13.902,13.396,13.749,14.122,13.98,13.802,13.521,13.15,12.084,12.859,13.463,13.477,13.596,13.579,13.067,11.917,14.335,14.888,15.503,15.538,16.029,16.263,15.661,16.302,16.838,17.025,17.285,17.161,16.909,16.017,16.319,16.933,17.372,16.948,17.708,17.517,16.893,17.341,17.46,16.37,15.585,14.93,15.346,15.977,16.746,17.039,16.655,11.64,11.854,12.323,11.425,11.999,12.121,12.376,12.541,12.442,11.971,11.458,11.929,11.868,11.65,11.808,12.127,11.906,11.337,11.706,11.779,11.973,12.047,12.026,11.643,10.669,10.722,11.047,10.933,10.659,10.419,15.212,15.07,16.102,16.194,15.784,15.236,15.484,14.953,14.787,16.031,16.041,16.311,16.068,15.96,15.647,15.212,15.746,15.645,15.283,15.701,15.876,15.144,14.406,15.237,15.368,14.703,14.37,13.976,13.565,13.667,14.571,13.977,13.77,13.955,14.461,14.861,14.047,14.215,14.733,15.156,15.493,16.065,15.448,14.983,15.59,15.314,15.975,16.129,16.0,15.598,15.492,15.991,16.118,15.386,15.279,15.754,15.795,15.426,15.79,16.548,16.832,16.99,12.133,11.919,11.551,11.354,11.58,11.399,10.767,10.59,10.431,9.94,10.512,10.976,11.334,11.771,11.41,10.721,9.915,10.223,10.459,10.852,10.997,10.809,10.372,9.627,10.275,10.791,10.948,10.931,11.06,10.907,11.801,11.709,12.21,12.519,12.671,12.805,13.009,12.964,13.162,13.343,13.591,13.672,13.693,13.578,13.14,13.229,12.865,13.335,13.482,13.516,13.336,12.835,12.759,12.468,12.898,13.305,13.348,13.442,12.923,13.104,13.322,12.618,12.536,12.609,12.383,11.988,12.228,12.34,12.386,12.309,11.873,11.141,10.11,9.913,10.6,10.91,11.19,11.348,11.593,11.205,11.451,11.71,11.804,11.968,11.716,11.385,10.612,10.643,10.798,10.834,10.569,12.237,12.014,11.631,11.752,11.677,12.195,12.544,12.748,12.587,12.162,12.782,13.009,13.034,12.907,13.076,13.053,12.388,12.486,12.986,13.267,13.354,13.684,13.341,12.723,13.185,13.445,13.413,13.282,13.541,13.737,13.274
Guntur_123,12.05,12.133,12.362,12.393,11.933,12.001,12.262,12.278,12.033,11.898,12.115,12.12,12.268,12.05,11.699,11.636,12.179,12.125,11.634,12.13,12.218,11.945,12.079,12.371,12.505,11.934,12.318,12.498,12.593,12.678,12.574,11.544,10.99,11.342,11.635,11.637,11.627,11.757,11.352,11.103,11.293,11.346,11.463,11.869,11.849,11.966,11.465,11.746,11.986,11.937,11.677,11.272,11.368,11.068,11.44,11.643,11.771,11.629,11.561,11.43,10.999,11.312,11.437,11.257,11.08,11.148,11.299,10.967,10.885,10.094,10.488,11.126,11.194,11.122,10.694,11.067,11.419,11.371,12.604,12.419,11.98,11.787,11.578,12.049,12.476,12.614,12.564,12.498,12.11,11.793,11.767,11.875,12.138,12.222,12.144,11.673,12.26,12.32,12.256,12.336,12.429,12.197,11.907,12.585,12.355,12.267,11.909,11.821,11.706,11.313,12.021,12.084,11.787,11.974,12.099,11.982,11.748,12.182,12.195,12.217,12.006,10.509,10.534,10.38,10.684,10.643,10.774,11.06,11.047,10.979,10.543,10.374,10.463,10.423,10.339,10.398,10.277,10.31,9.651,10.106,10.409,10.088,9.95,10.211,10.371,9.915,10.151,10.324,10.619,10.59,10.348,10.108,10.21,10.339,10.311,10.593,10.512,10.577,10.378,11.032,11.23,11.375,11.235,11.266,10.937,10.563,11.096,11.087,11.26,11.415,11.18,11.108,10.678,11.291,11.582,11.438,11.435,11.046,10.81,10.482,10.977,11.526,0.0,0.0,0.0,0.0,0.0,0.0,0.0,0.0,0.0,0.0,0.0,0.0,0.0,0.0,0.0,0.0,0.0,0.0,0.0,0.0,0.0,0.0,0.0,0.0,0.0,0.0,0.0,0.0,0.0,0.0,0.0,0.0,0.0,0.0,0.0,0.0,0.0,0.0,0.0,0.0,0.0,0.0,0.0,0.0,0.0,0.0,0.0,0.0,0.0,0.0,0.0,0.0,0.0,0.0,0.0,0.0,0.0,0.0,0.0,0.0,0.0,0.0,10.217,10.252,10.256,10.454,10.536,9.983,10.091,10.372,10.836,10.683,10.544,10.206,9.896,10.005,10.174,10.318,10.123,10.048,10.319,9.865,10.042,9.905,9.73,10.039,10.088,9.639,9.321,10.039,10.252,10.168,8.764,8.708,8.966,8.686,8.849,9.113,9.417,9.547,9.55,9.268,8.757,8.848,8.985,8.6,8.749,8.847,9.045,8.811,9.018,9.027,8.992,8.82,8.599,8.587,8.149,8.313,8.742,8.914,9.114,9.285,9.211,10.489,10.855,10.972,10.935,10.824,11.068,10.907,10.469,10.684,10.646,10.571,10.757,10.56,9.613,9.339,9.408,10.026,10.315,10.49,10.569,10.486,10.309,10.812,10.768,10.473,9.867,9.889,10.083,10.262,10.621,11.374,11.541,11.421,11.533,11.462,10.968,11.186,11.379,11.175,11.355,11.453,11.234,10.932,11.242,11.546,11.557,11.665,11.827,11.627,11.463,11.772,12.063,12.215,12.033,12.016,12.203,11.739,12.091,12.22,12.154,12.155,11.538,11.202,10.813,11.108,11.196,11.24,11.088,11.221,11.004,10.963,11.408,11.471,11.43,11.296,11.317,11.545,11.405,11.526,11.91,12.147,12.356,12.292,12.102,11.678,11.784,11.379,11.679,11.825,12.049,12.025,11.671,11.415,11.556,11.648,11.434,11.476,11.391,11.073,11.194,11.454,11.671,11.724,11.73,11.676,11.4,11.583,11.583,11.542,11.439,11.311,11.314,11.125,11.558,11.747,11.922,11.961,12.04,11.983,11.793,11.942,12.002,11.962,11.918,12.186,12.116,11.644,11.917,12.145,12.274,12.149,11.73,11.517,11.512,11.942,12.03,12.213,12.391,12.354,12.223,11.836,11.962,11.664,11.942,12.134,11.965,12.026,11.574,10.912,11.092,11.609,13.127,13.463,13.569,13.278,13.633,13.628,13.64,13.958,13.823,13.791,13.295,13.724,13.812,13.301,13.358,13.469,13.141,13.05,13.308,13.557,13.125,12.866,12.733,12.934,12.675,13.152,13.349,13.293,13.349,13.27,13.298,13.049,13.128,13.191,12.937,13.084,13.363,13.267,12.982,13.235,12.913,12.492,12.13,12.54,12.448,11.519,11.581,11.315,11.342,11.259,11.416,11.811,12.054,12.327,12.131,11.904,11.95,12.405,12.7,11.977,12.573,12.101,13.028,13.281,13.322,13.004,12.402,12.779,12.573,12.537,12.267,11.861,11.831,11.256,12.272,12.331,12.646,12.73,12.82,12.277,11.654,12.625,13.103,13.822,13.278,13.22,12.856,13.167,14.15,14.627,14.314,9.504,9.176,9.203,9.315,9.846,10.03,9.958,9.769,9.624,9.799,9.143,9.044,8.946,8.827,8.979,9.408,9.492,8.611,7.958,7.967,7.802,8.035,8.461,8.281,8.15,8.416,8.341,7.854,8.006,7.965,7.844,0.0,0.0,0.0,0.0,0.0,0.0,0.0,0.0,0.0,0.0,0.0,0.0,0.0,0.0,0.0,0.0,0.0,0.0,0.0,0.0,0.0,0.0,0.0,0.0,0.0,0.0,0.0,0.0,0.0,0.0,0.0,0.0,0.0,0.0,0.0,0.0,0.0,0.0,0.0,0.0,0.0,0.0,0.0,0.0,0.0,0.0,0.0,0.0,0.0,0.0,0.0,0.0,0.0,0.0,0.0,0.0,0.0,0.0,0.0,0.0,0.0,13.676,13.182,12.861,13.453,13.744,14.017,14.023,14.162,13.958,13.517,14.158,14.306,14.33,14.128,13.687,13.863,13.136,12.824,13.386,13.513,13.428,13.346,13.52,12.702,13.218,13.33,13.298,13.2,13.371,13.237,13.024,13.756,13.755,13.602,12.565,12.171,13.017,12.761,13.451,13.814,14.3,13.908,14.207,14.102,13.871,14.057,14.034,14.194,14.318,13.956,13.964,13.367,14.136,14.352,14.437,14.307,14.199,14.001,13.242,13.49,13.553,12.349,11.999,12.239,12.264,12.003,12.402,12.649,12.614,12.751,12.556,12.445,11.93,12.517,12.931,12.895,12.77,12.705,12.685,12.051,12.916,13.301,13.531,13.666,13.767,13.629,13.221,13.5,13.223,12.903,12.769,12.99,11.834,11.382,12.022,12.353,12.54,12.302,12.251,11.825,11.292,11.669,11.736,11.793,12.028,11.8,11.503,11.498,12.047,12.421,12.429,12.369,12.481,11.815,11.625,12.27,12.344,11.952,12.156,12.33,12.38,12.368,12.594,13.648,13.702,13.176,13.403,13.564,13.37,13.606,13.983,13.732,13.441,13.516,13.483,13.32,13.406,13.498,13.693,13.576,13.645,13.527,13.301,13.643,13.603,13.62,14.003,13.707,13.485,12.981,13.555,13.454,13.178,13.101,13.467,13.684,13.349,13.297,13.394,13.526,13.766,13.945,13.912,13.572,13.876,13.967,14.157,14.104,13.319,13.415,13.678,14.065,14.181,14.26,14.39,14.329,14.232,13.791,14.047,14.18,14.442,14.529,13.71,13.696,13.27,13.743,13.884,13.628,13.845,13.765,13.817,13.381,13.65,13.849,13.877,13.742,13.599,13.796,13.166,13.524,13.762,13.659,13.712,13.743,13.726,13.291,13.756,13.919,14.062,13.968,13.843,13.485,11.844,12.136,12.094,12.381,12.369,12.697,12.618,12.054,12.239,12.05,12.104,12.089,11.975,11.858,11.532,12.0,12.287,12.631,12.51,11.987,10.932,10.158,10.036,10.926,11.739,11.814,11.637,11.536,11.437,12.078,12.253,10.758,10.867,10.853,10.731,10.469,10.757,10.829,10.599,10.499,10.755,10.647,10.337,10.845,10.997,10.703,10.465,10.313,10.065,9.342,9.37,9.449,10.2,10.596,10.473,10.265,9.967,10.547,10.696,10.269,9.562,9.46,9.621,9.377,10.08,10.124,10.112,10.145,9.954,9.537,8.935,9.274,9.296,9.44,9.3,9.323,9.342,8.938,9.615,9.763,9.59,9.002,9.274,9.035,8.397,9.035,9.628,9.738,9.662,9.833,9.513,8.947,13.558,13.904,14.478,14.466,13.962,13.549,12.889,13.206,13.192,13.186,12.428,13.102,13.599,12.677,12.022,12.876,13.618,14.086,13.917,13.741,13.148,13.864,14.212,14.084,14.32,14.787,14.304,13.697,14.687,15.071,14.973,14.624,14.763,14.687,13.825,14.531,14.76,14.82,14.619,14.24,13.88,12.962,13.168,13.223,13.231,13.029,12.38,12.801,12.895,13.621,13.598,13.43,12.871,12.666,12.499,12.54,13.652,13.757,13.711,13.907,13.943,12.712,12.143,12.885,13.273,12.583,12.764,12.702,12.776,12.349,12.742,12.626,12.841,12.855,12.748,12.564,12.13,13.097,13.224,13.246,13.203,13.034,12.689,11.933,11.254,11.018,11.807,12.458,12.714,12.779,12.427,12.557,12.217,12.373,12.266,12.465,12.421,12.164,12.342,12.438,12.441,12.435,12.448,12.075,11.78,11.87,12.184,12.367,12.459,12.568,12.609,12.119,12.562,12.739,12.71,12.704,12.708,12.72,12.44,12.759,12.602,12.617,13.999,14.205,14.229,13.731,14.022,14.345,14.515,14.163,14.059,13.516,13.156,13.851,13.872,13.957,14.216,14.502,14.609,14.282,14.843,14.893,14.777,14.838,15.081,14.984,14.471,14.763,15.042,15.281,15.336,15.16,15.0,12.521,12.861,12.809,12.593,12.752,12.845,12.921,12.803,13.01,13.028,13.146,13.18,13.255,12.785,12.276,12.623,12.878,13.123,13.007,13.168,13.013,12.636,12.731,12.956,12.859,12.017,12.406,12.773,12.449,12.613,12.628,12.25,12.417,12.814,12.777,12.483,12.565,12.783,13.098,12.919,12.94,13.0,12.398,12.988,13.205,13.036,13.007,13.182,13.096,12.753,13.109,13.23,13.187,13.406,13.516,13.25,12.969,13.528,13.385,12.944,12.993,13.259,13.132,12.619,12.875,12.157,11.862,12.311,13.023,13.176,12.842,13.513,13.579,13.544,13.25,12.52,11.842,10.994,11.838,12.296,12.621,12.877,12.949,13.251,12.745,13.23,13.385,13.453,13.388,12.878,11.208,11.062,11.542,12.024,12.066,12.141,12.322,12.047,11.741,12.23,12.474,12.565,12.718,12.592,12.472,12.017,12.334,12.668,12.541,12.382,12.129,11.797,10.84,11.535,12.077,12.09,12.197,12.181,11.723,10.691,10.151,10.543,10.978,11.003,11.35,11.516,11.089,11.544,11.923,12.056,12.24,12.152,11.974,11.342,11.556,11.99,12.302,12.001,12.539,12.404,11.962,12.279,12.364,11.592,11.036,10.572,10.867,11.313,11.858,12.066,11.794,12.287,12.513,13.007,12.06,12.666,12.794,13.064,13.238,13.134,12.636,12.094,12.592,12.527,12.297,12.464,12.8,12.567,11.967,12.357,12.433,12.638,12.716,12.695,12.29,11.262,11.317,11.661,11.541,11.251,10.998,15.224,15.082,16.115,16.207,15.796,15.248,15.496,14.965,14.798,16.044,16.054,16.324,16.081,15.973,15.659,15.225,15.758,15.657,15.295,15.714,15.888,15.156,14.417,15.249,15.38,14.714,14.381,13.987,13.576,13.677,14.583,15.135,14.911,15.112,15.66,16.092,15.211,15.393,15.954,16.412,16.777,17.396,16.728,16.225,16.882,16.583,17.299,17.466,17.326,16.891,16.775,17.317,17.453,16.661,16.545,17.059,17.104,16.705,17.099,17.919,18.227,18.398,14.478,14.222,13.783,13.548,13.818,13.602,12.848,12.637,12.447,11.861,12.543,13.097,13.525,14.045,13.615,12.793,11.831,12.199,12.48,12.949,13.123,12.897,12.376,11.488,12.261,12.877,13.064,13.044,13.197,13.015,11.915,11.823,12.329,12.641,12.794,12.93,13.135,13.09,13.29,13.473,13.723,13.805,13.827,13.71,13.268,13.357,12.99,13.465,13.613,13.647,13.465,12.96,12.883,12.589,13.023,13.434,13.477,13.572,13.049,13.231,13.452,13.075,12.99,13.066,12.831,12.422,12.671,12.787,12.834,12.755,12.303,11.544,10.476,10.272,10.984,11.306,11.596,11.759,12.013,11.611,11.866,12.135,12.232,12.402,12.14,11.798,10.996,11.028,11.189,11.226,10.952,11.478,11.269,10.91,11.023,10.953,11.439,11.766,11.958,11.807,11.408,11.989,12.202,12.226,12.107,12.265,12.244,11.62,11.712,12.181,12.444,12.526,12.836,12.514,11.934,12.368,12.611,12.581,12.459,12.702,12.885,12.451,11.817,12.03,12.341,12.331,12.37,12.051,11.527,11.919,11.907,12.115,12.187,12.366,12.537,11.975,12.081,12.495,12.621,12.631,12.691,12.784,12.509,12.55,12.727,12.65,11.798,11.026,11.382,11.719,11.422,11.572,11.586,11.088,11.239,11.598,11.565,11.299,11.373,11.57,11.856,11.693,11.712,11.767,11.222,11.756,11.952,11.8,11.773,11.932,11.854,11.543,11.865,11.975,11.936,12.134,12.234,11.993,11.739,12.245,12.115,10.701,11.278,11.32,11.553,11.442,10.995,11.218,10.593,10.335,10.727,11.347,11.48,11.189,11.774,11.832,11.801,11.545,10.908,10.318,9.579,10.314,10.713,10.997,11.219,11.282,11.546,11.104,11.527,11.662,11.722,11.665,11.221,11.926,11.771,12.281,12.794,12.839,12.919,13.111,12.819,12.493,13.013,13.272,13.369,13.533,13.399,13.27,12.787,13.123,13.48,13.344,13.174,12.906,12.552,11.534,12.274,12.85,12.864,12.978,12.961,12.473,11.375,9.605,9.976,10.388,10.411,10.74,10.897,10.493,10.923,11.282,11.408,11.582,11.498,11.33,10.732,10.935,11.346,11.64,11.356,11.865,11.737,11.319,11.619,11.699,10.969,10.443,10.004,10.282,10.705,11.221,11.417,11.16,12.287,12.513,13.007,12.06,12.666,12.794,13.064,13.238,13.134,12.636,12.094,12.592,12.527,12.297,12.464,12.8,12.567,11.967,12.357,12.433,12.638,12.716,12.695,12.29,11.262,11.317,11.661,11.541,11.251,10.998,10.193,10.098,10.789,10.851,10.576,10.209,10.375,10.019,9.908,10.742,10.748,10.929,10.766,10.694,10.484,10.193,10.55,10.483,10.24,10.521,10.638,10.147,9.652,10.21,10.297,9.851,9.628,9.365,9.089,9.157,9.764,11.073,10.908,11.055,11.456,11.773,11.128,11.261,11.672,12.007,12.273,12.727,12.238,11.87,12.351,12.132,12.656,12.778,12.675,12.357,12.272,12.668,12.768,12.189,12.104,12.48,12.513,12.221,12.509,13.109,13.334,13.46,20.597,20.232,19.608,19.273,19.657,19.35,18.278,17.978,17.706,16.874,17.844,18.632,19.24,19.981,19.369,18.199,16.831,17.354,17.754,18.421,18.668,18.348,17.606,16.342,17.443,18.318,18.584,18.556,18.774,18.515,11.915,11.823,12.329,12.641,12.794,12.93,13.135,13.09,13.29,13.473,13.723,13.805,13.827,13.71,13.268,13.357,12.99,13.465,13.613,13.647,13.465,12.96,12.883,12.589,13.023,13.434,13.477,13.572,13.049,13.231,13.452,13.075,12.99,13.066,12.831,12.422,12.671,12.787,12.834,12.755,12.303,11.544,10.476,10.272,10.984,11.306,11.596,11.759,12.013,11.611,11.866,12.135,12.232,12.402,12.14,11.798,10.996,11.028,11.189,11.226,10.952,11.478,11.269,10.91,11.023,10.953,11.439,11.766,11.958,11.807,11.408,11.989,12.202,12.226,12.107,12.265,12.244,11.62,11.712,12.181,12.444,12.526,12.836,12.514,11.934,12.368,12.611,12.581,12.459,12.702,12.885,12.451
Guntur_124,10.58,10.653,10.854,10.881,10.477,10.537,10.766,10.78,10.565,10.447,10.637,10.642,10.771,10.58,10.272,10.216,10.693,10.646,10.215,10.65,10.727,10.488,10.606,10.862,10.98,10.478,10.815,10.973,11.057,11.131,11.04,9.396,8.945,9.232,9.471,9.472,9.464,9.57,9.24,9.037,9.192,9.235,9.33,9.661,9.645,9.74,9.332,9.561,9.756,9.716,9.505,9.175,9.253,9.009,9.312,9.477,9.581,9.465,9.41,9.303,9.435,9.703,9.81,9.656,9.504,9.562,9.692,9.408,9.337,8.659,8.996,9.544,9.602,9.54,9.173,9.493,9.795,9.754,10.811,10.653,10.276,10.111,9.932,10.335,10.702,10.82,10.777,10.721,10.388,10.116,10.093,10.113,10.337,10.408,10.342,9.941,10.441,10.492,10.438,10.506,10.585,10.388,10.14,10.718,10.521,10.447,10.142,10.067,9.969,9.635,10.237,10.291,10.038,10.197,10.303,10.204,10.005,10.374,10.385,10.404,10.225,10.876,10.901,10.742,11.057,11.015,11.15,11.446,11.433,11.362,10.911,10.736,10.828,10.787,10.7,10.761,10.635,10.669,9.988,10.458,10.772,10.439,10.297,10.567,10.733,10.261,10.505,10.684,10.99,10.959,10.709,10.461,8.414,8.52,8.497,8.73,8.663,8.717,8.553,9.092,9.255,9.374,9.259,9.284,9.014,8.706,9.145,9.137,9.28,9.407,9.214,9.155,8.8,9.305,9.545,9.426,9.424,9.103,8.909,8.639,9.046,9.498,0.0,0.0,0.0,0.0,0.0,0.0,0.0,0.0,0.0,0.0,0.0,0.0,0.0,0.0,0.0,0.0,0.0,0.0,0.0,0.0,0.0,0.0,0.0,0.0,0.0,0.0,0.0,0.0,0.0,0.0,0.0,0.0,0.0,0.0,0.0,0.0,0.0,0.0,0.0,0.0,0.0,0.0,0.0,0.0,0.0,0.0,0.0,0.0,0.0,0.0,0.0,0.0,0.0,0.0,0.0,0.0,0.0,0.0,0.0,0.0,0.0,0.0,9.236,9.268,9.272,9.451,9.525,9.025,9.123,9.376,9.796,9.658,9.532,9.227,8.946,9.045,9.198,9.328,9.151,9.084,9.329,8.918,9.078,8.955,8.796,9.076,9.12,8.714,8.426,9.075,9.268,9.192,7.248,7.203,7.415,7.184,7.318,7.537,7.788,7.896,7.899,7.665,7.243,7.318,7.431,7.113,7.236,7.317,7.481,7.287,7.459,7.466,7.437,7.295,7.112,7.102,6.74,6.875,7.231,7.372,7.538,7.679,7.618,10.91,11.291,11.412,11.375,11.259,11.513,11.346,10.889,11.113,11.074,10.996,11.189,10.985,9.999,9.714,9.786,10.429,10.729,10.912,10.994,10.907,10.723,11.246,11.201,10.893,10.264,10.287,10.488,10.674,11.048,10.274,10.425,10.316,10.417,10.354,9.907,10.104,10.278,10.094,10.256,10.345,10.147,9.875,10.154,10.429,10.439,10.536,10.683,10.502,10.354,10.633,10.896,11.034,10.869,10.853,11.022,10.604,10.921,11.038,10.978,10.979,10.463,10.158,9.806,10.074,10.154,10.193,10.055,10.176,9.979,9.942,10.346,10.402,10.366,10.244,10.263,10.469,10.343,10.452,10.801,11.015,11.205,11.147,10.975,10.591,10.686,10.319,10.591,10.724,10.927,10.905,10.584,11.441,11.582,11.674,11.46,11.502,11.417,11.098,11.219,11.48,11.697,11.751,11.757,11.703,11.426,11.609,11.61,11.568,11.465,11.336,11.34,11.15,11.584,11.774,11.949,11.989,12.067,12.011,11.82,10.53,10.584,10.549,10.51,10.745,10.684,10.268,10.509,10.71,10.823,10.713,10.344,10.156,10.151,10.53,10.608,10.769,10.927,10.894,10.779,10.438,10.548,10.285,10.531,10.7,10.551,10.605,10.206,9.622,9.781,10.237,12.095,12.405,12.502,12.235,12.561,12.557,12.568,12.861,12.736,12.707,12.25,12.646,12.727,12.255,12.308,12.41,12.108,12.024,12.262,12.491,12.094,11.855,11.732,11.917,11.679,12.118,12.3,12.248,12.299,12.227,12.238,12.008,12.081,12.139,11.905,12.041,12.297,12.209,11.947,12.18,11.884,11.495,11.163,11.54,11.456,10.601,10.657,10.413,10.437,10.361,10.506,10.869,11.093,11.344,11.164,10.955,10.997,11.416,11.687,11.022,11.571,10.273,11.06,11.275,11.31,11.04,10.529,10.849,10.674,10.643,10.414,10.069,10.044,9.556,10.418,10.469,10.736,10.807,10.884,10.423,9.894,10.718,11.124,11.734,11.273,11.224,10.914,11.179,12.013,12.418,12.152,14.644,14.139,14.18,14.353,15.171,15.455,15.345,15.053,14.829,15.099,14.088,13.936,13.785,13.601,13.835,14.496,14.626,13.269,12.262,12.276,12.023,12.381,13.037,12.76,12.558,12.968,12.852,12.102,12.337,12.273,12.088,20.168,22.024,22.635,23.006,23.801,24.137,24.924,24.772,25.253,25.293,25.338,25.695,25.912,25.267,24.623,23.151,26.38,25.942,25.258,25.072,24.589,23.537,24.542,24.711,24.827,25.037,25.378,25.152,24.242,24.654,24.495,0.0,0.0,0.0,0.0,0.0,0.0,0.0,0.0,0.0,0.0,0.0,0.0,0.0,0.0,0.0,0.0,0.0,0.0,0.0,0.0,0.0,0.0,0.0,0.0,0.0,0.0,0.0,0.0,0.0,0.0,11.784,11.358,11.082,11.592,11.843,12.078,12.083,12.203,12.027,11.647,12.2,12.327,12.348,12.174,11.794,11.945,11.319,11.05,11.534,11.644,11.571,11.5,11.65,10.945,11.39,11.486,11.458,11.374,11.521,11.405,11.222,11.483,11.482,11.355,10.489,10.16,10.866,10.653,11.229,11.532,11.937,11.61,11.86,11.772,11.579,11.735,11.715,11.849,11.952,11.65,11.657,11.158,11.801,11.98,12.051,11.943,11.853,11.688,11.054,11.261,11.313,10.854,10.547,10.757,10.779,10.55,10.901,11.117,11.087,11.207,11.036,10.939,10.486,11.002,11.366,11.334,11.224,11.167,11.149,10.592,11.353,11.691,11.893,12.012,12.1,11.979,11.621,11.866,11.622,11.341,11.223,11.417,10.524,10.122,10.691,10.985,11.152,10.94,10.895,10.516,10.042,10.377,10.437,10.487,10.696,10.494,10.23,10.225,10.714,11.046,11.053,10.999,11.099,10.507,10.338,10.912,10.977,10.629,10.81,10.965,11.009,10.998,11.2,11.488,11.534,11.091,11.282,11.418,11.254,11.453,11.771,11.559,11.315,11.377,11.349,11.212,11.285,11.362,11.527,11.428,11.486,11.387,11.196,11.485,11.451,11.465,11.788,11.538,11.352,10.927,11.41,12.483,12.227,12.155,12.495,12.696,12.386,12.337,12.427,12.55,12.772,12.939,12.908,12.592,12.874,12.959,13.135,13.086,12.357,12.447,12.691,13.05,13.157,13.231,13.351,13.295,13.205,12.796,13.033,13.157,13.4,13.481,12.091,12.078,11.703,12.12,12.244,12.019,12.21,12.14,12.185,11.801,12.038,12.213,12.238,12.119,11.994,12.167,11.611,11.927,12.137,12.046,12.092,12.12,12.105,11.722,12.132,12.276,12.401,12.319,12.208,11.893,10.768,11.033,10.995,11.257,11.245,11.543,11.472,10.959,11.127,10.955,11.004,10.99,10.887,10.781,10.485,10.91,11.171,11.484,11.373,10.898,9.938,9.236,9.124,9.933,10.673,10.741,10.579,10.488,10.398,10.981,11.14,14.969,15.121,15.102,14.933,14.568,14.969,15.069,14.749,14.61,14.965,14.815,14.384,15.09,15.303,14.894,14.562,14.35,14.006,13.0,13.038,13.148,14.194,14.745,14.573,14.284,13.869,14.677,14.884,14.29,13.305,13.164,13.387,13.047,14.027,14.087,14.07,14.116,13.851,13.271,12.432,12.905,12.935,13.136,12.941,12.973,12.999,12.437,13.379,13.586,13.344,12.527,12.905,12.573,11.685,12.572,13.397,13.55,13.445,13.683,13.237,12.449,13.558,13.904,14.478,14.466,13.962,13.549,12.889,13.206,13.192,13.186,12.428,13.102,13.599,12.677,12.022,12.876,13.618,14.086,13.917,13.741,13.148,13.864,14.212,14.084,14.32,14.787,14.304,13.697,14.687,15.071,14.973,13.348,13.475,13.406,12.619,13.263,13.472,13.527,13.344,12.997,12.669,11.831,12.019,12.069,12.076,11.892,11.3,11.684,11.769,12.433,12.411,12.258,11.747,11.561,11.408,11.446,12.461,12.557,12.514,12.694,12.727,9.739,9.303,9.872,10.169,9.64,9.779,9.732,9.788,9.461,9.762,9.673,9.838,9.849,9.766,9.625,9.293,10.034,10.131,10.148,10.115,9.986,9.721,9.142,8.622,8.442,9.046,9.545,9.74,9.79,9.52,9.62,10.398,10.532,10.44,10.609,10.572,10.353,10.505,10.587,10.59,10.585,10.595,10.278,10.027,10.103,10.37,10.526,10.604,10.698,10.732,10.315,10.692,10.843,10.818,10.813,10.816,10.826,10.588,10.86,10.726,10.739,11.706,11.879,11.899,11.482,11.725,11.995,12.138,11.843,11.757,11.302,11.001,11.582,11.6,11.671,11.888,12.127,12.216,11.943,12.412,12.453,12.357,12.408,12.611,12.53,12.101,12.345,12.578,12.778,12.824,12.677,12.543,10.433,10.716,10.673,10.494,10.625,10.704,10.766,10.668,10.84,10.856,10.954,10.982,11.045,10.654,10.229,10.518,10.731,10.935,10.838,10.973,10.843,10.529,10.608,10.796,10.715,10.014,10.337,10.643,10.373,10.51,10.522,10.691,10.837,11.183,11.15,10.894,10.966,11.156,11.431,11.275,11.293,11.346,10.82,11.335,11.524,11.377,11.351,11.504,11.429,11.13,11.44,11.546,11.508,11.7,11.796,11.563,11.318,11.806,11.681,11.557,11.6,11.838,11.724,11.267,11.495,10.854,10.591,10.992,11.627,11.764,11.465,12.065,12.124,12.092,11.83,11.178,10.573,9.816,10.569,10.978,11.268,11.497,11.561,11.831,11.379,11.812,11.951,12.011,11.953,11.498,10.475,10.339,10.788,11.239,11.278,11.348,11.517,11.26,10.974,11.431,11.659,11.744,11.887,11.769,11.657,11.232,11.528,11.841,11.721,11.572,11.336,11.026,10.132,10.781,11.288,11.3,11.4,11.385,10.956,9.992,8.983,9.33,9.716,9.737,10.045,10.191,9.814,10.216,10.552,10.669,10.832,10.754,10.597,10.037,10.227,10.611,10.887,10.621,11.097,10.977,10.586,10.867,10.942,10.259,9.766,9.356,9.617,10.012,10.494,10.678,10.437,11.397,11.607,12.066,11.187,11.749,11.868,12.118,12.28,12.183,11.721,11.219,11.681,11.621,11.407,11.562,11.874,11.658,11.101,11.463,11.534,11.724,11.796,11.776,11.401,10.447,10.498,10.817,10.705,10.437,10.202,11.044,10.942,11.691,11.757,11.46,11.062,11.242,10.857,10.736,11.639,11.647,11.843,11.666,11.588,11.36,11.045,11.432,11.359,11.096,11.4,11.526,10.995,10.459,11.063,11.158,10.675,10.433,10.147,9.849,9.922,10.579,0.0,0.0,0.0,0.0,0.0,0.0,0.0,0.0,0.0,0.0,0.0,0.0,0.0,0.0,0.0,0.0,0.0,0.0,0.0,0.0,0.0,0.0,0.0,0.0,0.0,0.0,0.0,0.0,0.0,0.0,0.0,14.075,13.826,13.4,13.171,13.433,13.223,12.491,12.285,12.1,11.531,12.194,12.733,13.148,13.654,13.236,12.437,11.502,11.859,12.133,12.588,12.757,12.538,12.032,11.168,11.92,12.518,12.7,12.681,12.83,12.653,10.361,10.28,10.72,10.992,11.125,11.243,11.421,11.382,11.556,11.715,11.933,12.003,12.022,11.921,11.536,11.614,11.295,11.708,11.837,11.867,11.708,11.269,11.202,10.946,11.324,11.681,11.719,11.801,11.346,11.505,11.697,11.939,11.861,11.931,11.717,11.343,11.57,11.676,11.719,11.647,11.234,10.541,9.566,9.379,10.03,10.324,10.588,10.738,10.969,10.602,10.835,11.081,11.169,11.324,11.086,10.773,10.041,10.07,10.217,10.251,10.0,9.852,9.672,9.364,9.462,9.401,9.818,10.099,10.264,10.134,9.792,10.291,10.473,10.494,10.392,10.528,10.509,9.974,10.053,10.455,10.681,10.752,11.017,10.741,10.243,10.615,10.825,10.799,10.694,10.902,11.06,10.687,10.731,10.925,11.207,11.198,11.234,10.943,10.468,10.824,10.813,11.002,11.068,11.229,11.385,10.875,10.971,11.347,11.461,11.47,11.525,11.609,11.36,11.397,11.558,11.487,10.714,10.013,10.336,10.643,10.373,10.509,10.521,9.887,10.021,10.341,10.311,10.074,10.141,10.316,10.571,10.426,10.443,10.492,10.006,10.482,10.657,10.521,10.497,10.638,10.569,10.292,10.579,10.677,10.642,10.819,10.908,10.693,10.466,10.918,10.802,9.541,10.641,10.68,10.899,10.795,10.373,10.583,9.994,9.751,10.12,10.706,10.831,10.556,11.109,11.163,11.134,10.892,10.291,9.734,9.038,9.731,10.107,10.375,10.585,10.645,10.893,10.477,10.875,11.003,11.059,11.005,10.586,10.732,10.593,11.052,11.514,11.555,11.626,11.799,11.536,11.243,11.712,11.945,12.032,12.179,12.058,11.943,11.508,11.81,12.131,12.009,11.856,11.615,11.297,10.38,11.046,11.565,11.577,11.679,11.664,11.225,10.237,8.716,9.053,9.427,9.448,9.746,9.889,9.522,9.912,10.238,10.352,10.51,10.434,10.282,9.739,9.923,10.296,10.563,10.305,10.767,10.651,10.272,10.544,10.617,9.954,9.476,9.078,9.331,9.715,10.182,10.36,10.127,11.397,11.607,12.066,11.187,11.749,11.868,12.118,12.28,12.183,11.721,11.219,11.681,11.621,11.407,11.562,11.874,11.658,11.101,11.463,11.534,11.724,11.796,11.776,11.401,10.447,10.498,10.817,10.705,10.437,10.202,9.249,9.163,9.791,9.846,9.597,9.264,9.415,9.092,8.991,9.748,9.754,9.918,9.77,9.705,9.514,9.25,9.574,9.513,9.293,9.547,9.653,9.208,8.759,9.265,9.344,8.94,8.737,8.498,8.248,8.31,8.86,11.2,11.034,11.182,11.588,11.908,11.256,11.39,11.806,12.145,12.414,12.873,12.378,12.006,12.492,12.271,12.801,12.924,12.82,12.499,12.413,12.814,12.915,12.328,12.243,12.623,12.657,12.361,12.653,13.26,13.487,13.614,20.086,19.731,19.122,18.796,19.17,18.87,17.825,17.532,17.267,16.455,17.402,18.17,18.763,19.485,18.889,17.748,16.414,16.924,17.314,17.964,18.205,17.893,17.17,15.937,17.01,17.864,18.124,18.096,18.309,18.056,10.361,10.28,10.72,10.992,11.125,11.243,11.421,11.382,11.556,11.715,11.933,12.003,12.022,11.921,11.536,11.614,11.295,11.708,11.837,11.867,11.708,11.269,11.202,10.946,11.324,11.681,11.719,11.801,11.346,11.505,11.697,11.939,11.861,11.931,11.717,11.343,11.57,11.676,11.719,11.647,11.234,10.541,9.566,9.379,10.03,10.324,10.588,10.738,10.969,10.602,10.835,11.081,11.169,11.324,11.086,10.773,10.041,10.07,10.217,10.251,10.0,9.852,9.672,9.364,9.462,9.401,9.818,10.099,10.264,10.134,9.792,10.291,10.473,10.494,10.392,10.528,10.509,9.974,10.053,10.455,10.681,10.752,11.017,10.741,10.243,10.615,10.825,10.799,10.694,10.902,11.06,10.687
Guntur_125,8.044,8.099,8.252,8.273,7.965,8.011,8.185,8.196,8.032,7.942,8.087,8.091,8.189,8.044,7.81,7.767,8.13,8.094,7.766,8.097,8.156,7.974,8.063,8.258,8.348,7.966,8.223,8.343,8.407,8.463,8.394,8.278,7.881,8.133,8.344,8.345,8.338,8.431,8.141,7.962,8.099,8.136,8.22,8.511,8.497,8.581,8.222,8.423,8.596,8.56,8.374,8.083,8.152,7.937,8.204,8.35,8.441,8.339,8.29,8.196,8.086,8.316,8.408,8.276,8.145,8.195,8.306,8.063,8.002,7.421,7.71,8.18,8.229,8.176,7.862,8.136,8.395,8.36,9.266,9.13,8.807,8.665,8.512,8.858,9.172,9.274,9.237,9.188,8.903,8.669,8.651,9.023,9.223,9.287,9.227,8.869,9.316,9.361,9.313,9.373,9.444,9.268,9.047,9.563,9.387,9.321,9.049,8.982,8.895,8.596,9.134,9.182,8.956,9.098,9.193,9.104,8.927,9.256,9.266,9.283,9.123,7.65,7.668,7.556,7.777,7.747,7.842,8.051,8.041,7.992,7.675,7.552,7.616,7.587,7.526,7.569,7.481,7.505,7.025,7.356,7.577,7.343,7.243,7.433,7.549,7.217,7.389,7.515,7.73,7.708,7.533,7.358,6.151,6.229,6.212,6.382,6.333,6.372,6.252,6.646,6.765,6.853,6.769,6.787,6.589,6.364,6.685,6.679,6.784,6.877,6.736,6.692,6.433,6.802,6.978,6.891,6.889,6.655,6.513,6.315,6.613,6.944,0.0,0.0,0.0,0.0,0.0,0.0,0.0,0.0,0.0,0.0,0.0,0.0,0.0,0.0,0.0,0.0,0.0,0.0,0.0,0.0,0.0,0.0,0.0,0.0,0.0,0.0,0.0,0.0,0.0,0.0,0.0,0.0,0.0,0.0,0.0,0.0,0.0,0.0,0.0,0.0,0.0,0.0,0.0,0.0,0.0,0.0,0.0,0.0,0.0,0.0,0.0,0.0,0.0,0.0,0.0,0.0,0.0,0.0,0.0,0.0,0.0,0.0,8.097,8.125,8.128,8.285,8.35,7.912,7.997,8.22,8.588,8.467,8.356,8.089,7.842,7.929,8.063,8.177,8.022,7.963,8.178,7.818,7.958,7.85,7.711,7.956,7.995,7.639,7.387,7.956,8.125,8.058,5.456,5.421,5.581,5.407,5.508,5.673,5.862,5.944,5.945,5.77,5.451,5.508,5.593,5.354,5.446,5.507,5.631,5.485,5.614,5.62,5.598,5.491,5.353,5.346,5.073,5.175,5.442,5.549,5.674,5.78,5.734,8.657,8.959,9.055,9.025,8.933,9.135,9.002,8.64,8.817,8.787,8.725,8.878,8.716,7.934,7.708,7.765,8.274,8.513,8.658,8.723,8.654,8.508,8.923,8.887,8.643,8.144,8.162,8.322,8.469,8.766,9.093,9.227,9.131,9.22,9.164,8.768,8.943,9.097,8.934,9.077,9.156,8.98,8.74,8.987,9.23,9.239,9.325,9.455,9.295,9.164,9.411,9.643,9.765,9.62,9.606,9.755,9.385,9.666,9.769,9.716,9.717,8.276,8.035,7.756,7.968,8.031,8.062,7.953,8.049,7.893,7.863,8.183,8.228,8.199,8.103,8.118,8.281,8.181,8.267,8.543,8.713,8.863,8.817,8.681,8.377,8.452,8.162,8.377,8.482,8.643,8.625,8.372,9.113,9.225,9.298,9.128,9.161,9.094,8.839,8.936,9.144,9.317,9.359,9.364,9.321,9.1,9.247,9.247,9.214,9.132,9.029,9.032,8.881,9.227,9.378,9.517,9.549,9.612,9.566,9.415,8.866,8.911,8.881,8.848,9.047,8.995,8.645,8.847,9.017,9.112,9.019,8.709,8.551,8.546,8.866,8.931,9.067,9.2,9.172,9.075,8.788,8.881,8.66,8.866,9.008,8.883,8.928,8.593,8.101,8.235,8.619,8.57,8.79,8.859,8.669,8.901,8.898,8.905,9.113,9.025,9.004,8.68,8.961,9.018,8.684,8.722,8.794,8.58,8.52,8.689,8.851,8.569,8.4,8.313,8.444,8.275,8.587,8.716,8.679,8.715,8.664,8.589,8.428,8.479,8.52,8.356,8.451,8.631,8.569,8.384,8.548,8.34,8.068,7.834,8.099,8.04,7.44,7.48,7.308,7.325,7.272,7.373,7.628,7.785,7.962,7.835,7.688,7.718,8.012,8.202,7.736,8.121,7.568,8.148,8.306,8.331,8.133,7.756,7.992,7.863,7.841,7.672,7.418,7.399,7.04,7.675,7.712,7.909,7.961,8.018,7.678,7.288,7.896,8.195,8.644,8.304,8.268,8.04,8.235,8.849,9.148,8.952,8.188,7.905,7.928,8.025,8.483,8.641,8.579,8.416,8.291,8.442,7.877,7.792,7.708,7.604,7.735,8.105,8.178,7.419,6.856,6.864,6.722,6.922,7.289,7.134,7.022,7.25,7.186,6.766,6.898,6.862,6.758,11.323,12.365,12.708,12.916,13.363,13.551,13.993,13.908,14.178,14.2,14.225,14.426,14.548,14.186,13.824,12.998,14.811,14.564,14.18,14.076,13.805,13.214,13.779,13.873,13.938,14.056,14.248,14.121,13.61,13.841,13.752,0.0,0.0,0.0,0.0,0.0,0.0,0.0,0.0,0.0,0.0,0.0,0.0,0.0,0.0,0.0,0.0,0.0,0.0,0.0,0.0,0.0,0.0,0.0,0.0,0.0,0.0,0.0,0.0,0.0,0.0,7.939,7.652,7.466,7.81,7.979,8.137,8.141,8.222,8.103,7.847,8.219,8.305,8.319,8.202,7.946,8.048,7.626,7.445,7.771,7.845,7.795,7.748,7.849,7.374,7.674,7.738,7.72,7.663,7.762,7.684,7.561,8.538,8.537,8.442,7.799,7.554,8.079,7.92,8.349,8.574,8.876,8.632,8.818,8.753,8.609,8.725,8.71,8.81,8.887,8.662,8.667,8.296,8.774,8.908,8.96,8.88,8.813,8.69,8.219,8.373,8.411,8.44,8.201,8.365,8.382,8.204,8.477,8.645,8.621,8.715,8.582,8.506,8.154,8.555,8.838,8.813,8.728,8.683,8.67,8.236,8.828,9.091,9.248,9.341,9.409,9.315,9.036,9.227,9.038,8.819,8.727,8.878,8.401,8.08,8.535,8.77,8.903,8.733,8.697,8.395,8.017,8.284,8.332,8.372,8.539,8.377,8.166,8.163,8.553,8.818,8.824,8.781,8.861,8.388,8.253,8.711,8.763,8.485,8.63,8.753,8.789,8.78,8.941,8.743,8.778,8.441,8.587,8.69,8.565,8.717,8.958,8.797,8.611,8.659,8.638,8.533,8.589,8.648,8.773,8.697,8.742,8.666,8.521,8.741,8.715,8.726,8.971,8.781,8.639,8.317,8.684,9.158,8.97,8.918,9.167,9.314,9.087,9.051,9.117,9.207,9.37,9.492,9.47,9.238,9.445,9.507,9.636,9.6,9.066,9.131,9.31,9.574,9.653,9.707,9.795,9.753,9.688,9.387,9.562,9.652,9.83,9.89,10.328,10.316,9.996,10.352,10.458,10.266,10.429,10.369,10.408,10.079,10.282,10.432,10.453,10.351,10.244,10.392,9.917,10.187,10.366,10.289,10.328,10.352,10.339,10.012,10.362,10.485,10.592,10.522,10.428,10.158,8.923,9.143,9.112,9.328,9.319,9.566,9.507,9.081,9.221,9.078,9.119,9.108,9.022,8.934,8.689,9.041,9.257,9.516,9.425,9.031,8.236,7.653,7.561,8.232,8.845,8.901,8.767,8.691,8.617,9.1,9.231,10.356,10.46,10.447,10.33,10.078,10.355,10.424,10.203,10.107,10.353,10.249,9.951,10.439,10.586,10.303,10.074,9.927,9.689,8.993,9.019,9.095,9.819,10.2,10.081,9.882,9.594,10.153,10.296,9.885,9.204,9.107,9.261,9.026,9.703,9.745,9.734,9.766,9.582,9.181,8.601,8.927,8.948,9.087,8.952,8.974,8.993,8.603,9.255,9.398,9.231,8.666,8.927,8.697,8.083,8.697,9.268,9.374,9.301,9.465,9.157,8.612,8.265,8.476,8.826,8.819,8.511,8.26,7.857,8.051,8.042,8.038,7.576,7.987,8.29,7.728,7.329,7.849,8.302,8.587,8.484,8.377,8.015,8.452,8.664,8.586,8.729,9.014,8.72,8.35,8.953,9.187,9.128,9.648,9.74,9.69,9.121,9.587,9.738,9.778,9.645,9.395,9.158,8.552,8.687,8.724,8.729,8.596,8.168,8.446,8.507,8.987,8.972,8.861,8.492,8.356,8.246,8.274,9.007,9.077,9.046,9.175,9.199,8.073,7.712,8.183,8.429,7.991,8.106,8.067,8.113,7.843,8.092,8.018,8.155,8.164,8.095,7.979,7.703,8.317,8.398,8.412,8.385,8.277,8.058,7.578,7.147,6.997,7.498,7.912,8.074,8.115,7.892,7.974,8.173,8.278,8.206,8.339,8.31,8.138,8.257,8.321,8.324,8.32,8.328,8.079,7.881,7.941,8.151,8.274,8.335,8.409,8.435,8.108,8.404,8.523,8.503,8.499,8.502,8.51,8.322,8.536,8.431,8.441,10.006,10.153,10.17,9.814,10.022,10.252,10.374,10.123,10.049,9.66,9.403,9.899,9.915,9.975,10.161,10.365,10.441,10.208,10.609,10.644,10.561,10.605,10.779,10.709,10.343,10.551,10.751,10.922,10.961,10.835,10.721,8.951,9.193,9.156,9.002,9.115,9.182,9.236,9.152,9.3,9.313,9.397,9.421,9.475,9.139,8.775,9.023,9.206,9.381,9.298,9.413,9.302,9.032,9.1,9.261,9.192,8.59,8.868,9.131,8.899,9.016,9.027,8.859,8.98,9.267,9.24,9.028,9.087,9.244,9.472,9.343,9.358,9.402,8.966,9.393,9.549,9.428,9.406,9.533,9.471,9.222,9.48,9.568,9.536,9.695,9.774,9.582,9.379,9.783,9.68,10.529,10.568,10.785,10.681,10.264,10.472,9.889,9.648,10.014,10.593,10.717,10.445,10.992,11.045,11.017,10.777,10.183,9.632,8.943,9.628,10.001,10.266,10.474,10.532,10.778,10.366,10.761,10.887,10.942,10.889,10.475,8.997,8.88,9.265,9.653,9.686,9.746,9.891,9.671,9.425,9.818,10.013,10.086,10.21,10.108,10.012,9.647,9.901,10.17,10.067,9.939,9.737,9.47,8.702,9.26,9.695,9.705,9.791,9.778,9.41,8.582,9.2,9.555,9.95,9.972,10.287,10.438,10.051,10.463,10.807,10.927,11.093,11.014,10.852,10.28,10.474,10.867,11.149,10.877,11.365,11.242,10.842,11.129,11.206,10.506,10.002,9.582,9.849,10.254,10.748,10.936,10.689,8.642,8.802,9.149,8.483,8.909,9.0,9.189,9.311,9.238,8.888,8.507,8.857,8.812,8.65,8.767,9.004,8.84,8.418,8.692,8.746,8.89,8.944,8.929,8.645,7.922,7.961,8.202,8.118,7.914,7.736,9.151,9.065,9.686,9.741,9.495,9.165,9.314,8.995,8.895,9.644,9.65,9.812,9.666,9.601,9.412,9.151,9.472,9.411,9.194,9.445,9.55,9.11,8.666,9.166,9.244,8.844,8.644,8.407,8.16,8.221,8.765,0.0,0.0,0.0,0.0,0.0,0.0,0.0,0.0,0.0,0.0,0.0,0.0,0.0,0.0,0.0,0.0,0.0,0.0,0.0,0.0,0.0,0.0,0.0,0.0,0.0,0.0,0.0,0.0,0.0,0.0,0.0,12.146,11.931,11.563,11.365,11.591,11.41,10.778,10.601,10.441,9.95,10.522,10.987,11.346,11.782,11.422,10.732,9.925,10.233,10.47,10.863,11.008,10.82,10.382,9.637,10.286,10.802,10.959,10.942,11.071,10.918,9.233,9.161,9.553,9.795,9.914,10.019,10.178,10.143,10.298,10.44,10.634,10.697,10.714,10.624,10.281,10.35,10.065,10.433,10.548,10.575,10.434,10.042,9.983,9.755,10.091,10.41,10.443,10.517,10.111,10.253,10.423,10.062,9.997,10.055,9.875,9.56,9.752,9.841,9.877,9.816,9.468,8.884,8.063,7.905,8.453,8.701,8.924,9.05,9.245,8.936,9.132,9.339,9.414,9.544,9.343,9.08,8.463,8.487,8.611,8.64,8.428,8.85,8.689,8.412,8.5,8.445,8.82,9.072,9.22,9.104,8.796,9.245,9.409,9.427,9.335,9.457,9.441,8.96,9.031,9.392,9.595,9.659,9.897,9.649,9.202,9.536,9.724,9.701,9.607,9.794,9.935,9.6,9.895,10.073,10.334,10.325,10.358,10.09,9.652,9.98,9.97,10.144,10.205,10.354,10.498,10.027,10.116,10.463,10.568,10.576,10.627,10.704,10.474,10.509,10.657,10.592,9.879,9.233,9.531,9.813,9.564,9.69,9.701,8.772,8.891,9.176,9.149,8.939,8.998,9.153,9.379,9.251,9.266,9.309,8.878,9.3,9.455,9.335,9.314,9.439,9.378,9.132,9.387,9.474,9.443,9.6,9.678,9.488,9.287,9.687,9.585,8.466,12.316,12.362,12.616,12.495,12.007,12.25,11.567,11.286,11.714,12.391,12.536,12.218,12.858,12.921,12.887,12.607,11.912,11.267,10.461,11.263,11.699,12.009,12.252,12.321,12.608,12.126,12.588,12.736,12.8,12.738,12.253,10.909,10.767,11.234,11.703,11.744,11.817,11.993,11.725,11.427,11.904,12.141,12.229,12.379,12.256,12.139,11.696,12.004,12.33,12.206,12.051,11.805,11.482,10.55,11.227,11.755,11.767,11.871,11.856,11.409,10.405,7.251,7.531,7.842,7.86,8.108,8.226,7.921,8.246,8.517,8.612,8.743,8.68,8.553,8.102,8.255,8.565,8.787,8.573,8.957,8.86,8.545,8.771,8.832,8.28,7.883,7.552,7.762,8.081,8.471,8.619,8.424,8.642,8.802,9.149,8.483,8.909,9.0,9.189,9.311,9.238,8.888,8.507,8.857,8.812,8.65,8.767,9.004,8.84,8.418,8.692,8.746,8.89,8.944,8.929,8.645,7.922,7.961,8.202,8.118,7.914,7.736,7.694,7.623,8.145,8.191,7.984,7.707,7.832,7.564,7.479,8.109,8.114,8.251,8.128,8.073,7.914,7.695,7.965,7.914,7.731,7.942,8.03,7.66,7.287,7.707,7.773,7.437,7.268,7.069,6.862,6.913,7.371,15.622,15.391,15.598,16.164,16.61,15.701,15.888,16.468,16.941,17.317,17.956,17.266,16.747,17.425,17.117,17.856,18.028,17.883,17.434,17.315,17.874,18.015,17.197,17.077,17.608,17.655,17.242,17.649,18.496,18.813,18.99,20.086,19.731,19.122,18.796,19.17,18.87,17.825,17.532,17.267,16.455,17.402,18.17,18.763,19.485,18.889,17.748,16.414,16.924,17.314,17.964,18.205,17.893,17.17,15.937,17.01,17.864,18.124,18.096,18.309,18.056,9.233,9.161,9.553,9.795,9.914,10.019,10.178,10.143,10.298,10.44,10.634,10.697,10.714,10.624,10.281,10.35,10.065,10.433,10.548,10.575,10.434,10.042,9.983,9.755,10.091,10.41,10.443,10.517,10.111,10.253,10.423,10.062,9.997,10.055,9.875,9.56,9.752,9.841,9.877,9.816,9.468,8.884,8.063,7.905,8.453,8.701,8.924,9.05,9.245,8.936,9.132,9.339,9.414,9.544,9.343,9.08,8.463,8.487,8.611,8.64,8.428,8.85,8.689,8.412,8.5,8.445,8.82,9.072,9.22,9.104,8.796,9.245,9.409,9.427,9.335,9.457,9.441,8.96,9.031,9.392,9.595,9.659,9.897,9.649,9.202,9.536,9.724,9.701,9.607,9.794,9.935,9.6
Guntur_126,7.596,7.648,7.793,7.812,7.522,7.565,7.729,7.74,7.585,7.5,7.637,7.64,7.733,7.596,7.375,7.335,7.677,7.643,7.334,7.646,7.702,7.53,7.614,7.798,7.883,7.523,7.765,7.878,7.938,7.992,7.926,7.537,7.175,7.405,7.597,7.598,7.591,7.676,7.412,7.249,7.373,7.408,7.484,7.749,7.737,7.813,7.485,7.669,7.826,7.794,7.624,7.359,7.422,7.227,7.469,7.602,7.685,7.592,7.548,7.462,7.353,7.562,7.646,7.526,7.407,7.452,7.554,7.332,7.277,6.748,7.011,7.438,7.484,7.435,7.149,7.399,7.634,7.602,8.426,8.303,8.009,7.88,7.741,8.055,8.341,8.433,8.4,8.356,8.096,7.884,7.867,7.753,7.925,7.979,7.928,7.621,8.004,8.043,8.002,8.054,8.114,7.963,7.774,8.216,8.066,8.008,7.775,7.718,7.643,7.386,7.848,7.889,7.695,7.817,7.899,7.822,7.67,7.953,7.962,7.976,7.838,6.933,6.949,6.848,7.048,7.021,7.108,7.296,7.288,7.243,6.955,6.844,6.902,6.876,6.821,6.859,6.78,6.801,6.367,6.667,6.867,6.655,6.564,6.736,6.842,6.541,6.696,6.81,7.005,6.986,6.827,6.668,5.649,5.721,5.705,5.861,5.816,5.853,5.742,6.104,6.214,6.294,6.217,6.233,6.052,5.845,6.14,6.134,6.231,6.316,6.186,6.147,5.909,6.247,6.409,6.329,6.327,6.112,5.981,5.8,6.074,6.377,0.0,0.0,0.0,0.0,0.0,0.0,0.0,0.0,0.0,0.0,0.0,0.0,0.0,0.0,0.0,0.0,0.0,0.0,0.0,0.0,0.0,0.0,0.0,0.0,0.0,0.0,0.0,0.0,0.0,0.0,0.0,0.0,0.0,0.0,0.0,0.0,0.0,0.0,0.0,0.0,0.0,0.0,0.0,0.0,0.0,0.0,0.0,0.0,0.0,0.0,0.0,0.0,0.0,0.0,0.0,0.0,0.0,0.0,0.0,0.0,0.0,0.0,7.079,7.103,7.106,7.243,7.3,6.917,6.992,7.186,7.508,7.402,7.305,7.072,6.857,6.932,7.049,7.149,7.014,6.962,7.15,6.835,6.958,6.863,6.742,6.956,6.99,6.679,6.458,6.955,7.103,7.045,7.456,7.409,7.628,7.39,7.528,7.754,8.012,8.123,8.125,7.885,7.45,7.528,7.644,7.317,7.443,7.527,7.695,7.496,7.672,7.68,7.651,7.504,7.316,7.306,6.933,7.073,7.438,7.584,7.754,7.899,7.837,7.316,7.572,7.653,7.627,7.55,7.72,7.608,7.302,7.452,7.426,7.373,7.503,7.366,6.705,6.514,6.562,6.993,7.195,7.317,7.372,7.314,7.191,7.541,7.511,7.305,6.883,6.898,7.033,7.158,7.408,7.252,7.358,7.282,7.353,7.308,6.993,7.132,7.255,7.125,7.239,7.302,7.162,6.97,7.168,7.361,7.368,7.437,7.54,7.413,7.309,7.505,7.691,7.788,7.672,7.661,7.78,7.485,7.709,7.791,7.749,7.75,6.632,6.439,6.215,6.385,6.436,6.461,6.374,6.45,6.325,6.302,6.558,6.594,6.57,6.493,6.506,6.636,6.556,6.625,6.846,6.982,7.102,7.066,6.957,6.713,6.774,6.541,6.713,6.798,6.926,6.912,6.709,7.971,8.069,8.134,7.984,8.014,7.955,7.732,7.817,7.998,8.15,8.187,8.191,8.154,7.96,8.088,8.089,8.06,7.988,7.898,7.9,7.768,8.071,8.203,8.325,8.353,8.408,8.368,8.235,7.795,7.834,7.808,7.779,7.954,7.908,7.6,7.779,7.927,8.012,7.93,7.657,7.518,7.514,7.795,7.852,7.971,8.088,8.064,7.979,7.726,7.808,7.613,7.795,7.92,7.81,7.85,7.555,7.122,7.24,7.578,8.156,8.365,8.431,8.25,8.47,8.468,8.475,8.672,8.589,8.569,8.261,8.528,8.582,8.264,8.3,8.369,8.165,8.109,8.269,8.424,8.155,7.994,7.912,8.036,7.875,8.172,8.294,8.259,8.294,8.245,7.7,7.555,7.601,7.638,7.49,7.576,7.737,7.682,7.516,7.663,7.477,7.233,7.023,7.261,7.208,6.67,6.705,6.551,6.567,6.519,6.61,6.838,6.979,7.138,7.024,6.892,6.919,7.183,7.353,6.935,7.28,6.361,6.848,6.981,7.002,6.836,6.519,6.717,6.609,6.59,6.448,6.234,6.219,5.917,6.451,6.482,6.647,6.691,6.739,6.453,6.126,6.636,6.888,7.265,6.98,6.949,6.758,6.921,7.438,7.689,7.524,8.188,7.905,7.928,8.025,8.483,8.641,8.579,8.416,8.291,8.442,7.877,7.792,7.708,7.604,7.735,8.105,8.178,7.419,6.856,6.864,6.722,6.922,7.289,7.134,7.022,7.25,7.186,6.766,6.898,6.862,6.758,11.323,12.365,12.708,12.916,13.363,13.551,13.993,13.908,14.178,14.2,14.225,14.426,14.548,14.186,13.824,12.998,14.811,14.564,14.18,14.076,13.805,13.214,13.779,13.873,13.938,14.056,14.248,14.121,13.61,13.841,13.752,0.0,0.0,0.0,0.0,0.0,0.0,0.0,0.0,0.0,0.0,0.0,0.0,0.0,0.0,0.0,0.0,0.0,0.0,0.0,0.0,0.0,0.0,0.0,0.0,0.0,0.0,0.0,0.0,0.0,0.0,6.63,6.39,6.235,6.522,6.663,6.795,6.798,6.866,6.767,6.553,6.864,6.935,6.947,6.849,6.635,6.721,6.368,6.217,6.49,6.551,6.51,6.47,6.554,6.158,6.408,6.462,6.447,6.399,6.482,6.417,6.314,7.9,7.9,7.812,7.216,6.99,7.476,7.329,7.725,7.934,8.213,7.988,8.159,8.099,7.966,8.073,8.06,8.152,8.223,8.015,8.02,7.677,8.119,8.242,8.291,8.217,8.155,8.041,7.605,7.748,7.783,7.776,7.556,7.706,7.722,7.558,7.809,7.964,7.942,8.029,7.906,7.837,7.512,7.882,8.143,8.119,8.041,8.0,7.987,7.588,8.133,8.376,8.52,8.605,8.669,8.582,8.325,8.501,8.326,8.124,8.04,8.179,7.53,7.242,7.649,7.86,7.979,7.827,7.795,7.524,7.185,7.425,7.467,7.504,7.653,7.508,7.319,7.316,7.665,7.903,7.908,7.87,7.941,7.518,7.397,7.807,7.854,7.605,7.734,7.845,7.877,7.869,8.013,9.365,9.402,9.041,9.197,9.307,9.174,9.336,9.595,9.422,9.223,9.274,9.251,9.14,9.199,9.262,9.396,9.315,9.363,9.282,9.127,9.362,9.334,9.346,9.609,9.405,9.253,8.907,9.301,8.599,8.423,8.373,8.607,8.746,8.532,8.499,8.56,8.645,8.798,8.913,8.892,8.674,8.869,8.927,9.048,9.014,8.513,8.574,8.742,8.989,9.064,9.114,9.197,9.158,9.096,8.815,8.978,9.063,9.23,9.286,9.663,9.652,9.353,9.686,9.785,9.605,9.758,9.702,9.738,9.431,9.62,9.76,9.78,9.685,9.585,9.723,9.279,9.532,9.699,9.627,9.664,9.686,9.674,9.368,9.695,9.81,9.91,9.845,9.756,9.504,8.093,8.293,8.264,8.46,8.452,8.676,8.622,8.237,8.363,8.234,8.271,8.26,8.183,8.103,7.88,8.2,8.396,8.631,8.548,8.191,7.47,6.941,6.858,7.466,8.022,8.073,7.952,7.883,7.815,8.253,8.373,8.557,8.644,8.633,8.536,8.328,8.557,8.614,8.431,8.352,8.555,8.469,8.223,8.627,8.748,8.514,8.324,8.203,8.006,7.431,7.453,7.516,8.114,8.429,8.331,8.166,7.928,8.39,8.508,8.169,7.606,7.525,7.653,7.459,8.018,8.053,8.043,8.07,7.918,7.586,7.107,7.377,7.394,7.509,7.398,7.416,7.431,7.109,7.648,7.766,7.628,7.161,7.377,7.187,6.68,7.187,7.658,7.746,7.686,7.822,7.567,7.117,6.199,6.357,6.619,6.614,6.384,6.195,5.893,6.038,6.032,6.029,5.682,5.99,6.217,5.796,5.497,5.887,6.226,6.44,6.363,6.282,6.012,6.339,6.498,6.439,6.547,6.761,6.54,6.262,6.715,6.89,6.846,9.861,9.955,9.904,9.322,9.798,9.953,9.993,9.858,9.602,9.359,8.74,8.879,8.916,8.921,8.785,8.348,8.632,8.695,9.185,9.169,9.056,8.679,8.541,8.428,8.456,9.206,9.277,9.245,9.378,9.402,7.088,6.771,7.185,7.401,7.016,7.117,7.083,7.124,6.886,7.105,7.04,7.16,7.168,7.108,7.005,6.763,7.303,7.374,7.386,7.362,7.268,7.075,6.654,6.275,6.144,6.583,6.947,7.089,7.125,6.929,7.002,7.36,7.454,7.389,7.509,7.483,7.328,7.435,7.493,7.495,7.491,7.499,7.274,7.097,7.151,7.34,7.45,7.505,7.572,7.596,7.301,7.568,7.674,7.657,7.653,7.655,7.663,7.494,7.686,7.592,7.6,9.5,9.639,9.656,9.317,9.515,9.734,9.85,9.611,9.54,9.172,8.928,9.399,9.414,9.471,9.647,9.841,9.913,9.692,10.072,10.106,10.027,10.069,10.234,10.168,9.82,10.018,10.207,10.369,10.407,10.287,10.179,8.334,8.56,8.525,8.382,8.487,8.549,8.599,8.521,8.659,8.671,8.749,8.772,8.822,8.509,8.171,8.401,8.571,8.734,8.657,8.764,8.661,8.41,8.473,8.623,8.558,7.998,8.257,8.501,8.286,8.395,8.404,9.767,9.9,10.216,10.186,9.952,10.018,10.191,10.443,10.3,10.317,10.365,9.885,10.355,10.528,10.393,10.37,10.51,10.441,10.167,10.451,10.548,10.513,10.688,10.776,10.564,10.34,10.785,10.672,9.55,9.585,9.782,9.688,9.31,9.498,8.969,8.751,9.083,9.608,9.72,9.474,9.97,10.018,9.992,9.775,9.236,8.736,8.111,8.733,9.071,9.311,9.5,9.553,9.776,9.403,9.761,9.875,9.925,9.877,9.501,8.339,8.23,8.587,8.946,8.977,9.033,9.168,8.963,8.735,9.099,9.28,9.348,9.463,9.369,9.279,8.941,9.176,9.425,9.33,9.212,9.024,8.777,8.065,8.582,8.985,8.995,9.075,9.063,8.722,7.954,9.002,9.35,9.736,9.758,10.066,10.213,9.835,10.238,10.574,10.692,10.855,10.777,10.619,10.059,10.248,10.634,10.91,10.643,11.121,11.001,10.609,10.89,10.965,10.281,9.787,9.376,9.637,10.033,10.517,10.701,10.459,8.137,8.287,8.614,7.987,8.388,8.473,8.652,8.767,8.698,8.368,8.01,8.339,8.296,8.144,8.254,8.477,8.323,7.926,8.184,8.234,8.37,8.421,8.407,8.14,7.458,7.495,7.723,7.643,7.451,7.284,9.151,9.065,9.686,9.741,9.495,9.165,9.314,8.995,8.895,9.644,9.65,9.812,9.666,9.601,9.412,9.151,9.472,9.411,9.194,9.445,9.55,9.11,8.666,9.166,9.244,8.844,8.644,8.407,8.16,8.221,8.765,9.937,9.79,9.921,10.281,10.565,9.987,10.106,10.475,10.775,11.015,11.421,10.982,10.652,11.084,10.887,11.358,11.467,11.375,11.089,11.014,11.369,11.459,10.938,10.862,11.2,11.23,10.967,11.226,11.765,11.966,12.079,10.747,10.557,10.231,10.057,10.257,10.097,9.537,9.381,9.239,8.805,9.311,9.722,10.039,10.426,10.107,9.496,8.782,9.055,9.264,9.612,9.741,9.574,9.187,8.527,9.101,9.558,9.697,9.683,9.796,9.661,8.761,8.693,9.065,9.295,9.407,9.507,9.658,9.625,9.772,9.907,10.091,10.15,10.167,10.081,9.756,9.821,9.551,9.901,10.01,10.035,9.901,9.529,9.473,9.257,9.576,9.878,9.91,9.98,9.595,9.729,9.891,11.856,11.779,11.848,11.635,11.264,11.49,11.595,11.638,11.566,11.156,10.468,9.5,9.314,9.96,10.252,10.515,10.663,10.893,10.528,10.76,11.003,11.092,11.246,11.008,10.698,9.971,10.0,10.146,10.18,9.931,7.844,7.701,7.455,7.533,7.485,7.817,8.04,8.172,8.068,7.796,8.193,8.339,8.355,8.274,8.382,8.367,7.941,8.004,8.324,8.504,8.56,8.772,8.551,8.156,8.452,8.618,8.598,8.514,8.68,8.806,8.508,9.198,9.364,9.606,9.598,9.629,9.38,8.973,9.278,9.268,9.43,9.486,9.625,9.759,9.321,9.404,9.726,9.824,9.831,9.879,9.951,9.737,9.769,9.907,9.846,9.183,8.582,8.86,9.122,8.891,9.007,9.018,9.111,9.235,9.53,9.502,9.284,9.345,9.507,9.742,9.608,9.624,9.669,9.221,9.66,9.821,9.695,9.673,9.804,9.74,9.485,9.75,9.84,9.807,9.971,10.052,9.854,9.645,10.061,9.955,8.793,11.841,11.885,12.129,12.013,11.544,11.777,11.121,10.851,11.262,11.913,12.053,11.747,12.362,12.422,12.39,12.121,11.452,10.833,10.057,10.829,11.248,11.545,11.779,11.845,12.122,11.658,12.102,12.244,12.306,12.247,11.78,10.778,10.638,11.099,11.563,11.604,11.675,11.849,11.585,11.29,11.761,11.995,12.083,12.231,12.109,11.993,11.556,11.86,12.183,12.06,11.907,11.664,11.344,10.424,11.093,11.614,11.626,11.729,11.714,11.273,10.281,7.353,7.637,7.953,7.971,8.222,8.342,8.033,8.362,8.637,8.733,8.867,8.803,8.674,8.216,8.371,8.686,8.911,8.694,9.084,8.985,8.666,8.895,8.957,8.397,7.994,7.658,7.872,8.195,8.59,8.74,8.543,8.137,8.287,8.614,7.987,8.388,8.473,8.652,8.767,8.698,8.368,8.01,8.339,8.296,8.144,8.254,8.477,8.323,7.926,8.184,8.234,8.37,8.421,8.407,8.14,7.458,7.495,7.723,7.643,7.451,7.284,7.803,7.73,8.26,8.307,8.097,7.815,7.943,7.67,7.585,8.224,8.229,8.367,8.242,8.187,8.026,7.803,8.077,8.025,7.84,8.054,8.144,7.768,7.39,7.816,7.883,7.542,7.371,7.169,6.958,7.01,7.475,15.622,15.391,15.598,16.164,16.61,15.701,15.888,16.468,16.941,17.317,17.956,17.266,16.747,17.425,17.117,17.856,18.028,17.883,17.434,17.315,17.874,18.015,17.197,17.077,17.608,17.655,17.242,17.649,18.496,18.813,18.99,11.565,11.361,11.01,10.822,11.038,10.865,10.263,10.095,9.942,9.475,10.02,10.462,10.804,11.219,10.876,10.219,9.451,9.744,9.969,10.344,10.482,10.303,9.886,9.176,9.794,10.286,10.435,10.42,10.542,10.396,8.761,8.693,9.065,9.295,9.407,9.507,9.658,9.625,9.772,9.907,10.091,10.15,10.167,10.081,9.756,9.821,9.551,9.901,10.01,10.035,9.901,9.529,9.473,9.257,9.576,9.878,9.91,9.98,9.595,9.729,9.891,11.856,11.779,11.848,11.635,11.264,11.49,11.595,11.638,11.566,11.156,10.468,9.5,9.314,9.96,10.252,10.515,10.663,10.893,10.528,10.76,11.003,11.092,11.246,11.008,10.698,9.971,10.0,10.146,10.18,9.931,7.844,7.701,7.455,7.533,7.485,7.817,8.04,8.172,8.068,7.796,8.193,8.339,8.355,8.274,8.382,8.367,7.941,8.004,8.324,8.504,8.56,8.772,8.551,8.156,8.452,8.618,8.598,8.514,8.68,8.806,8.508
Guntur_127,7.495,7.547,7.689,7.708,7.422,7.464,7.627,7.637,7.484,7.4,7.536,7.539,7.631,7.495,7.277,7.237,7.575,7.541,7.236,7.544,7.599,7.43,7.513,7.695,7.778,7.423,7.662,7.774,7.833,7.885,7.821,6.978,6.643,6.856,7.033,7.034,7.028,7.107,6.862,6.712,6.827,6.858,6.929,7.174,7.163,7.233,6.93,7.1,7.245,7.216,7.059,6.814,6.872,6.691,6.916,7.038,7.115,7.029,6.988,6.909,6.891,7.087,7.166,7.053,6.942,6.984,7.079,6.871,6.82,6.325,6.571,6.971,7.014,6.968,6.7,6.934,7.155,7.124,7.897,7.781,7.506,7.385,7.254,7.549,7.817,7.903,7.872,7.831,7.587,7.389,7.372,7.212,7.372,7.422,7.375,7.089,7.446,7.482,7.443,7.492,7.548,7.408,7.231,7.643,7.503,7.45,7.232,7.179,7.109,6.871,7.301,7.339,7.158,7.272,7.348,7.277,7.135,7.398,7.406,7.42,7.292,6.648,6.663,6.566,6.758,6.733,6.815,6.996,6.988,6.945,6.669,6.562,6.618,6.593,6.54,6.577,6.501,6.522,6.105,6.392,6.584,6.381,6.294,6.459,6.56,6.272,6.421,6.53,6.717,6.699,6.546,6.394,4.845,4.907,4.893,5.027,4.989,5.02,4.925,5.236,5.33,5.398,5.332,5.347,5.191,5.013,5.266,5.262,5.344,5.417,5.306,5.272,5.068,5.358,5.497,5.428,5.427,5.242,5.13,4.975,5.21,5.47,0.0,0.0,0.0,0.0,0.0,0.0,0.0,0.0,0.0,0.0,0.0,0.0,0.0,0.0,0.0,0.0,0.0,0.0,0.0,0.0,0.0,0.0,0.0,0.0,0.0,0.0,0.0,0.0,0.0,0.0,0.0,0.0,0.0,0.0,0.0,0.0,0.0,0.0,0.0,0.0,0.0,0.0,0.0,0.0,0.0,0.0,0.0,0.0,0.0,0.0,0.0,0.0,0.0,0.0,0.0,0.0,0.0,0.0,0.0,0.0,0.0,0.0,6.425,6.447,6.45,6.575,6.626,6.278,6.346,6.523,6.815,6.719,6.631,6.419,6.223,6.292,6.398,6.489,6.366,6.319,6.49,6.204,6.315,6.229,6.119,6.313,6.344,6.062,5.862,6.313,6.447,6.394,6.573,6.531,6.724,6.514,6.636,6.835,7.063,7.161,7.163,6.951,6.568,6.636,6.739,6.45,6.562,6.635,6.784,6.608,6.763,6.77,6.744,6.615,6.449,6.44,6.112,6.235,6.557,6.685,6.836,6.964,6.908,6.314,6.534,6.604,6.582,6.516,6.663,6.566,6.302,6.431,6.409,6.363,6.475,6.357,5.786,5.622,5.663,6.035,6.209,6.315,6.362,6.312,6.206,6.508,6.482,6.304,5.94,5.953,6.069,6.177,6.393,6.785,6.885,6.813,6.879,6.837,6.542,6.673,6.788,6.666,6.773,6.832,6.701,6.521,6.706,6.887,6.894,6.958,7.055,6.936,6.838,7.022,7.195,7.287,7.178,7.167,7.279,7.003,7.212,7.289,7.25,7.251,6.133,5.955,5.748,5.905,5.952,5.975,5.894,5.965,5.85,5.828,6.065,6.098,6.076,6.005,6.016,6.137,6.063,6.127,6.331,6.457,6.568,6.534,6.433,6.208,6.264,6.049,6.208,6.286,6.405,6.392,6.204,6.661,6.743,6.797,6.672,6.697,6.647,6.461,6.532,6.684,6.81,6.841,6.845,6.813,6.652,6.759,6.759,6.735,6.675,6.6,6.602,6.491,6.744,6.855,6.957,6.98,7.026,6.993,6.882,7.208,7.245,7.221,7.194,7.356,7.314,7.029,7.194,7.331,7.409,7.333,7.081,6.952,6.949,7.209,7.262,7.372,7.48,7.458,7.378,7.145,7.221,7.041,7.209,7.324,7.223,7.259,6.987,6.587,6.696,7.008,7.335,7.523,7.582,7.42,7.618,7.615,7.622,7.8,7.724,7.706,7.43,7.669,7.718,7.433,7.465,7.526,7.343,7.293,7.437,7.576,7.334,7.189,7.115,7.227,7.083,7.349,7.46,7.428,7.459,7.415,7.508,7.368,7.413,7.448,7.305,7.388,7.545,7.491,7.33,7.473,7.291,7.053,6.849,7.081,7.029,6.504,6.539,6.389,6.404,6.357,6.446,6.669,6.806,6.961,6.85,6.721,6.747,7.005,7.171,6.763,7.099,6.215,6.691,6.822,6.842,6.679,6.37,6.564,6.458,6.439,6.301,6.092,6.077,5.781,6.303,6.334,6.495,6.538,6.585,6.306,5.986,6.485,6.73,7.099,6.82,6.79,6.603,6.763,7.268,7.513,7.352,6.502,6.278,6.296,6.373,6.737,6.863,6.814,6.684,6.585,6.705,6.256,6.188,6.121,6.039,6.143,6.437,6.495,5.892,5.445,5.451,5.339,5.498,5.789,5.666,5.576,5.758,5.707,5.374,5.478,5.45,5.367,0.0,0.0,0.0,0.0,0.0,0.0,0.0,0.0,0.0,0.0,0.0,0.0,0.0,0.0,0.0,0.0,0.0,0.0,0.0,0.0,0.0,0.0,0.0,0.0,0.0,0.0,0.0,0.0,0.0,0.0,0.0,0.0,0.0,0.0,0.0,0.0,0.0,0.0,0.0,0.0,0.0,0.0,0.0,0.0,0.0,0.0,0.0,0.0,0.0,0.0,0.0,0.0,0.0,0.0,0.0,0.0,0.0,0.0,0.0,0.0,0.0,6.164,5.941,5.796,6.063,6.195,6.318,6.32,6.383,6.291,6.092,6.381,6.448,6.459,6.368,6.169,6.248,5.92,5.78,6.033,6.09,6.052,6.015,6.094,5.725,5.958,6.008,5.993,5.95,6.026,5.966,5.87,5.669,5.668,5.605,5.178,5.016,5.364,5.259,5.543,5.693,5.893,5.731,5.855,5.811,5.716,5.793,5.783,5.849,5.9,5.751,5.755,5.508,5.825,5.914,5.949,5.896,5.851,5.77,5.457,5.559,5.585,6.468,6.285,6.41,6.423,6.287,6.496,6.625,6.606,6.678,6.576,6.518,6.248,6.556,6.773,6.754,6.688,6.654,6.644,6.311,6.765,6.967,7.087,7.158,7.21,7.138,6.925,7.071,6.926,6.758,6.688,6.803,6.765,6.506,6.872,7.061,7.169,7.032,7.003,6.76,6.455,6.671,6.709,6.741,6.876,6.746,6.576,6.573,6.887,7.1,7.105,7.071,7.135,6.754,6.645,7.014,7.056,6.833,6.949,7.048,7.077,7.07,7.199,8.282,8.315,7.996,8.134,8.231,8.113,8.257,8.485,8.333,8.157,8.202,8.182,8.083,8.135,8.191,8.31,8.238,8.281,8.209,8.072,8.279,8.255,8.266,8.498,8.318,8.183,7.878,8.226,7.579,7.424,7.38,7.586,7.709,7.52,7.491,7.545,7.62,7.755,7.856,7.837,7.646,7.817,7.868,7.975,7.945,7.503,7.557,7.705,7.923,7.989,8.033,8.106,8.072,8.018,7.769,7.913,7.988,8.136,8.185,8.3,8.291,8.033,8.319,8.405,8.25,8.381,8.333,8.364,8.1,8.263,8.383,8.4,8.318,8.232,8.351,7.97,8.187,8.331,8.268,8.3,8.319,8.309,8.046,8.327,8.426,8.512,8.456,8.38,8.163,7.578,7.765,7.738,7.922,7.914,8.124,8.074,7.713,7.831,7.71,7.745,7.735,7.662,7.587,7.379,7.678,7.862,8.082,8.004,7.67,6.994,6.5,6.421,6.991,7.511,7.559,7.446,7.381,7.318,7.728,7.84,8.557,8.644,8.633,8.536,8.328,8.557,8.614,8.431,8.352,8.555,8.469,8.223,8.627,8.748,8.514,8.324,8.203,8.006,7.431,7.453,7.516,8.114,8.429,8.331,8.166,7.928,8.39,8.508,8.169,7.606,7.525,7.653,7.459,8.018,8.053,8.043,8.07,7.918,7.586,7.107,7.377,7.394,7.509,7.398,7.416,7.431,7.109,7.648,7.766,7.628,7.161,7.377,7.187,6.68,7.187,7.658,7.746,7.686,7.822,7.567,7.117,5.923,6.074,6.325,6.32,6.099,5.919,5.631,5.769,5.763,5.76,5.429,5.723,5.941,5.538,5.252,5.625,5.949,6.153,6.08,6.003,5.744,6.057,6.209,6.153,6.255,6.46,6.249,5.983,6.416,6.584,6.541,9.571,9.662,9.613,9.048,9.51,9.66,9.699,9.568,9.32,9.084,8.483,8.618,8.654,8.659,8.527,8.103,8.378,8.439,8.915,8.9,8.79,8.423,8.289,8.18,8.207,8.935,9.004,8.973,9.102,9.126,5.971,5.704,6.052,6.235,5.91,5.996,5.966,6.001,5.801,5.985,5.931,6.032,6.038,5.988,5.901,5.697,6.152,6.211,6.222,6.202,6.122,5.96,5.605,5.286,5.175,5.546,5.852,5.972,6.002,5.837,5.898,6.373,6.455,6.399,6.503,6.48,6.346,6.439,6.489,6.491,6.488,6.494,6.3,6.146,6.192,6.356,6.452,6.5,6.557,6.578,6.322,6.554,6.646,6.631,6.628,6.63,6.636,6.49,6.656,6.574,6.582,7.584,7.695,7.708,7.438,7.596,7.771,7.863,7.672,7.616,7.322,7.127,7.503,7.515,7.56,7.701,7.856,7.914,7.737,8.041,8.068,8.005,8.038,8.17,8.117,7.839,7.997,8.148,8.278,8.308,8.212,8.126,7.61,7.816,7.785,7.654,7.75,7.807,7.853,7.781,7.907,7.918,7.99,8.01,8.056,7.771,7.461,7.672,7.827,7.976,7.905,8.003,7.909,7.68,7.737,7.874,7.815,7.304,7.54,7.763,7.566,7.666,7.675,8.442,8.556,8.83,8.804,8.602,8.659,8.809,9.026,8.902,8.917,8.958,8.543,8.95,9.099,8.983,8.963,9.084,9.024,8.788,9.033,9.117,9.087,9.238,9.314,9.13,8.937,9.322,9.224,7.916,7.945,8.108,8.031,7.717,7.873,7.435,7.254,7.529,7.964,8.057,7.853,8.264,8.304,8.283,8.103,7.656,7.242,6.723,7.239,7.519,7.718,7.875,7.919,8.103,7.794,8.091,8.185,8.227,8.187,7.875,7.653,7.554,7.881,8.211,8.24,8.291,8.414,8.226,8.017,8.351,8.518,8.58,8.685,8.599,8.516,8.206,8.422,8.651,8.564,8.455,8.282,8.056,7.402,7.877,8.247,8.256,8.329,8.318,8.005,7.3,7.216,7.494,7.804,7.822,8.069,8.186,7.883,8.206,8.476,8.57,8.701,8.638,8.512,8.063,8.215,8.524,8.745,8.531,8.914,8.818,8.504,8.729,8.789,8.24,7.845,7.515,7.725,8.042,8.43,8.577,8.384,7.187,7.32,7.609,7.055,7.409,7.484,7.642,7.744,7.683,7.392,7.075,7.366,7.328,7.193,7.291,7.488,7.352,7.001,7.228,7.273,7.393,7.439,7.426,7.19,6.588,6.62,6.821,6.751,6.582,6.433,6.354,6.295,6.726,6.765,6.593,6.364,6.468,6.246,6.177,6.697,6.701,6.814,6.712,6.667,6.536,6.355,6.577,6.535,6.384,6.559,6.632,6.326,6.018,6.365,6.42,6.142,6.003,5.838,5.667,5.709,6.087,8.419,8.294,8.406,8.71,8.951,8.461,8.562,8.874,9.129,9.332,9.676,9.304,9.025,9.39,9.224,9.622,9.715,9.637,9.395,9.331,9.632,9.708,9.267,9.203,9.489,9.514,9.292,9.511,9.967,10.138,10.234,8.922,8.764,8.493,8.348,8.514,8.381,7.917,7.787,7.669,7.309,7.729,8.071,8.334,8.655,8.39,7.883,7.29,7.517,7.69,7.979,8.086,7.947,7.626,7.079,7.555,7.935,8.05,8.038,8.132,8.02,7.958,7.897,8.235,8.443,8.545,8.636,8.773,8.743,8.877,8.999,9.166,9.22,9.235,9.157,8.862,8.921,8.676,8.993,9.092,9.115,8.994,8.656,8.605,8.408,8.699,8.973,9.002,9.065,8.716,8.837,8.985,8.975,8.917,8.969,8.808,8.527,8.698,8.777,8.81,8.755,8.445,7.924,7.191,7.051,7.54,7.761,7.96,8.072,8.246,7.97,8.145,8.33,8.397,8.513,8.333,8.099,7.548,7.57,7.681,7.706,7.518,7.219,7.087,6.862,6.933,6.889,7.195,7.4,7.521,7.426,7.175,7.541,7.675,7.689,7.615,7.714,7.701,7.308,7.366,7.661,7.827,7.878,8.073,7.87,7.506,7.778,7.932,7.913,7.836,7.989,8.104,7.831,8.333,8.483,8.703,8.695,8.723,8.498,8.129,8.405,8.396,8.543,8.594,8.72,8.841,8.444,8.519,8.811,8.9,8.907,8.949,9.015,8.821,8.85,8.975,8.92,8.319,7.775,8.026,8.264,8.054,8.16,8.17,8.531,8.647,8.923,8.897,8.693,8.75,8.901,9.121,8.996,9.011,9.053,8.633,9.044,9.195,9.078,9.057,9.179,9.12,8.88,9.128,9.213,9.183,9.336,9.412,9.227,9.031,9.42,9.321,8.233,9.509,9.545,9.74,9.647,9.27,9.458,8.931,8.714,9.044,9.567,9.679,9.434,9.927,9.976,9.95,9.734,9.197,8.699,8.077,8.696,9.033,9.272,9.459,9.513,9.734,9.362,9.719,9.833,9.883,9.835,9.46,8.284,8.176,8.531,8.887,8.918,8.974,9.107,8.904,8.678,9.039,9.219,9.286,9.4,9.307,9.218,8.882,9.116,9.363,9.269,9.151,8.965,8.719,8.012,8.526,8.926,8.936,9.015,9.003,8.664,7.902,7.003,7.273,7.574,7.591,7.831,7.945,7.651,7.964,8.226,8.317,8.444,8.384,8.261,7.825,7.973,8.272,8.487,8.28,8.651,8.558,8.253,8.472,8.53,7.997,7.614,7.294,7.497,7.805,8.181,8.324,8.137,7.187,7.32,7.609,7.055,7.409,7.484,7.642,7.744,7.683,7.392,7.075,7.366,7.328,7.193,7.291,7.488,7.352,7.001,7.228,7.273,7.393,7.439,7.426,7.19,6.588,6.62,6.821,6.751,6.582,6.433,7.431,7.362,7.866,7.911,7.711,7.443,7.565,7.305,7.224,7.832,7.837,7.969,7.85,7.797,7.644,7.432,7.692,7.643,7.466,7.671,7.756,7.398,7.038,7.444,7.508,7.183,7.02,6.828,6.627,6.677,7.119,10.068,9.918,10.052,10.416,10.704,10.118,10.239,10.612,10.917,11.159,11.572,11.127,10.792,11.229,11.03,11.507,11.618,11.525,11.235,11.158,11.518,11.609,11.082,11.005,11.347,11.377,11.111,11.374,11.919,12.124,12.238,11.565,11.361,11.01,10.822,11.038,10.865,10.263,10.095,9.942,9.475,10.02,10.462,10.804,11.219,10.876,10.219,9.451,9.744,9.969,10.344,10.482,10.303,9.886,9.176,9.794,10.286,10.435,10.42,10.542,10.396,7.958,7.897,8.235,8.443,8.545,8.636,8.773,8.743,8.877,8.999,9.166,9.22,9.235,9.157,8.862,8.921,8.676,8.993,9.092,9.115,8.994,8.656,8.605,8.408,8.699,8.973,9.002,9.065,8.716,8.837,8.985,8.975,8.917,8.969,8.808,8.527,8.698,8.777,8.81,8.755,8.445,7.924,7.191,7.051,7.54,7.761,7.96,8.072,8.246,7.97,8.145,8.33,8.397,8.513,8.333,8.099,7.548,7.57,7.681,7.706,7.518,7.219,7.087,6.862,6.933,6.889,7.195,7.4,7.521,7.426,7.175,7.541,7.675,7.689,7.615,7.714,7.701,7.308,7.366,7.661,7.827,7.878,8.073,7.87,7.506,7.778,7.932,7.913,7.836,7.989,8.104,7.831
Guntur_128,8.252,8.309,8.466,8.487,8.172,8.218,8.397,8.408,8.24,8.148,8.297,8.3,8.401,8.252,8.012,7.968,8.34,8.303,7.967,8.307,8.367,8.18,8.272,8.472,8.564,8.173,8.436,8.559,8.624,8.682,8.611,6.607,6.29,6.492,6.66,6.661,6.655,6.729,6.498,6.355,6.464,6.494,6.561,6.793,6.782,6.849,6.562,6.723,6.861,6.832,6.684,6.452,6.507,6.335,6.548,6.664,6.737,6.656,6.617,6.542,6.854,7.049,7.127,7.015,6.905,6.947,7.041,6.835,6.783,6.291,6.536,6.934,6.976,6.931,6.664,6.897,7.116,7.086,7.854,7.74,7.466,7.345,7.215,7.508,7.775,7.861,7.83,7.789,7.547,7.349,7.333,7.327,7.489,7.541,7.493,7.202,7.564,7.601,7.562,7.611,7.668,7.525,7.346,7.765,7.623,7.568,7.347,7.293,7.222,6.98,7.417,7.456,7.272,7.388,7.465,7.392,7.248,7.516,7.524,7.538,7.408,6.493,6.508,6.413,6.601,6.576,6.657,6.833,6.825,6.783,6.514,6.41,6.464,6.44,6.388,6.424,6.349,6.37,5.963,6.243,6.431,6.232,6.148,6.309,6.408,6.126,6.271,6.378,6.561,6.543,6.393,6.245,5.313,5.38,5.365,5.512,5.47,5.504,5.4,5.741,5.844,5.919,5.847,5.862,5.692,5.497,5.774,5.769,5.86,5.94,5.818,5.781,5.557,5.875,6.027,5.952,5.951,5.748,5.625,5.455,5.712,5.998,0.0,0.0,0.0,0.0,0.0,0.0,0.0,0.0,0.0,0.0,0.0,0.0,0.0,0.0,0.0,0.0,0.0,0.0,0.0,0.0,0.0,0.0,0.0,0.0,0.0,0.0,0.0,0.0,0.0,0.0,0.0,0.0,0.0,0.0,0.0,0.0,0.0,0.0,0.0,0.0,0.0,0.0,0.0,0.0,0.0,0.0,0.0,0.0,0.0,0.0,0.0,0.0,0.0,0.0,0.0,0.0,0.0,0.0,0.0,0.0,0.0,0.0,6.911,6.935,6.937,7.071,7.127,6.753,6.826,7.016,7.33,7.226,7.132,6.904,6.694,6.768,6.882,6.979,6.847,6.797,6.98,6.673,6.793,6.7,6.582,6.791,6.824,6.52,6.305,6.79,6.935,6.878,5.967,5.929,6.104,5.914,6.024,6.205,6.411,6.5,6.502,6.31,5.962,6.024,6.117,5.855,5.957,6.023,6.158,5.999,6.14,6.146,6.122,6.005,5.854,5.846,5.548,5.66,5.952,6.069,6.205,6.321,6.271,5.841,6.045,6.11,6.09,6.028,6.164,6.074,5.83,5.95,5.929,5.887,5.99,5.881,5.354,5.201,5.239,5.583,5.744,5.842,5.886,5.84,5.741,6.021,5.997,5.832,5.495,5.507,5.615,5.715,5.915,5.99,6.078,6.015,6.074,6.037,5.776,5.891,5.993,5.886,5.98,6.032,5.916,5.758,5.921,6.081,6.086,6.143,6.229,6.124,6.037,6.2,6.353,6.433,6.337,6.328,6.427,6.183,6.368,6.436,6.401,6.402,6.357,6.172,5.958,6.121,6.169,6.193,6.109,6.183,6.063,6.04,6.286,6.32,6.298,6.224,6.236,6.361,6.284,6.351,6.562,6.693,6.808,6.773,6.668,6.435,6.493,6.27,6.435,6.516,6.639,6.626,6.431,7.018,7.104,7.161,7.029,7.055,7.003,6.807,6.882,7.042,7.175,7.208,7.211,7.178,7.008,7.121,7.121,7.096,7.032,6.954,6.956,6.839,7.105,7.222,7.329,7.354,7.402,7.367,7.25,6.818,6.852,6.829,6.804,6.957,6.917,6.647,6.804,6.934,7.007,6.936,6.697,6.575,6.572,6.818,6.868,6.972,7.074,7.053,6.978,6.758,6.829,6.659,6.818,6.927,6.831,6.866,6.608,6.23,6.333,6.628,7.222,7.407,7.466,7.306,7.501,7.498,7.505,7.68,7.605,7.588,7.315,7.551,7.599,7.318,7.35,7.411,7.23,7.18,7.322,7.459,7.222,7.079,7.006,7.116,6.974,7.236,7.345,7.314,7.344,7.301,7.199,7.064,7.107,7.141,7.004,7.083,7.234,7.182,7.028,7.165,6.991,6.762,6.567,6.789,6.739,6.236,6.269,6.125,6.14,6.095,6.18,6.394,6.525,6.674,6.567,6.444,6.469,6.716,6.875,6.484,6.807,7.054,7.594,7.742,7.765,7.58,7.229,7.449,7.329,7.308,7.151,6.914,6.896,6.561,7.153,7.188,7.372,7.42,7.473,7.156,6.793,7.359,7.638,8.057,7.74,7.706,7.494,7.675,8.248,8.527,8.344,7.788,7.519,7.541,7.633,8.068,8.219,8.16,8.005,7.886,8.03,7.492,7.411,7.331,7.233,7.357,7.709,7.778,7.056,6.521,6.528,6.394,6.584,6.933,6.785,6.678,6.896,6.835,6.436,6.561,6.527,6.428,9.291,10.146,10.427,10.598,10.965,11.119,11.482,11.412,11.633,11.652,11.672,11.837,11.937,11.64,11.343,10.665,12.153,11.951,11.635,11.55,11.328,10.843,11.306,11.383,11.437,11.534,11.691,11.587,11.167,11.357,11.284,0.0,0.0,0.0,0.0,0.0,0.0,0.0,0.0,0.0,0.0,0.0,0.0,0.0,0.0,0.0,0.0,0.0,0.0,0.0,0.0,0.0,0.0,0.0,0.0,0.0,0.0,0.0,0.0,0.0,0.0,5.903,5.69,5.551,5.807,5.933,6.05,6.053,6.113,6.025,5.834,6.111,6.175,6.186,6.098,5.908,5.984,5.67,5.536,5.778,5.833,5.796,5.761,5.836,5.483,5.706,5.754,5.74,5.698,5.771,5.713,5.622,5.08,5.079,5.023,4.64,4.494,4.807,4.712,4.967,5.101,5.281,5.136,5.246,5.207,5.122,5.191,5.182,5.241,5.287,5.154,5.157,4.936,5.22,5.3,5.331,5.283,5.243,5.17,4.89,4.982,5.005,6.037,5.866,5.983,5.995,5.868,6.063,6.183,6.166,6.233,6.138,6.084,5.832,6.119,6.322,6.304,6.243,6.211,6.201,5.891,6.314,6.502,6.615,6.681,6.73,6.663,6.463,6.6,6.464,6.308,6.242,6.35,6.279,6.039,6.379,6.554,6.653,6.527,6.5,6.274,5.991,6.191,6.227,6.257,6.382,6.261,6.103,6.101,6.392,6.59,6.594,6.562,6.622,6.269,6.168,6.51,6.549,6.342,6.449,6.542,6.568,6.562,6.682,7.176,7.204,6.928,7.047,7.132,7.03,7.154,7.352,7.22,7.067,7.106,7.089,7.003,7.049,7.097,7.2,7.138,7.175,7.112,6.993,7.174,7.152,7.161,7.363,7.207,7.09,6.825,7.127,7.628,7.472,7.428,7.635,7.758,7.569,7.539,7.594,7.669,7.805,7.907,7.888,7.695,7.867,7.919,8.027,7.996,7.551,7.606,7.755,7.974,8.04,8.085,8.159,8.124,8.069,7.819,7.964,8.04,8.188,8.238,8.487,8.478,8.215,8.507,8.594,8.436,8.57,8.521,8.553,8.283,8.449,8.573,8.59,8.506,8.418,8.54,8.15,8.372,8.519,8.455,8.488,8.507,8.497,8.228,8.515,8.616,8.704,8.647,8.569,8.348,7.309,7.489,7.464,7.641,7.633,7.836,7.787,7.439,7.553,7.436,7.47,7.46,7.39,7.318,7.117,7.405,7.583,7.795,7.72,7.398,6.746,6.269,6.194,6.743,7.245,7.291,7.181,7.119,7.058,7.454,7.562,8.187,8.269,8.259,8.166,7.967,8.186,8.241,8.066,7.99,8.184,8.102,7.867,8.253,8.369,8.145,7.964,7.848,7.66,7.11,7.13,7.19,7.762,8.064,7.97,7.812,7.585,8.026,8.14,7.815,7.276,7.199,7.321,7.136,7.671,7.704,7.695,7.72,7.575,7.258,6.799,7.058,7.074,7.184,7.077,7.095,7.109,6.802,7.317,7.43,7.298,6.851,7.058,6.876,6.39,6.876,7.327,7.41,7.353,7.483,7.239,6.808,6.362,6.524,6.793,6.788,6.551,6.358,6.048,6.196,6.19,6.187,5.831,6.147,6.381,5.948,5.641,6.041,6.39,6.609,6.53,6.447,6.169,6.505,6.669,6.608,6.719,6.938,6.712,6.427,6.891,7.071,7.026,7.334,7.404,7.366,6.934,7.288,7.403,7.433,7.332,7.142,6.961,6.501,6.604,6.632,6.636,6.534,6.209,6.42,6.467,6.832,6.82,6.736,6.455,6.352,6.269,6.289,6.847,6.9,6.876,6.975,6.993,5.908,5.644,5.988,6.169,5.848,5.932,5.903,5.937,5.739,5.922,5.868,5.968,5.974,5.924,5.839,5.637,6.087,6.146,6.156,6.136,6.057,5.897,5.546,5.23,5.121,5.487,5.79,5.909,5.939,5.775,5.836,6.373,6.455,6.399,6.503,6.48,6.346,6.439,6.489,6.491,6.488,6.494,6.3,6.146,6.192,6.356,6.452,6.5,6.557,6.578,6.322,6.554,6.646,6.631,6.628,6.63,6.636,6.49,6.656,6.574,6.582,7.051,7.154,7.167,6.915,7.062,7.225,7.311,7.133,7.081,6.807,6.626,6.976,6.987,7.029,7.16,7.304,7.358,7.193,7.476,7.501,7.442,7.473,7.596,7.547,7.288,7.435,7.576,7.696,7.724,7.635,7.555,6.643,6.823,6.796,6.682,6.765,6.815,6.855,6.793,6.902,6.912,6.975,6.993,7.033,6.783,6.513,6.697,6.833,6.962,6.901,6.987,6.904,6.704,6.754,6.874,6.822,6.376,6.582,6.777,6.605,6.692,6.7,6.866,6.959,7.182,7.161,6.996,7.042,7.164,7.341,7.241,7.252,7.286,6.948,7.279,7.401,7.306,7.29,7.388,7.34,7.147,7.347,7.415,7.391,7.514,7.575,7.426,7.269,7.582,7.502,6.838,6.864,7.005,6.937,6.667,6.802,6.423,6.267,6.504,6.88,6.961,6.784,7.139,7.174,7.155,7.0,6.614,6.256,5.808,6.254,6.496,6.668,6.803,6.841,7.0,6.733,6.989,7.071,7.107,7.073,6.803,6.639,6.552,6.837,7.122,7.147,7.192,7.299,7.136,6.954,7.244,7.388,7.442,7.533,7.459,7.387,7.118,7.306,7.504,7.428,7.334,7.184,6.988,6.421,6.833,7.154,7.161,7.225,7.215,6.944,6.332,6.623,6.878,7.162,7.178,7.405,7.513,7.235,7.531,7.779,7.865,7.985,7.928,7.812,7.4,7.539,7.823,8.026,7.83,8.181,8.093,7.804,8.011,8.067,7.563,7.2,6.897,7.09,7.381,7.737,7.872,7.694,7.794,7.937,8.251,7.65,8.034,8.116,8.286,8.397,8.331,8.015,7.672,7.987,7.946,7.8,7.906,8.119,7.972,7.591,7.838,7.887,8.017,8.066,8.052,7.796,7.144,7.179,7.397,7.32,7.137,6.976,6.354,6.295,6.726,6.765,6.593,6.364,6.468,6.246,6.177,6.697,6.701,6.814,6.712,6.667,6.536,6.355,6.577,6.535,6.384,6.559,6.632,6.326,6.018,6.365,6.42,6.142,6.003,5.838,5.667,5.709,6.087,8.419,8.294,8.406,8.71,8.951,8.461,8.562,8.874,9.129,9.332,9.676,9.304,9.025,9.39,9.224,9.622,9.715,9.637,9.395,9.331,9.632,9.708,9.267,9.203,9.489,9.514,9.292,9.511,9.967,10.138,10.234,7.212,7.084,6.866,6.748,6.883,6.775,6.4,6.295,6.2,5.908,6.248,6.524,6.737,6.996,6.782,6.372,5.893,6.076,6.216,6.45,6.536,6.424,6.165,5.722,6.107,6.414,6.507,6.497,6.574,6.483,6.238,6.19,6.455,6.618,6.698,6.769,6.877,6.853,6.958,7.054,7.185,7.227,7.239,7.178,6.946,6.993,6.8,7.049,7.127,7.145,7.05,6.785,6.745,6.591,6.818,7.033,7.056,7.106,6.831,6.927,7.042,9.349,9.288,9.342,9.175,8.882,9.06,9.143,9.177,9.12,8.797,8.255,7.491,7.345,7.854,8.084,8.291,8.408,8.59,8.302,8.485,8.677,8.746,8.868,8.681,8.436,7.863,7.886,8.001,8.027,7.831,5.866,5.759,5.575,5.633,5.597,5.846,6.013,6.111,6.033,5.83,6.127,6.236,6.248,6.187,6.268,6.257,5.938,5.985,6.225,6.359,6.401,6.559,6.395,6.099,6.32,6.445,6.429,6.367,6.491,6.585,6.362,7.38,7.514,7.708,7.701,7.726,7.526,7.2,7.444,7.437,7.567,7.612,7.723,7.83,7.479,7.546,7.804,7.883,7.889,7.927,7.984,7.813,7.839,7.949,7.901,7.369,6.886,7.109,7.32,7.134,7.228,7.236,6.892,6.986,7.209,7.188,7.023,7.07,7.192,7.369,7.268,7.28,7.314,6.975,7.307,7.429,7.334,7.318,7.417,7.368,7.175,7.375,7.444,7.419,7.543,7.604,7.455,7.297,7.611,7.531,6.652,8.171,8.202,8.37,8.29,7.966,8.127,7.674,7.488,7.772,8.221,8.317,8.106,8.53,8.572,8.55,8.364,7.903,7.475,6.94,7.473,7.762,7.967,8.128,8.174,8.365,8.045,8.351,8.449,8.492,8.451,8.129,7.278,7.183,7.495,7.808,7.836,7.884,8.001,7.823,7.624,7.942,8.1,8.159,8.259,8.177,8.099,7.804,8.009,8.227,8.144,8.04,7.876,7.661,7.039,7.491,7.843,7.851,7.92,7.91,7.612,6.942,6.804,7.066,7.358,7.375,7.608,7.719,7.433,7.738,7.992,8.081,8.204,8.145,8.026,7.602,7.746,8.037,8.245,8.044,8.405,8.314,8.018,8.23,8.287,7.77,7.397,7.086,7.284,7.583,7.948,8.087,7.905,7.794,7.937,8.251,7.65,8.034,8.116,8.286,8.397,8.331,8.015,7.672,7.987,7.946,7.8,7.906,8.119,7.972,7.591,7.838,7.887,8.017,8.066,8.052,7.796,7.144,7.179,7.397,7.32,7.137,6.976,7.22,7.153,7.642,7.686,7.492,7.231,7.349,7.097,7.018,7.609,7.614,7.742,7.626,7.575,7.426,7.22,7.473,7.426,7.254,7.452,7.535,7.188,6.837,7.232,7.294,6.978,6.82,6.634,6.439,6.487,6.916,7.454,7.344,7.442,7.712,7.925,7.491,7.581,7.857,8.083,8.262,8.568,8.238,7.991,8.314,8.167,8.52,8.602,8.533,8.319,8.262,8.528,8.596,8.205,8.148,8.402,8.424,8.227,8.421,8.825,8.977,9.061,9.357,9.191,8.908,8.756,8.93,8.79,8.303,8.167,8.044,7.666,8.106,8.464,8.741,9.077,8.799,8.268,7.646,7.884,8.066,8.369,8.481,8.335,7.998,7.424,7.924,8.322,8.443,8.43,8.529,8.411,6.238,6.19,6.455,6.618,6.698,6.769,6.877,6.853,6.958,7.054,7.185,7.227,7.239,7.178,6.946,6.993,6.8,7.049,7.127,7.145,7.05,6.785,6.745,6.591,6.818,7.033,7.056,7.106,6.831,6.927,7.042,9.349,9.288,9.342,9.175,8.882,9.06,9.143,9.177,9.12,8.797,8.255,7.491,7.345,7.854,8.084,8.291,8.408,8.59,8.302,8.485,8.677,8.746,8.868,8.681,8.436,7.863,7.886,8.001,8.027,7.831,5.866,5.759,5.575,5.633,5.597,5.846,6.013,6.111,6.033,5.83,6.127,6.236,6.248,6.187,6.268,6.257,5.938,5.985,6.225,6.359,6.401,6.559,6.395,6.099,6.32,6.445,6.429,6.367,6.491,6.585,6.362
Guntur_129,7.912,7.966,8.116,8.136,7.834,7.879,8.05,8.061,7.9,7.812,7.954,7.957,8.054,7.911,7.681,7.639,7.996,7.96,7.638,7.964,8.021,7.842,7.931,8.122,8.21,7.835,8.087,8.206,8.268,8.324,8.255,7.967,7.584,7.827,8.03,8.031,8.024,8.114,7.834,7.662,7.794,7.83,7.911,8.191,8.177,8.258,7.912,8.106,8.272,8.238,8.058,7.779,7.845,7.638,7.895,8.035,8.123,8.025,7.978,7.888,7.162,7.366,7.447,7.33,7.215,7.259,7.357,7.142,7.088,6.573,6.829,7.245,7.289,7.242,6.964,7.207,7.436,7.405,8.207,8.087,7.801,7.675,7.54,7.846,8.124,8.214,8.181,8.139,7.886,7.679,7.662,7.712,7.883,7.937,7.886,7.58,7.962,8.001,7.959,8.011,8.071,7.921,7.733,8.173,8.023,7.966,7.734,7.677,7.602,7.347,7.807,7.848,7.654,7.776,7.857,7.781,7.629,7.911,7.919,7.934,7.797,6.688,6.704,6.606,6.8,6.774,6.857,7.039,7.031,6.987,6.71,6.603,6.659,6.634,6.58,6.618,6.541,6.562,6.142,6.431,6.625,6.42,6.333,6.499,6.601,6.31,6.46,6.57,6.758,6.74,6.586,6.433,5.313,5.38,5.365,5.512,5.47,5.504,5.4,5.741,5.844,5.919,5.847,5.862,5.692,5.497,5.774,5.769,5.86,5.94,5.818,5.781,5.557,5.875,6.027,5.952,5.951,5.748,5.625,5.455,5.712,5.998,0.0,0.0,0.0,0.0,0.0,0.0,0.0,0.0,0.0,0.0,0.0,0.0,0.0,0.0,0.0,0.0,0.0,0.0,0.0,0.0,0.0,0.0,0.0,0.0,0.0,0.0,0.0,0.0,0.0,0.0,0.0,0.0,0.0,0.0,0.0,0.0,0.0,0.0,0.0,0.0,0.0,0.0,0.0,0.0,0.0,0.0,0.0,0.0,0.0,0.0,0.0,0.0,0.0,0.0,0.0,0.0,0.0,0.0,0.0,0.0,0.0,0.0,9.218,9.249,9.253,9.432,9.505,9.007,9.104,9.357,9.777,9.638,9.513,9.208,8.928,9.027,9.179,9.309,9.133,9.066,9.31,8.9,9.06,8.937,8.779,9.057,9.101,8.696,8.409,9.057,9.25,9.173,7.222,7.177,7.389,7.158,7.292,7.51,7.76,7.868,7.871,7.638,7.217,7.292,7.405,7.087,7.21,7.291,7.454,7.261,7.432,7.439,7.411,7.269,7.086,7.077,6.716,6.851,7.205,7.346,7.511,7.652,7.591,6.116,6.33,6.397,6.376,6.311,6.454,6.36,6.104,6.229,6.208,6.164,6.272,6.157,5.605,5.446,5.486,5.846,6.014,6.117,6.163,6.114,6.011,6.304,6.279,6.106,5.753,5.766,5.879,5.983,6.193,6.64,6.738,6.667,6.733,6.691,6.403,6.53,6.643,6.524,6.629,6.686,6.558,6.382,6.563,6.74,6.746,6.809,6.904,6.788,6.692,6.872,7.042,7.131,7.024,7.014,7.123,6.853,7.058,7.134,7.095,7.096,6.837,6.638,6.407,6.582,6.635,6.66,6.57,6.649,6.521,6.496,6.76,6.797,6.773,6.694,6.706,6.841,6.758,6.83,7.058,7.198,7.322,7.284,7.171,6.92,6.983,6.743,6.921,7.007,7.14,7.125,6.916,7.699,7.794,7.856,7.712,7.74,7.683,7.468,7.55,7.725,7.871,7.907,7.911,7.875,7.688,7.812,7.812,7.784,7.715,7.628,7.63,7.503,7.795,7.923,8.04,8.067,8.12,8.082,7.954,7.433,7.471,7.446,7.418,7.585,7.541,7.247,7.417,7.559,7.64,7.562,7.301,7.169,7.165,7.433,7.488,7.601,7.713,7.69,7.608,7.367,7.445,7.26,7.433,7.552,7.448,7.485,7.204,6.792,6.904,7.226,7.998,8.203,8.267,8.09,8.306,8.303,8.311,8.504,8.422,8.402,8.101,8.362,8.416,8.104,8.139,8.206,8.007,7.951,8.109,8.26,7.997,7.839,7.758,7.88,7.723,8.013,8.133,8.099,8.133,8.085,8.279,8.124,8.173,8.213,8.054,8.146,8.32,8.26,8.082,8.24,8.04,7.777,7.552,7.807,7.75,7.172,7.21,7.044,7.061,7.01,7.108,7.353,7.504,7.675,7.553,7.411,7.44,7.723,7.907,7.457,7.828,7.685,8.274,8.435,8.461,8.259,7.876,8.116,7.985,7.962,7.791,7.533,7.514,7.149,7.794,7.832,8.032,8.085,8.142,7.797,7.401,8.018,8.322,8.778,8.433,8.396,8.165,8.363,8.987,9.29,9.091,7.788,7.519,7.541,7.633,8.068,8.219,8.16,8.005,7.886,8.03,7.492,7.411,7.331,7.233,7.357,7.709,7.778,7.056,6.521,6.528,6.394,6.584,6.933,6.785,6.678,6.896,6.835,6.436,6.561,6.527,6.428,9.291,10.146,10.427,10.598,10.965,11.119,11.482,11.412,11.633,11.652,11.672,11.837,11.937,11.64,11.343,10.665,12.153,11.951,11.635,11.55,11.328,10.843,11.306,11.383,11.437,11.534,11.691,11.587,11.167,11.357,11.284,0.0,0.0,0.0,0.0,0.0,0.0,0.0,0.0,0.0,0.0,0.0,0.0,0.0,0.0,0.0,0.0,0.0,0.0,0.0,0.0,0.0,0.0,0.0,0.0,0.0,0.0,0.0,0.0,0.0,0.0,6.397,6.166,6.016,6.292,6.429,6.556,6.559,6.624,6.529,6.322,6.622,6.692,6.703,6.608,6.402,6.484,6.144,5.999,6.261,6.321,6.281,6.243,6.324,5.941,6.183,6.235,6.22,6.175,6.254,6.191,6.092,5.516,5.516,5.455,5.039,4.881,5.22,5.117,5.394,5.54,5.735,5.577,5.697,5.655,5.562,5.637,5.628,5.692,5.742,5.596,5.6,5.36,5.669,5.755,5.789,5.737,5.694,5.615,5.31,5.41,5.435,6.483,6.3,6.425,6.439,6.302,6.511,6.641,6.622,6.694,6.592,6.534,6.264,6.572,6.789,6.77,6.704,6.67,6.66,6.327,6.781,6.983,7.104,7.175,7.228,7.155,6.941,7.088,6.942,6.774,6.704,6.82,6.314,6.073,6.415,6.591,6.691,6.564,6.537,6.309,6.025,6.226,6.262,6.292,6.418,6.296,6.138,6.135,6.428,6.627,6.632,6.6,6.659,6.304,6.203,6.547,6.586,6.377,6.486,6.579,6.606,6.599,6.72,8.625,8.659,8.327,8.47,8.572,8.449,8.599,8.837,8.678,8.495,8.542,8.521,8.418,8.472,8.531,8.654,8.58,8.624,8.549,8.406,8.622,8.597,8.608,8.85,8.663,8.522,8.204,8.566,7.956,7.793,7.748,7.964,8.092,7.894,7.863,7.921,7.999,8.141,8.247,8.227,8.026,8.206,8.26,8.372,8.341,7.876,7.933,8.089,8.318,8.386,8.433,8.51,8.474,8.417,8.156,8.307,8.386,8.541,8.592,8.87,8.861,8.586,8.891,8.983,8.817,8.958,8.906,8.939,8.657,8.831,8.96,8.978,8.891,8.799,8.926,8.518,8.75,8.904,8.837,8.871,8.891,8.88,8.599,8.9,9.006,9.098,9.037,8.956,8.725,8.393,8.6,8.57,8.774,8.765,8.997,8.942,8.542,8.673,8.539,8.577,8.566,8.486,8.403,8.172,8.503,8.707,8.951,8.865,8.494,7.746,7.199,7.112,7.742,8.319,8.372,8.246,8.175,8.105,8.559,8.683,8.187,8.269,8.259,8.166,7.967,8.186,8.241,8.066,7.99,8.184,8.102,7.867,8.253,8.369,8.145,7.964,7.848,7.66,7.11,7.13,7.19,7.762,8.064,7.97,7.812,7.585,8.026,8.14,7.815,7.276,7.199,7.321,7.136,7.671,7.704,7.695,7.72,7.575,7.258,6.799,7.058,7.074,7.184,7.077,7.095,7.109,6.802,7.317,7.43,7.298,6.851,7.058,6.876,6.39,6.876,7.327,7.41,7.353,7.483,7.239,6.808,7.395,7.583,7.896,7.89,7.615,7.39,7.03,7.203,7.195,7.192,6.778,7.146,7.417,6.914,6.557,7.023,7.427,7.683,7.59,7.495,7.171,7.562,7.752,7.682,7.81,8.065,7.802,7.47,8.011,8.22,8.166,7.631,7.704,7.664,7.214,7.583,7.702,7.733,7.629,7.43,7.243,6.764,6.871,6.9,6.904,6.799,6.46,6.68,6.729,7.108,7.096,7.008,6.716,6.609,6.522,6.544,7.124,7.179,7.154,7.257,7.276,7.101,6.783,7.198,7.414,7.029,7.13,7.095,7.136,6.898,7.117,7.053,7.173,7.181,7.121,7.018,6.775,7.316,7.387,7.399,7.375,7.281,7.088,6.666,6.286,6.155,6.595,6.959,7.102,7.138,6.941,7.014,7.045,7.136,7.074,7.188,7.163,7.015,7.117,7.173,7.175,7.171,7.179,6.964,6.793,6.845,7.026,7.132,7.185,7.248,7.271,6.989,7.244,7.346,7.33,7.326,7.328,7.335,7.174,7.358,7.267,7.276,7.207,7.313,7.325,7.069,7.219,7.385,7.472,7.291,7.238,6.958,6.773,7.13,7.142,7.185,7.319,7.466,7.521,7.353,7.641,7.667,7.607,7.639,7.764,7.714,7.45,7.6,7.744,7.867,7.895,7.804,7.722,6.726,6.909,6.881,6.765,6.85,6.9,6.941,6.878,6.989,6.999,7.062,7.08,7.121,6.868,6.595,6.781,6.918,7.049,6.987,7.074,6.99,6.788,6.839,6.96,6.908,6.456,6.664,6.862,6.688,6.775,6.783,7.785,7.89,8.143,8.119,7.932,7.985,8.123,8.323,8.209,8.223,8.261,7.878,8.253,8.391,8.284,8.265,8.377,8.322,8.104,8.33,8.407,8.38,8.519,8.589,8.42,8.241,8.596,8.506,8.071,8.101,8.267,8.188,7.868,8.027,7.58,7.396,7.676,8.12,8.215,8.007,8.426,8.467,8.445,8.261,7.806,7.383,6.855,7.381,7.666,7.869,8.029,8.074,8.262,7.946,8.249,8.346,8.388,8.347,8.029,7.116,7.023,7.328,7.634,7.661,7.708,7.823,7.649,7.454,7.765,7.919,7.977,8.075,7.995,7.918,7.63,7.831,8.043,7.962,7.861,7.701,7.49,6.882,7.324,7.668,7.676,7.744,7.734,7.443,6.788,7.688,7.985,8.315,8.333,8.597,8.722,8.399,8.743,9.031,9.131,9.27,9.203,9.069,8.59,8.752,9.081,9.317,9.09,9.497,9.394,9.06,9.3,9.364,8.78,8.358,8.007,8.23,8.569,8.981,9.138,8.932,8.75,8.911,9.263,8.588,9.02,9.112,9.303,9.428,9.353,8.999,8.613,8.968,8.921,8.757,8.876,9.116,8.95,8.523,8.8,8.855,9.001,9.056,9.041,8.753,8.02,8.06,8.305,8.219,8.013,7.832,0.0,0.0,0.0,0.0,0.0,0.0,0.0,0.0,0.0,0.0,0.0,0.0,0.0,0.0,0.0,0.0,0.0,0.0,0.0,0.0,0.0,0.0,0.0,0.0,0.0,0.0,0.0,0.0,0.0,0.0,0.0,7.692,7.578,7.68,7.958,8.178,7.73,7.823,8.108,8.341,8.526,8.841,8.501,8.245,8.58,8.428,8.792,8.876,8.805,8.584,8.525,8.8,8.87,8.467,8.408,8.67,8.692,8.489,8.69,9.107,9.263,9.35,8.549,8.398,8.139,8.0,8.159,8.031,7.586,7.462,7.349,7.004,7.406,7.734,7.986,8.293,8.039,7.554,6.986,7.203,7.369,7.646,7.748,7.616,7.308,6.783,7.24,7.603,7.714,7.702,7.793,7.685,6.665,6.613,6.896,7.071,7.156,7.232,7.347,7.322,7.434,7.536,7.676,7.722,7.734,7.669,7.421,7.471,7.266,7.532,7.615,7.634,7.532,7.249,7.206,7.042,7.285,7.515,7.539,7.592,7.299,7.401,7.524,10.727,10.657,10.72,10.527,10.192,10.396,10.491,10.53,10.464,10.094,9.471,8.595,8.427,9.012,9.276,9.514,9.648,9.856,9.526,9.735,9.956,10.036,10.175,9.96,9.68,9.022,9.048,9.18,9.21,8.985,5.93,5.822,5.636,5.695,5.659,5.91,6.079,6.178,6.1,5.894,6.194,6.304,6.316,6.255,6.337,6.326,6.003,6.051,6.293,6.429,6.472,6.632,6.465,6.166,6.389,6.515,6.5,6.437,6.562,6.657,6.432,7.694,7.833,8.035,8.029,8.054,7.846,7.505,7.761,7.752,7.888,7.935,8.051,8.163,7.797,7.866,8.136,8.218,8.224,8.263,8.324,8.145,8.172,8.287,8.236,7.682,7.179,7.411,7.631,7.437,7.535,7.544,7.17,7.267,7.5,7.478,7.306,7.354,7.481,7.666,7.561,7.573,7.608,7.256,7.601,7.728,7.63,7.612,7.715,7.665,7.464,7.672,7.743,7.718,7.846,7.91,7.755,7.59,7.917,7.834,6.919,9.128,9.162,9.35,9.26,8.898,9.079,8.573,8.365,8.681,9.183,9.291,9.055,9.529,9.576,9.551,9.343,8.828,8.35,7.753,8.347,8.67,8.9,9.08,9.131,9.344,8.987,9.329,9.439,9.486,9.441,9.081,7.585,7.486,7.811,8.137,8.166,8.217,8.339,8.153,7.946,8.277,8.441,8.503,8.607,8.522,8.44,8.133,8.347,8.573,8.487,8.379,8.208,7.984,7.336,7.806,8.173,8.182,8.254,8.243,7.933,7.235,6.933,7.201,7.498,7.515,7.753,7.866,7.574,7.885,8.144,8.234,8.36,8.3,8.178,7.747,7.893,8.19,8.402,8.197,8.565,8.472,8.17,8.387,8.445,7.918,7.538,7.221,7.422,7.727,8.099,8.241,8.055,8.75,8.911,9.263,8.588,9.02,9.112,9.303,9.428,9.353,8.999,8.613,8.968,8.921,8.757,8.876,9.116,8.95,8.523,8.8,8.855,9.001,9.056,9.041,8.753,8.02,8.06,8.305,8.219,8.013,7.832,7.357,7.289,7.788,7.832,7.634,7.369,7.489,7.232,7.152,7.754,7.758,7.889,7.771,7.719,7.567,7.358,7.616,7.567,7.392,7.594,7.678,7.324,6.967,7.369,7.433,7.111,6.95,6.76,6.561,6.61,7.048,6.729,6.63,6.719,6.962,7.155,6.763,6.844,7.093,7.297,7.459,7.735,7.437,7.214,7.506,7.373,7.691,7.766,7.703,7.51,7.458,7.699,7.76,7.407,7.356,7.585,7.605,7.427,7.602,7.967,8.104,8.18,9.504,9.336,9.048,8.893,9.07,8.928,8.434,8.295,8.17,7.786,8.234,8.597,8.878,9.22,8.937,8.397,7.766,8.007,8.192,8.5,8.614,8.466,8.124,7.541,8.048,8.452,8.575,8.562,8.663,8.543,6.665,6.613,6.896,7.071,7.156,7.232,7.347,7.322,7.434,7.536,7.676,7.722,7.734,7.669,7.421,7.471,7.266,7.532,7.615,7.634,7.532,7.249,7.206,7.042,7.285,7.515,7.539,7.592,7.299,7.401,7.524,10.727,10.657,10.72,10.527,10.192,10.396,10.491,10.53,10.464,10.094,9.471,8.595,8.427,9.012,9.276,9.514,9.648,9.856,9.526,9.735,9.956,10.036,10.175,9.96,9.68,9.022,9.048,9.18,9.21,8.985,5.93,5.822,5.636,5.695,5.659,5.91,6.079,6.178,6.1,5.894,6.194,6.304,6.316,6.255,6.337,6.326,6.003,6.051,6.293,6.429,6.472,6.632,6.465,6.166,6.389,6.515,6.5,6.437,6.562,6.657,6.432
Guntur_130,6.858,6.905,7.035,7.053,6.791,6.83,6.978,6.988,6.848,6.771,6.895,6.898,6.982,6.858,6.658,6.622,6.931,6.9,6.621,6.903,6.953,6.798,6.874,7.041,7.117,6.792,7.01,7.113,7.167,7.215,7.156,7.19,6.845,7.064,7.247,7.248,7.242,7.323,7.071,6.915,7.034,7.066,7.139,7.392,7.38,7.453,7.141,7.316,7.465,7.435,7.273,7.02,7.08,6.894,7.125,7.252,7.331,7.243,7.2,7.119,8.419,8.658,8.754,8.616,8.48,8.532,8.648,8.394,8.331,7.726,8.027,8.516,8.568,8.513,8.185,8.471,8.74,8.703,9.647,9.506,9.169,9.022,8.862,9.222,9.549,9.655,9.617,9.566,9.269,9.026,9.006,11.646,11.904,11.986,11.909,11.447,12.023,12.082,12.02,12.098,12.189,11.962,11.677,12.342,12.116,12.03,11.679,11.593,11.48,11.095,11.789,11.851,11.559,11.742,11.865,11.75,11.521,11.947,11.959,11.981,11.774,10.811,10.836,10.678,10.99,10.949,11.083,11.377,11.364,11.294,10.846,10.672,10.763,10.722,10.636,10.696,10.572,10.606,9.928,10.395,10.707,10.377,10.236,10.504,10.669,10.199,10.442,10.62,10.924,10.893,10.645,10.398,12.524,12.683,12.648,12.994,12.895,12.975,12.73,13.533,13.775,13.953,13.782,13.819,13.417,12.958,13.612,13.6,13.813,14.002,13.715,13.627,13.099,13.85,14.208,14.031,14.028,13.55,13.26,12.859,13.465,14.138,0.0,0.0,0.0,0.0,0.0,0.0,0.0,0.0,0.0,0.0,0.0,0.0,0.0,0.0,0.0,0.0,0.0,0.0,0.0,0.0,0.0,0.0,0.0,0.0,0.0,0.0,0.0,0.0,0.0,0.0,0.0,0.0,0.0,0.0,0.0,0.0,0.0,0.0,0.0,0.0,0.0,0.0,0.0,0.0,0.0,0.0,0.0,0.0,0.0,0.0,0.0,0.0,0.0,0.0,0.0,0.0,0.0,0.0,0.0,0.0,0.0,0.0,6.631,6.653,6.656,6.785,6.838,6.479,6.549,6.731,7.033,6.933,6.843,6.624,6.422,6.493,6.603,6.696,6.569,6.521,6.697,6.403,6.517,6.429,6.315,6.515,6.547,6.256,6.049,6.515,6.654,6.599,9.924,9.862,10.153,9.836,10.02,10.32,10.664,10.812,10.815,10.495,9.917,10.019,10.175,9.739,9.907,10.018,10.243,9.978,10.212,10.222,10.183,9.988,9.737,9.724,9.228,9.414,9.9,10.094,10.321,10.514,10.431,13.853,14.337,14.491,14.443,14.296,14.619,14.406,13.827,14.11,14.061,13.962,14.207,13.948,12.696,12.335,12.426,13.242,13.623,13.855,13.96,13.849,13.616,14.28,14.222,13.832,13.032,13.061,13.317,13.553,14.028,12.641,12.827,12.693,12.817,12.739,12.189,12.432,12.646,12.42,12.619,12.728,12.485,12.15,12.494,12.832,12.844,12.964,13.144,12.922,12.74,13.083,13.406,13.576,13.373,13.354,13.562,13.047,13.437,13.581,13.508,13.509,12.497,12.133,11.712,12.032,12.127,12.175,12.01,12.154,11.919,11.874,12.357,12.424,12.38,12.235,12.258,12.504,12.353,12.484,12.9,13.157,13.383,13.314,13.108,12.649,12.763,12.325,12.65,12.808,13.051,13.024,12.642,13.069,13.23,13.335,13.091,13.139,13.042,12.677,12.816,13.113,13.362,13.423,13.43,13.368,13.051,13.261,13.262,13.214,13.096,12.949,12.953,12.736,13.232,13.449,13.649,13.694,13.784,13.72,13.502,12.912,12.977,12.934,12.886,13.175,13.1,12.589,12.885,13.131,13.271,13.135,12.683,12.453,12.446,12.912,13.007,13.204,13.398,13.358,13.216,12.798,12.933,12.611,12.912,13.119,12.937,13.003,12.514,11.798,11.993,12.552,12.675,12.999,13.102,12.821,13.163,13.159,13.17,13.477,13.347,13.316,12.838,13.252,13.337,12.843,12.899,13.005,12.689,12.601,12.85,13.09,12.673,12.423,12.295,12.489,12.239,12.699,12.89,12.835,12.889,12.813,13.173,12.926,13.005,13.067,12.815,12.961,13.237,13.142,12.86,13.111,12.792,12.374,12.016,12.422,12.331,11.411,11.472,11.208,11.235,11.153,11.309,11.7,11.94,12.211,12.017,11.792,11.837,12.289,12.58,11.864,12.455,11.481,12.36,12.601,12.639,12.338,11.766,12.124,11.929,11.894,11.638,11.253,11.224,10.679,11.643,11.699,11.998,12.077,12.163,11.647,11.056,11.978,12.431,13.113,12.598,12.543,12.197,12.492,13.424,13.878,13.58,0.0,0.0,0.0,0.0,0.0,0.0,0.0,0.0,0.0,0.0,0.0,0.0,0.0,0.0,0.0,0.0,0.0,0.0,0.0,0.0,0.0,0.0,0.0,0.0,0.0,0.0,0.0,0.0,0.0,0.0,0.0,12.779,13.955,14.342,14.577,15.081,15.293,15.792,15.696,16.001,16.026,16.054,16.281,16.419,16.01,15.602,14.669,16.715,16.437,16.004,15.886,15.58,14.914,15.55,15.657,15.731,15.864,16.08,15.937,15.36,15.621,15.521,0.0,0.0,0.0,0.0,0.0,0.0,0.0,0.0,0.0,0.0,0.0,0.0,0.0,0.0,0.0,0.0,0.0,0.0,0.0,0.0,0.0,0.0,0.0,0.0,0.0,0.0,0.0,0.0,0.0,0.0,10.902,10.508,10.252,10.724,10.956,11.174,11.179,11.29,11.127,10.775,11.286,11.404,11.424,11.262,10.911,11.051,10.471,10.223,10.671,10.772,10.704,10.639,10.778,10.126,10.537,10.626,10.6,10.523,10.659,10.552,10.382,9.626,9.625,9.518,8.793,8.517,9.109,8.93,9.413,9.667,10.007,9.732,9.942,9.868,9.706,9.837,9.82,9.932,10.019,9.766,9.772,9.354,9.892,10.043,10.102,10.011,9.936,9.797,9.266,9.44,9.483,8.336,8.101,8.262,8.279,8.103,8.372,8.539,8.515,8.608,8.476,8.402,8.054,8.45,8.73,8.705,8.621,8.577,8.563,8.135,8.719,8.979,9.134,9.226,9.294,9.201,8.925,9.114,8.926,8.71,8.62,8.769,9.059,8.713,9.203,9.457,9.6,9.418,9.379,9.052,8.645,8.933,8.984,9.028,9.208,9.033,8.806,8.802,9.223,9.509,9.515,9.469,9.555,9.045,8.899,9.393,9.45,9.15,9.306,9.439,9.477,9.468,9.641,10.211,10.251,9.858,10.027,10.148,10.003,10.18,10.461,10.273,10.056,10.112,10.087,9.965,10.03,10.099,10.245,10.157,10.209,10.12,9.951,10.207,10.177,10.19,10.477,10.255,10.089,9.712,10.141,9.766,9.566,9.509,9.775,9.932,9.69,9.652,9.722,9.818,9.992,10.122,10.098,9.851,10.072,10.138,10.276,10.237,9.667,9.737,9.928,10.209,10.293,10.351,10.445,10.401,10.331,10.01,10.196,10.293,10.483,10.546,10.021,10.01,9.699,10.044,10.148,9.961,10.119,10.061,10.099,9.78,9.976,10.122,10.142,10.044,9.94,10.083,9.623,9.885,10.058,9.983,10.022,10.044,10.032,9.715,10.054,10.174,10.277,10.209,10.118,9.856,10.86,11.128,11.09,11.353,11.342,11.642,11.57,11.053,11.222,11.049,11.099,11.084,10.98,10.873,10.574,11.003,11.267,11.582,11.471,10.991,10.024,9.315,9.202,10.018,10.764,10.833,10.67,10.578,10.487,11.075,11.235,13.573,13.711,13.694,13.54,13.209,13.573,13.663,13.374,13.248,13.57,13.434,13.043,13.683,13.876,13.505,13.204,13.012,12.699,11.788,11.822,11.922,12.87,13.37,13.214,12.952,12.575,13.308,13.496,12.957,12.064,11.937,12.139,11.831,12.719,12.773,12.758,12.8,12.559,12.034,11.273,11.701,11.729,11.911,11.734,11.763,11.787,11.277,12.131,12.319,12.1,11.358,11.701,11.4,10.595,11.4,12.148,12.286,12.191,12.407,12.003,11.288,7.954,8.157,8.493,8.487,8.191,7.949,7.561,7.747,7.739,7.736,7.29,7.686,7.977,7.437,7.053,7.553,7.989,8.263,8.164,8.061,7.713,8.133,8.338,8.262,8.4,8.675,8.391,8.035,8.616,8.841,8.784,7.573,7.645,7.606,7.159,7.525,7.643,7.674,7.571,7.374,7.188,6.712,6.819,6.848,6.851,6.747,6.411,6.629,6.677,7.054,7.042,6.955,6.665,6.559,6.473,6.494,7.07,7.124,7.1,7.202,7.221,9.354,8.936,9.482,9.767,9.259,9.393,9.347,9.401,9.087,9.376,9.291,9.449,9.459,9.38,9.245,8.926,9.638,9.731,9.747,9.716,9.591,9.337,8.781,8.281,8.108,8.688,9.167,9.355,9.403,9.144,9.24,9.381,9.502,9.419,9.572,9.538,9.341,9.477,9.551,9.554,9.549,9.559,9.273,9.046,9.115,9.356,9.497,9.567,9.651,9.682,9.306,9.647,9.782,9.76,9.756,9.758,9.768,9.552,9.798,9.677,9.688,9.392,9.53,9.546,9.212,9.407,9.624,9.738,9.502,9.432,9.068,8.826,9.292,9.307,9.363,9.538,9.729,9.801,9.582,9.958,9.991,9.914,9.955,10.118,10.053,9.709,9.904,10.092,10.252,10.289,10.171,10.063,9.603,9.863,9.823,9.658,9.78,9.852,9.909,9.819,9.978,9.992,10.082,10.108,10.166,9.806,9.415,9.681,9.877,10.064,9.975,10.099,9.98,9.691,9.764,9.936,9.862,9.217,9.514,9.796,9.548,9.673,9.685,10.274,10.413,10.746,10.715,10.469,10.538,10.72,10.985,10.834,10.852,10.902,10.397,10.892,11.074,10.933,10.908,11.055,10.983,10.695,10.994,11.095,11.059,11.243,11.335,11.112,10.876,11.345,11.225,10.423,10.462,10.677,10.574,10.161,10.367,9.789,9.552,9.913,10.487,10.609,10.34,10.881,10.935,10.906,10.669,10.081,9.535,8.853,9.532,9.901,10.163,10.369,10.427,10.67,10.262,10.653,10.778,10.833,10.78,10.37,9.528,9.404,9.812,10.222,10.258,10.321,10.475,10.242,9.981,10.397,10.604,10.681,10.812,10.705,10.602,10.216,10.485,10.77,10.661,10.526,10.311,10.029,9.215,9.806,10.267,10.278,10.369,10.355,9.966,9.089,9.545,9.913,10.323,10.346,10.673,10.828,10.427,10.855,11.211,11.336,11.509,11.426,11.259,10.665,10.866,11.274,11.567,11.285,11.791,11.663,11.248,11.546,11.626,10.9,10.377,9.941,10.218,10.638,11.15,11.345,11.089,8.791,8.953,9.306,8.628,9.062,9.154,9.346,9.471,9.397,9.04,8.653,9.009,8.963,8.798,8.917,9.158,8.991,8.562,8.841,8.896,9.042,9.098,9.082,8.793,8.057,8.097,8.343,8.257,8.05,7.868,11.2,11.095,11.855,11.923,11.621,11.217,11.4,11.009,10.887,11.803,11.81,12.009,11.83,11.751,11.52,11.2,11.593,11.519,11.252,11.56,11.689,11.15,10.606,11.218,11.315,10.825,10.58,10.29,9.987,10.062,10.728,15.669,15.437,15.644,16.212,16.66,15.748,15.936,16.517,16.991,17.368,18.01,17.317,16.797,17.477,17.168,17.909,18.082,17.937,17.486,17.367,17.927,18.069,17.248,17.128,17.661,17.707,17.294,17.702,18.551,18.869,19.047,10.589,10.401,10.08,9.908,10.105,9.947,9.396,9.242,9.103,8.675,9.173,9.579,9.891,10.272,9.957,9.356,8.653,8.921,9.127,9.47,9.597,9.432,9.051,8.401,8.967,9.417,9.554,9.54,9.652,9.518,9.793,9.718,10.133,10.39,10.516,10.627,10.796,10.759,10.923,11.074,11.279,11.346,11.364,11.269,10.905,10.979,10.677,11.067,11.189,11.217,11.068,10.652,10.589,10.347,10.704,11.042,11.077,11.155,10.725,10.875,11.056,9.612,9.55,9.605,9.433,9.132,9.315,9.4,9.435,9.377,9.045,8.487,7.702,7.551,8.075,8.312,8.525,8.645,8.831,8.536,8.724,8.921,8.993,9.117,8.925,8.673,8.084,8.108,8.226,8.253,8.051,7.879,7.735,7.488,7.566,7.518,7.852,8.076,8.208,8.104,7.83,8.229,8.376,8.392,8.31,8.419,8.404,7.976,8.039,8.361,8.542,8.598,8.811,8.589,8.192,8.489,8.656,8.636,8.552,8.718,8.845,8.546,9.703,9.878,10.134,10.125,10.158,9.895,9.465,9.787,9.777,9.948,10.008,10.154,10.295,9.833,9.92,10.26,10.364,10.371,10.421,10.497,10.272,10.305,10.451,10.387,9.688,9.054,9.346,9.623,9.379,9.502,9.513,10.082,10.219,10.546,10.515,10.273,10.341,10.52,10.779,10.632,10.649,10.699,10.203,10.689,10.867,10.728,10.704,10.848,10.778,10.495,10.788,10.888,10.852,11.033,11.123,10.904,10.673,11.133,11.015,9.73,9.471,9.507,9.702,9.609,9.234,9.421,8.896,8.68,9.008,9.529,9.641,9.396,9.888,9.936,9.91,9.695,9.161,8.665,8.045,8.662,8.997,9.235,9.422,9.475,9.696,9.326,9.681,9.794,9.844,9.796,9.423,11.176,11.03,11.509,11.99,12.032,12.106,12.286,12.012,11.707,12.195,12.438,12.528,12.682,12.556,12.436,11.983,12.298,12.632,12.505,12.346,12.094,11.763,10.809,11.502,12.042,12.055,12.162,12.146,11.689,10.66,7.607,7.9,8.227,8.245,8.505,8.63,8.31,8.65,8.935,9.034,9.172,9.106,8.973,8.499,8.659,8.985,9.218,8.993,9.396,9.295,8.964,9.201,9.265,8.687,8.27,7.922,8.143,8.478,8.886,9.041,8.838,8.791,8.953,9.306,8.628,9.062,9.154,9.346,9.471,9.397,9.04,8.653,9.009,8.963,8.798,8.917,9.158,8.991,8.562,8.841,8.896,9.042,9.098,9.082,8.793,8.057,8.097,8.343,8.257,8.05,7.868,8.072,7.997,8.544,8.593,8.375,8.085,8.216,7.935,7.846,8.507,8.512,8.655,8.526,8.469,8.302,8.072,8.355,8.302,8.11,8.332,8.424,8.036,7.644,8.085,8.155,7.802,7.625,7.416,7.198,7.252,7.732,7.375,7.265,7.363,7.63,7.841,7.412,7.5,7.774,7.997,8.175,8.476,8.151,7.905,8.226,8.08,8.429,8.51,8.442,8.23,8.174,8.438,8.504,8.118,8.062,8.312,8.334,8.139,8.331,8.731,8.881,8.965,11.846,11.636,11.278,11.085,11.306,11.129,10.512,10.34,10.184,9.705,10.263,10.716,11.066,11.492,11.14,10.467,9.68,9.981,10.211,10.595,10.737,10.553,10.126,9.399,10.032,10.536,10.689,10.673,10.798,10.649,9.793,9.718,10.133,10.39,10.516,10.627,10.796,10.759,10.923,11.074,11.279,11.346,11.364,11.269,10.905,10.979,10.677,11.067,11.189,11.217,11.068,10.652,10.589,10.347,10.704,11.042,11.077,11.155,10.725,10.875,11.056,9.612,9.55,9.605,9.433,9.132,9.315,9.4,9.435,9.377,9.045,8.487,7.702,7.551,8.075,8.312,8.525,8.645,8.831,8.536,8.724,8.921,8.993,9.117,8.925,8.673,8.084,8.108,8.226,8.253,8.051,7.879,7.735,7.488,7.566,7.518,7.852,8.076,8.208,8.104,7.83,8.229,8.376,8.392,8.31,8.419,8.404,7.976,8.039,8.361,8.542,8.598,8.811,8.589,8.192,8.489,8.656,8.636,8.552,8.718,8.845,8.546
Guntur_131,7.937,7.991,8.142,8.162,7.859,7.904,8.076,8.087,7.925,7.836,7.98,7.983,8.08,7.936,7.705,7.664,8.021,7.986,7.663,7.989,8.047,7.868,7.956,8.148,8.237,7.86,8.113,8.232,8.294,8.35,8.282,6.643,6.324,6.526,6.695,6.696,6.69,6.765,6.533,6.389,6.498,6.529,6.596,6.83,6.819,6.886,6.597,6.759,6.897,6.869,6.719,6.486,6.541,6.369,6.583,6.7,6.773,6.692,6.652,6.577,7.322,7.531,7.614,7.494,7.376,7.421,7.522,7.301,7.247,6.72,6.982,7.407,7.452,7.404,7.119,7.368,7.602,7.57,8.391,8.268,7.975,7.847,7.708,8.021,8.306,8.398,8.364,8.321,8.062,7.851,7.834,8.982,9.181,9.244,9.185,8.829,9.273,9.318,9.271,9.331,9.401,9.226,9.006,9.519,9.345,9.278,9.008,8.941,8.854,8.557,9.092,9.14,8.915,9.057,9.151,9.063,8.886,9.214,9.224,9.241,9.081,7.845,7.863,7.749,7.976,7.945,8.043,8.257,8.247,8.196,7.871,7.745,7.81,7.781,7.718,7.762,7.672,7.696,7.205,7.544,7.77,7.53,7.428,7.623,7.742,7.402,7.578,7.707,7.927,7.905,7.725,7.546,7.525,7.62,7.599,7.807,7.747,7.796,7.649,8.131,8.276,8.383,8.28,8.303,8.061,7.785,8.178,8.171,8.299,8.413,8.24,8.187,7.87,8.321,8.536,8.43,8.428,8.141,7.967,7.726,8.09,8.495,0.0,0.0,0.0,0.0,0.0,0.0,0.0,0.0,0.0,0.0,0.0,0.0,0.0,0.0,0.0,0.0,0.0,0.0,0.0,0.0,0.0,0.0,0.0,0.0,0.0,0.0,0.0,0.0,0.0,0.0,0.0,0.0,0.0,0.0,0.0,0.0,0.0,0.0,0.0,0.0,0.0,0.0,0.0,0.0,0.0,0.0,0.0,0.0,0.0,0.0,0.0,0.0,0.0,0.0,0.0,0.0,0.0,0.0,0.0,0.0,0.0,0.0,6.631,6.653,6.656,6.785,6.838,6.479,6.549,6.731,7.033,6.933,6.843,6.624,6.422,6.493,6.603,6.696,6.569,6.521,6.697,6.403,6.517,6.429,6.315,6.515,6.547,6.256,6.049,6.515,6.654,6.599,7.984,7.934,8.168,7.913,8.062,8.303,8.579,8.698,8.701,8.444,7.978,8.061,8.186,7.835,7.971,8.06,8.24,8.027,8.216,8.224,8.193,8.036,7.834,7.823,7.425,7.574,7.965,8.121,8.304,8.459,8.392,7.291,7.545,7.626,7.601,7.524,7.693,7.581,7.277,7.426,7.4,7.348,7.477,7.34,6.682,6.491,6.539,6.969,7.17,7.292,7.346,7.288,7.166,7.515,7.485,7.279,6.859,6.874,7.008,7.133,7.382,9.641,9.782,9.68,9.775,9.715,9.296,9.481,9.645,9.472,9.624,9.707,9.521,9.266,9.528,9.786,9.795,9.887,10.024,9.855,9.716,9.977,10.224,10.353,10.199,10.184,10.343,9.95,10.248,10.357,10.301,10.302,10.111,9.817,9.476,9.735,9.812,9.851,9.717,9.834,9.644,9.608,9.998,10.053,10.017,9.9,9.918,10.118,9.995,10.101,10.438,10.645,10.828,10.772,10.606,10.235,10.327,9.972,10.235,10.363,10.56,10.538,10.229,9.508,9.625,9.702,9.524,9.559,9.489,9.223,9.324,9.541,9.721,9.766,9.771,9.726,9.495,9.648,9.648,9.614,9.528,9.421,9.424,9.266,9.627,9.785,9.93,9.963,10.029,9.982,9.823,10.567,10.62,10.585,10.546,10.782,10.721,10.303,10.545,10.746,10.861,10.75,10.38,10.191,10.186,10.567,10.645,10.806,10.965,10.932,10.816,10.474,10.584,10.321,10.567,10.736,10.588,10.641,10.242,9.655,9.815,10.272,9.143,9.377,9.451,9.248,9.495,9.492,9.5,9.721,9.628,9.605,9.26,9.559,9.62,9.264,9.304,9.381,9.153,9.089,9.269,9.442,9.142,8.961,8.869,9.008,8.828,9.16,9.298,9.258,9.297,9.243,8.273,8.118,8.167,8.206,8.048,8.14,8.313,8.253,8.076,8.233,8.033,7.771,7.546,7.801,7.744,7.166,7.204,7.039,7.056,7.004,7.102,7.347,7.498,7.669,7.547,7.405,7.434,7.717,7.9,7.451,7.822,7.92,8.527,8.693,8.719,8.511,8.117,8.364,8.229,8.205,8.029,7.763,7.743,7.367,8.032,8.071,8.277,8.332,8.391,8.035,7.628,8.263,8.576,9.047,8.691,8.653,8.414,8.618,9.261,9.574,9.369,6.887,6.65,6.669,6.751,7.135,7.269,7.217,7.079,6.974,7.101,6.626,6.554,6.483,6.397,6.507,6.818,6.879,6.241,5.767,5.774,5.654,5.823,6.131,6.001,5.906,6.099,6.045,5.692,5.802,5.772,5.685,11.279,12.318,12.659,12.866,13.311,13.499,13.939,13.854,14.123,14.146,14.171,14.37,14.492,14.131,13.771,12.948,14.754,14.509,14.126,14.022,13.752,13.164,13.726,13.82,13.885,14.002,14.193,14.067,13.558,13.788,13.699,0.0,0.0,0.0,0.0,0.0,0.0,0.0,0.0,0.0,0.0,0.0,0.0,0.0,0.0,0.0,0.0,0.0,0.0,0.0,0.0,0.0,0.0,0.0,0.0,0.0,0.0,0.0,0.0,0.0,0.0,10.403,10.027,9.782,10.233,10.454,10.662,10.667,10.773,10.617,10.281,10.769,10.882,10.9,10.747,10.411,10.545,9.992,9.755,10.182,10.279,10.214,10.152,10.284,9.662,10.055,10.139,10.115,10.041,10.171,10.068,9.907,7.879,7.879,7.791,7.197,6.971,7.456,7.31,7.705,7.913,8.191,7.967,8.138,8.078,7.945,8.052,8.039,8.13,8.201,7.994,7.999,7.657,8.097,8.221,8.269,8.195,8.133,8.02,7.585,7.727,7.763,8.518,8.277,8.442,8.459,8.28,8.555,8.725,8.701,8.795,8.661,8.585,8.229,8.634,8.92,8.895,8.809,8.763,8.75,8.312,8.909,9.175,9.334,9.427,9.496,9.401,9.12,9.312,9.121,8.9,8.808,8.96,8.496,8.172,8.631,8.869,9.003,8.832,8.795,8.49,8.107,8.378,8.426,8.467,8.635,8.472,8.259,8.255,8.649,8.917,8.923,8.88,8.961,8.483,8.346,8.809,8.862,8.581,8.727,8.852,8.888,8.879,9.042,8.708,8.743,8.407,8.552,8.654,8.531,8.682,8.922,8.762,8.576,8.624,8.603,8.499,8.554,8.613,8.737,8.662,8.707,8.631,8.487,8.705,8.68,8.691,8.935,8.746,8.604,8.283,8.649,9.221,9.032,8.979,9.23,9.378,9.149,9.113,9.179,9.27,9.434,9.557,9.535,9.301,9.51,9.572,9.702,9.666,9.128,9.194,9.374,9.639,9.719,9.773,9.862,9.82,9.754,9.452,9.627,9.718,9.898,9.958,8.743,8.733,8.462,8.763,8.853,8.69,8.828,8.778,8.811,8.533,8.704,8.831,8.849,8.763,8.672,8.797,8.395,8.624,8.775,8.71,8.743,8.763,8.752,8.475,8.772,8.876,8.967,8.907,8.827,8.599,8.816,9.033,9.002,9.216,9.207,9.451,9.392,8.972,9.11,8.969,9.009,8.998,8.913,8.826,8.584,8.932,9.146,9.402,9.311,8.922,8.137,7.561,7.47,8.132,8.738,8.793,8.661,8.586,8.513,8.99,9.12,9.212,9.305,9.294,9.189,8.965,9.212,9.273,9.076,8.991,9.209,9.117,8.852,9.286,9.417,9.165,8.961,8.831,8.619,8.0,8.023,8.091,8.735,9.074,8.968,8.79,8.534,9.032,9.159,8.794,8.188,8.101,8.238,8.029,8.632,8.669,8.659,8.687,8.524,8.167,7.651,7.941,7.96,8.084,7.964,7.983,8.0,7.653,8.233,8.36,8.212,7.709,7.941,7.737,7.191,7.737,8.244,8.339,8.274,8.42,8.146,7.661,7.013,7.191,7.488,7.482,7.222,7.008,6.667,6.831,6.823,6.82,6.428,6.777,7.034,6.557,6.218,6.66,7.044,7.286,7.198,7.107,6.801,7.171,7.351,7.285,7.406,7.648,7.398,7.084,7.597,7.795,7.744,7.676,7.749,7.709,7.257,7.627,7.748,7.779,7.674,7.474,7.286,6.804,6.912,6.941,6.945,6.839,6.498,6.719,6.768,7.15,7.138,7.05,6.756,6.648,6.561,6.582,7.166,7.221,7.197,7.3,7.319,7.852,7.501,7.959,8.199,7.772,7.884,7.846,7.891,7.628,7.87,7.799,7.932,7.94,7.874,7.76,7.492,8.09,8.168,8.182,8.155,8.051,7.838,7.371,6.951,6.806,7.293,7.695,7.853,7.893,7.676,7.756,9.498,9.62,9.537,9.691,9.657,9.457,9.596,9.671,9.673,9.669,9.678,9.388,9.159,9.229,9.473,9.615,9.687,9.772,9.803,9.422,9.767,9.905,9.882,9.878,9.88,9.889,9.672,9.92,9.798,9.809,8.208,8.329,8.343,8.05,8.221,8.41,8.51,8.304,8.243,7.924,7.714,8.121,8.134,8.183,8.335,8.503,8.565,8.374,8.703,8.732,8.664,8.7,8.842,8.785,8.485,8.655,8.819,8.959,8.992,8.888,8.794,8.755,8.992,8.956,8.805,8.916,8.981,9.034,8.952,9.096,9.109,9.192,9.215,9.268,8.939,8.583,8.826,9.004,9.176,9.094,9.207,9.098,8.835,8.901,9.059,8.991,8.403,8.674,8.931,8.704,8.819,8.829,8.954,9.076,9.366,9.339,9.124,9.184,9.343,9.574,9.443,9.458,9.502,9.062,9.493,9.651,9.528,9.507,9.635,9.572,9.321,9.581,9.67,9.638,9.799,9.879,9.684,9.479,9.888,9.783,9.078,9.112,9.299,9.209,8.85,9.029,8.526,8.319,8.634,9.133,9.24,9.006,9.477,9.523,9.499,9.292,8.78,8.305,7.71,8.302,8.623,8.851,9.03,9.081,9.293,8.938,9.278,9.387,9.435,9.389,9.031,8.298,8.191,8.546,8.903,8.934,8.989,9.123,8.92,8.693,9.055,9.236,9.303,9.417,9.323,9.234,8.898,9.132,9.38,9.285,9.167,8.98,8.735,8.026,8.541,8.942,8.951,9.031,9.019,8.679,7.916,7.962,8.27,8.611,8.631,8.903,9.033,8.699,9.055,9.353,9.457,9.601,9.532,9.392,8.897,9.065,9.405,9.649,9.414,9.836,9.73,9.383,9.632,9.699,9.093,8.657,8.293,8.524,8.874,9.302,9.464,9.251,7.787,7.93,8.244,7.643,8.027,8.109,8.279,8.39,8.324,8.008,7.665,7.98,7.939,7.793,7.899,8.112,7.965,7.584,7.831,7.88,8.01,8.059,8.045,7.789,7.137,7.173,7.39,7.314,7.131,6.97,9.587,9.498,10.148,10.206,9.948,9.602,9.759,9.424,9.319,10.104,10.11,10.28,10.127,10.059,9.861,9.587,9.924,9.86,9.632,9.896,10.006,9.544,9.079,9.603,9.685,9.266,9.056,8.808,8.549,8.613,9.183,12.136,11.956,12.117,12.556,12.903,12.197,12.342,12.793,13.16,13.452,13.949,13.413,13.009,13.537,13.297,13.871,14.005,13.892,13.543,13.451,13.885,13.994,13.359,13.266,13.679,13.715,13.394,13.71,14.368,14.615,14.752,10.888,10.695,10.365,10.188,10.391,10.228,9.662,9.503,9.36,8.92,9.433,9.849,10.171,10.562,10.239,9.62,8.897,9.173,9.385,9.738,9.868,9.699,9.307,8.639,9.22,9.683,9.824,9.809,9.924,9.787,9.915,9.838,10.259,10.519,10.646,10.759,10.93,10.892,11.058,11.211,11.419,11.487,11.505,11.408,11.04,11.114,10.809,11.204,11.327,11.356,11.204,10.783,10.72,10.475,10.837,11.178,11.214,11.293,10.858,11.01,11.193,8.151,8.098,8.145,7.999,7.744,7.899,7.971,8.001,7.951,7.67,7.197,6.531,6.403,6.848,7.048,7.229,7.331,7.489,7.238,7.397,7.565,7.626,7.731,7.568,7.355,6.855,6.875,6.976,6.998,6.827,7.527,7.389,7.154,7.228,7.182,7.501,7.715,7.841,7.742,7.48,7.862,8.001,8.017,7.939,8.043,8.029,7.619,7.68,7.988,8.16,8.214,8.417,8.205,7.826,8.11,8.27,8.25,8.17,8.329,8.449,8.164,8.373,8.525,8.745,8.738,8.766,8.539,8.168,8.446,8.437,8.585,8.636,8.762,8.884,8.486,8.561,8.854,8.943,8.95,8.993,9.059,8.864,8.893,9.019,8.963,8.36,7.813,8.065,8.304,8.094,8.2,8.21,8.628,8.746,9.025,8.999,8.792,8.85,9.003,9.225,9.099,9.114,9.156,8.732,9.148,9.3,9.182,9.161,9.284,9.224,8.982,9.233,9.318,9.288,9.442,9.52,9.332,9.134,9.528,9.427,8.327,8.815,8.848,9.03,8.943,8.594,8.768,8.279,8.078,8.384,8.869,8.973,8.745,9.203,9.248,9.224,9.023,8.526,8.064,7.487,8.061,8.373,8.595,8.769,8.818,9.024,8.679,9.01,9.115,9.162,9.117,8.77,8.858,8.742,9.122,9.503,9.536,9.595,9.738,9.521,9.279,9.666,9.858,9.93,10.051,9.952,9.856,9.497,9.747,10.012,9.911,9.785,9.586,9.323,8.567,9.116,9.544,9.555,9.639,9.627,9.264,8.449,7.612,7.906,8.232,8.251,8.511,8.636,8.316,8.657,8.941,9.04,9.178,9.112,8.979,8.505,8.666,8.991,9.225,9.0,9.403,9.301,8.97,9.208,9.272,8.693,8.276,7.928,8.149,8.484,8.892,9.048,8.844,7.787,7.93,8.244,7.643,8.027,8.109,8.279,8.39,8.324,8.008,7.665,7.98,7.939,7.793,7.899,8.112,7.965,7.584,7.831,7.88,8.01,8.059,8.045,7.789,7.137,7.173,7.39,7.314,7.131,6.97,8.077,8.002,8.55,8.599,8.381,8.09,8.222,7.94,7.852,8.513,8.518,8.661,8.532,8.475,8.308,8.078,8.361,8.307,8.115,8.337,8.43,8.041,7.649,8.091,8.16,7.807,7.63,7.421,7.203,7.257,7.737,5.893,5.806,5.884,6.098,6.266,5.923,5.994,6.212,6.391,6.533,6.774,6.513,6.318,6.574,6.457,6.736,6.801,6.746,6.577,6.532,6.743,6.796,6.487,6.442,6.643,6.66,6.505,6.658,6.977,7.097,7.164,7.142,7.016,6.799,6.683,6.816,6.71,6.338,6.234,6.14,5.851,6.188,6.461,6.672,6.929,6.716,6.311,5.836,6.018,6.157,6.388,6.473,6.362,6.105,5.667,6.048,6.352,6.444,6.435,6.51,6.42,9.915,9.838,10.259,10.519,10.646,10.759,10.93,10.892,11.058,11.211,11.419,11.487,11.505,11.408,11.04,11.114,10.809,11.204,11.327,11.356,11.204,10.783,10.72,10.475,10.837,11.178,11.214,11.293,10.858,11.01,11.193,8.151,8.098,8.145,7.999,7.744,7.899,7.971,8.001,7.951,7.67,7.197,6.531,6.403,6.848,7.048,7.229,7.331,7.489,7.238,7.397,7.565,7.626,7.731,7.568,7.355,6.855,6.875,6.976,6.998,6.827,7.527,7.389,7.154,7.228,7.182,7.501,7.715,7.841,7.742,7.48,7.862,8.001,8.017,7.939,8.043,8.029,7.619,7.68,7.988,8.16,8.214,8.417,8.205,7.826,8.11,8.27,8.25,8.17,8.329,8.449,8.164
Guntur_132,9.722,9.789,9.974,9.998,9.627,9.682,9.893,9.906,9.708,9.599,9.775,9.779,9.898,9.722,9.439,9.388,9.826,9.782,9.387,9.786,9.857,9.637,9.746,9.981,10.089,9.628,9.938,10.084,10.16,10.229,10.145,8.149,7.758,8.006,8.214,8.215,8.208,8.299,8.014,7.838,7.972,8.009,8.092,8.378,8.365,8.447,8.093,8.292,8.461,8.426,8.243,7.957,8.025,7.813,8.076,8.219,8.309,8.209,8.161,8.068,7.833,8.056,8.145,8.017,7.891,7.939,8.047,7.811,7.752,7.189,7.47,7.924,7.972,7.921,7.616,7.882,8.133,8.099,8.977,8.845,8.532,8.395,8.246,8.581,8.886,8.984,8.948,8.901,8.625,8.399,8.38,9.228,9.433,9.497,9.437,9.071,9.527,9.573,9.524,9.586,9.658,9.478,9.253,9.78,9.601,9.532,9.254,9.186,9.097,8.792,9.341,9.391,9.159,9.305,9.402,9.311,9.129,9.466,9.476,9.494,9.33,8.831,8.852,8.723,8.978,8.944,9.054,9.294,9.283,9.226,8.86,8.718,8.792,8.759,8.688,8.737,8.636,8.663,8.11,8.492,8.747,8.477,8.361,8.581,8.715,8.332,8.53,8.675,8.923,8.899,8.696,8.494,6.949,7.037,7.018,7.21,7.155,7.199,7.063,7.509,7.643,7.742,7.647,7.668,7.444,7.19,7.552,7.546,7.664,7.769,7.61,7.561,7.268,7.685,7.883,7.785,7.783,7.518,7.358,7.135,7.471,7.845,0.0,0.0,0.0,0.0,0.0,0.0,0.0,0.0,0.0,0.0,0.0,0.0,0.0,0.0,0.0,0.0,0.0,0.0,0.0,0.0,0.0,0.0,0.0,0.0,0.0,0.0,0.0,0.0,0.0,0.0,0.0,0.0,0.0,0.0,0.0,0.0,0.0,0.0,0.0,0.0,0.0,0.0,0.0,0.0,0.0,0.0,0.0,0.0,0.0,0.0,0.0,0.0,0.0,0.0,0.0,0.0,0.0,0.0,0.0,0.0,0.0,0.0,10.338,10.374,10.378,10.579,10.661,10.102,10.211,10.495,10.965,10.81,10.669,10.328,10.013,10.124,10.295,10.441,10.243,10.168,10.442,9.982,10.161,10.023,9.846,10.158,10.208,9.754,9.431,10.158,10.374,10.289,8.192,8.141,8.381,8.119,8.271,8.519,8.803,8.925,8.928,8.664,8.186,8.271,8.399,8.039,8.178,8.27,8.455,8.236,8.43,8.438,8.406,8.245,8.038,8.027,7.618,7.771,8.172,8.332,8.52,8.679,8.61,7.769,8.041,8.127,8.1,8.018,8.199,8.079,7.754,7.914,7.886,7.83,7.968,7.822,7.12,6.918,6.969,7.426,7.64,7.77,7.829,7.767,7.636,8.008,7.976,7.757,7.309,7.325,7.469,7.601,7.867,8.154,8.273,8.187,8.267,8.217,7.862,8.019,8.157,8.011,8.14,8.21,8.053,7.837,8.059,8.276,8.284,8.362,8.478,8.335,8.218,8.438,8.647,8.757,8.626,8.613,8.747,8.415,8.667,8.76,8.713,8.713,8.506,8.258,7.972,8.189,8.255,8.287,8.175,8.273,8.113,8.082,8.411,8.457,8.427,8.328,8.344,8.511,8.408,8.497,8.781,8.955,9.109,9.062,8.922,8.61,8.687,8.389,8.61,8.718,8.883,8.865,8.605,8.269,8.371,8.438,8.283,8.314,8.252,8.021,8.109,8.298,8.455,8.493,8.498,8.459,8.258,8.391,8.391,8.362,8.287,8.194,8.196,8.059,8.373,8.51,8.637,8.665,8.722,8.681,8.543,9.083,9.129,9.099,9.065,9.268,9.215,8.856,9.064,9.238,9.336,9.24,8.922,8.76,8.756,9.083,9.15,9.289,9.425,9.397,9.297,9.003,9.098,8.872,9.083,9.229,9.101,9.147,8.804,8.3,8.437,8.83,7.975,8.18,8.244,8.068,8.283,8.28,8.287,8.48,8.398,8.379,8.078,8.339,8.392,8.081,8.116,8.183,7.984,7.929,8.086,8.237,7.975,7.817,7.736,7.858,7.701,7.991,8.111,8.076,8.11,8.062,7.271,7.135,7.179,7.213,7.074,7.155,7.307,7.254,7.099,7.237,7.061,6.83,6.633,6.857,6.807,6.299,6.332,6.187,6.202,6.157,6.242,6.458,6.591,6.741,6.633,6.509,6.534,6.783,6.944,6.549,6.875,6.802,7.323,7.466,7.488,7.31,6.971,7.183,7.068,7.047,6.896,6.667,6.65,6.327,6.898,6.932,7.109,7.156,7.207,6.901,6.551,7.097,7.366,7.77,7.464,7.432,7.227,7.402,7.954,8.222,8.046,8.98,8.671,8.696,8.802,9.304,9.478,9.41,9.231,9.094,9.26,8.639,8.546,8.454,8.341,8.484,8.89,8.969,8.137,7.52,7.528,7.373,7.592,7.995,7.825,7.701,7.952,7.882,7.421,7.566,7.526,7.413,12.54,13.694,14.074,14.304,14.799,15.007,15.497,15.402,15.702,15.726,15.754,15.976,16.111,15.71,15.31,14.395,16.403,16.13,15.704,15.589,15.289,14.635,15.26,15.364,15.436,15.567,15.779,15.639,15.073,15.329,15.23,0.0,0.0,0.0,0.0,0.0,0.0,0.0,0.0,0.0,0.0,0.0,0.0,0.0,0.0,0.0,0.0,0.0,0.0,0.0,0.0,0.0,0.0,0.0,0.0,0.0,0.0,0.0,0.0,0.0,0.0,8.977,8.652,8.442,8.83,9.022,9.201,9.205,9.296,9.162,8.872,9.293,9.39,9.406,9.274,8.984,9.1,8.622,8.418,8.787,8.87,8.814,8.76,8.875,8.337,8.676,8.75,8.728,8.665,8.777,8.688,8.549,8.219,8.218,8.127,7.508,7.272,7.778,7.625,8.037,8.254,8.544,8.31,8.489,8.426,8.288,8.399,8.385,8.481,8.555,8.338,8.343,7.987,8.446,8.575,8.626,8.548,8.484,8.365,7.912,8.06,8.097,8.347,8.111,8.272,8.289,8.113,8.383,8.549,8.526,8.618,8.487,8.412,8.064,8.46,8.74,8.716,8.631,8.587,8.574,8.145,8.73,8.991,9.146,9.237,9.305,9.212,8.936,9.125,8.938,8.721,8.631,8.78,8.093,7.784,8.222,8.448,8.576,8.413,8.378,8.087,7.723,7.98,8.026,8.065,8.226,8.07,7.867,7.863,8.239,8.494,8.5,8.459,8.535,8.08,7.95,8.391,8.442,8.174,8.313,8.432,8.466,8.458,8.613,7.791,7.822,7.522,7.651,7.743,7.632,7.767,7.982,7.839,7.673,7.716,7.697,7.604,7.653,7.706,7.817,7.75,7.79,7.722,7.593,7.789,7.766,7.776,7.994,7.825,7.698,7.411,7.738,8.613,8.437,8.387,8.621,8.76,8.546,8.512,8.574,8.659,8.813,8.928,8.906,8.688,8.883,8.941,9.063,9.029,8.526,8.588,8.756,9.004,9.078,9.129,9.212,9.173,9.111,8.829,8.993,9.078,9.245,9.301,8.606,8.597,8.33,8.626,8.715,8.555,8.691,8.641,8.673,8.4,8.568,8.693,8.711,8.626,8.537,8.66,8.265,8.49,8.639,8.574,8.607,8.626,8.616,8.343,8.635,8.737,8.827,8.768,8.69,8.465,8.877,9.096,9.065,9.28,9.271,9.516,9.458,9.035,9.173,9.031,9.072,9.061,8.975,8.888,8.644,8.994,9.209,9.467,9.376,8.984,8.193,7.614,7.522,8.189,8.799,8.855,8.722,8.646,8.572,9.053,9.184,8.707,8.795,8.784,8.686,8.474,8.707,8.765,8.579,8.498,8.705,8.618,8.367,8.778,8.901,8.663,8.47,8.347,8.147,7.562,7.584,7.648,8.256,8.577,8.477,8.309,8.067,8.537,8.657,8.312,7.739,7.657,7.787,7.589,8.159,8.194,8.184,8.211,8.057,7.719,7.232,7.506,7.524,7.641,7.527,7.546,7.561,7.234,7.782,7.902,7.762,7.286,7.506,7.313,6.797,7.313,7.792,7.882,7.82,7.959,7.699,7.241,7.062,7.242,7.541,7.535,7.273,7.058,6.714,6.879,6.872,6.868,6.473,6.824,7.083,6.603,6.262,6.707,7.093,7.337,7.249,7.157,6.849,7.222,7.403,7.336,7.459,7.702,7.451,7.134,7.65,7.85,7.799,8.707,8.79,8.745,8.232,8.652,8.788,8.824,8.705,8.479,8.264,7.718,7.84,7.873,7.878,7.758,7.371,7.622,7.678,8.11,8.097,7.997,7.663,7.541,7.442,7.467,8.129,8.191,8.164,8.281,8.302,8.155,7.79,8.266,8.515,8.072,8.188,8.149,8.196,7.922,8.174,8.1,8.238,8.247,8.178,8.06,7.781,8.402,8.483,8.497,8.47,8.361,8.14,7.655,7.22,7.068,7.574,7.992,8.156,8.198,7.972,8.055,8.007,8.109,8.039,8.169,8.141,7.972,8.089,8.152,8.154,8.15,8.158,7.914,7.721,7.779,7.985,8.105,8.165,8.237,8.264,7.943,8.233,8.349,8.33,8.326,8.329,8.336,8.153,8.362,8.259,8.269,7.944,8.061,8.075,7.792,7.957,8.14,8.237,8.037,7.978,7.67,7.466,7.86,7.872,7.92,8.067,8.229,8.29,8.105,8.423,8.451,8.385,8.42,8.558,8.503,8.212,8.377,8.536,8.672,8.703,8.603,8.512,8.239,8.462,8.428,8.286,8.39,8.452,8.501,8.424,8.56,8.572,8.65,8.672,8.722,8.413,8.077,8.306,8.474,8.635,8.558,8.665,8.562,8.314,8.377,8.525,8.461,7.907,8.163,8.405,8.191,8.299,8.309,7.968,8.077,8.335,8.311,8.12,8.173,8.315,8.52,8.403,8.417,8.456,8.064,8.448,8.589,8.479,8.46,8.574,8.518,8.295,8.527,8.606,8.577,8.72,8.791,8.618,8.436,8.799,8.706,9.486,9.522,9.717,9.624,9.248,9.435,8.91,8.693,9.023,9.544,9.656,9.411,9.903,9.952,9.926,9.71,9.175,8.678,8.057,8.675,9.011,9.25,9.437,9.49,9.711,9.34,9.696,9.809,9.859,9.811,9.438,8.567,8.456,8.822,9.191,9.223,9.281,9.419,9.209,8.975,9.349,9.535,9.604,9.722,9.625,9.533,9.186,9.428,9.684,9.586,9.464,9.271,9.017,8.286,8.817,9.232,9.241,9.323,9.311,8.961,8.172,7.624,7.919,8.246,8.264,8.525,8.65,8.329,8.671,8.956,9.055,9.193,9.127,8.993,8.519,8.68,9.006,9.24,9.014,9.418,9.317,8.985,9.223,9.287,8.707,8.289,7.941,8.162,8.497,8.907,9.062,8.858,7.066,7.196,7.481,6.936,7.284,7.358,7.513,7.613,7.553,7.267,6.956,7.242,7.204,7.072,7.168,7.362,7.228,6.882,7.107,7.151,7.268,7.313,7.301,7.068,6.477,6.509,6.706,6.637,6.471,6.325,9.587,9.498,10.148,10.206,9.948,9.602,9.759,9.424,9.319,10.104,10.11,10.28,10.127,10.059,9.861,9.587,9.924,9.86,9.632,9.896,10.006,9.544,9.079,9.603,9.685,9.266,9.056,8.808,8.549,8.613,9.183,11.262,11.095,11.244,11.652,11.974,11.318,11.453,11.871,12.212,12.483,12.944,12.447,12.072,12.562,12.339,12.872,12.996,12.892,12.568,12.482,12.885,12.986,12.397,12.311,12.693,12.727,12.43,12.723,13.333,13.562,13.69,10.54,10.353,10.034,9.863,10.059,9.901,9.353,9.199,9.061,8.635,9.131,9.534,9.846,10.225,9.911,9.313,8.613,8.88,9.085,9.426,9.553,9.389,9.009,8.363,8.926,9.374,9.51,9.496,9.607,9.474,8.341,8.276,8.63,8.849,8.956,9.051,9.195,9.163,9.303,9.431,9.606,9.663,9.679,9.597,9.287,9.35,9.093,9.425,9.529,9.553,9.426,9.072,9.018,8.812,9.116,9.404,9.434,9.501,9.134,9.262,9.416,11.579,11.504,11.571,11.363,11.001,11.221,11.324,11.366,11.295,10.895,10.223,9.278,9.096,9.727,10.012,10.269,10.414,10.638,10.282,10.509,10.746,10.833,10.983,10.751,10.448,9.738,9.767,9.909,9.942,9.699,7.046,6.917,6.697,6.766,6.723,7.022,7.222,7.34,7.247,7.002,7.359,7.49,7.505,7.432,7.529,7.516,7.133,7.189,7.477,7.639,7.689,7.879,7.681,7.326,7.591,7.741,7.723,7.648,7.797,7.909,7.642,7.984,8.128,8.339,8.332,8.358,8.142,7.789,8.053,8.045,8.186,8.235,8.355,8.471,8.091,8.163,8.443,8.528,8.534,8.575,8.638,8.452,8.48,8.6,8.547,7.971,7.45,7.691,7.919,7.718,7.819,7.828,7.396,7.496,7.736,7.713,7.536,7.586,7.717,7.907,7.799,7.812,7.848,7.485,7.841,7.972,7.87,7.852,7.958,7.906,7.699,7.914,7.987,7.961,8.093,8.16,7.999,7.829,8.167,8.081,7.137,8.39,8.421,8.594,8.512,8.179,8.345,7.88,7.689,7.98,8.441,8.54,8.323,8.759,8.802,8.779,8.588,8.115,7.675,7.126,7.673,7.97,8.181,8.346,8.393,8.589,8.261,8.575,8.676,8.72,8.678,8.347,7.517,7.419,7.741,8.064,8.092,8.143,8.264,8.08,7.874,8.202,8.366,8.427,8.53,8.445,8.364,8.06,8.272,8.496,8.411,8.304,8.134,7.912,7.27,7.736,8.1,8.108,8.18,8.169,7.862,7.17,6.701,6.96,7.248,7.264,7.493,7.603,7.321,7.621,7.872,7.959,8.081,8.022,7.905,7.488,7.629,7.916,8.121,7.923,8.278,8.189,7.897,8.107,8.163,7.653,7.286,6.979,7.174,7.469,7.829,7.966,7.786,7.066,7.196,7.481,6.936,7.284,7.358,7.513,7.613,7.553,7.267,6.956,7.242,7.204,7.072,7.168,7.362,7.228,6.882,7.107,7.151,7.268,7.313,7.301,7.068,6.477,6.509,6.706,6.637,6.471,6.325,7.111,7.045,7.528,7.57,7.379,7.123,7.239,6.991,6.913,7.495,7.499,7.625,7.512,7.461,7.315,7.112,7.361,7.314,7.145,7.34,7.422,7.08,6.735,7.123,7.184,6.873,6.718,6.534,6.342,6.389,6.812,5.893,5.806,5.884,6.098,6.266,5.923,5.994,6.212,6.391,6.533,6.774,6.513,6.318,6.574,6.457,6.736,6.801,6.746,6.577,6.532,6.743,6.796,6.487,6.442,6.643,6.66,6.505,6.658,6.977,7.097,7.164,8.559,8.408,8.148,8.009,8.169,8.041,7.595,7.471,7.358,7.012,7.415,7.743,7.995,8.303,8.049,7.563,6.994,7.211,7.378,7.655,7.758,7.625,7.316,6.791,7.248,7.612,7.723,7.711,7.802,7.694,8.341,8.276,8.63,8.849,8.956,9.051,9.195,9.163,9.303,9.431,9.606,9.663,9.679,9.597,9.287,9.35,9.093,9.425,9.529,9.553,9.426,9.072,9.018,8.812,9.116,9.404,9.434,9.501,9.134,9.262,9.416,11.579,11.504,11.571,11.363,11.001,11.221,11.324,11.366,11.295,10.895,10.223,9.278,9.096,9.727,10.012,10.269,10.414,10.638,10.282,10.509,10.746,10.833,10.983,10.751,10.448,9.738,9.767,9.909,9.942,9.699,7.046,6.917,6.697,6.766,6.723,7.022,7.222,7.34,7.247,7.002,7.359,7.49,7.505,7.432,7.529,7.516,7.133,7.189,7.477,7.639,7.689,7.879,7.681,7.326,7.591,7.741,7.723,7.648,7.797,7.909,7.642
Guntur_133,9.735,9.802,9.987,10.011,9.64,9.695,9.906,9.919,9.721,9.612,9.787,9.791,9.911,9.734,9.451,9.4,9.838,9.795,9.399,9.799,9.87,9.65,9.758,9.994,10.103,9.641,9.951,10.097,10.174,10.242,10.158,9.385,8.934,9.22,9.459,9.46,9.452,9.558,9.229,9.026,9.181,9.223,9.319,9.649,9.633,9.728,9.32,9.549,9.744,9.704,9.493,9.163,9.241,8.998,9.3,9.465,9.569,9.454,9.398,9.292,9.016,9.272,9.375,9.228,9.082,9.138,9.262,8.99,8.923,8.274,8.597,9.12,9.176,9.117,8.766,9.072,9.36,9.321,10.331,10.18,9.82,9.662,9.491,9.876,10.227,10.34,10.299,10.245,9.927,9.667,9.645,10.302,10.53,10.602,10.535,10.126,10.636,10.687,10.632,10.701,10.782,10.581,10.329,10.918,10.718,10.641,10.331,10.255,10.155,9.814,10.428,10.483,10.225,10.387,10.495,10.394,10.191,10.568,10.579,10.598,10.415,9.621,9.644,9.503,9.781,9.744,9.864,10.126,10.114,10.051,9.652,9.498,9.579,9.543,9.465,9.519,9.409,9.439,8.836,9.252,9.529,9.235,9.11,9.348,9.495,9.077,9.293,9.451,9.722,9.695,9.474,9.254,8.346,8.451,8.428,8.659,8.593,8.646,8.483,9.018,9.179,9.298,9.184,9.209,8.94,8.635,9.07,9.062,9.205,9.331,9.139,9.08,8.729,9.229,9.468,9.349,9.347,9.029,8.836,8.568,8.973,9.421,0.0,0.0,0.0,0.0,0.0,0.0,0.0,0.0,0.0,0.0,0.0,0.0,0.0,0.0,0.0,0.0,0.0,0.0,0.0,0.0,0.0,0.0,0.0,0.0,0.0,0.0,0.0,0.0,0.0,0.0,0.0,0.0,0.0,0.0,0.0,0.0,0.0,0.0,0.0,0.0,0.0,0.0,0.0,0.0,0.0,0.0,0.0,0.0,0.0,0.0,0.0,0.0,0.0,0.0,0.0,0.0,0.0,0.0,0.0,0.0,0.0,0.0,10.338,10.374,10.378,10.579,10.661,10.102,10.211,10.495,10.965,10.81,10.669,10.328,10.013,10.124,10.295,10.441,10.243,10.168,10.442,9.982,10.161,10.023,9.846,10.158,10.208,9.754,9.431,10.158,10.374,10.289,9.924,9.862,10.153,9.836,10.02,10.32,10.664,10.812,10.815,10.495,9.917,10.019,10.175,9.739,9.907,10.018,10.243,9.978,10.212,10.222,10.183,9.988,9.737,9.724,9.228,9.414,9.9,10.094,10.321,10.514,10.431,9.557,9.891,9.997,9.964,9.862,10.085,9.938,9.538,9.734,9.7,9.632,9.801,9.622,8.759,8.509,8.572,9.135,9.398,9.558,9.63,9.554,9.393,9.851,9.811,9.542,8.991,9.01,9.187,9.35,9.677,9.404,9.543,9.443,9.536,9.477,9.068,9.249,9.408,9.24,9.388,9.469,9.288,9.039,9.295,9.546,9.555,9.644,9.778,9.614,9.478,9.733,9.973,10.1,9.949,9.935,10.089,9.706,9.997,10.104,10.049,10.05,9.05,8.786,8.481,8.713,8.782,8.816,8.697,8.802,8.631,8.599,8.948,8.997,8.965,8.86,8.877,9.055,8.945,9.04,9.342,9.527,9.691,9.641,9.492,9.16,9.243,8.925,9.16,9.275,9.451,9.432,9.155,9.482,9.599,9.676,9.498,9.533,9.463,9.198,9.299,9.515,9.695,9.739,9.744,9.699,9.47,9.622,9.622,9.588,9.502,9.396,9.398,9.241,9.601,9.758,9.903,9.936,10.001,9.954,9.797,9.561,9.609,9.577,9.542,9.756,9.7,9.322,9.541,9.723,9.827,9.726,9.391,9.221,9.216,9.561,9.631,9.777,9.921,9.891,9.786,9.476,9.577,9.338,9.561,9.714,9.58,9.628,9.266,8.736,8.881,9.294,9.052,9.284,9.357,9.157,9.401,9.398,9.406,9.625,9.532,9.51,9.169,9.465,9.525,9.172,9.212,9.288,9.062,9.0,9.178,9.349,9.051,8.872,8.781,8.919,8.741,9.07,9.206,9.167,9.205,9.151,8.305,8.15,8.199,8.239,8.08,8.172,8.346,8.286,8.108,8.266,8.065,7.802,7.576,7.832,7.775,7.195,7.233,7.067,7.084,7.032,7.13,7.377,7.528,7.699,7.577,7.435,7.464,7.748,7.932,7.481,7.853,8.015,8.629,8.797,8.824,8.614,8.214,8.464,8.328,8.304,8.125,7.856,7.836,7.456,8.128,8.168,8.376,8.432,8.492,8.132,7.719,8.363,8.679,9.155,8.795,8.757,8.515,8.722,9.372,9.689,9.481,8.98,8.671,8.696,8.802,9.304,9.478,9.41,9.231,9.094,9.26,8.639,8.546,8.454,8.341,8.484,8.89,8.969,8.137,7.52,7.528,7.373,7.592,7.995,7.825,7.701,7.952,7.882,7.421,7.566,7.526,7.413,0.0,0.0,0.0,0.0,0.0,0.0,0.0,0.0,0.0,0.0,0.0,0.0,0.0,0.0,0.0,0.0,0.0,0.0,0.0,0.0,0.0,0.0,0.0,0.0,0.0,0.0,0.0,0.0,0.0,0.0,0.0,0.0,0.0,0.0,0.0,0.0,0.0,0.0,0.0,0.0,0.0,0.0,0.0,0.0,0.0,0.0,0.0,0.0,0.0,0.0,0.0,0.0,0.0,0.0,0.0,0.0,0.0,0.0,0.0,0.0,0.0,8.594,8.283,8.082,8.454,8.637,8.808,8.812,8.9,8.771,8.494,8.897,8.99,9.005,8.878,8.601,8.712,8.255,8.059,8.412,8.492,8.438,8.387,8.496,7.982,8.306,8.376,8.356,8.295,8.402,8.318,8.184,9.536,9.535,9.429,8.71,8.437,9.024,8.846,9.324,9.576,9.913,9.641,9.848,9.776,9.616,9.745,9.728,9.839,9.925,9.674,9.68,9.266,9.799,9.949,10.008,9.918,9.843,9.706,9.18,9.351,9.395,9.006,8.751,8.926,8.944,8.754,9.045,9.225,9.199,9.299,9.157,9.076,8.701,9.129,9.431,9.404,9.313,9.265,9.251,8.788,9.42,9.701,9.868,9.967,10.04,9.94,9.642,9.846,9.643,9.41,9.312,9.473,8.763,8.428,8.902,9.147,9.286,9.109,9.072,8.756,8.362,8.641,8.69,8.733,8.906,8.738,8.518,8.514,8.921,9.198,9.203,9.159,9.242,8.749,8.608,9.086,9.14,8.851,9.001,9.13,9.167,9.158,9.326,8.714,8.749,8.413,8.558,8.66,8.536,8.687,8.928,8.768,8.582,8.63,8.608,8.504,8.559,8.618,8.743,8.668,8.712,8.637,8.492,8.711,8.685,8.697,8.941,8.752,8.61,8.288,8.655,9.249,9.059,9.006,9.258,9.407,9.177,9.141,9.207,9.298,9.463,9.586,9.563,9.33,9.539,9.601,9.732,9.695,9.156,9.222,9.402,9.669,9.748,9.803,9.892,9.85,9.784,9.48,9.656,9.748,9.928,9.988,9.757,9.746,9.443,9.78,9.88,9.698,9.852,9.796,9.832,9.522,9.713,9.855,9.875,9.779,9.678,9.817,9.369,9.624,9.793,9.72,9.757,9.779,9.768,9.458,9.789,9.905,10.006,9.94,9.851,9.596,10.407,10.663,10.627,10.879,10.868,11.156,11.087,10.591,10.754,10.587,10.635,10.622,10.522,10.419,10.133,10.544,10.796,11.098,10.992,10.532,9.605,8.926,8.818,9.6,10.315,10.38,10.224,10.136,10.049,10.612,10.766,8.707,8.795,8.784,8.686,8.474,8.707,8.765,8.579,8.498,8.705,8.618,8.367,8.778,8.901,8.663,8.47,8.347,8.147,7.562,7.584,7.648,8.256,8.577,8.477,8.309,8.067,8.537,8.657,8.312,7.739,7.657,7.787,7.589,8.159,8.194,8.184,8.211,8.057,7.719,7.232,7.506,7.524,7.641,7.527,7.546,7.561,7.234,7.782,7.902,7.762,7.286,7.506,7.313,6.797,7.313,7.792,7.882,7.82,7.959,7.699,7.241,7.777,7.975,8.304,8.298,8.009,7.772,7.393,7.575,7.567,7.563,7.128,7.515,7.8,7.271,6.896,7.385,7.811,8.08,7.983,7.882,7.542,7.952,8.152,8.079,8.214,8.482,8.205,7.856,8.425,8.645,8.588,9.526,9.617,9.567,9.006,9.465,9.615,9.654,9.523,9.276,9.041,8.443,8.577,8.613,8.618,8.487,8.064,8.339,8.399,8.873,8.858,8.748,8.384,8.25,8.142,8.169,8.893,8.961,8.931,9.059,9.083,9.02,8.616,9.143,9.418,8.928,9.057,9.013,9.065,8.762,9.041,8.959,9.111,9.121,9.045,8.914,8.606,9.293,9.383,9.398,9.368,9.248,9.003,8.467,7.985,7.818,8.377,8.839,9.021,9.067,8.817,8.909,9.215,9.333,9.252,9.402,9.369,9.175,9.309,9.382,9.384,9.38,9.389,9.108,8.886,8.953,9.19,9.328,9.397,9.48,9.51,9.141,9.476,9.609,9.587,9.583,9.585,9.594,9.383,9.624,9.506,9.516,9.053,9.186,9.202,8.879,9.068,9.276,9.387,9.159,9.092,8.74,8.508,8.957,8.971,9.025,9.193,9.378,9.447,9.236,9.599,9.631,9.556,9.595,9.753,9.69,9.358,9.547,9.727,9.882,9.917,9.803,9.7,9.057,9.303,9.265,9.11,9.224,9.292,9.346,9.261,9.411,9.424,9.509,9.534,9.588,9.248,8.88,9.131,9.316,9.493,9.408,9.525,9.413,9.14,9.209,9.372,9.301,8.693,8.974,9.24,9.005,9.123,9.134,9.099,9.222,9.517,9.49,9.272,9.333,9.494,9.728,9.595,9.611,9.656,9.208,9.647,9.807,9.682,9.66,9.791,9.727,9.472,9.736,9.827,9.794,9.957,10.039,9.841,9.632,10.048,9.941,10.254,10.292,10.503,10.403,9.996,10.199,9.631,9.397,9.753,10.317,10.437,10.173,10.705,10.757,10.729,10.496,9.918,9.381,8.709,9.377,9.74,9.998,10.2,10.258,10.497,10.096,10.48,10.603,10.657,10.605,10.202,9.515,9.391,9.798,10.208,10.243,10.307,10.46,10.227,9.967,10.383,10.589,10.666,10.797,10.69,10.587,10.202,10.47,10.755,10.646,10.511,10.297,10.015,9.202,9.792,10.252,10.263,10.354,10.341,9.951,9.076,9.143,9.496,9.888,9.91,10.223,10.372,9.988,10.397,10.739,10.859,11.024,10.945,10.785,10.215,10.408,10.8,11.08,10.809,11.294,11.172,10.774,11.06,11.136,10.441,9.94,9.522,9.787,10.19,10.681,10.867,10.622,9.383,9.556,9.934,9.21,9.673,9.771,9.977,10.11,10.03,9.65,9.237,9.617,9.567,9.391,9.519,9.776,9.598,9.139,9.437,9.496,9.652,9.711,9.695,9.386,8.601,8.643,8.906,8.814,8.593,8.399,11.37,11.264,12.035,12.104,11.797,11.388,11.573,11.177,11.052,11.982,11.99,12.192,12.01,11.929,11.695,11.37,11.769,11.694,11.423,11.736,11.866,11.319,10.767,11.389,11.486,10.989,10.74,10.446,10.139,10.215,10.891,11.262,11.095,11.244,11.652,11.974,11.318,11.453,11.871,12.212,12.483,12.944,12.447,12.072,12.562,12.339,12.872,12.996,12.892,12.568,12.482,12.885,12.986,12.397,12.311,12.693,12.727,12.43,12.723,13.333,13.562,13.69,12.848,12.621,12.231,12.022,12.262,12.07,11.401,11.214,11.045,10.526,11.131,11.622,12.002,12.464,12.082,11.352,10.499,10.825,11.075,11.491,11.645,11.445,10.983,10.194,10.88,11.427,11.593,11.575,11.711,11.549,9.946,9.869,10.292,10.552,10.68,10.793,10.965,10.927,11.094,11.247,11.456,11.524,11.542,11.445,11.075,11.15,10.843,11.24,11.364,11.392,11.24,10.818,10.754,10.509,10.871,11.214,11.25,11.33,10.893,11.045,11.229,10.589,10.52,10.581,10.391,10.06,10.262,10.355,10.394,10.329,9.963,9.349,8.484,8.318,8.896,9.156,9.391,9.523,9.728,9.403,9.61,9.827,9.906,10.044,9.832,9.555,8.905,8.931,9.062,9.091,8.869,8.092,7.944,7.691,7.771,7.722,8.064,8.295,8.43,8.323,8.042,8.452,8.602,8.619,8.535,8.647,8.632,8.192,8.257,8.587,8.773,8.831,9.049,8.822,8.413,8.719,8.891,8.869,8.783,8.954,9.084,8.777,9.273,9.441,9.685,9.677,9.708,9.457,9.046,9.354,9.344,9.507,9.564,9.704,9.839,9.398,9.481,9.806,9.905,9.912,9.96,10.032,9.817,9.849,9.988,9.927,9.259,8.653,8.932,9.197,8.964,9.081,9.092,8.823,8.943,9.229,9.202,8.991,9.05,9.207,9.434,9.305,9.32,9.363,8.93,9.355,9.511,9.389,9.368,9.494,9.433,9.185,9.442,9.529,9.498,9.656,9.735,9.543,9.341,9.744,9.641,8.515,9.234,9.268,9.459,9.368,9.002,9.184,8.673,8.462,8.782,9.29,9.399,9.161,9.64,9.687,9.662,9.452,8.931,8.448,7.843,8.444,8.771,9.003,9.186,9.237,9.453,9.092,9.438,9.548,9.597,9.55,9.187,9.755,9.628,10.046,10.466,10.502,10.568,10.725,10.486,10.219,10.645,10.857,10.936,11.07,10.96,10.855,10.46,10.735,11.027,10.915,10.777,10.557,10.268,9.435,10.04,10.512,10.523,10.616,10.602,10.203,9.305,7.531,7.822,8.145,8.163,8.421,8.544,8.228,8.565,8.846,8.944,9.081,9.016,8.884,8.415,8.574,8.896,9.127,8.904,9.303,9.203,8.875,9.11,9.173,8.6,8.188,7.843,8.062,8.394,8.798,8.952,8.75,9.383,9.556,9.934,9.21,9.673,9.771,9.977,10.11,10.03,9.65,9.237,9.617,9.567,9.391,9.519,9.776,9.598,9.139,9.437,9.496,9.652,9.711,9.695,9.386,8.601,8.643,8.906,8.814,8.593,8.399,7.992,7.917,8.459,8.508,8.292,8.004,8.135,7.856,7.768,8.422,8.427,8.569,8.442,8.385,8.22,7.992,8.272,8.219,8.029,8.249,8.341,7.956,7.568,8.005,8.074,7.724,7.549,7.343,7.127,7.18,7.655,7.719,7.604,7.706,7.986,8.207,7.757,7.85,8.136,8.37,8.556,8.872,8.531,8.274,8.609,8.457,8.822,8.907,8.836,8.614,8.555,8.831,8.901,8.496,8.438,8.7,8.723,8.519,8.72,9.138,9.295,9.383,12.574,12.351,11.97,11.766,12.0,11.812,11.158,10.975,10.809,10.301,10.893,11.374,11.746,12.198,11.824,11.11,10.275,10.594,10.839,11.246,11.396,11.201,10.748,9.976,10.648,11.183,11.345,11.328,11.461,11.303,9.946,9.869,10.292,10.552,10.68,10.793,10.965,10.927,11.094,11.247,11.456,11.524,11.542,11.445,11.075,11.15,10.843,11.24,11.364,11.392,11.24,10.818,10.754,10.509,10.871,11.214,11.25,11.33,10.893,11.045,11.229,10.589,10.52,10.581,10.391,10.06,10.262,10.355,10.394,10.329,9.963,9.349,8.484,8.318,8.896,9.156,9.391,9.523,9.728,9.403,9.61,9.827,9.906,10.044,9.832,9.555,8.905,8.931,9.062,9.091,8.869,8.092,7.944,7.691,7.771,7.722,8.064,8.295,8.43,8.323,8.042,8.452,8.602,8.619,8.535,8.647,8.632,8.192,8.257,8.587,8.773,8.831,9.049,8.822,8.413,8.719,8.891,8.869,8.783,8.954,9.084,8.777
Guntur_134,12.391,12.476,12.712,12.743,12.27,12.34,12.608,12.625,12.373,12.234,12.458,12.463,12.615,12.39,12.03,11.965,12.523,12.468,11.963,12.472,12.563,12.283,12.421,12.721,12.859,12.271,12.666,12.851,12.949,13.036,12.929,11.797,11.231,11.59,11.89,11.892,11.882,12.015,11.601,11.346,11.541,11.594,11.714,12.129,12.109,12.228,11.716,12.003,12.249,12.198,11.933,11.519,11.617,11.311,11.691,11.899,12.029,11.884,11.814,11.68,11.652,11.983,12.116,11.925,11.737,11.809,11.969,11.618,11.531,10.694,11.11,11.787,11.858,11.782,11.329,11.724,12.097,12.046,13.352,13.157,12.691,12.487,12.266,12.764,13.217,13.363,13.31,13.24,12.829,12.493,12.465,12.498,12.775,12.863,12.781,12.285,12.903,12.966,12.899,12.983,13.081,12.837,12.532,13.245,13.003,12.91,12.533,12.441,12.32,11.907,12.652,12.718,12.405,12.602,12.733,12.61,12.364,12.821,12.834,12.858,12.636,13.279,13.31,13.116,13.5,13.449,13.614,13.975,13.959,13.873,13.322,13.109,13.22,13.171,13.064,13.138,12.986,13.027,12.195,12.769,13.152,12.746,12.573,12.903,13.105,12.528,12.826,13.045,13.418,13.381,13.076,12.772,10.46,10.593,10.564,10.853,10.77,10.837,10.633,11.303,11.506,11.654,11.511,11.542,11.206,10.823,11.369,11.359,11.537,11.695,11.455,11.381,10.941,11.568,11.867,11.719,11.716,11.317,11.076,10.74,11.246,11.809,0.0,0.0,0.0,0.0,0.0,0.0,0.0,0.0,0.0,0.0,0.0,0.0,0.0,0.0,0.0,0.0,0.0,0.0,0.0,0.0,0.0,0.0,0.0,0.0,0.0,0.0,0.0,0.0,0.0,0.0,0.0,0.0,0.0,0.0,0.0,0.0,0.0,0.0,0.0,0.0,0.0,0.0,0.0,0.0,0.0,0.0,0.0,0.0,0.0,0.0,0.0,0.0,0.0,0.0,0.0,0.0,0.0,0.0,0.0,0.0,0.0,0.0,12.449,12.492,12.497,12.738,12.837,12.164,12.296,12.638,13.204,13.017,12.847,12.436,12.058,12.191,12.397,12.572,12.334,12.244,12.573,12.02,12.236,12.069,11.856,12.232,12.292,11.745,11.357,12.232,12.492,12.389,9.924,9.862,10.153,9.836,10.02,10.32,10.664,10.812,10.815,10.495,9.917,10.019,10.175,9.739,9.907,10.018,10.243,9.978,10.212,10.222,10.183,9.988,9.737,9.724,9.228,9.414,9.9,10.094,10.321,10.514,10.431,12.577,13.016,13.155,13.112,12.979,13.271,13.078,12.552,12.81,12.765,12.675,12.897,12.662,11.526,11.198,11.281,12.021,12.368,12.578,12.673,12.573,12.361,12.963,12.911,12.557,11.831,11.857,12.09,12.304,12.735,10.827,10.986,10.872,10.978,10.911,10.44,10.648,10.831,10.637,10.808,10.901,10.693,10.406,10.701,10.99,11.0,11.103,11.257,11.068,10.912,11.205,11.482,11.627,11.454,11.437,11.615,11.174,11.509,11.632,11.569,11.57,11.416,11.084,10.699,10.991,11.079,11.122,10.971,11.103,10.888,10.847,11.288,11.35,11.31,11.177,11.198,11.423,11.285,11.404,11.785,12.019,12.225,12.162,11.974,11.555,11.66,11.259,11.556,11.701,11.922,11.898,11.548,10.948,11.083,11.171,10.966,11.007,10.925,10.62,10.736,10.985,11.193,11.244,11.25,11.199,10.933,11.109,11.11,11.07,10.971,10.848,10.851,10.67,11.085,11.267,11.434,11.472,11.548,11.493,11.311,12.412,12.475,12.434,12.388,12.666,12.593,12.102,12.386,12.623,12.757,12.627,12.192,11.971,11.965,12.412,12.504,12.694,12.88,12.841,12.705,12.303,12.433,12.123,12.413,12.612,12.437,12.5,12.03,11.342,11.529,12.067,13.834,14.189,14.301,13.994,14.368,14.363,14.375,14.71,14.568,14.534,14.012,14.465,14.557,14.018,14.079,14.195,13.85,13.754,14.026,14.288,13.833,13.56,13.42,13.631,13.358,13.861,14.069,14.01,14.068,13.986,12.448,12.215,12.289,12.348,12.11,12.248,12.509,12.419,12.152,12.389,12.088,11.693,11.355,11.739,11.653,10.783,10.841,10.592,10.617,10.54,10.687,11.056,11.284,11.54,11.356,11.143,11.186,11.613,11.888,11.212,11.77,10.446,11.247,11.466,11.5,11.226,10.706,11.032,10.854,10.823,10.59,10.239,10.213,9.717,10.594,10.645,10.917,10.989,11.067,10.598,10.061,10.899,11.312,11.932,11.463,11.413,11.099,11.367,12.215,12.628,12.357,19.315,18.649,18.703,18.932,20.011,20.385,20.239,19.854,19.559,19.916,18.582,18.381,18.182,17.939,18.248,19.12,19.292,17.502,16.174,16.192,15.858,16.33,17.196,16.829,16.564,17.104,16.952,15.962,16.272,16.188,15.943,0.0,0.0,0.0,0.0,0.0,0.0,0.0,0.0,0.0,0.0,0.0,0.0,0.0,0.0,0.0,0.0,0.0,0.0,0.0,0.0,0.0,0.0,0.0,0.0,0.0,0.0,0.0,0.0,0.0,0.0,0.0,0.0,0.0,0.0,0.0,0.0,0.0,0.0,0.0,0.0,0.0,0.0,0.0,0.0,0.0,0.0,0.0,0.0,0.0,0.0,0.0,0.0,0.0,0.0,0.0,0.0,0.0,0.0,0.0,0.0,0.0,11.335,10.925,10.659,11.15,11.391,11.617,11.622,11.738,11.568,11.203,11.734,11.857,11.877,11.709,11.344,11.49,10.887,10.629,11.095,11.2,11.129,11.061,11.206,10.527,10.955,11.048,11.021,10.941,11.082,10.97,10.794,11.358,11.358,11.231,10.375,10.049,10.748,10.537,11.107,11.406,11.808,11.484,11.731,11.644,11.453,11.607,11.588,11.72,11.822,11.523,11.53,11.037,11.672,11.85,11.92,11.813,11.724,11.561,10.934,11.139,11.19,11.051,10.738,10.952,10.975,10.742,11.099,11.319,11.288,11.411,11.236,11.138,10.677,11.202,11.572,11.54,11.428,11.369,11.352,10.784,11.559,11.904,12.109,12.23,12.32,12.197,11.832,12.082,11.833,11.547,11.427,11.625,11.454,11.017,11.637,11.957,12.138,11.908,11.858,11.446,10.93,11.295,11.36,11.415,11.642,11.422,11.135,11.13,11.661,12.023,12.03,11.972,12.081,11.437,11.252,11.877,11.948,11.569,11.766,11.935,11.983,11.971,12.191,10.95,10.994,10.572,10.754,10.883,10.727,10.917,11.219,11.017,10.785,10.844,10.818,10.687,10.756,10.83,10.987,10.892,10.948,10.853,10.672,10.947,10.914,10.928,11.235,10.998,10.82,10.415,10.876,12.378,12.125,12.053,12.39,12.59,12.282,12.234,12.323,12.445,12.665,12.83,12.799,12.487,12.766,12.85,13.025,12.976,12.254,12.342,12.584,12.94,13.047,13.12,13.239,13.183,13.094,12.688,12.924,13.046,13.287,13.368,12.56,12.546,12.157,12.59,12.719,12.485,12.683,12.61,12.658,12.258,12.504,12.687,12.713,12.589,12.458,12.638,12.061,12.39,12.607,12.513,12.561,12.589,12.574,12.176,12.602,12.751,12.882,12.796,12.682,12.354,13.174,13.498,13.452,13.771,13.758,14.122,14.035,13.407,13.613,13.402,13.463,13.446,13.319,13.19,12.827,13.347,13.667,14.049,13.914,13.333,12.159,11.299,11.163,12.152,13.057,13.14,12.943,12.831,12.721,13.434,13.628,16.16,16.324,16.304,16.121,15.727,16.16,16.267,15.922,15.772,16.156,15.994,15.529,16.291,16.52,16.079,15.72,15.492,15.12,14.034,14.075,14.194,15.323,15.918,15.733,15.421,14.972,15.844,16.068,15.427,14.364,14.211,14.452,14.086,15.143,15.208,15.19,15.24,14.953,14.327,13.422,13.932,13.964,14.181,13.971,14.005,14.034,13.426,14.444,14.666,14.406,13.523,13.932,13.573,12.614,13.573,14.463,14.628,14.514,14.771,14.29,13.44,13.106,13.439,13.994,13.983,13.496,13.097,12.459,12.765,12.752,12.746,12.012,12.664,13.144,12.254,11.621,12.446,13.163,13.616,13.452,13.282,12.709,13.401,13.738,13.614,13.841,14.293,13.826,13.239,14.197,14.568,14.473,13.444,13.573,13.503,12.71,13.359,13.57,13.625,13.44,13.091,12.761,11.916,12.106,12.157,12.164,11.978,11.382,11.769,11.855,12.523,12.501,12.347,11.833,11.644,11.491,11.529,12.551,12.648,12.605,12.785,12.819,10.497,10.027,10.64,10.96,10.39,10.54,10.488,10.549,10.197,10.521,10.425,10.603,10.615,10.526,10.374,10.016,10.815,10.919,10.937,10.902,10.762,10.478,9.853,9.293,9.098,9.749,10.287,10.498,10.552,10.261,10.368,10.133,10.263,10.174,10.339,10.303,10.09,10.237,10.317,10.32,10.315,10.325,10.016,9.771,9.846,10.106,10.258,10.334,10.425,10.458,10.052,10.42,10.567,10.542,10.538,10.541,10.55,10.318,10.583,10.453,10.465,11.701,11.873,11.893,11.477,11.72,11.99,12.132,11.838,11.751,11.297,10.996,11.577,11.595,11.665,11.883,12.121,12.21,11.938,12.407,12.448,12.351,12.402,12.605,12.524,12.095,12.339,12.572,12.772,12.818,12.671,12.537,11.988,12.312,12.263,12.057,12.208,12.298,12.37,12.257,12.455,12.473,12.586,12.618,12.69,12.24,11.753,12.085,12.329,12.564,12.452,12.607,12.458,12.097,12.188,12.404,12.311,11.505,11.877,12.229,11.919,12.075,12.089,13.475,13.659,14.095,14.054,13.731,13.822,14.061,14.408,14.211,14.234,14.3,13.638,14.287,14.525,14.34,14.307,14.5,14.406,14.028,14.42,14.553,14.505,14.747,14.867,14.575,14.266,14.881,14.724,13.198,13.247,13.519,13.389,12.866,13.127,12.396,12.094,12.552,13.278,13.434,13.093,13.778,13.845,13.809,13.509,12.765,12.074,11.21,12.069,12.536,12.868,13.129,13.203,13.511,12.994,13.489,13.647,13.716,13.65,13.13,12.794,12.627,13.175,13.726,13.774,13.859,14.065,13.752,13.402,13.961,14.239,14.342,14.518,14.374,14.236,13.718,14.079,14.461,14.315,14.133,13.845,13.466,12.374,13.167,13.786,13.8,13.923,13.905,13.381,12.203,10.987,11.411,11.882,11.909,12.285,12.464,12.003,12.494,12.905,13.048,13.248,13.152,12.96,12.276,12.507,12.978,13.314,12.989,13.572,13.425,12.947,13.29,13.382,12.547,11.944,11.442,11.761,12.245,12.835,13.059,12.765,14.038,14.297,14.861,13.779,14.471,14.618,14.926,15.125,15.006,14.437,13.818,14.387,14.313,14.05,14.24,14.625,14.359,13.673,14.118,14.206,14.44,14.528,14.504,14.042,12.867,12.931,13.323,13.186,12.855,12.565,21.445,21.246,22.7,22.829,22.252,21.479,21.829,21.081,20.846,22.601,22.614,22.995,22.652,22.5,22.058,21.446,22.198,22.056,21.546,22.135,22.381,21.349,20.309,21.481,21.665,20.727,20.258,19.703,19.124,19.267,20.542,15.071,14.847,15.047,15.593,16.024,15.147,15.327,15.887,16.343,16.705,17.322,16.657,16.156,16.81,16.512,17.226,17.392,17.252,16.819,16.704,17.243,17.379,16.59,16.475,16.987,17.031,16.634,17.026,17.843,18.149,18.32,17.141,16.837,16.318,16.039,16.359,16.103,15.211,14.961,14.735,14.042,14.85,15.506,16.012,16.628,16.119,15.145,14.007,14.442,14.775,15.33,15.536,15.269,14.652,13.6,14.516,15.245,15.466,15.443,15.624,15.408,11.985,11.893,12.401,12.715,12.869,13.006,13.213,13.167,13.368,13.552,13.804,13.886,13.908,13.791,13.346,13.436,13.066,13.544,13.693,13.728,13.545,13.036,12.959,12.663,13.1,13.513,13.557,13.652,13.126,13.309,13.531,16.004,15.9,15.993,15.706,15.205,15.51,15.651,15.71,15.612,15.059,14.131,12.824,12.573,13.445,13.839,14.194,14.394,14.704,14.212,14.525,14.853,14.973,15.18,14.86,14.441,13.46,13.499,13.696,13.741,13.405,11.101,10.899,10.552,10.662,10.594,11.064,11.38,11.565,11.419,11.033,11.596,11.802,11.825,11.71,11.863,11.842,11.238,11.328,11.781,12.036,12.115,12.415,12.103,11.543,11.961,12.197,12.168,12.05,12.285,12.462,12.042,13.965,14.217,14.585,14.573,14.62,14.242,13.623,14.086,14.072,14.318,14.403,14.614,14.816,14.152,14.278,14.767,14.916,14.927,14.999,15.108,14.783,14.832,15.041,14.949,13.943,13.031,13.452,13.85,13.499,13.676,13.692,11.771,11.931,12.313,12.277,11.995,12.074,12.283,12.586,12.414,12.434,12.492,11.913,12.48,12.688,12.526,12.498,12.667,12.584,12.254,12.596,12.713,12.671,12.882,12.987,12.732,12.462,12.999,12.862,11.36,12.072,12.117,12.366,12.247,11.769,12.007,11.338,11.063,11.482,12.146,12.288,11.977,12.603,12.665,12.632,12.357,11.676,11.044,10.254,11.04,11.467,11.771,12.009,12.077,12.358,11.886,12.339,12.484,12.547,12.486,12.011,15.687,15.483,16.154,16.83,16.888,16.993,17.246,16.861,16.433,17.118,17.458,17.586,17.801,17.624,17.456,16.82,17.262,17.731,17.553,17.33,16.976,16.511,15.172,16.145,16.903,16.921,17.071,17.049,16.407,14.963,13.107,13.613,14.175,14.207,14.656,14.869,14.319,14.905,15.395,15.566,15.804,15.69,15.461,14.644,14.921,15.482,15.884,15.496,16.191,16.016,15.446,15.855,15.964,14.968,14.249,13.65,14.031,14.608,15.311,15.579,15.228,14.038,14.297,14.861,13.779,14.471,14.618,14.926,15.125,15.006,14.437,13.818,14.387,14.313,14.05,14.24,14.625,14.359,13.673,14.118,14.206,14.44,14.528,14.504,14.042,12.867,12.931,13.323,13.186,12.855,12.565,13.908,13.779,14.722,14.806,14.431,13.93,14.157,13.672,13.52,14.658,14.667,14.914,14.691,14.593,14.306,13.909,14.397,14.304,13.974,14.356,14.515,13.846,13.171,13.931,14.051,13.443,13.138,12.779,12.403,12.496,13.323,14.152,13.942,14.129,14.642,15.046,14.223,14.392,14.917,15.346,15.686,16.266,15.641,15.17,15.785,15.505,16.175,16.331,16.2,15.793,15.685,16.191,16.319,15.578,15.47,15.951,15.993,15.619,15.988,16.755,17.042,17.202,22.978,22.571,21.875,21.501,21.929,21.586,20.39,20.056,19.753,18.824,19.907,20.786,21.464,22.29,21.608,20.302,18.776,19.36,19.807,20.55,20.826,20.469,19.641,18.231,19.459,20.436,20.732,20.701,20.944,20.655,11.985,11.893,12.401,12.715,12.869,13.006,13.213,13.167,13.368,13.552,13.804,13.886,13.908,13.791,13.346,13.436,13.066,13.544,13.693,13.728,13.545,13.036,12.959,12.663,13.1,13.513,13.557,13.652,13.126,13.309,13.531,16.004,15.9,15.993,15.706,15.205,15.51,15.651,15.71,15.612,15.059,14.131,12.824,12.573,13.445,13.839,14.194,14.394,14.704,14.212,14.525,14.853,14.973,15.18,14.86,14.441,13.46,13.499,13.696,13.741,13.405,11.101,10.899,10.552,10.662,10.594,11.064,11.38,11.565,11.419,11.033,11.596,11.802,11.825,11.71,11.863,11.842,11.238,11.328,11.781,12.036,12.115,12.415,12.103,11.543,11.961,12.197,12.168,12.05,12.285,12.462,12.042
Guntur_135,16.536,16.65,16.964,17.006,16.374,16.468,16.826,16.848,16.512,16.327,16.625,16.632,16.835,16.535,16.054,15.967,16.712,16.638,15.965,16.645,16.766,16.392,16.576,16.977,17.161,16.376,16.903,17.151,17.281,17.397,17.254,17.175,16.35,16.874,17.311,17.313,17.298,17.491,16.89,16.519,16.802,16.88,17.054,17.658,17.629,17.803,17.057,17.475,17.833,17.759,17.373,16.77,16.913,16.467,17.021,17.323,17.512,17.301,17.2,17.005,15.193,15.625,15.798,15.549,15.304,15.398,15.607,15.149,15.036,13.943,14.487,15.369,15.462,15.363,14.772,15.287,15.773,15.707,17.41,17.155,16.548,16.281,15.993,16.643,17.233,17.424,17.355,17.264,16.727,16.289,16.253,15.113,15.447,15.553,15.454,14.855,15.602,15.678,15.597,15.699,15.817,15.522,15.153,16.016,15.723,15.611,15.155,15.044,14.897,14.398,15.298,15.379,15.0,15.238,15.397,15.248,14.951,15.503,15.519,15.547,15.279,13.654,13.686,13.486,13.881,13.828,13.998,14.37,14.353,14.264,13.698,13.479,13.593,13.542,13.433,13.509,13.352,13.395,12.539,13.129,13.523,13.106,12.928,13.267,13.475,12.882,13.188,13.413,13.797,13.758,13.445,13.133,14.263,14.443,14.404,14.798,14.685,14.776,14.498,15.411,15.688,15.89,15.695,15.738,15.279,14.757,15.501,15.488,15.731,15.946,15.619,15.518,14.918,15.773,16.18,15.978,15.975,15.431,15.101,14.644,15.334,16.101,0.0,0.0,0.0,0.0,0.0,0.0,0.0,0.0,0.0,0.0,0.0,0.0,0.0,0.0,0.0,0.0,0.0,0.0,0.0,0.0,0.0,0.0,0.0,0.0,0.0,0.0,0.0,0.0,0.0,0.0,0.0,0.0,0.0,0.0,0.0,0.0,0.0,0.0,0.0,0.0,0.0,0.0,0.0,0.0,0.0,0.0,0.0,0.0,0.0,0.0,0.0,0.0,0.0,0.0,0.0,0.0,0.0,0.0,0.0,0.0,0.0,0.0,14.093,14.141,14.147,14.42,14.532,13.77,13.919,14.306,14.947,14.736,14.543,14.078,13.65,13.801,14.034,14.232,13.962,13.86,14.234,13.608,13.851,13.663,13.421,13.847,13.915,13.296,12.856,13.847,14.141,14.025,10.868,10.8,11.118,10.771,10.973,11.302,11.678,11.84,11.844,11.494,10.86,10.972,11.142,10.665,10.85,10.971,11.217,10.927,11.183,11.194,11.151,10.938,10.664,10.649,10.106,10.309,10.842,11.054,11.303,11.514,11.423,13.509,13.981,14.13,14.083,13.94,14.255,14.048,13.483,13.759,13.711,13.614,13.853,13.6,12.38,12.028,12.117,12.912,13.284,13.51,13.612,13.505,13.277,13.924,13.868,13.488,12.708,12.736,12.986,13.216,13.679,12.958,13.148,13.011,13.139,13.058,12.495,12.744,12.963,12.731,12.936,13.047,12.797,12.454,12.807,13.153,13.165,13.289,13.473,13.246,13.059,13.41,13.742,13.916,13.708,13.689,13.901,13.374,13.774,13.921,13.846,13.847,14.109,13.698,13.222,13.583,13.691,13.745,13.559,13.722,13.456,13.406,13.951,14.027,13.977,13.813,13.839,14.117,13.946,14.094,14.564,14.853,15.109,15.031,14.799,14.28,14.409,13.914,14.281,14.46,14.734,14.704,14.272,14.405,14.583,14.699,14.429,14.482,14.375,13.973,14.126,14.454,14.728,14.795,14.803,14.735,14.386,14.617,14.617,14.565,14.435,14.273,14.277,14.039,14.585,14.824,15.045,15.094,15.194,15.122,14.882,15.423,15.501,15.449,15.393,15.738,15.648,15.038,15.391,15.685,15.852,15.69,15.15,14.875,14.867,15.423,15.537,15.773,16.004,15.956,15.787,15.287,15.449,15.064,15.424,15.671,15.454,15.532,14.948,14.093,14.326,14.993,14.987,15.371,15.492,15.16,15.564,15.559,15.573,15.936,15.782,15.745,15.179,15.669,15.769,15.186,15.251,15.377,15.003,14.9,15.194,15.478,14.985,14.689,14.537,14.767,14.471,15.015,15.241,15.176,15.24,15.15,15.096,14.813,14.903,14.975,14.686,14.854,15.17,15.061,14.737,15.025,14.659,14.181,13.77,14.236,14.131,13.077,13.146,12.845,12.875,12.782,12.96,13.408,13.684,13.994,13.771,13.514,13.566,14.083,14.417,13.597,14.273,11.905,12.817,13.067,13.106,12.794,12.201,12.572,12.37,12.334,12.069,11.669,11.64,11.074,12.073,12.132,12.442,12.524,12.613,12.078,11.465,12.421,12.891,13.599,13.064,13.007,12.648,12.955,13.921,14.391,14.083,13.782,13.307,13.346,13.509,14.278,14.545,14.442,14.167,13.957,14.211,13.259,13.115,12.974,12.8,13.021,13.643,13.765,12.488,11.541,11.554,11.315,11.652,12.27,12.009,11.819,12.204,12.096,11.39,11.611,11.551,11.376,0.0,0.0,0.0,0.0,0.0,0.0,0.0,0.0,0.0,0.0,0.0,0.0,0.0,0.0,0.0,0.0,0.0,0.0,0.0,0.0,0.0,0.0,0.0,0.0,0.0,0.0,0.0,0.0,0.0,0.0,0.0,0.0,0.0,0.0,0.0,0.0,0.0,0.0,0.0,0.0,0.0,0.0,0.0,0.0,0.0,0.0,0.0,0.0,0.0,0.0,0.0,0.0,0.0,0.0,0.0,0.0,0.0,0.0,0.0,0.0,0.0,13.382,12.898,12.584,13.163,13.449,13.716,13.722,13.858,13.658,13.226,13.854,13.999,14.022,13.824,13.393,13.565,12.853,12.549,13.098,13.223,13.14,13.059,13.23,12.429,12.934,13.043,13.012,12.917,13.083,12.952,12.744,13.167,13.166,13.02,12.027,11.65,12.46,12.215,12.875,13.223,13.688,13.313,13.599,13.498,13.277,13.455,13.433,13.586,13.705,13.358,13.366,12.795,13.531,13.737,13.819,13.694,13.591,13.402,12.675,12.913,12.972,13.698,13.311,13.576,13.604,13.315,13.757,14.031,13.992,14.144,13.928,13.805,13.234,13.885,14.345,14.304,14.166,14.093,14.071,13.368,14.328,14.755,15.01,15.16,15.271,15.119,14.666,14.976,14.668,14.313,14.165,14.409,13.441,12.927,13.655,14.03,14.243,13.972,13.914,13.431,12.826,13.254,13.329,13.394,13.661,13.402,13.065,13.06,13.683,14.107,14.116,14.048,14.176,13.42,13.203,13.936,14.02,13.575,13.806,14.004,14.061,14.047,14.304,14.44,14.498,13.941,14.181,14.352,14.146,14.396,14.795,14.529,14.222,14.301,14.266,14.093,14.184,14.282,14.489,14.364,14.438,14.312,14.073,14.436,14.393,14.412,14.817,14.503,14.268,13.735,14.342,14.32,14.027,13.944,14.334,14.565,14.209,14.153,14.256,14.397,14.652,14.843,14.807,14.445,14.769,14.866,15.068,15.012,14.176,14.279,14.558,14.97,15.094,15.178,15.316,15.251,15.149,14.679,14.951,15.093,15.372,15.465,15.031,15.015,14.549,15.066,15.221,14.941,15.179,15.091,15.148,14.67,14.965,15.183,15.214,15.065,14.91,15.125,14.434,14.827,15.088,14.975,15.032,15.066,15.048,14.572,15.081,15.26,15.416,15.314,15.177,14.784,15.864,16.255,16.199,16.583,16.567,17.006,16.901,16.145,16.392,16.139,16.212,16.191,16.039,15.883,15.446,16.072,16.457,16.918,16.755,16.055,14.642,13.606,13.442,14.634,15.724,15.824,15.586,15.451,15.319,16.177,16.411,16.16,16.324,16.304,16.121,15.727,16.16,16.267,15.922,15.772,16.156,15.994,15.529,16.291,16.52,16.079,15.72,15.492,15.12,14.034,14.075,14.194,15.323,15.918,15.733,15.421,14.972,15.844,16.068,15.427,14.364,14.211,14.452,14.086,15.143,15.208,15.19,15.24,14.953,14.327,13.422,13.932,13.964,14.181,13.971,14.005,14.034,13.426,14.444,14.666,14.406,13.523,13.932,13.573,12.614,13.573,14.463,14.628,14.514,14.771,14.29,13.44,13.813,14.165,14.75,14.738,14.225,13.804,13.131,13.454,13.44,13.434,12.661,13.348,13.854,12.915,12.248,13.118,13.874,14.351,14.178,13.999,13.396,14.125,14.479,14.349,14.589,15.065,14.573,13.954,14.963,15.354,15.254,14.347,14.484,14.409,13.563,14.256,14.48,14.539,14.342,13.97,13.617,12.716,12.918,12.973,12.98,12.782,12.146,12.559,12.65,13.363,13.34,13.176,12.627,12.426,12.262,12.303,13.393,13.497,13.451,13.644,13.679,14.044,13.415,14.235,14.664,13.901,14.102,14.033,14.114,13.643,14.077,13.949,14.187,14.202,14.083,13.88,13.4,14.469,14.609,14.633,14.586,14.399,14.018,13.183,12.433,12.173,13.044,13.763,14.046,14.118,13.728,13.872,13.092,13.26,13.145,13.358,13.311,13.035,13.226,13.329,13.333,13.326,13.34,12.94,12.624,12.72,13.057,13.253,13.351,13.469,13.512,12.987,13.462,13.652,13.62,13.615,13.618,13.631,13.331,13.673,13.505,13.52,14.29,14.5,14.525,14.016,14.313,14.642,14.816,14.457,14.351,13.796,13.429,14.138,14.16,14.246,14.512,14.803,14.912,14.579,15.152,15.202,15.084,15.146,15.394,15.295,14.771,15.069,15.354,15.598,15.654,15.475,15.311,15.262,15.675,15.612,15.35,15.542,15.657,15.748,15.605,15.857,15.88,16.023,16.064,16.156,15.584,14.963,15.385,15.697,15.995,15.853,16.05,15.861,15.401,15.517,15.791,15.673,14.647,15.121,15.569,15.174,15.373,15.391,15.391,15.6,16.099,16.052,15.683,15.787,16.06,16.456,16.231,16.257,16.333,15.576,16.318,16.59,16.378,16.341,16.562,16.454,16.022,16.47,16.622,16.567,16.843,16.981,16.647,16.294,16.996,16.816,16.909,16.972,17.321,17.154,16.485,16.818,15.881,15.496,16.082,17.012,17.212,16.775,17.653,17.739,17.693,17.309,16.354,15.469,14.362,15.464,16.062,16.487,16.821,16.915,17.31,16.649,17.282,17.485,17.574,17.489,16.823,15.159,14.962,15.611,16.263,16.32,16.421,16.666,16.294,15.88,16.542,16.871,16.994,17.202,17.031,16.868,16.254,16.681,17.134,16.962,16.746,16.405,15.956,14.661,15.602,16.334,16.352,16.496,16.475,15.855,14.46,13.271,13.783,14.352,14.385,14.839,15.056,14.498,15.092,15.588,15.761,16.002,15.887,15.654,14.828,15.108,15.676,16.082,15.69,16.393,16.216,15.639,16.053,16.164,15.155,14.428,13.821,14.206,14.791,15.503,15.774,15.418,16.604,16.91,17.578,16.298,17.117,17.291,17.654,17.89,17.749,17.076,16.345,17.017,16.929,16.618,16.844,17.299,16.984,16.173,16.699,16.803,17.08,17.185,17.156,16.609,15.219,15.295,15.759,15.596,15.205,14.863,21.445,21.246,22.7,22.829,22.252,21.479,21.829,21.081,20.846,22.601,22.614,22.995,22.652,22.5,22.058,21.446,22.198,22.056,21.546,22.135,22.381,21.349,20.309,21.481,21.665,20.727,20.258,19.703,19.124,19.267,20.542,15.071,14.847,15.047,15.593,16.024,15.147,15.327,15.887,16.343,16.705,17.322,16.657,16.156,16.81,16.512,17.226,17.392,17.252,16.819,16.704,17.243,17.379,16.59,16.475,16.987,17.031,16.634,17.026,17.843,18.149,18.32,21.159,20.784,20.143,19.799,20.193,19.878,18.776,18.468,18.189,17.334,18.331,19.141,19.765,20.526,19.897,18.695,17.29,17.827,18.239,18.924,19.177,18.849,18.087,16.788,17.919,18.818,19.091,19.063,19.287,19.02,14.477,14.365,14.979,15.359,15.544,15.709,15.959,15.904,16.147,16.369,16.673,16.772,16.799,16.658,16.12,16.229,15.782,16.359,16.54,16.581,16.36,15.745,15.653,15.295,15.823,16.322,16.375,16.49,15.854,16.076,16.344,21.343,21.205,21.329,20.946,20.278,20.685,20.873,20.951,20.821,20.083,18.845,17.102,16.768,17.931,18.456,18.929,19.196,19.61,18.954,19.37,19.809,19.968,20.245,19.818,19.259,17.95,18.003,18.266,18.326,17.878,19.02,18.673,18.078,18.266,18.15,18.955,19.496,19.814,19.564,18.903,19.867,20.22,20.259,20.062,20.324,20.289,19.254,19.408,20.185,20.62,20.756,21.27,20.735,19.775,20.493,20.897,20.848,20.645,21.047,21.351,20.631,17.914,18.237,18.709,18.693,18.753,18.268,17.475,18.069,18.05,18.366,18.476,18.746,19.006,18.154,18.315,18.942,19.133,19.148,19.24,19.38,18.963,19.026,19.294,19.176,17.885,16.715,17.255,17.766,17.316,17.543,17.564,16.229,16.45,16.976,16.926,16.538,16.647,16.935,17.353,17.115,17.143,17.223,16.425,17.207,17.493,17.27,17.231,17.464,17.35,16.895,17.367,17.527,17.47,17.761,17.906,17.553,17.181,17.922,17.732,15.663,18.018,18.085,18.456,18.279,17.565,17.921,16.923,16.511,17.137,18.128,18.34,17.875,18.81,18.902,18.853,18.443,17.427,16.483,15.304,16.477,17.115,17.568,17.924,18.024,18.445,17.74,18.415,18.632,18.726,18.635,17.926,22.891,22.593,23.573,24.559,24.644,24.797,25.166,24.605,23.979,24.979,25.476,25.662,25.976,25.718,25.472,24.544,25.19,25.874,25.614,25.288,24.772,24.094,22.14,23.56,24.666,24.692,24.911,24.879,23.942,21.835,16.829,17.479,18.201,18.242,18.818,19.093,18.385,19.139,19.768,19.988,20.292,20.146,19.851,18.804,19.159,19.879,20.395,19.897,20.789,20.564,19.832,20.358,20.499,19.219,18.296,17.527,18.016,18.757,19.66,20.004,19.553,16.604,16.91,17.578,16.298,17.117,17.291,17.654,17.89,17.749,17.076,16.345,17.017,16.929,16.618,16.844,17.299,16.984,16.173,16.699,16.803,17.08,17.185,17.156,16.609,15.219,15.295,15.759,15.596,15.205,14.863,17.858,17.692,18.904,19.011,18.53,17.887,18.178,17.555,17.359,18.821,18.832,19.149,18.864,18.737,18.369,17.859,18.485,18.367,17.942,18.433,18.638,17.779,16.912,17.888,18.042,17.261,16.87,16.408,15.925,16.044,17.107,19.728,19.435,19.697,20.411,20.975,19.827,20.063,20.795,21.392,21.867,22.675,21.803,21.147,22.005,21.615,22.548,22.766,22.583,22.016,21.865,22.571,22.749,21.716,21.565,22.236,22.294,21.773,22.287,23.356,23.757,23.981,31.843,31.279,30.314,29.797,30.39,29.915,28.258,27.794,27.374,26.087,27.587,28.806,29.746,30.891,29.944,28.136,26.021,26.829,27.449,28.479,28.861,28.366,27.22,25.265,26.967,28.321,28.732,28.688,29.025,28.625,14.477,14.365,14.979,15.359,15.544,15.709,15.959,15.904,16.147,16.369,16.673,16.772,16.799,16.658,16.12,16.229,15.782,16.359,16.54,16.581,16.36,15.745,15.653,15.295,15.823,16.322,16.375,16.49,15.854,16.076,16.344,21.343,21.205,21.329,20.946,20.278,20.685,20.873,20.951,20.821,20.083,18.845,17.102,16.768,17.931,18.456,18.929,19.196,19.61,18.954,19.37,19.809,19.968,20.245,19.818,19.259,17.95,18.003,18.266,18.326,17.878,19.02,18.673,18.078,18.266,18.15,18.955,19.496,19.814,19.564,18.903,19.867,20.22,20.259,20.062,20.324,20.289,19.254,19.408,20.185,20.62,20.756,21.27,20.735,19.775,20.493,20.897,20.848,20.645,21.047,21.351,20.631
Guntur_136,17.912,18.034,18.375,18.42,17.736,17.838,18.226,18.25,17.885,17.685,18.008,18.015,18.235,17.911,17.389,17.295,18.102,18.022,17.293,18.029,18.16,17.755,17.954,18.389,18.588,17.739,18.309,18.577,18.719,18.844,18.69,18.234,17.359,17.914,18.378,18.381,18.365,18.57,17.931,17.537,17.838,17.92,18.106,18.747,18.716,18.9,18.109,18.553,18.932,18.854,18.444,17.804,17.955,17.483,18.07,18.391,18.592,18.368,18.26,18.053,16.609,17.082,17.271,16.999,16.731,16.834,17.062,16.561,16.437,15.243,15.838,16.802,16.904,16.795,16.149,16.712,17.244,17.171,19.033,18.754,18.09,17.799,17.484,18.194,18.84,19.049,18.973,18.873,18.287,17.808,17.769,15.744,16.092,16.203,16.1,15.475,16.254,16.333,16.249,16.354,16.477,16.171,15.786,16.685,16.379,16.262,15.788,15.672,15.519,14.999,15.937,16.021,15.626,15.874,16.04,15.884,15.575,16.15,16.167,16.197,15.917,14.965,15.0,14.782,15.214,15.157,15.343,15.75,15.731,15.634,15.014,14.774,14.899,14.843,14.723,14.807,14.635,14.682,13.744,14.391,14.823,14.365,14.17,14.541,14.769,14.119,14.455,14.701,15.122,15.08,14.736,14.394,16.463,16.671,16.626,17.081,16.95,17.056,16.734,17.789,18.108,18.342,18.117,18.166,17.637,17.034,17.893,17.877,18.158,18.407,18.028,17.912,17.219,18.206,18.676,18.444,18.44,17.812,17.431,16.903,17.7,18.585,0.0,0.0,0.0,0.0,0.0,0.0,0.0,0.0,0.0,0.0,0.0,0.0,0.0,0.0,0.0,0.0,0.0,0.0,0.0,0.0,0.0,0.0,0.0,0.0,0.0,0.0,0.0,0.0,0.0,0.0,0.0,0.0,0.0,0.0,0.0,0.0,0.0,0.0,0.0,0.0,0.0,0.0,0.0,0.0,0.0,0.0,0.0,0.0,0.0,0.0,0.0,0.0,0.0,0.0,0.0,0.0,0.0,0.0,0.0,0.0,0.0,0.0,12.683,12.726,12.731,12.977,13.078,12.392,12.527,12.875,13.452,13.261,13.088,12.669,12.284,12.42,12.63,12.808,12.565,12.473,12.809,12.246,12.465,12.296,12.078,12.462,12.523,11.965,11.57,12.461,12.726,12.621,12.678,12.598,12.97,12.565,12.801,13.184,13.623,13.812,13.816,13.408,12.668,12.799,12.998,12.441,12.657,12.798,13.085,12.746,13.046,13.059,13.009,12.76,12.439,12.422,11.789,12.026,12.647,12.895,13.185,13.432,13.325,17.665,18.282,18.478,18.416,18.229,18.64,18.369,17.631,17.993,17.93,17.803,18.115,17.785,16.189,15.728,15.844,16.885,17.371,17.667,17.8,17.659,17.362,18.208,18.135,17.637,16.618,16.655,16.981,17.282,17.887,15.121,15.343,15.184,15.332,15.238,14.581,14.871,15.127,14.856,15.095,15.225,14.934,14.533,14.945,15.349,15.363,15.507,15.723,15.457,15.239,15.649,16.036,16.239,15.997,15.974,16.222,15.606,16.073,16.245,16.158,16.159,16.411,15.933,15.38,15.8,15.926,15.988,15.772,15.961,15.652,15.593,16.227,16.316,16.258,16.067,16.098,16.421,16.222,16.394,16.941,17.277,17.574,17.484,17.214,16.611,16.761,16.185,16.612,16.82,17.138,17.104,16.601,16.364,16.565,16.697,16.391,16.452,16.33,15.873,16.047,16.419,16.73,16.807,16.816,16.738,16.342,16.604,16.605,16.546,16.398,16.214,16.219,15.947,16.568,16.84,17.09,17.147,17.26,17.178,16.906,19.331,19.429,19.364,19.293,19.726,19.613,18.849,19.291,19.66,19.869,19.666,18.989,18.644,18.635,19.331,19.474,19.769,20.059,19.999,19.787,19.161,19.363,18.881,19.332,19.642,19.37,19.468,18.736,17.664,17.956,18.793,17.404,17.85,17.991,17.605,18.075,18.069,18.085,18.506,18.327,18.284,17.628,18.197,18.313,17.635,17.712,17.858,17.423,17.303,17.645,17.975,17.402,17.058,16.882,17.149,16.805,17.438,17.699,17.624,17.699,17.594,17.395,17.069,17.173,17.255,16.922,17.115,17.48,17.354,16.981,17.312,16.891,16.34,15.867,16.404,16.283,15.068,15.148,14.801,14.836,14.728,14.933,15.45,15.767,16.125,15.868,15.571,15.631,16.227,16.612,15.667,16.447,12.923,13.912,14.183,14.226,13.887,13.244,13.647,13.427,13.388,13.1,12.666,12.634,12.021,13.105,13.168,13.505,13.594,13.691,13.11,12.445,13.483,13.993,14.761,14.18,14.118,13.729,14.061,15.111,15.621,15.286,15.367,14.837,14.881,15.062,15.921,16.218,16.103,15.796,15.562,15.845,14.784,14.624,14.466,14.273,14.518,15.212,15.349,13.925,12.868,12.883,12.617,12.992,13.681,13.39,13.179,13.608,13.487,12.7,12.946,12.879,12.685,0.0,0.0,0.0,0.0,0.0,0.0,0.0,0.0,0.0,0.0,0.0,0.0,0.0,0.0,0.0,0.0,0.0,0.0,0.0,0.0,0.0,0.0,0.0,0.0,0.0,0.0,0.0,0.0,0.0,0.0,0.0,0.0,0.0,0.0,0.0,0.0,0.0,0.0,0.0,0.0,0.0,0.0,0.0,0.0,0.0,0.0,0.0,0.0,0.0,0.0,0.0,0.0,0.0,0.0,0.0,0.0,0.0,0.0,0.0,0.0,0.0,15.202,14.652,14.295,14.953,15.277,15.581,15.588,15.742,15.515,15.025,15.738,15.902,15.929,15.704,15.214,15.41,14.601,14.255,14.88,15.021,14.926,14.835,15.029,14.119,14.693,14.817,14.781,14.673,14.863,14.713,14.477,16.403,16.402,16.22,14.983,14.513,15.522,15.217,16.04,16.473,17.052,16.585,16.941,16.816,16.541,16.763,16.735,16.926,17.074,16.642,16.652,15.94,16.857,17.114,17.215,17.06,16.932,16.696,15.791,16.086,16.161,15.37,14.935,15.233,15.264,14.94,15.436,15.743,15.699,15.87,15.627,15.49,14.849,15.579,16.095,16.049,15.894,15.813,15.788,14.999,16.076,16.555,16.841,17.009,17.135,16.963,16.455,16.803,16.458,16.059,15.893,16.168,15.587,14.992,15.835,16.27,16.517,16.203,16.136,15.575,14.874,15.37,15.458,15.533,15.842,15.542,15.151,15.145,15.868,16.36,16.371,16.291,16.439,15.563,15.311,16.162,16.258,15.743,16.011,16.24,16.306,16.29,16.588,17.357,17.426,16.757,17.046,17.25,17.003,17.304,17.783,17.464,17.095,17.189,17.147,16.94,17.049,17.167,17.415,17.265,17.354,17.203,16.916,17.351,17.3,17.322,17.809,17.432,17.15,16.509,17.239,14.607,14.307,14.223,14.62,14.856,14.493,14.436,14.541,14.685,14.945,15.14,15.104,14.734,15.064,15.163,15.37,15.312,14.46,14.564,14.849,15.27,15.396,15.482,15.623,15.556,15.451,14.973,15.25,15.395,15.679,15.774,16.531,16.513,16.0,16.57,16.74,16.432,16.693,16.597,16.659,16.134,16.458,16.698,16.732,16.569,16.397,16.634,15.874,16.307,16.593,16.469,16.532,16.57,16.55,16.026,16.586,16.783,16.954,16.842,16.691,16.259,16.578,16.987,16.929,17.331,17.313,17.772,17.663,16.872,17.131,16.866,16.943,16.921,16.762,16.599,16.142,16.797,17.199,17.68,17.51,16.779,15.301,14.219,14.048,15.293,16.432,16.537,16.288,16.147,16.009,16.906,17.151,13.282,13.416,13.399,13.249,12.925,13.281,13.37,13.086,12.963,13.278,13.145,12.762,13.389,13.578,13.214,12.92,12.732,12.426,11.534,11.568,11.665,12.593,13.082,12.93,12.674,12.305,13.022,13.206,12.679,11.805,11.68,11.878,11.576,12.445,12.499,12.484,12.525,12.289,11.775,11.031,11.45,11.477,11.655,11.482,11.51,11.534,11.034,11.871,12.054,11.839,11.114,11.45,11.155,10.367,11.155,11.886,12.022,11.929,12.14,11.744,11.046,14.655,15.029,15.649,15.637,15.092,14.646,13.932,14.275,14.259,14.253,13.433,14.162,14.699,13.703,12.995,13.917,14.72,15.226,15.043,14.853,14.212,14.986,15.362,15.224,15.478,15.984,15.461,14.805,15.876,16.29,16.184,19.174,19.357,19.257,18.127,19.052,19.353,19.431,19.168,18.67,18.199,16.995,17.265,17.337,17.347,17.083,16.232,16.784,16.907,17.86,17.829,17.609,16.875,16.607,16.388,16.442,17.9,18.038,17.977,18.234,18.282,17.351,16.575,17.588,18.117,17.175,17.423,17.338,17.438,16.856,17.392,17.234,17.528,17.546,17.4,17.149,16.556,17.877,18.05,18.08,18.022,17.79,17.32,16.288,15.361,15.04,16.116,17.004,17.353,17.442,16.962,17.139,16.248,16.456,16.314,16.577,16.52,16.178,16.414,16.542,16.547,16.539,16.555,16.06,15.667,15.786,16.204,16.447,16.57,16.716,16.769,16.117,16.707,16.942,16.904,16.896,16.901,16.917,16.544,16.969,16.76,16.78,17.056,17.307,17.337,16.729,17.084,17.477,17.685,17.256,17.13,16.467,16.029,16.875,16.902,17.004,17.321,17.669,17.799,17.401,18.085,18.145,18.004,18.078,18.375,18.256,17.631,17.986,18.327,18.618,18.685,18.47,18.275,17.759,18.24,18.166,17.861,18.086,18.219,18.325,18.158,18.451,18.478,18.645,18.693,18.8,18.133,17.411,17.903,18.265,18.612,18.447,18.677,18.456,17.921,18.056,18.375,18.237,17.044,17.595,18.116,17.657,17.888,17.91,16.566,16.791,17.328,17.277,16.881,16.992,17.286,17.712,17.47,17.498,17.58,16.765,17.564,17.856,17.629,17.589,17.826,17.71,17.245,17.727,17.891,17.832,18.129,18.277,17.917,17.538,18.293,18.1,18.909,18.98,19.369,19.183,18.434,18.808,17.76,17.328,17.985,19.025,19.247,18.759,19.741,19.837,19.786,19.356,18.289,17.299,16.061,17.293,17.962,18.437,18.811,18.916,19.357,18.618,19.327,19.553,19.652,19.557,18.813,16.489,16.275,16.981,17.691,17.752,17.862,18.128,17.724,17.273,17.993,18.352,18.485,18.712,18.526,18.349,17.68,18.146,18.638,18.45,18.216,17.844,17.356,15.948,16.971,17.768,17.787,17.944,17.921,17.246,15.729,16.978,17.633,18.361,18.403,18.984,19.261,18.548,19.307,19.942,20.164,20.471,20.324,20.027,18.97,19.328,20.054,20.575,20.072,20.972,20.746,20.007,20.537,20.679,19.388,18.458,17.682,18.175,18.922,19.833,20.18,19.725,20.794,21.177,22.014,20.41,21.436,21.654,22.109,22.404,22.228,21.385,20.469,21.311,21.201,20.811,21.094,21.664,21.269,20.254,20.913,21.043,21.389,21.521,21.485,20.8,19.06,19.154,19.736,19.532,19.042,18.613,27.895,27.636,29.528,29.696,28.945,27.94,28.395,27.422,27.116,29.399,29.417,29.912,29.466,29.268,28.693,27.897,28.875,28.69,28.026,28.793,29.113,27.771,26.417,27.942,28.182,26.962,26.351,25.63,24.876,25.062,26.721,24.953,24.583,24.913,25.817,26.53,25.078,25.377,26.303,27.058,27.659,28.68,27.578,26.748,27.833,27.339,28.52,28.795,28.564,27.846,27.656,28.549,28.774,27.467,27.277,28.125,28.199,27.54,28.19,29.542,30.049,30.332,35.985,35.348,34.258,33.673,34.343,33.806,31.934,31.409,30.935,29.48,31.176,32.553,33.615,34.909,33.84,31.796,29.406,30.319,31.019,32.184,32.615,32.056,30.76,28.552,30.474,32.005,32.469,32.42,32.801,32.348,15.617,15.496,16.159,16.569,16.769,16.947,17.216,17.157,17.419,17.659,17.987,18.094,18.122,17.97,17.39,17.507,17.026,17.648,17.843,17.887,17.649,16.986,16.886,16.5,17.07,17.608,17.665,17.789,17.103,17.342,17.631,21.129,20.991,21.114,20.735,20.074,20.476,20.663,20.74,20.611,19.881,18.655,16.93,16.599,17.75,18.27,18.739,19.003,19.412,18.763,19.176,19.609,19.767,20.041,19.618,19.065,17.77,17.822,18.082,18.141,17.698,17.631,17.31,16.758,16.933,16.825,17.571,18.073,18.368,18.136,17.523,18.417,18.744,18.78,18.597,18.841,18.808,17.849,17.991,18.711,19.115,19.241,19.717,19.222,18.332,18.997,19.372,19.326,19.138,19.511,19.793,19.125,20.811,21.187,21.735,21.717,21.787,21.223,20.302,20.992,20.97,21.337,21.464,21.778,22.08,21.09,21.277,22.006,22.228,22.245,22.352,22.514,22.031,22.103,22.415,22.278,20.778,19.419,20.046,20.64,20.116,20.381,20.405,23.99,24.316,25.093,25.02,24.445,24.606,25.032,25.65,25.299,25.34,25.458,24.278,25.434,25.858,25.528,25.471,25.814,25.646,24.973,25.671,25.908,25.823,26.253,26.468,25.947,25.397,26.491,26.212,23.152,18.674,18.744,19.129,18.945,18.205,18.574,17.539,17.113,17.761,18.788,19.008,18.526,19.495,19.591,19.54,19.115,18.061,17.084,15.861,17.078,17.738,18.208,18.577,18.681,19.117,18.386,19.086,19.31,19.408,19.314,18.579,22.635,22.341,23.31,24.284,24.369,24.52,24.885,24.33,23.712,24.7,25.192,25.375,25.686,25.431,25.188,24.27,24.909,25.585,25.328,25.006,24.496,23.825,21.892,23.296,24.391,24.417,24.633,24.601,23.675,21.591,20.406,21.194,22.07,22.119,22.818,23.151,22.293,23.207,23.969,24.236,24.606,24.428,24.071,22.8,23.231,24.104,24.73,24.126,25.208,24.935,24.048,24.685,24.855,23.303,22.185,21.253,21.845,22.743,23.839,24.255,23.709,20.794,21.177,22.014,20.41,21.436,21.654,22.109,22.404,22.228,21.385,20.469,21.311,21.201,20.811,21.094,21.664,21.269,20.254,20.913,21.043,21.389,21.521,21.485,20.8,19.06,19.154,19.736,19.532,19.042,18.613,21.654,21.453,22.921,23.052,22.469,21.689,22.042,21.286,21.049,22.821,22.835,23.219,22.873,22.72,22.273,21.655,22.415,22.271,21.756,22.351,22.6,21.558,20.507,21.69,21.876,20.93,20.455,19.895,19.31,19.455,20.743,21.114,20.801,21.081,21.845,22.449,21.22,21.473,22.256,22.895,23.403,24.268,23.335,22.633,23.551,23.133,24.132,24.365,24.169,23.562,23.401,24.157,24.347,23.242,23.08,23.798,23.86,23.303,23.853,24.997,25.426,25.665,31.843,31.279,30.314,29.797,30.39,29.915,28.258,27.794,27.374,26.087,27.587,28.806,29.746,30.891,29.944,28.136,26.021,26.829,27.449,28.479,28.861,28.366,27.22,25.265,26.967,28.321,28.732,28.688,29.025,28.625,15.617,15.496,16.159,16.569,16.769,16.947,17.216,17.157,17.419,17.659,17.987,18.094,18.122,17.97,17.39,17.507,17.026,17.648,17.843,17.887,17.649,16.986,16.886,16.5,17.07,17.608,17.665,17.789,17.103,17.342,17.631,21.129,20.991,21.114,20.735,20.074,20.476,20.663,20.74,20.611,19.881,18.655,16.93,16.599,17.75,18.27,18.739,19.003,19.412,18.763,19.176,19.609,19.767,20.041,19.618,19.065,17.77,17.822,18.082,18.141,17.698,17.631,17.31,16.758,16.933,16.825,17.571,18.073,18.368,18.136,17.523,18.417,18.744,18.78,18.597,18.841,18.808,17.849,17.991,18.711,19.115,19.241,19.717,19.222,18.332,18.997,19.372,19.326,19.138,19.511,19.793,19.125
Guntur_137,17.912,18.034,18.375,18.42,17.736,17.838,18.226,18.25,17.885,17.685,18.008,18.015,18.235,17.911,17.389,17.295,18.102,18.022,17.293,18.029,18.16,17.755,17.954,18.389,18.588,17.739,18.309,18.577,18.719,18.844,18.69,18.234,17.359,17.914,18.378,18.381,18.365,18.57,17.931,17.537,17.838,17.92,18.106,18.747,18.716,18.9,18.109,18.553,18.932,18.854,18.444,17.804,17.955,17.483,18.07,18.391,18.592,18.368,18.26,18.053,16.609,17.082,17.271,16.999,16.731,16.834,17.062,16.561,16.437,15.243,15.838,16.802,16.904,16.795,16.149,16.712,17.244,17.171,19.033,18.754,18.09,17.799,17.484,18.194,18.84,19.049,18.973,18.873,18.287,17.808,17.769,15.744,16.092,16.203,16.1,15.475,16.254,16.333,16.249,16.354,16.477,16.171,15.786,16.685,16.379,16.262,15.788,15.672,15.519,14.999,15.937,16.021,15.626,15.874,16.04,15.884,15.575,16.15,16.167,16.197,15.917,14.965,15.0,14.782,15.214,15.157,15.343,15.75,15.731,15.634,15.014,14.774,14.899,14.843,14.723,14.807,14.635,14.682,13.744,14.391,14.823,14.365,14.17,14.541,14.769,14.119,14.455,14.701,15.122,15.08,14.736,14.394,16.463,16.671,16.626,17.081,16.95,17.056,16.734,17.789,18.108,18.342,18.117,18.166,17.637,17.034,17.893,17.877,18.158,18.407,18.028,17.912,17.219,18.206,18.676,18.444,18.44,17.812,17.431,16.903,17.7,18.585,0.0,0.0,0.0,0.0,0.0,0.0,0.0,0.0,0.0,0.0,0.0,0.0,0.0,0.0,0.0,0.0,0.0,0.0,0.0,0.0,0.0,0.0,0.0,0.0,0.0,0.0,0.0,0.0,0.0,0.0,0.0,0.0,0.0,0.0,0.0,0.0,0.0,0.0,0.0,0.0,0.0,0.0,0.0,0.0,0.0,0.0,0.0,0.0,0.0,0.0,0.0,0.0,0.0,0.0,0.0,0.0,0.0,0.0,0.0,0.0,0.0,0.0,12.683,12.726,12.731,12.977,13.078,12.392,12.527,12.875,13.452,13.261,13.088,12.669,12.284,12.42,12.63,12.808,12.565,12.473,12.809,12.246,12.465,12.296,12.078,12.462,12.523,11.965,11.57,12.461,12.726,12.621,12.678,12.598,12.97,12.565,12.801,13.184,13.623,13.812,13.816,13.408,12.668,12.799,12.998,12.441,12.657,12.798,13.085,12.746,13.046,13.059,13.009,12.76,12.439,12.422,11.789,12.026,12.647,12.895,13.185,13.432,13.325,17.665,18.282,18.478,18.416,18.229,18.64,18.369,17.631,17.993,17.93,17.803,18.115,17.785,16.189,15.728,15.844,16.885,17.371,17.667,17.8,17.659,17.362,18.208,18.135,17.637,16.618,16.655,16.981,17.282,17.887,15.121,15.343,15.184,15.332,15.238,14.581,14.871,15.127,14.856,15.095,15.225,14.934,14.533,14.945,15.349,15.363,15.507,15.723,15.457,15.239,15.649,16.036,16.239,15.997,15.974,16.222,15.606,16.073,16.245,16.158,16.159,16.411,15.933,15.38,15.8,15.926,15.988,15.772,15.961,15.652,15.593,16.227,16.316,16.258,16.067,16.098,16.421,16.222,16.394,16.941,17.277,17.574,17.484,17.214,16.611,16.761,16.185,16.612,16.82,17.138,17.104,16.601,16.364,16.565,16.697,16.391,16.452,16.33,15.873,16.047,16.419,16.73,16.807,16.816,16.738,16.342,16.604,16.605,16.546,16.398,16.214,16.219,15.947,16.568,16.84,17.09,17.147,17.26,17.178,16.906,19.331,19.429,19.364,19.293,19.726,19.613,18.849,19.291,19.66,19.869,19.666,18.989,18.644,18.635,19.331,19.474,19.769,20.059,19.999,19.787,19.161,19.363,18.881,19.332,19.642,19.37,19.468,18.736,17.664,17.956,18.793,17.404,17.85,17.991,17.605,18.075,18.069,18.085,18.506,18.327,18.284,17.628,18.197,18.313,17.635,17.712,17.858,17.423,17.303,17.645,17.975,17.402,17.058,16.882,17.149,16.805,17.438,17.699,17.624,17.699,17.594,17.395,17.069,17.173,17.255,16.922,17.115,17.48,17.354,16.981,17.312,16.891,16.34,15.867,16.404,16.283,15.068,15.148,14.801,14.836,14.728,14.933,15.45,15.767,16.125,15.868,15.571,15.631,16.227,16.612,15.667,16.447,12.923,13.912,14.183,14.226,13.887,13.244,13.647,13.427,13.388,13.1,12.666,12.634,12.021,13.105,13.168,13.505,13.594,13.691,13.11,12.445,13.483,13.993,14.761,14.18,14.118,13.729,14.061,15.111,15.621,15.286,15.367,14.837,14.881,15.062,15.921,16.218,16.103,15.796,15.562,15.845,14.784,14.624,14.466,14.273,14.518,15.212,15.349,13.925,12.868,12.883,12.617,12.992,13.681,13.39,13.179,13.608,13.487,12.7,12.946,12.879,12.685,0.0,0.0,0.0,0.0,0.0,0.0,0.0,0.0,0.0,0.0,0.0,0.0,0.0,0.0,0.0,0.0,0.0,0.0,0.0,0.0,0.0,0.0,0.0,0.0,0.0,0.0,0.0,0.0,0.0,0.0,0.0,0.0,0.0,0.0,0.0,0.0,0.0,0.0,0.0,0.0,0.0,0.0,0.0,0.0,0.0,0.0,0.0,0.0,0.0,0.0,0.0,0.0,0.0,0.0,0.0,0.0,0.0,0.0,0.0,0.0,0.0,15.202,14.652,14.295,14.953,15.277,15.581,15.588,15.742,15.515,15.025,15.738,15.902,15.929,15.704,15.214,15.41,14.601,14.255,14.88,15.021,14.926,14.835,15.029,14.119,14.693,14.817,14.781,14.673,14.863,14.713,14.477,16.403,16.402,16.22,14.983,14.513,15.522,15.217,16.04,16.473,17.052,16.585,16.941,16.816,16.541,16.763,16.735,16.926,17.074,16.642,16.652,15.94,16.857,17.114,17.215,17.06,16.932,16.696,15.791,16.086,16.161,15.37,14.935,15.233,15.264,14.94,15.436,15.743,15.699,15.87,15.627,15.49,14.849,15.579,16.095,16.049,15.894,15.813,15.788,14.999,16.076,16.555,16.841,17.009,17.135,16.963,16.455,16.803,16.458,16.059,15.893,16.168,15.587,14.992,15.835,16.27,16.517,16.203,16.136,15.575,14.874,15.37,15.458,15.533,15.842,15.542,15.151,15.145,15.868,16.36,16.371,16.291,16.439,15.563,15.311,16.162,16.258,15.743,16.011,16.24,16.306,16.29,16.588,17.357,17.426,16.757,17.046,17.25,17.003,17.304,17.783,17.464,17.095,17.189,17.147,16.94,17.049,17.167,17.415,17.265,17.354,17.203,16.916,17.351,17.3,17.322,17.809,17.432,17.15,16.509,17.239,14.607,14.307,14.223,14.62,14.856,14.493,14.436,14.541,14.685,14.945,15.14,15.104,14.734,15.064,15.163,15.37,15.312,14.46,14.564,14.849,15.27,15.396,15.482,15.623,15.556,15.451,14.973,15.25,15.395,15.679,15.774,16.531,16.513,16.0,16.57,16.74,16.432,16.693,16.597,16.659,16.134,16.458,16.698,16.732,16.569,16.397,16.634,15.874,16.307,16.593,16.469,16.532,16.57,16.55,16.026,16.586,16.783,16.954,16.842,16.691,16.259,16.578,16.987,16.929,17.331,17.313,17.772,17.663,16.872,17.131,16.866,16.943,16.921,16.762,16.599,16.142,16.797,17.199,17.68,17.51,16.779,15.301,14.219,14.048,15.293,16.432,16.537,16.288,16.147,16.009,16.906,17.151,13.282,13.416,13.399,13.249,12.925,13.281,13.37,13.086,12.963,13.278,13.145,12.762,13.389,13.578,13.214,12.92,12.732,12.426,11.534,11.568,11.665,12.593,13.082,12.93,12.674,12.305,13.022,13.206,12.679,11.805,11.68,11.878,11.576,12.445,12.499,12.484,12.525,12.289,11.775,11.031,11.45,11.477,11.655,11.482,11.51,11.534,11.034,11.871,12.054,11.839,11.114,11.45,11.155,10.367,11.155,11.886,12.022,11.929,12.14,11.744,11.046,14.655,15.029,15.649,15.637,15.092,14.646,13.932,14.275,14.259,14.253,13.433,14.162,14.699,13.703,12.995,13.917,14.72,15.226,15.043,14.853,14.212,14.986,15.362,15.224,15.478,15.984,15.461,14.805,15.876,16.29,16.184,19.174,19.357,19.257,18.127,19.052,19.353,19.431,19.168,18.67,18.199,16.995,17.265,17.337,17.347,17.083,16.232,16.784,16.907,17.86,17.829,17.609,16.875,16.607,16.388,16.442,17.9,18.038,17.977,18.234,18.282,17.351,16.575,17.588,18.117,17.175,17.423,17.338,17.438,16.856,17.392,17.234,17.528,17.546,17.4,17.149,16.556,17.877,18.05,18.08,18.022,17.79,17.32,16.288,15.361,15.04,16.116,17.004,17.353,17.442,16.962,17.139,16.248,16.456,16.314,16.577,16.52,16.178,16.414,16.542,16.547,16.539,16.555,16.06,15.667,15.786,16.204,16.447,16.57,16.716,16.769,16.117,16.707,16.942,16.904,16.896,16.901,16.917,16.544,16.969,16.76,16.78,17.056,17.307,17.337,16.729,17.084,17.477,17.685,17.256,17.13,16.467,16.029,16.875,16.902,17.004,17.321,17.669,17.799,17.401,18.085,18.145,18.004,18.078,18.375,18.256,17.631,17.986,18.327,18.618,18.685,18.47,18.275,17.759,18.24,18.166,17.861,18.086,18.219,18.325,18.158,18.451,18.478,18.645,18.693,18.8,18.133,17.411,17.903,18.265,18.612,18.447,18.677,18.456,17.921,18.056,18.375,18.237,17.044,17.595,18.116,17.657,17.888,17.91,16.566,16.791,17.328,17.277,16.881,16.992,17.286,17.712,17.47,17.498,17.58,16.765,17.564,17.856,17.629,17.589,17.826,17.71,17.245,17.727,17.891,17.832,18.129,18.277,17.917,17.538,18.293,18.1,18.909,18.98,19.369,19.183,18.434,18.808,17.76,17.328,17.985,19.025,19.247,18.759,19.741,19.837,19.786,19.356,18.289,17.299,16.061,17.293,17.962,18.437,18.811,18.916,19.357,18.618,19.327,19.553,19.652,19.557,18.813,16.489,16.275,16.981,17.691,17.752,17.862,18.128,17.724,17.273,17.993,18.352,18.485,18.712,18.526,18.349,17.68,18.146,18.638,18.45,18.216,17.844,17.356,15.948,16.971,17.768,17.787,17.944,17.921,17.246,15.729,16.978,17.633,18.361,18.403,18.984,19.261,18.548,19.307,19.942,20.164,20.471,20.324,20.027,18.97,19.328,20.054,20.575,20.072,20.972,20.746,20.007,20.537,20.679,19.388,18.458,17.682,18.175,18.922,19.833,20.18,19.725,20.794,21.177,22.014,20.41,21.436,21.654,22.109,22.404,22.228,21.385,20.469,21.311,21.201,20.811,21.094,21.664,21.269,20.254,20.913,21.043,21.389,21.521,21.485,20.8,19.06,19.154,19.736,19.532,19.042,18.613,27.895,27.636,29.528,29.696,28.945,27.94,28.395,27.422,27.116,29.399,29.417,29.912,29.466,29.268,28.693,27.897,28.875,28.69,28.026,28.793,29.113,27.771,26.417,27.942,28.182,26.962,26.351,25.63,24.876,25.062,26.721,24.953,24.583,24.913,25.817,26.53,25.078,25.377,26.303,27.058,27.659,28.68,27.578,26.748,27.833,27.339,28.52,28.795,28.564,27.846,27.656,28.549,28.774,27.467,27.277,28.125,28.199,27.54,28.19,29.542,30.049,30.332,35.985,35.348,34.258,33.673,34.343,33.806,31.934,31.409,30.935,29.48,31.176,32.553,33.615,34.909,33.84,31.796,29.406,30.319,31.019,32.184,32.615,32.056,30.76,28.552,30.474,32.005,32.469,32.42,32.801,32.348,15.617,15.496,16.159,16.569,16.769,16.947,17.216,17.157,17.419,17.659,17.987,18.094,18.122,17.97,17.39,17.507,17.026,17.648,17.843,17.887,17.649,16.986,16.886,16.5,17.07,17.608,17.665,17.789,17.103,17.342,17.631,21.129,20.991,21.114,20.735,20.074,20.476,20.663,20.74,20.611,19.881,18.655,16.93,16.599,17.75,18.27,18.739,19.003,19.412,18.763,19.176,19.609,19.767,20.041,19.618,19.065,17.77,17.822,18.082,18.141,17.698,17.631,17.31,16.758,16.933,16.825,17.571,18.073,18.368,18.136,17.523,18.417,18.744,18.78,18.597,18.841,18.808,17.849,17.991,18.711,19.115,19.241,19.717,19.222,18.332,18.997,19.372,19.326,19.138,19.511,19.793,19.125,20.811,21.187,21.735,21.717,21.787,21.223,20.302,20.992,20.97,21.337,21.464,21.778,22.08,21.09,21.277,22.006,22.228,22.245,22.352,22.514,22.031,22.103,22.415,22.278,20.778,19.419,20.046,20.64,20.116,20.381,20.405,23.99,24.316,25.093,25.02,24.445,24.606,25.032,25.65,25.299,25.34,25.458,24.278,25.434,25.858,25.528,25.471,25.814,25.646,24.973,25.671,25.908,25.823,26.253,26.468,25.947,25.397,26.491,26.212,23.152,18.674,18.744,19.129,18.945,18.205,18.574,17.539,17.113,17.761,18.788,19.008,18.526,19.495,19.591,19.54,19.115,18.061,17.084,15.861,17.078,17.738,18.208,18.577,18.681,19.117,18.386,19.086,19.31,19.408,19.314,18.579,22.635,22.341,23.31,24.284,24.369,24.52,24.885,24.33,23.712,24.7,25.192,25.375,25.686,25.431,25.188,24.27,24.909,25.585,25.328,25.006,24.496,23.825,21.892,23.296,24.391,24.417,24.633,24.601,23.675,21.591,20.406,21.194,22.07,22.119,22.818,23.151,22.293,23.207,23.969,24.236,24.606,24.428,24.071,22.8,23.231,24.104,24.73,24.126,25.208,24.935,24.048,24.685,24.855,23.303,22.185,21.253,21.845,22.743,23.839,24.255,23.709,20.794,21.177,22.014,20.41,21.436,21.654,22.109,22.404,22.228,21.385,20.469,21.311,21.201,20.811,21.094,21.664,21.269,20.254,20.913,21.043,21.389,21.521,21.485,20.8,19.06,19.154,19.736,19.532,19.042,18.613,21.654,21.453,22.921,23.052,22.469,21.689,22.042,21.286,21.049,22.821,22.835,23.219,22.873,22.72,22.273,21.655,22.415,22.271,21.756,22.351,22.6,21.558,20.507,21.69,21.876,20.93,20.455,19.895,19.31,19.455,20.743,21.114,20.801,21.081,21.845,22.449,21.22,21.473,22.256,22.895,23.403,24.268,23.335,22.633,23.551,23.133,24.132,24.365,24.169,23.562,23.401,24.157,24.347,23.242,23.08,23.798,23.86,23.303,23.853,24.997,25.426,25.665,31.843,31.279,30.314,29.797,30.39,29.915,28.258,27.794,27.374,26.087,27.587,28.806,29.746,30.891,29.944,28.136,26.021,26.829,27.449,28.479,28.861,28.366,27.22,25.265,26.967,28.321,28.732,28.688,29.025,28.625,15.617,15.496,16.159,16.569,16.769,16.947,17.216,17.157,17.419,17.659,17.987,18.094,18.122,17.97,17.39,17.507,17.026,17.648,17.843,17.887,17.649,16.986,16.886,16.5,17.07,17.608,17.665,17.789,17.103,17.342,17.631,21.129,20.991,21.114,20.735,20.074,20.476,20.663,20.74,20.611,19.881,18.655,16.93,16.599,17.75,18.27,18.739,19.003,19.412,18.763,19.176,19.609,19.767,20.041,19.618,19.065,17.77,17.822,18.082,18.141,17.698,17.631,17.31,16.758,16.933,16.825,17.571,18.073,18.368,18.136,17.523,18.417,18.744,18.78,18.597,18.841,18.808,17.849,17.991,18.711,19.115,19.241,19.717,19.222,18.332,18.997,19.372,19.326,19.138,19.511,19.793,19.125
Guntur_138,15.224,15.328,15.618,15.656,15.075,15.161,15.491,15.511,15.201,15.031,15.306,15.312,15.499,15.223,14.78,14.7,15.386,15.318,14.698,15.324,15.435,15.091,15.26,15.629,15.799,15.077,15.562,15.79,15.91,16.017,15.885,13.756,13.096,13.515,13.865,13.867,13.855,14.01,13.528,13.231,13.457,13.52,13.66,14.143,14.12,14.259,13.662,13.997,14.283,14.224,13.915,13.432,13.546,13.19,13.633,13.875,14.026,13.857,13.776,13.62,13.973,14.371,14.53,14.301,14.076,14.162,14.354,13.933,13.829,12.824,13.324,14.135,14.221,14.13,13.586,14.06,14.507,14.446,16.012,15.778,15.22,14.975,14.71,15.307,15.85,16.026,15.962,15.878,15.385,14.982,14.949,15.662,16.009,16.119,16.016,15.394,16.169,16.248,16.164,16.269,16.392,16.086,15.704,16.598,16.294,16.178,15.706,15.59,15.439,14.921,15.854,15.937,15.545,15.791,15.956,15.802,15.494,16.066,16.083,16.112,15.834,14.086,14.118,13.913,14.32,14.265,14.441,14.824,14.807,14.715,14.131,13.905,14.023,13.971,13.858,13.936,13.774,13.818,12.936,13.545,13.951,13.52,13.337,13.686,13.901,13.289,13.605,13.837,14.233,14.193,13.87,13.548,12.188,12.342,12.308,12.645,12.548,12.626,12.388,13.169,13.405,13.579,13.412,13.448,13.056,12.61,13.246,13.235,13.442,13.626,13.346,13.261,12.747,13.478,13.826,13.654,13.651,13.186,12.904,12.513,13.103,13.759,0.0,0.0,0.0,0.0,0.0,0.0,0.0,0.0,0.0,0.0,0.0,0.0,0.0,0.0,0.0,0.0,0.0,0.0,0.0,0.0,0.0,0.0,0.0,0.0,0.0,0.0,0.0,0.0,0.0,0.0,0.0,0.0,0.0,0.0,0.0,0.0,0.0,0.0,0.0,0.0,0.0,0.0,0.0,0.0,0.0,0.0,0.0,0.0,0.0,0.0,0.0,0.0,0.0,0.0,0.0,0.0,0.0,0.0,0.0,0.0,0.0,0.0,12.122,12.164,12.169,12.404,12.5,11.845,11.973,12.306,12.857,12.675,12.51,12.11,11.741,11.871,12.072,12.242,12.01,11.922,12.243,11.705,11.914,11.753,11.545,11.911,11.969,11.437,11.059,11.91,12.164,12.064,11.093,11.023,11.349,10.994,11.201,11.536,11.92,12.085,12.089,11.732,11.085,11.2,11.373,10.886,11.074,11.199,11.449,11.153,11.415,11.426,11.383,11.165,10.884,10.869,10.315,10.523,11.066,11.283,11.537,11.753,11.66,15.098,15.626,15.793,15.741,15.581,15.932,15.701,15.069,15.378,15.325,15.216,15.483,15.201,13.837,13.443,13.542,14.432,14.848,15.1,15.214,15.094,14.84,15.563,15.5,15.075,14.204,14.235,14.514,14.771,15.288,13.564,13.764,13.621,13.754,13.67,13.08,13.34,13.57,13.327,13.541,13.658,13.396,13.037,13.407,13.769,13.782,13.911,14.104,13.866,13.671,14.038,14.385,14.567,14.35,14.329,14.552,14.0,14.419,14.573,14.494,14.495,14.211,13.797,13.318,13.682,13.791,13.844,13.657,13.821,13.554,13.503,14.052,14.128,14.078,13.913,13.94,14.22,14.047,14.196,14.67,14.961,15.218,15.14,14.906,14.384,14.514,14.015,14.385,14.565,14.841,14.811,14.376,13.335,13.499,13.607,13.357,13.406,13.307,12.935,13.077,13.38,13.634,13.696,13.703,13.64,13.317,13.531,13.531,13.483,13.363,13.213,13.217,12.996,13.502,13.723,13.927,13.973,14.065,13.999,13.777,15.691,15.77,15.718,15.66,16.011,15.92,15.299,15.658,15.958,16.127,15.963,15.413,15.133,15.126,15.691,15.807,16.047,16.282,16.233,16.061,15.552,15.717,15.326,15.692,15.943,15.722,15.801,15.208,14.337,14.575,15.254,14.407,14.776,14.892,14.573,14.962,14.957,14.97,15.319,15.171,15.136,14.592,15.063,15.159,14.598,14.661,14.782,14.423,14.323,14.606,14.879,14.405,14.121,13.975,14.195,13.911,14.434,14.651,14.589,14.65,14.564,22.354,21.936,22.069,22.175,21.747,21.995,22.463,22.302,21.823,22.249,21.708,20.999,20.391,21.081,20.926,19.364,19.467,19.021,19.066,18.927,19.191,19.854,20.263,20.723,20.393,20.011,20.088,20.854,21.349,20.134,21.136,18.389,19.797,20.183,20.244,19.762,18.846,19.419,19.107,19.051,18.641,18.024,17.979,17.105,18.649,18.739,19.218,19.345,19.482,18.656,17.71,19.186,19.912,21.004,20.178,20.09,19.537,20.01,21.503,22.228,21.752,17.368,16.769,16.818,17.024,17.994,18.33,18.199,17.853,17.588,17.908,16.709,16.528,16.35,16.131,16.409,17.193,17.347,15.738,14.544,14.56,14.259,14.684,15.462,15.133,14.895,15.38,15.243,14.353,14.632,14.556,14.336,0.0,0.0,0.0,0.0,0.0,0.0,0.0,0.0,0.0,0.0,0.0,0.0,0.0,0.0,0.0,0.0,0.0,0.0,0.0,0.0,0.0,0.0,0.0,0.0,0.0,0.0,0.0,0.0,0.0,0.0,0.0,0.0,0.0,0.0,0.0,0.0,0.0,0.0,0.0,0.0,0.0,0.0,0.0,0.0,0.0,0.0,0.0,0.0,0.0,0.0,0.0,0.0,0.0,0.0,0.0,0.0,0.0,0.0,0.0,0.0,0.0,16.117,15.534,15.156,15.854,16.197,16.519,16.526,16.69,16.449,15.929,16.685,16.86,16.888,16.65,16.13,16.338,15.481,15.114,15.776,15.925,15.825,15.728,15.934,14.969,15.578,15.709,15.671,15.557,15.758,15.599,15.349,15.177,15.176,15.007,13.863,13.428,14.362,14.079,14.841,15.241,15.777,15.345,15.675,15.558,15.304,15.509,15.483,15.66,15.797,15.397,15.407,14.748,15.596,15.834,15.928,15.785,15.666,15.447,14.61,14.883,14.952,14.3,13.896,14.173,14.202,13.9,14.362,14.648,14.607,14.766,14.54,14.412,13.816,14.495,14.975,14.933,14.788,14.713,14.69,13.955,14.958,15.404,15.67,15.826,15.943,15.783,15.311,15.634,15.313,14.942,14.787,15.043,13.547,13.03,13.763,14.141,14.356,14.083,14.025,13.537,12.928,13.359,13.435,13.501,13.77,13.509,13.169,13.163,13.792,14.219,14.229,14.16,14.288,13.526,13.308,14.047,14.131,13.683,13.916,14.115,14.173,14.158,14.418,15.375,15.436,14.844,15.099,15.281,15.062,15.328,15.753,15.47,15.143,15.226,15.189,15.005,15.103,15.206,15.426,15.294,15.372,15.239,14.984,15.37,15.325,15.344,15.776,15.442,15.192,14.624,15.27,15.626,15.306,15.216,15.641,15.893,15.505,15.444,15.556,15.71,15.988,16.197,16.158,15.763,16.116,16.222,16.443,16.381,15.469,15.581,15.886,16.336,16.47,16.563,16.713,16.643,16.53,16.018,16.315,16.47,16.774,16.875,14.844,14.828,14.367,14.879,15.032,14.755,14.989,14.903,14.959,14.487,14.778,14.993,15.024,14.878,14.724,14.936,14.254,14.642,14.9,14.788,14.845,14.878,14.86,14.39,14.893,15.07,15.224,15.123,14.987,14.6,13.635,13.971,13.923,14.253,14.239,14.617,14.526,13.876,14.089,13.872,13.934,13.916,13.785,13.651,13.276,13.814,14.145,14.541,14.401,13.8,12.584,11.694,11.553,12.578,13.514,13.6,13.396,13.28,13.167,13.904,14.105,15.608,15.766,15.747,15.57,15.19,15.608,15.712,15.378,15.233,15.604,15.448,14.998,15.734,15.956,15.529,15.183,14.963,14.603,13.555,13.594,13.709,14.799,15.374,15.195,14.894,14.46,15.303,15.519,14.9,13.873,13.726,13.958,13.604,14.625,14.688,14.671,14.719,14.442,13.837,12.963,13.456,13.487,13.697,13.493,13.526,13.554,12.967,13.95,14.165,13.913,13.061,13.456,13.109,12.183,13.109,13.969,14.128,14.018,14.267,13.802,12.981,27.372,28.069,29.227,29.205,28.187,27.354,26.02,26.661,26.632,26.62,25.089,26.45,27.453,25.592,24.27,25.993,27.492,28.437,28.095,27.74,26.544,27.989,28.692,28.433,28.908,29.853,28.877,27.651,29.651,30.425,30.228,15.919,16.071,15.989,15.05,15.818,16.068,16.133,15.915,15.501,15.11,14.11,14.334,14.394,14.403,14.183,13.477,13.935,14.037,14.828,14.803,14.62,14.011,13.788,13.606,13.651,14.861,14.976,14.925,15.139,15.178,12.276,11.727,12.444,12.819,12.152,12.327,12.267,12.338,11.926,12.305,12.193,12.402,12.415,12.311,12.133,11.714,12.649,12.771,12.792,12.751,12.587,12.254,11.524,10.869,10.641,11.402,12.031,12.278,12.341,12.001,12.126,13.332,13.503,13.386,13.603,13.555,13.275,13.469,13.574,13.578,13.571,13.585,13.178,12.856,12.954,13.297,13.496,13.596,13.716,13.76,13.225,13.709,13.902,13.87,13.865,13.868,13.881,13.576,13.924,13.753,13.769,16.335,16.575,16.604,16.022,16.362,16.738,16.937,16.526,16.405,15.771,15.352,16.162,16.187,16.285,16.589,16.922,17.046,16.666,17.32,17.378,17.243,17.314,17.598,17.484,16.886,17.226,17.552,17.831,17.895,17.689,17.502,13.702,14.073,14.016,13.781,13.954,14.056,14.139,14.01,14.236,14.257,14.385,14.422,14.505,13.991,13.433,13.813,14.092,14.36,14.233,14.41,14.239,13.827,13.931,14.177,14.071,13.15,13.575,13.977,13.623,13.802,13.818,15.447,15.657,16.157,16.11,15.74,15.844,16.118,16.516,16.29,16.316,16.392,15.633,16.377,16.65,16.437,16.4,16.621,16.513,16.08,16.529,16.682,16.627,16.904,17.042,16.707,16.353,17.058,16.877,16.303,16.365,16.7,16.54,15.894,16.216,15.313,14.941,15.506,16.403,16.595,16.174,17.02,17.104,17.059,16.689,15.769,14.915,13.848,14.91,15.487,15.897,16.218,16.31,16.69,16.052,16.663,16.859,16.944,16.862,16.22,13.311,13.138,13.708,14.281,14.331,14.42,14.634,14.308,13.944,14.525,14.814,14.922,15.105,14.955,14.812,14.272,14.648,15.046,14.894,14.705,14.405,14.011,12.874,13.7,14.343,14.359,14.486,14.467,13.922,12.697,12.741,13.233,13.78,13.811,14.247,14.455,13.919,14.49,14.966,15.132,15.363,15.253,15.029,14.236,14.505,15.05,15.441,15.064,15.739,15.569,15.015,15.413,15.519,14.55,13.852,13.27,13.64,14.2,14.884,15.145,14.803,17.042,17.356,18.042,16.727,17.568,17.747,18.12,18.362,18.217,17.526,16.776,17.466,17.376,17.056,17.288,17.755,17.432,16.599,17.14,17.246,17.53,17.638,17.608,17.047,15.621,15.698,16.175,16.007,15.606,15.255,15.224,15.082,16.115,16.207,15.796,15.248,15.496,14.965,14.798,16.044,16.054,16.324,16.081,15.973,15.659,15.225,15.758,15.657,15.295,15.714,15.888,15.156,14.417,15.249,15.38,14.714,14.381,13.987,13.576,13.677,14.583,13.58,13.379,13.559,14.051,14.439,13.649,13.811,14.315,14.726,15.053,15.609,15.009,14.558,15.148,14.879,15.522,15.672,15.546,15.155,15.052,15.538,15.66,14.949,14.845,15.307,15.347,14.989,15.342,16.078,16.354,16.508,24.029,23.603,22.875,22.485,22.932,22.574,21.323,20.973,20.657,19.685,20.817,21.737,22.446,23.31,22.596,21.231,19.636,20.245,20.713,21.491,21.779,21.405,20.54,19.065,20.349,21.371,21.681,21.648,21.903,21.6,14.572,14.459,15.078,15.46,15.647,15.813,16.064,16.009,16.254,16.478,16.783,16.883,16.91,16.768,16.226,16.336,15.886,16.467,16.649,16.691,16.468,15.849,15.756,15.396,15.928,16.43,16.483,16.599,15.959,16.182,16.452,18.539,18.418,18.526,18.193,17.613,17.966,18.13,18.198,18.085,17.444,16.368,14.854,14.564,15.574,16.03,16.442,16.673,17.033,16.463,16.825,17.206,17.344,17.584,17.214,16.728,15.591,15.637,15.865,15.917,15.528,16.079,15.786,15.283,15.442,15.344,16.025,16.482,16.751,16.54,15.981,16.796,17.094,17.127,16.961,17.182,17.153,16.278,16.407,17.064,17.433,17.548,17.982,17.53,16.718,17.325,17.667,17.625,17.453,17.793,18.051,17.442,17.461,17.776,18.236,18.22,18.279,17.806,17.033,17.612,17.594,17.902,18.009,18.272,18.525,17.695,17.852,18.463,18.65,18.663,18.753,18.89,18.484,18.545,18.806,18.691,17.433,16.292,16.819,17.317,16.878,17.099,17.12,22.284,22.587,23.31,23.242,22.708,22.857,23.253,23.827,23.501,23.539,23.648,22.553,23.627,24.02,23.714,23.66,23.979,23.823,23.198,23.846,24.067,23.988,24.387,24.586,24.102,23.592,24.608,24.349,21.506,17.155,17.219,17.572,17.404,16.724,17.063,16.112,15.721,16.316,17.26,17.462,17.019,17.909,17.997,17.95,17.56,16.592,15.694,14.571,15.688,16.295,16.727,17.065,17.161,17.562,16.891,17.534,17.739,17.829,17.743,17.067,17.448,17.221,17.968,18.719,18.785,18.901,19.182,18.755,18.278,19.04,19.419,19.56,19.8,19.603,19.415,18.708,19.201,19.722,19.523,19.275,18.882,18.365,16.875,17.958,18.801,18.821,18.988,18.963,18.249,16.643,16.721,17.367,18.084,18.125,18.698,18.97,18.268,19.016,19.641,19.86,20.163,20.017,19.724,18.683,19.036,19.752,20.264,19.77,20.656,20.433,19.705,20.228,20.367,19.096,18.179,17.415,17.9,18.637,19.534,19.876,19.428,17.042,17.356,18.042,16.727,17.568,17.747,18.12,18.362,18.217,17.526,16.776,17.466,17.376,17.056,17.288,17.755,17.432,16.599,17.14,17.246,17.53,17.638,17.608,17.047,15.621,15.698,16.175,16.007,15.606,15.255,17.744,17.579,18.782,18.89,18.411,17.772,18.062,17.443,17.248,18.7,18.712,19.027,18.743,18.617,18.251,17.745,18.367,18.249,17.827,18.315,18.519,17.665,16.804,17.774,17.926,17.15,16.762,16.303,15.824,15.942,16.997,15.813,15.578,15.788,16.361,16.813,15.892,16.082,16.669,17.147,17.528,18.175,17.476,16.951,17.638,17.325,18.074,18.248,18.101,17.647,17.526,18.092,18.235,17.406,17.286,17.823,17.87,17.452,17.864,18.721,19.043,19.222,16.269,15.981,15.488,15.224,15.527,15.284,14.438,14.2,13.986,13.328,14.095,14.718,15.198,15.783,15.299,14.375,13.295,13.708,14.024,14.551,14.746,14.493,13.907,12.909,13.778,14.47,14.68,14.658,14.83,14.625,14.572,14.459,15.078,15.46,15.647,15.813,16.064,16.009,16.254,16.478,16.783,16.883,16.91,16.768,16.226,16.336,15.886,16.467,16.649,16.691,16.468,15.849,15.756,15.396,15.928,16.43,16.483,16.599,15.959,16.182,16.452,18.539,18.418,18.526,18.193,17.613,17.966,18.13,18.198,18.085,17.444,16.368,14.854,14.564,15.574,16.03,16.442,16.673,17.033,16.463,16.825,17.206,17.344,17.584,17.214,16.728,15.591,15.637,15.865,15.917,15.528,16.079,15.786,15.283,15.442,15.344,16.025,16.482,16.751,16.54,15.981,16.796,17.094,17.127,16.961,17.182,17.153,16.278,16.407,17.064,17.433,17.548,17.982,17.53,16.718,17.325,17.667,17.625,17.453,17.793,18.051,17.442
Guntur_139,10.025,10.094,10.285,10.31,9.927,9.984,10.201,10.215,10.01,9.898,10.079,10.083,10.206,10.025,9.733,9.68,10.132,10.087,9.679,10.091,10.164,9.938,10.049,10.292,10.404,9.928,10.248,10.398,10.477,10.547,10.461,9.955,9.478,9.781,10.034,10.036,10.027,10.139,9.79,9.575,9.739,9.784,9.885,10.235,10.219,10.319,9.887,10.13,10.337,10.294,10.07,9.721,9.803,9.545,9.866,10.041,10.151,10.028,9.97,9.857,9.453,9.722,9.83,9.675,9.522,9.581,9.711,9.426,9.355,8.676,9.014,9.563,9.621,9.559,9.191,9.512,9.814,9.773,10.833,10.674,10.296,10.131,9.951,10.355,10.723,10.842,10.798,10.742,10.408,10.135,10.113,10.343,10.572,10.645,10.577,10.166,10.678,10.73,10.675,10.744,10.825,10.623,10.371,10.961,10.76,10.684,10.372,10.296,10.195,9.853,10.47,10.525,10.265,10.428,10.537,10.435,10.232,10.61,10.621,10.64,10.457,9.352,9.374,9.238,9.508,9.472,9.588,9.843,9.831,9.77,9.383,9.232,9.311,9.276,9.201,9.253,9.146,9.175,8.589,8.993,9.263,8.977,8.855,9.087,9.23,8.824,9.033,9.187,9.45,9.424,9.209,8.996,8.146,8.249,8.227,8.452,8.387,8.439,8.28,8.802,8.96,9.076,8.964,8.989,8.727,8.428,8.853,8.846,8.984,9.108,8.921,8.863,8.52,9.009,9.241,9.126,9.124,8.813,8.625,8.364,8.758,9.196,0.0,0.0,0.0,0.0,0.0,0.0,0.0,0.0,0.0,0.0,0.0,0.0,0.0,0.0,0.0,0.0,0.0,0.0,0.0,0.0,0.0,0.0,0.0,0.0,0.0,0.0,0.0,0.0,0.0,0.0,0.0,0.0,0.0,0.0,0.0,0.0,0.0,0.0,0.0,0.0,0.0,0.0,0.0,0.0,0.0,0.0,0.0,0.0,0.0,0.0,0.0,0.0,0.0,0.0,0.0,0.0,0.0,0.0,0.0,0.0,0.0,0.0,9.741,9.774,9.778,9.967,10.045,9.518,9.621,9.888,10.331,10.185,10.052,9.731,9.435,9.539,9.7,9.837,9.651,9.58,9.838,9.405,9.574,9.444,9.277,9.571,9.618,9.19,8.886,9.571,9.774,9.694,7.612,7.564,7.787,7.544,7.686,7.916,8.179,8.293,8.295,8.05,7.606,7.685,7.804,7.47,7.599,7.684,7.856,7.653,7.833,7.841,7.81,7.661,7.469,7.458,7.078,7.221,7.593,7.742,7.916,8.065,8.001,9.953,10.3,10.411,10.376,10.271,10.502,10.35,9.934,10.137,10.102,10.031,10.207,10.02,9.121,8.862,8.927,9.513,9.787,9.954,10.029,9.95,9.782,10.259,10.218,9.937,9.363,9.384,9.567,9.737,10.078,10.43,10.583,10.473,10.575,10.51,10.057,10.257,10.434,10.247,10.412,10.501,10.301,10.024,10.308,10.587,10.597,10.696,10.844,10.662,10.511,10.794,11.061,11.201,11.034,11.018,11.189,10.764,11.086,11.205,11.145,11.145,10.713,10.401,10.039,10.314,10.396,10.436,10.295,10.419,10.217,10.179,10.593,10.65,10.613,10.488,10.508,10.719,10.589,10.702,11.058,11.278,11.472,11.413,11.237,10.843,10.941,10.565,10.844,10.98,11.187,11.165,10.837,9.878,10.0,10.079,9.894,9.931,9.858,9.582,9.687,9.912,10.099,10.145,10.151,10.104,9.865,10.023,10.024,9.988,9.899,9.788,9.79,9.627,10.002,10.165,10.316,10.351,10.419,10.37,10.205,10.943,10.999,10.962,10.921,11.166,11.103,10.67,10.92,11.129,11.247,11.133,10.749,10.554,10.549,10.943,11.024,11.191,11.355,11.321,11.201,10.847,10.961,10.688,10.944,11.119,10.965,11.02,10.606,9.999,10.165,10.638,10.453,10.721,10.805,10.574,10.856,10.852,10.862,11.115,11.008,10.982,10.587,10.929,10.999,10.592,10.638,10.726,10.464,10.392,10.598,10.796,10.452,10.245,10.14,10.3,10.093,10.473,10.63,10.585,10.63,10.567,10.466,10.27,10.332,10.382,10.182,10.298,10.517,10.441,10.217,10.416,10.163,9.831,9.547,9.87,9.797,9.066,9.114,8.905,8.926,8.861,8.985,9.295,9.487,9.702,9.547,9.369,9.405,9.763,9.995,9.426,9.896,8.641,9.303,9.484,9.513,9.286,8.856,9.125,8.979,8.952,8.76,8.47,8.448,8.038,8.763,8.806,9.031,9.09,9.155,8.767,8.322,9.016,9.357,9.87,9.482,9.441,9.18,9.403,10.104,10.445,10.222,9.504,9.176,9.203,9.315,9.846,10.03,9.958,9.769,9.624,9.799,9.143,9.044,8.946,8.827,8.979,9.408,9.492,8.611,7.958,7.967,7.802,8.035,8.461,8.281,8.15,8.416,8.341,7.854,8.006,7.965,7.844,0.0,0.0,0.0,0.0,0.0,0.0,0.0,0.0,0.0,0.0,0.0,0.0,0.0,0.0,0.0,0.0,0.0,0.0,0.0,0.0,0.0,0.0,0.0,0.0,0.0,0.0,0.0,0.0,0.0,0.0,0.0,0.0,0.0,0.0,0.0,0.0,0.0,0.0,0.0,0.0,0.0,0.0,0.0,0.0,0.0,0.0,0.0,0.0,0.0,0.0,0.0,0.0,0.0,0.0,0.0,0.0,0.0,0.0,0.0,0.0,0.0,8.655,8.342,8.139,8.514,8.698,8.871,8.875,8.963,8.833,8.554,8.96,9.054,9.069,8.941,8.662,8.773,8.313,8.116,8.472,8.552,8.498,8.446,8.556,8.039,8.365,8.436,8.416,8.354,8.462,8.377,8.242,11.088,11.087,10.964,10.128,9.81,10.492,10.286,10.842,11.135,11.527,11.211,11.452,11.367,11.181,11.331,11.312,11.441,11.541,11.249,11.256,10.775,11.395,11.568,11.637,11.532,11.445,11.286,10.674,10.874,10.924,10.158,9.871,10.068,10.088,9.874,10.202,10.405,10.376,10.489,10.328,10.238,9.814,10.297,10.638,10.607,10.505,10.451,10.435,9.913,10.625,10.942,11.131,11.242,11.325,11.212,10.876,11.106,10.877,10.614,10.504,10.686,11.034,10.612,11.209,11.517,11.692,11.47,11.422,11.025,10.529,10.88,10.942,10.995,11.214,11.002,10.725,10.721,11.233,11.581,11.588,11.532,11.637,11.016,10.839,11.44,11.509,11.144,11.334,11.496,11.543,11.531,11.743,11.062,11.106,10.68,10.864,10.994,10.837,11.029,11.334,11.131,10.895,10.955,10.929,10.797,10.866,10.941,11.099,11.004,11.061,10.964,10.781,11.059,11.026,11.04,11.351,11.11,10.931,10.522,10.987,11.03,10.804,10.741,11.041,11.218,10.944,10.901,10.981,11.089,11.286,11.433,11.405,11.127,11.376,11.45,11.606,11.563,10.919,10.998,11.213,11.531,11.626,11.691,11.797,11.747,11.668,11.306,11.516,11.625,11.84,11.912,11.742,11.729,11.365,11.77,11.891,11.672,11.857,11.789,11.833,11.46,11.69,11.861,11.885,11.769,11.647,11.815,11.276,11.583,11.786,11.698,11.743,11.77,11.755,11.383,11.781,11.921,12.043,11.963,11.856,11.549,11.114,11.388,11.349,11.618,11.607,11.914,11.841,11.311,11.484,11.307,11.358,11.343,11.237,11.127,10.821,11.26,11.53,11.852,11.738,11.248,10.258,9.532,9.417,10.252,11.016,11.086,10.919,10.825,10.732,11.333,11.497,10.758,10.867,10.853,10.731,10.469,10.757,10.829,10.599,10.499,10.755,10.647,10.337,10.845,10.997,10.703,10.465,10.313,10.065,9.342,9.37,9.449,10.2,10.596,10.473,10.265,9.967,10.547,10.696,10.269,9.562,9.46,9.621,9.377,10.08,10.124,10.112,10.145,9.954,9.537,8.935,9.274,9.296,9.44,9.3,9.323,9.342,8.938,9.615,9.763,9.59,9.002,9.274,9.035,8.397,9.035,9.628,9.738,9.662,9.833,9.513,8.947,9.313,9.55,9.944,9.936,9.59,9.306,8.853,9.071,9.061,9.057,8.536,8.999,9.34,8.707,8.257,8.844,9.353,9.675,9.559,9.438,9.031,9.523,9.762,9.674,9.835,10.157,9.825,9.408,10.088,10.351,10.284,11.775,11.887,11.826,11.132,11.7,11.885,11.933,11.772,11.466,11.176,10.437,10.603,10.647,10.653,10.491,9.969,10.307,10.383,10.968,10.949,10.814,10.363,10.199,10.064,10.097,10.992,11.077,11.04,11.198,11.227,10.932,10.443,11.081,11.415,10.821,10.977,10.924,10.987,10.62,10.958,10.858,11.043,11.055,10.963,10.804,10.431,11.263,11.372,11.391,11.355,11.209,10.912,10.262,9.678,9.476,10.154,10.714,10.933,10.99,10.687,10.798,10.713,10.85,10.756,10.93,10.892,10.666,10.822,10.907,10.91,10.905,10.915,10.589,10.33,10.409,10.684,10.844,10.925,11.021,11.056,10.627,11.016,11.171,11.145,11.14,11.143,11.154,10.908,11.188,11.051,11.063,10.549,10.704,10.723,10.347,10.566,10.809,10.938,10.673,10.594,10.185,9.914,10.437,10.454,10.517,10.713,10.928,11.008,10.763,11.185,11.222,11.135,11.181,11.365,11.291,10.905,11.124,11.335,11.515,11.556,11.424,11.303,12.557,12.897,12.845,12.629,12.788,12.882,12.957,12.84,13.047,13.065,13.183,13.217,13.293,12.822,12.311,12.659,12.915,13.16,13.044,13.206,13.05,12.672,12.767,12.993,12.895,12.052,12.441,12.81,12.485,12.649,12.664,10.313,10.453,10.787,10.756,10.509,10.578,10.761,11.026,10.875,10.893,10.944,10.437,10.934,11.116,10.974,10.949,11.097,11.025,10.735,11.035,11.138,11.101,11.286,11.378,11.154,10.918,11.388,11.268,12.078,12.123,12.372,12.253,11.775,12.013,11.344,11.068,11.487,12.152,12.294,11.982,12.609,12.671,12.638,12.363,11.682,11.049,10.259,11.045,11.473,11.776,12.015,12.082,12.364,11.892,12.345,12.489,12.553,12.492,12.016,10.737,10.598,11.058,11.52,11.56,11.632,11.805,11.542,11.248,11.717,11.95,12.037,12.185,12.064,11.948,11.513,11.816,12.137,12.015,11.862,11.62,11.302,10.385,11.051,11.57,11.583,11.685,11.67,11.231,10.242,9.079,9.429,9.819,9.841,10.152,10.3,9.918,10.325,10.664,10.783,10.947,10.869,10.709,10.144,10.336,10.724,11.003,10.734,11.215,11.094,10.699,10.983,11.058,10.368,9.87,9.456,9.719,10.119,10.606,10.792,10.548,10.192,10.379,10.789,10.003,10.506,10.613,10.836,10.981,10.894,10.481,10.032,10.445,10.391,10.2,10.338,10.618,10.425,9.927,10.25,10.314,10.483,10.548,10.53,10.195,9.342,9.388,9.673,9.573,9.333,9.123,11.044,10.942,11.691,11.757,11.46,11.062,11.242,10.857,10.736,11.639,11.647,11.843,11.666,11.588,11.36,11.045,11.432,11.359,11.096,11.4,11.526,10.995,10.459,11.063,11.158,10.675,10.433,10.147,9.849,9.922,10.579,13.58,13.379,13.559,14.051,14.439,13.649,13.811,14.315,14.726,15.053,15.609,15.009,14.558,15.148,14.879,15.522,15.672,15.546,15.155,15.052,15.538,15.66,14.949,14.845,15.307,15.347,14.989,15.342,16.078,16.354,16.508,11.431,11.229,10.883,10.697,10.91,10.739,10.144,9.978,9.827,9.365,9.903,10.341,10.678,11.089,10.75,10.1,9.341,9.631,9.854,10.224,10.361,10.183,9.772,9.07,9.681,10.167,10.314,10.299,10.42,10.276,10.768,10.685,11.142,11.424,11.563,11.685,11.871,11.83,12.011,12.176,12.402,12.476,12.496,12.391,11.991,12.071,11.739,12.169,12.303,12.334,12.169,11.712,11.643,11.377,11.77,12.141,12.18,12.266,11.793,11.958,12.157,11.371,11.297,11.363,11.159,10.804,11.02,11.121,11.162,11.093,10.7,10.04,9.111,8.933,9.553,9.833,10.085,10.227,10.447,10.098,10.32,10.554,10.638,10.786,10.558,10.261,9.563,9.591,9.731,9.763,9.525,10.596,10.402,10.071,10.176,10.111,10.56,10.861,11.038,10.899,10.531,11.068,11.264,11.286,11.176,11.322,11.303,10.726,10.812,11.245,11.487,11.563,11.849,11.551,11.017,11.417,11.642,11.614,11.501,11.725,11.895,11.493,12.514,12.74,13.069,13.058,13.1,12.761,12.207,12.622,12.609,12.829,12.906,13.095,13.276,12.681,12.794,13.232,13.366,13.375,13.44,13.538,13.247,13.29,13.478,13.395,12.494,11.676,12.053,12.411,12.096,12.254,12.269,11.628,11.786,12.163,12.127,11.848,11.927,12.133,12.432,12.262,12.282,12.339,11.768,12.328,12.533,12.373,12.345,12.512,12.43,12.104,12.442,12.558,12.516,12.725,12.829,12.576,12.31,12.84,12.705,11.222,11.853,11.898,12.142,12.025,11.556,11.79,11.133,10.863,11.274,11.926,12.065,11.759,12.375,12.435,12.403,12.133,11.465,10.844,10.068,10.84,11.26,11.558,11.792,11.858,12.134,11.671,12.115,12.257,12.319,12.26,11.793,10.766,10.627,11.087,11.551,11.591,11.663,11.837,11.573,11.278,11.749,11.982,12.07,12.218,12.096,11.981,11.544,11.848,12.17,12.047,11.894,11.651,11.332,10.413,11.081,11.602,11.614,11.717,11.701,11.261,10.27,8.134,8.448,8.798,8.817,9.096,9.228,8.887,9.251,9.555,9.661,9.808,9.738,9.595,9.089,9.26,9.609,9.858,9.617,10.048,9.94,9.586,9.84,9.908,9.289,8.844,8.472,8.708,9.066,9.503,9.669,9.451,10.192,10.379,10.789,10.003,10.506,10.613,10.836,10.981,10.894,10.481,10.032,10.445,10.391,10.2,10.338,10.618,10.425,9.927,10.25,10.314,10.483,10.548,10.53,10.195,9.342,9.388,9.673,9.573,9.333,9.123,8.632,8.552,9.137,9.189,8.957,8.646,8.787,8.485,8.391,9.097,9.103,9.256,9.118,9.057,8.879,8.632,8.935,8.878,8.672,8.91,9.009,8.593,8.175,8.646,8.72,8.343,8.154,7.931,7.698,7.755,8.269,12.908,12.717,12.888,13.356,13.725,12.973,13.128,13.607,13.998,14.308,14.837,14.267,13.837,14.398,14.143,14.754,14.896,14.777,14.405,14.307,14.769,14.885,14.209,14.111,14.549,14.588,14.247,14.583,15.283,15.545,15.691,16.269,15.981,15.488,15.224,15.527,15.284,14.438,14.2,13.986,13.328,14.095,14.718,15.198,15.783,15.299,14.375,13.295,13.708,14.024,14.551,14.746,14.493,13.907,12.909,13.778,14.47,14.68,14.658,14.83,14.625,10.768,10.685,11.142,11.424,11.563,11.685,11.871,11.83,12.011,12.176,12.402,12.476,12.496,12.391,11.991,12.071,11.739,12.169,12.303,12.334,12.169,11.712,11.643,11.377,11.77,12.141,12.18,12.266,11.793,11.958,12.157,11.371,11.297,11.363,11.159,10.804,11.02,11.121,11.162,11.093,10.7,10.04,9.111,8.933,9.553,9.833,10.085,10.227,10.447,10.098,10.32,10.554,10.638,10.786,10.558,10.261,9.563,9.591,9.731,9.763,9.525,10.596,10.402,10.071,10.176,10.111,10.56,10.861,11.038,10.899,10.531,11.068,11.264,11.286,11.176,11.322,11.303,10.726,10.812,11.245,11.487,11.563,11.849,11.551,11.017,11.417,11.642,11.614,11.501,11.725,11.895,11.493
Guntur_140,8.328,8.385,8.543,8.565,8.247,8.294,8.474,8.485,8.316,8.223,8.373,8.376,8.478,8.328,8.085,8.041,8.417,8.379,8.04,8.383,8.444,8.255,8.348,8.55,8.643,8.248,8.513,8.637,8.703,8.762,8.69,8.037,7.652,7.896,8.101,8.102,8.095,8.185,7.904,7.73,7.863,7.899,7.981,8.263,8.25,8.331,7.982,8.178,8.345,8.311,8.13,7.848,7.915,7.706,7.965,8.106,8.195,8.096,8.049,7.958,7.452,7.664,7.748,7.627,7.506,7.552,7.655,7.43,7.375,6.839,7.105,7.538,7.584,7.535,7.245,7.498,7.736,7.704,8.539,8.414,8.116,7.986,7.844,8.163,8.453,8.546,8.512,8.467,8.204,7.989,7.972,8.491,8.679,8.738,8.683,8.346,8.766,8.808,8.763,8.82,8.886,8.721,8.513,8.998,8.833,8.77,8.514,8.452,8.37,8.089,8.595,8.64,8.427,8.561,8.65,8.567,8.4,8.71,8.719,8.735,8.584,8.578,8.598,8.473,8.721,8.688,8.795,9.028,9.018,8.962,8.606,8.468,8.54,8.508,8.44,8.488,8.389,8.416,7.878,8.249,8.497,8.234,8.122,8.335,8.466,8.093,8.286,8.427,8.668,8.644,8.447,8.251,7.154,7.245,7.225,7.422,7.366,7.412,7.272,7.73,7.869,7.971,7.873,7.894,7.664,7.402,7.775,7.769,7.89,7.999,7.834,7.784,7.483,7.912,8.116,8.015,8.013,7.74,7.575,7.345,7.692,8.076,0.0,0.0,0.0,0.0,0.0,0.0,0.0,0.0,0.0,0.0,0.0,0.0,0.0,0.0,0.0,0.0,0.0,0.0,0.0,0.0,0.0,0.0,0.0,0.0,0.0,0.0,0.0,0.0,0.0,0.0,0.0,0.0,0.0,0.0,0.0,0.0,0.0,0.0,0.0,0.0,0.0,0.0,0.0,0.0,0.0,0.0,0.0,0.0,0.0,0.0,0.0,0.0,0.0,0.0,0.0,0.0,0.0,0.0,0.0,0.0,0.0,0.0,8.48,8.509,8.512,8.677,8.744,8.286,8.376,8.609,8.994,8.867,8.751,8.471,8.213,8.304,8.444,8.564,8.402,8.34,8.565,8.188,8.335,8.221,8.076,8.332,8.373,8.0,7.736,8.332,8.509,8.439,6.175,6.136,6.317,6.119,6.234,6.421,6.635,6.727,6.729,6.53,6.17,6.234,6.33,6.059,6.164,6.233,6.373,6.208,6.354,6.36,6.335,6.214,6.058,6.05,5.742,5.857,6.159,6.28,6.421,6.542,6.49,8.459,8.754,8.848,8.819,8.729,8.926,8.796,8.443,8.616,8.586,8.525,8.675,8.516,7.752,7.532,7.587,8.085,8.318,8.46,8.524,8.456,8.314,8.719,8.684,8.446,7.958,7.975,8.131,8.275,8.565,8.637,8.764,8.672,8.757,8.704,8.328,8.494,8.64,8.486,8.622,8.696,8.53,8.301,8.536,8.767,8.775,8.857,8.98,8.829,8.704,8.938,9.159,9.275,9.137,9.124,9.266,8.914,9.181,9.279,9.229,9.229,9.146,8.879,8.571,8.805,8.875,8.91,8.789,8.895,8.723,8.69,9.043,9.093,9.06,8.954,8.971,9.151,9.04,9.136,9.441,9.628,9.794,9.743,9.593,9.257,9.341,9.02,9.258,9.374,9.551,9.532,9.252,8.95,9.061,9.133,8.965,8.998,8.932,8.682,8.777,8.981,9.151,9.193,9.198,9.155,8.938,9.082,9.082,9.05,8.969,8.869,8.871,8.723,9.062,9.211,9.348,9.379,9.44,9.396,9.247,9.242,9.289,9.258,9.224,9.431,9.377,9.011,9.223,9.399,9.499,9.402,9.079,8.914,8.909,9.242,9.31,9.452,9.59,9.561,9.46,9.161,9.258,9.027,9.243,9.391,9.261,9.307,8.958,8.445,8.585,8.985,9.557,9.802,9.879,9.667,9.925,9.922,9.93,10.162,10.064,10.04,9.68,9.992,10.056,9.684,9.726,9.806,9.567,9.501,9.689,9.87,9.556,9.367,9.27,9.416,9.228,9.575,9.719,9.678,9.718,9.661,9.3,9.126,9.181,9.225,9.048,9.151,9.345,9.278,9.079,9.256,9.031,8.736,8.483,8.77,8.706,8.056,8.099,7.913,7.932,7.874,7.984,8.26,8.43,8.621,8.484,8.325,8.357,8.676,8.882,8.376,8.793,7.177,7.726,7.877,7.901,7.713,7.355,7.579,7.457,7.435,7.275,7.034,7.017,6.676,7.278,7.313,7.5,7.55,7.603,7.281,6.912,7.488,7.771,8.197,7.875,7.841,7.625,7.809,8.392,8.675,8.489,9.504,9.176,9.203,9.315,9.846,10.03,9.958,9.769,9.624,9.799,9.143,9.044,8.946,8.827,8.979,9.408,9.492,8.611,7.958,7.967,7.802,8.035,8.461,8.281,8.15,8.416,8.341,7.854,8.006,7.965,7.844,14.115,15.415,15.842,16.102,16.658,16.893,17.444,17.338,17.675,17.702,17.734,17.983,18.136,17.684,17.234,16.203,18.464,18.157,17.678,17.548,17.21,16.474,17.177,17.295,17.376,17.523,17.762,17.604,16.967,17.255,17.144,0.0,0.0,0.0,0.0,0.0,0.0,0.0,0.0,0.0,0.0,0.0,0.0,0.0,0.0,0.0,0.0,0.0,0.0,0.0,0.0,0.0,0.0,0.0,0.0,0.0,0.0,0.0,0.0,0.0,0.0,8.117,7.823,7.633,7.984,8.157,8.319,8.323,8.405,8.284,8.022,8.403,8.491,8.505,8.385,8.123,8.228,7.796,7.611,7.945,8.02,7.97,7.921,8.024,7.539,7.845,7.911,7.892,7.835,7.936,7.856,7.73,10.693,10.692,10.573,9.767,9.461,10.119,9.92,10.456,10.738,11.116,10.811,11.044,10.962,10.783,10.927,10.909,11.034,11.13,10.848,10.855,10.391,10.989,11.156,11.222,11.121,11.038,10.884,10.294,10.486,10.535,8.762,8.514,8.684,8.702,8.517,8.8,8.975,8.95,9.047,8.909,8.83,8.465,8.881,9.175,9.149,9.061,9.014,9.001,8.55,9.165,9.438,9.601,9.697,9.768,9.67,9.381,9.579,9.382,9.155,9.06,9.217,9.871,9.495,10.029,10.304,10.461,10.262,10.219,9.864,9.42,9.734,9.79,9.837,10.033,9.843,9.596,9.592,10.05,10.361,10.368,10.318,10.411,9.856,9.697,10.235,10.297,9.97,10.14,10.285,10.327,10.317,10.506,8.673,8.707,8.373,8.517,8.619,8.496,8.646,8.885,8.726,8.541,8.589,8.568,8.464,8.519,8.577,8.701,8.627,8.671,8.596,8.452,8.67,8.644,8.655,8.899,8.71,8.569,8.249,8.613,9.228,9.039,8.986,9.237,9.385,9.156,9.12,9.186,9.277,9.442,9.565,9.542,9.309,9.517,9.579,9.71,9.673,9.135,9.201,9.381,9.647,9.726,9.781,9.87,9.828,9.762,9.459,9.635,9.726,9.905,9.965,10.217,10.206,9.889,10.241,10.346,10.156,10.317,10.258,10.296,9.971,10.172,10.32,10.341,10.24,10.134,10.28,9.811,10.078,10.255,10.178,10.218,10.241,10.228,9.905,10.251,10.372,10.478,10.409,10.316,10.049,9.53,9.765,9.732,9.963,9.953,10.217,10.154,9.699,9.848,9.696,9.74,9.727,9.636,9.542,9.28,9.656,9.887,10.164,10.066,9.646,8.796,8.174,8.076,8.792,9.446,9.506,9.364,9.283,9.203,9.719,9.859,10.758,10.867,10.853,10.731,10.469,10.757,10.829,10.599,10.499,10.755,10.647,10.337,10.845,10.997,10.703,10.465,10.313,10.065,9.342,9.37,9.449,10.2,10.596,10.473,10.265,9.967,10.547,10.696,10.269,9.562,9.46,9.621,9.377,10.08,10.124,10.112,10.145,9.954,9.537,8.935,9.274,9.296,9.44,9.3,9.323,9.342,8.938,9.615,9.763,9.59,9.002,9.274,9.035,8.397,9.035,9.628,9.738,9.662,9.833,9.513,8.947,7.558,7.75,8.07,8.064,7.783,7.553,7.185,7.361,7.354,7.35,6.927,7.303,7.58,7.066,6.701,7.177,7.591,7.852,7.757,7.659,7.329,7.728,7.922,7.851,7.982,8.243,7.973,7.635,8.187,8.401,8.346,8.398,8.478,8.434,7.939,8.345,8.476,8.511,8.395,8.177,7.971,7.443,7.562,7.594,7.598,7.482,7.11,7.351,7.405,7.822,7.809,7.713,7.391,7.274,7.178,7.201,7.84,7.9,7.873,7.986,8.007,8.597,8.212,8.714,8.976,8.509,8.632,8.59,8.64,8.351,8.617,8.538,8.684,8.693,8.621,8.496,8.203,8.857,8.943,8.958,8.929,8.814,8.581,8.07,7.611,7.451,7.984,8.425,8.598,8.642,8.404,8.492,9.24,9.358,9.277,9.427,9.394,9.2,9.334,9.407,9.41,9.405,9.414,9.133,8.909,8.977,9.215,9.353,9.423,9.506,9.536,9.165,9.501,9.635,9.612,9.608,9.611,9.62,9.408,9.65,9.531,9.542,10.366,10.519,10.537,10.167,10.383,10.622,10.748,10.487,10.411,10.008,9.742,10.256,10.272,10.335,10.527,10.738,10.817,10.576,10.991,11.028,10.942,10.987,11.167,11.095,10.716,10.931,11.138,11.315,11.356,11.226,11.107,9.413,9.668,9.629,9.467,9.586,9.657,9.713,9.625,9.78,9.794,9.883,9.908,9.965,9.612,9.229,9.489,9.682,9.866,9.778,9.9,9.783,9.499,9.571,9.74,9.667,9.034,9.326,9.603,9.359,9.482,9.493,9.243,9.369,9.669,9.641,9.419,9.481,9.645,9.883,9.748,9.764,9.809,9.355,9.8,9.963,9.836,9.814,9.947,9.882,9.622,9.891,9.983,9.95,10.116,10.198,9.998,9.786,10.207,10.1,10.578,10.618,10.835,10.731,10.312,10.521,9.935,9.694,10.061,10.642,10.767,10.494,11.043,11.097,11.068,10.828,10.231,9.677,8.985,9.674,10.048,10.314,10.523,10.582,10.829,10.415,10.811,10.938,10.994,10.94,10.524,9.434,9.311,9.715,10.121,10.157,10.22,10.372,10.14,9.883,10.295,10.499,10.576,10.705,10.599,10.498,10.115,10.382,10.663,10.556,10.422,10.209,9.93,9.124,9.709,10.166,10.176,10.266,10.253,9.867,8.999,8.02,8.329,8.674,8.693,8.968,9.098,8.761,9.12,9.42,9.525,9.67,9.601,9.46,8.961,9.13,9.473,9.719,9.482,9.907,9.8,9.451,9.701,9.768,9.159,8.719,8.353,8.585,8.938,9.369,9.533,9.318,10.124,10.311,10.718,9.937,10.437,10.543,10.765,10.908,10.822,10.412,9.966,10.376,10.322,10.133,10.27,10.548,10.356,9.861,10.182,10.245,10.414,10.478,10.46,10.127,9.28,9.326,9.609,9.51,9.271,9.062,11.044,10.942,11.691,11.757,11.46,11.062,11.242,10.857,10.736,11.639,11.647,11.843,11.666,11.588,11.36,11.045,11.432,11.359,11.096,11.4,11.526,10.995,10.459,11.063,11.158,10.675,10.433,10.147,9.849,9.922,10.579,0.0,0.0,0.0,0.0,0.0,0.0,0.0,0.0,0.0,0.0,0.0,0.0,0.0,0.0,0.0,0.0,0.0,0.0,0.0,0.0,0.0,0.0,0.0,0.0,0.0,0.0,0.0,0.0,0.0,0.0,0.0,11.431,11.229,10.883,10.697,10.91,10.739,10.144,9.978,9.827,9.365,9.903,10.341,10.678,11.089,10.75,10.1,9.341,9.631,9.854,10.224,10.361,10.183,9.772,9.07,9.681,10.167,10.314,10.299,10.42,10.276,9.188,9.117,9.507,9.748,9.866,9.97,10.129,10.094,10.248,10.389,10.582,10.645,10.662,10.572,10.231,10.3,10.017,10.383,10.497,10.524,10.384,9.993,9.935,9.708,10.043,10.359,10.393,10.466,10.062,10.203,10.373,9.792,9.729,9.785,9.61,9.303,9.49,9.576,9.612,9.552,9.214,8.646,7.846,7.693,8.226,8.467,8.684,8.807,8.997,8.696,8.887,9.088,9.161,9.288,9.092,8.836,8.235,8.26,8.38,8.408,8.202,8.493,8.339,8.073,8.157,8.105,8.465,8.706,8.848,8.737,8.441,8.872,9.029,9.047,8.959,9.076,9.06,8.598,8.667,9.014,9.208,9.269,9.498,9.259,8.831,9.151,9.332,9.31,9.219,9.399,9.535,9.213,9.808,9.985,10.243,10.234,10.267,10.002,9.567,9.893,9.882,10.055,10.115,10.263,10.405,9.939,10.027,10.371,10.475,10.483,10.533,10.61,10.382,10.416,10.563,10.499,9.792,9.151,9.447,9.727,9.48,9.605,9.616,8.659,8.777,9.057,9.031,8.824,8.882,9.035,9.258,9.132,9.146,9.189,8.763,9.181,9.333,9.215,9.194,9.318,9.257,9.014,9.266,9.352,9.321,9.476,9.554,9.365,9.167,9.562,9.461,8.357,8.796,8.829,9.01,8.924,8.575,8.749,8.262,8.061,8.366,8.85,8.954,8.727,9.183,9.228,9.204,9.004,8.508,8.047,7.471,8.044,8.356,8.577,8.75,8.8,9.005,8.661,8.99,9.096,9.142,9.098,8.751,8.181,8.075,8.425,8.778,8.808,8.863,8.995,8.794,8.57,8.928,9.105,9.172,9.284,9.192,9.104,8.772,9.003,9.248,9.155,9.038,8.854,8.611,7.913,8.42,8.816,8.825,8.903,8.892,8.557,7.804,7.515,7.805,8.128,8.146,8.403,8.526,8.21,8.546,8.827,8.925,9.061,8.996,8.865,8.397,8.555,8.877,9.107,8.885,9.283,9.183,8.856,9.091,9.153,8.582,8.17,7.827,8.045,8.376,8.779,8.932,8.731,10.124,10.311,10.718,9.937,10.437,10.543,10.765,10.908,10.822,10.412,9.966,10.376,10.322,10.133,10.27,10.548,10.356,9.861,10.182,10.245,10.414,10.478,10.46,10.127,9.28,9.326,9.609,9.51,9.271,9.062,7.975,7.9,8.441,8.489,8.274,7.987,8.117,7.839,7.752,8.404,8.409,8.551,8.424,8.367,8.203,7.975,8.255,8.202,8.012,8.231,8.323,7.939,7.552,7.988,8.056,7.708,7.533,7.327,7.111,7.165,7.639,9.274,9.136,9.259,9.595,9.86,9.321,9.432,9.776,10.057,10.28,10.659,10.25,9.941,10.344,10.161,10.6,10.702,10.616,10.349,10.279,10.611,10.694,10.209,10.138,10.453,10.48,10.236,10.477,10.98,11.168,11.273,11.297,11.097,10.755,10.571,10.782,10.613,10.025,9.861,9.712,9.255,9.787,10.22,10.553,10.959,10.624,9.982,9.232,9.519,9.738,10.104,10.239,10.064,9.657,8.964,9.567,10.048,10.193,10.178,10.298,10.155,9.188,9.117,9.507,9.748,9.866,9.97,10.129,10.094,10.248,10.389,10.582,10.645,10.662,10.572,10.231,10.3,10.017,10.383,10.497,10.524,10.384,9.993,9.935,9.708,10.043,10.359,10.393,10.466,10.062,10.203,10.373,9.792,9.729,9.785,9.61,9.303,9.49,9.576,9.612,9.552,9.214,8.646,7.846,7.693,8.226,8.467,8.684,8.807,8.997,8.696,8.887,9.088,9.161,9.288,9.092,8.836,8.235,8.26,8.38,8.408,8.202,8.493,8.339,8.073,8.157,8.105,8.465,8.706,8.848,8.737,8.441,8.872,9.029,9.047,8.959,9.076,9.06,8.598,8.667,9.014,9.208,9.269,9.498,9.259,8.831,9.151,9.332,9.31,9.219,9.399,9.535,9.213
Guntur_141,5.975,6.016,6.129,6.144,5.916,5.95,6.079,6.088,5.966,5.899,6.007,6.009,6.083,5.974,5.801,5.769,6.038,6.012,5.768,6.014,6.058,5.923,5.989,6.134,6.2,5.917,6.107,6.197,6.244,6.286,6.234,6.343,6.038,6.231,6.393,6.394,6.388,6.46,6.237,6.1,6.205,6.234,6.298,6.521,6.511,6.575,6.299,6.454,6.586,6.559,6.416,6.193,6.246,6.081,6.286,6.397,6.467,6.389,6.352,6.28,6.152,6.327,6.397,6.297,6.197,6.235,6.32,6.135,6.089,5.646,5.866,6.224,6.261,6.221,5.982,6.19,6.387,6.36,7.05,6.947,6.701,6.593,6.476,6.739,6.979,7.056,7.028,6.991,6.774,6.596,6.582,7.622,7.791,7.844,7.794,7.492,7.869,7.907,7.866,7.918,7.977,7.829,7.642,8.077,7.929,7.873,7.643,7.587,7.513,7.261,7.715,7.756,7.565,7.685,7.765,7.69,7.54,7.819,7.827,7.841,7.706,6.379,6.394,6.301,6.485,6.46,6.54,6.713,6.705,6.664,6.4,6.297,6.351,6.327,6.276,6.311,6.238,6.258,5.858,6.134,6.318,6.123,6.04,6.198,6.295,6.018,6.161,6.266,6.446,6.428,6.281,6.135,4.982,5.045,5.032,5.169,5.13,5.162,5.064,5.383,5.48,5.551,5.483,5.498,5.337,5.155,5.415,5.41,5.495,5.57,5.456,5.421,5.211,5.51,5.652,5.582,5.58,5.39,5.275,5.115,5.357,5.624,0.0,0.0,0.0,0.0,0.0,0.0,0.0,0.0,0.0,0.0,0.0,0.0,0.0,0.0,0.0,0.0,0.0,0.0,0.0,0.0,0.0,0.0,0.0,0.0,0.0,0.0,0.0,0.0,0.0,0.0,0.0,0.0,0.0,0.0,0.0,0.0,0.0,0.0,0.0,0.0,0.0,0.0,0.0,0.0,0.0,0.0,0.0,0.0,0.0,0.0,0.0,0.0,0.0,0.0,0.0,0.0,0.0,0.0,0.0,0.0,0.0,0.0,8.48,8.509,8.512,8.677,8.744,8.286,8.376,8.609,8.994,8.867,8.751,8.471,8.213,8.304,8.444,8.564,8.402,8.34,8.565,8.188,8.335,8.221,8.076,8.332,8.373,8.0,7.736,8.332,8.509,8.439,4.962,4.931,5.076,4.918,5.01,5.16,5.332,5.406,5.408,5.248,4.958,5.01,5.087,4.869,4.954,5.009,5.121,4.989,5.106,5.111,5.091,4.994,4.869,4.862,4.614,4.707,4.95,5.047,5.161,5.257,5.215,6.276,6.495,6.564,6.543,6.476,6.622,6.526,6.263,6.392,6.37,6.325,6.436,6.318,5.751,5.588,5.629,5.998,6.171,6.276,6.324,6.274,6.168,6.469,6.442,6.266,5.904,5.917,6.032,6.139,6.355,6.844,6.944,6.872,6.939,6.897,6.599,6.731,6.847,6.724,6.832,6.891,6.759,6.578,6.764,6.947,6.954,7.019,7.116,6.996,6.898,7.083,7.258,7.35,7.24,7.23,7.342,7.064,7.275,7.353,7.313,7.314,6.421,6.234,6.018,6.182,6.231,6.255,6.171,6.245,6.124,6.101,6.349,6.384,6.361,6.287,6.299,6.425,6.347,6.415,6.628,6.76,6.876,6.841,6.735,6.499,6.558,6.333,6.5,6.581,6.706,6.692,6.496,6.94,7.025,7.081,6.951,6.977,6.926,6.732,6.805,6.963,7.095,7.128,7.131,7.099,6.93,7.042,7.042,7.017,6.954,6.876,6.878,6.763,7.027,7.142,7.248,7.272,7.32,7.285,7.17,7.759,7.798,7.772,7.743,7.917,7.872,7.565,7.742,7.891,7.974,7.893,7.621,7.483,7.479,7.759,7.816,7.934,8.051,8.027,7.941,7.69,7.771,7.578,7.759,7.883,7.774,7.813,7.52,7.089,7.207,7.542,6.936,7.114,7.17,7.016,7.203,7.201,7.207,7.375,7.304,7.287,7.025,7.252,7.298,7.028,7.059,7.117,6.944,6.896,7.032,7.164,6.935,6.798,6.728,6.834,6.697,6.949,7.054,7.024,7.053,7.012,7.502,7.361,7.406,7.442,7.298,7.381,7.539,7.484,7.324,7.466,7.285,7.047,6.843,7.075,7.023,6.499,6.533,6.383,6.398,6.352,6.44,6.663,6.8,6.954,6.844,6.716,6.741,6.998,7.164,6.757,7.093,6.327,6.812,6.944,6.965,6.8,6.484,6.682,6.574,6.555,6.414,6.202,6.186,5.885,6.417,6.448,6.612,6.656,6.703,6.419,6.093,6.601,6.851,7.227,6.943,6.912,6.722,6.885,7.398,7.648,7.484,5.125,4.948,4.963,5.023,5.31,5.409,5.37,5.268,5.19,5.284,4.93,4.877,4.824,4.76,4.842,5.073,5.119,4.644,4.292,4.296,4.208,4.333,4.563,4.466,4.395,4.538,4.498,4.235,4.318,4.295,4.23,9.41,10.276,10.561,10.734,11.106,11.262,11.629,11.559,11.783,11.802,11.822,11.989,12.091,11.789,11.489,10.802,12.309,12.104,11.785,11.699,11.473,10.982,11.451,11.53,11.584,11.682,11.841,11.736,11.311,11.503,11.429,0.0,0.0,0.0,0.0,0.0,0.0,0.0,0.0,0.0,0.0,0.0,0.0,0.0,0.0,0.0,0.0,0.0,0.0,0.0,0.0,0.0,0.0,0.0,0.0,0.0,0.0,0.0,0.0,0.0,0.0,6.225,6.0,5.854,6.123,6.256,6.38,6.383,6.446,6.353,6.152,6.444,6.512,6.523,6.431,6.23,6.31,5.979,5.837,6.093,6.151,6.112,6.075,6.154,5.782,6.017,6.067,6.053,6.008,6.086,6.025,5.928,7.741,7.74,7.654,7.071,6.849,7.325,7.181,7.569,7.774,8.047,7.826,7.995,7.936,7.806,7.91,7.897,7.987,8.057,7.853,7.858,7.522,7.955,8.076,8.124,8.051,7.99,7.879,7.452,7.591,7.626,6.732,6.542,6.672,6.686,6.544,6.761,6.896,6.877,6.952,6.845,6.785,6.504,6.824,7.05,7.03,6.962,6.926,6.916,6.57,7.042,7.252,7.377,7.451,7.505,7.43,7.208,7.36,7.209,7.034,6.962,7.082,7.512,7.225,7.631,7.841,7.96,7.809,7.777,7.506,7.168,7.407,7.45,7.486,7.635,7.49,7.302,7.299,7.647,7.884,7.89,7.851,7.923,7.5,7.379,7.789,7.835,7.587,7.716,7.827,7.858,7.851,7.995,6.141,6.165,5.928,6.03,6.103,6.015,6.122,6.291,6.178,6.048,6.081,6.066,5.993,6.032,6.073,6.161,6.108,6.14,6.086,5.984,6.139,6.121,6.128,6.301,6.167,6.067,5.841,6.099,7.474,7.321,7.278,7.482,7.602,7.416,7.387,7.441,7.515,7.648,7.747,7.729,7.54,7.709,7.759,7.865,7.835,7.399,7.453,7.599,7.814,7.878,7.922,7.994,7.96,7.907,7.662,7.804,7.878,8.023,8.072,8.385,8.376,8.116,8.404,8.491,8.334,8.467,8.418,8.45,8.183,8.348,8.469,8.487,8.404,8.317,8.437,8.052,8.271,8.416,8.353,8.385,8.404,8.394,8.128,8.413,8.513,8.599,8.542,8.466,8.247,7.44,7.623,7.597,7.778,7.77,7.976,7.926,7.572,7.688,7.569,7.603,7.594,7.522,7.449,7.244,7.538,7.718,7.934,7.858,7.53,6.867,6.381,6.304,6.863,7.374,7.421,7.31,7.246,7.185,7.587,7.697,7.69,7.768,7.758,7.671,7.484,7.689,7.741,7.577,7.505,7.688,7.611,7.389,7.752,7.861,7.651,7.48,7.372,7.195,6.678,6.697,6.754,7.291,7.574,7.486,7.338,7.124,7.539,7.646,7.341,6.835,6.762,6.877,6.702,7.205,7.236,7.228,7.252,7.115,6.817,6.387,6.629,6.645,6.748,6.648,6.664,6.678,6.389,6.873,6.979,6.855,6.435,6.629,6.459,6.002,6.458,6.882,6.961,6.907,7.029,6.8,6.395,6.779,6.952,7.239,7.233,6.981,6.775,6.445,6.603,6.596,6.593,6.214,6.551,6.799,6.339,6.011,6.438,6.809,7.043,6.958,6.871,6.574,6.932,7.106,7.042,7.16,7.394,7.152,6.848,7.344,7.535,7.487,8.411,8.491,8.447,7.951,8.357,8.489,8.524,8.408,8.19,7.983,7.455,7.573,7.605,7.609,7.493,7.12,7.362,7.416,7.834,7.821,7.724,7.402,7.285,7.189,7.212,7.852,7.912,7.886,7.999,8.019,6.476,6.186,6.564,6.762,6.41,6.503,6.471,6.508,6.291,6.491,6.432,6.542,6.549,6.494,6.4,6.179,6.672,6.737,6.748,6.726,6.64,6.464,6.079,5.733,5.613,6.015,6.347,6.477,6.51,6.331,6.397,6.922,7.011,6.95,7.062,7.038,6.892,6.993,7.047,7.049,7.046,7.053,6.842,6.675,6.725,6.903,7.007,7.059,7.121,7.144,6.866,7.118,7.218,7.201,7.198,7.2,7.207,7.048,7.229,7.14,7.149,8.832,8.962,8.977,8.663,8.847,9.05,9.158,8.936,8.87,8.527,8.3,8.739,8.752,8.805,8.969,9.149,9.217,9.011,9.365,9.396,9.323,9.361,9.515,9.454,9.13,9.314,9.49,9.641,9.675,9.564,9.463,8.28,8.505,8.47,8.328,8.433,8.495,8.544,8.467,8.603,8.616,8.693,8.716,8.766,8.455,8.118,8.347,8.516,8.678,8.601,8.708,8.605,8.356,8.419,8.568,8.503,7.947,8.204,8.447,8.233,8.341,8.351,7.918,8.026,8.283,8.258,8.069,8.122,8.262,8.466,8.35,8.364,8.403,8.014,8.395,8.535,8.426,8.407,8.52,8.465,8.243,8.473,8.552,8.523,8.665,8.736,8.564,8.383,8.744,8.652,10.374,10.413,10.626,10.524,10.113,10.318,9.743,9.506,9.866,10.437,10.559,10.291,10.83,10.883,10.854,10.619,10.033,9.49,8.811,9.487,9.854,10.115,10.32,10.377,10.62,10.214,10.603,10.727,10.781,10.729,10.321,8.124,8.018,8.366,8.716,8.746,8.8,8.931,8.732,8.51,8.865,9.041,9.107,9.219,9.127,9.04,8.71,8.94,9.182,9.09,8.974,8.791,8.551,7.857,8.361,8.754,8.763,8.841,8.829,8.497,7.749,7.044,7.316,7.618,7.635,7.876,7.991,7.695,8.01,8.274,8.366,8.493,8.432,8.309,7.87,8.019,8.32,8.536,8.328,8.701,8.607,8.301,8.521,8.579,8.044,7.658,7.336,7.54,7.85,8.229,8.372,8.184,7.093,7.224,7.509,6.962,7.312,7.386,7.542,7.642,7.582,7.295,6.982,7.269,7.232,7.099,7.195,7.39,7.255,6.909,7.134,7.178,7.296,7.341,7.329,7.095,6.501,6.534,6.732,6.662,6.495,6.349,9.151,9.065,9.686,9.741,9.495,9.165,9.314,8.995,8.895,9.644,9.65,9.812,9.666,9.601,9.412,9.151,9.472,9.411,9.194,9.445,9.55,9.11,8.666,9.166,9.244,8.844,8.644,8.407,8.16,8.221,8.765,0.0,0.0,0.0,0.0,0.0,0.0,0.0,0.0,0.0,0.0,0.0,0.0,0.0,0.0,0.0,0.0,0.0,0.0,0.0,0.0,0.0,0.0,0.0,0.0,0.0,0.0,0.0,0.0,0.0,0.0,0.0,7.688,7.552,7.319,7.194,7.337,7.222,6.822,6.71,6.609,6.298,6.661,6.955,7.182,7.458,7.23,6.793,6.282,6.478,6.627,6.876,6.968,6.849,6.572,6.1,6.511,6.838,6.937,6.926,7.008,6.911,8.124,8.061,8.406,8.619,8.723,8.816,8.956,8.925,9.061,9.186,9.357,9.412,9.427,9.348,9.046,9.107,8.857,9.181,9.282,9.305,9.181,8.836,8.784,8.583,8.88,9.16,9.189,9.254,8.897,9.021,9.172,8.151,8.098,8.145,7.999,7.744,7.899,7.971,8.001,7.951,7.67,7.197,6.531,6.403,6.848,7.048,7.229,7.331,7.489,7.238,7.397,7.565,7.626,7.731,7.568,7.355,6.855,6.875,6.976,6.998,6.827,7.998,7.852,7.602,7.681,7.632,7.97,8.198,8.332,8.227,7.949,8.354,8.502,8.519,8.436,8.546,8.531,8.096,8.161,8.487,8.671,8.728,8.944,8.719,8.315,8.617,8.787,8.766,8.681,8.85,8.978,8.675,8.832,8.992,9.224,9.216,9.246,9.007,8.616,8.909,8.899,9.055,9.109,9.242,9.37,8.95,9.03,9.339,9.433,9.44,9.486,9.555,9.349,9.38,9.513,9.455,8.818,8.241,8.507,8.759,8.537,8.649,8.659,7.478,7.579,7.822,7.799,7.62,7.67,7.803,7.995,7.886,7.899,7.935,7.568,7.928,8.06,7.957,7.939,8.047,7.994,7.784,8.002,8.076,8.049,8.183,8.25,8.088,7.916,8.258,8.17,7.217,8.165,8.195,8.364,8.283,7.96,8.121,7.669,7.482,7.766,8.215,8.311,8.1,8.524,8.566,8.543,8.358,7.897,7.47,6.935,7.467,7.756,7.961,8.122,8.168,8.358,8.039,8.345,8.443,8.486,8.445,8.123,7.488,7.391,7.711,8.034,8.062,8.112,8.233,8.049,7.844,8.171,8.334,8.395,8.498,8.413,8.333,8.029,8.24,8.464,8.379,8.272,8.104,7.882,7.242,7.707,8.069,8.078,8.149,8.139,7.832,7.143,6.254,6.496,6.764,6.779,6.994,7.096,6.833,7.113,7.346,7.428,7.541,7.487,7.378,6.988,7.12,7.388,7.58,7.395,7.726,7.643,7.371,7.566,7.618,7.142,6.8,6.514,6.695,6.971,7.306,7.434,7.267,7.093,7.224,7.509,6.962,7.312,7.386,7.542,7.642,7.582,7.295,6.982,7.269,7.232,7.099,7.195,7.39,7.255,6.909,7.134,7.178,7.296,7.341,7.329,7.095,6.501,6.534,6.732,6.662,6.495,6.349,6.637,6.575,7.025,7.065,6.886,6.647,6.756,6.524,6.451,6.995,6.999,7.117,7.011,6.964,6.827,6.637,6.87,6.826,6.668,6.851,6.927,6.607,6.285,6.648,6.705,6.415,6.269,6.098,5.919,5.963,6.358,8.549,8.422,8.536,8.845,9.09,8.592,8.695,9.012,9.271,9.476,9.826,9.449,9.164,9.536,9.367,9.771,9.866,9.786,9.541,9.476,9.781,9.858,9.411,9.345,9.636,9.661,9.436,9.658,10.122,10.295,10.392,11.297,11.097,10.755,10.571,10.782,10.613,10.025,9.861,9.712,9.255,9.787,10.22,10.553,10.959,10.624,9.982,9.232,9.519,9.738,10.104,10.239,10.064,9.657,8.964,9.567,10.048,10.193,10.178,10.298,10.155,8.124,8.061,8.406,8.619,8.723,8.816,8.956,8.925,9.061,9.186,9.357,9.412,9.427,9.348,9.046,9.107,8.857,9.181,9.282,9.305,9.181,8.836,8.784,8.583,8.88,9.16,9.189,9.254,8.897,9.021,9.172,8.151,8.098,8.145,7.999,7.744,7.899,7.971,8.001,7.951,7.67,7.197,6.531,6.403,6.848,7.048,7.229,7.331,7.489,7.238,7.397,7.565,7.626,7.731,7.568,7.355,6.855,6.875,6.976,6.998,6.827,7.998,7.852,7.602,7.681,7.632,7.97,8.198,8.332,8.227,7.949,8.354,8.502,8.519,8.436,8.546,8.531,8.096,8.161,8.487,8.671,8.728,8.944,8.719,8.315,8.617,8.787,8.766,8.681,8.85,8.978,8.675
Guntur_142,5.047,5.082,5.178,5.191,4.998,5.026,5.136,5.143,5.04,4.983,5.075,5.076,5.138,5.047,4.9,4.874,5.101,5.078,4.873,5.08,5.117,5.003,5.059,5.182,5.238,4.999,5.159,5.235,5.275,5.31,5.267,5.195,4.946,5.104,5.236,5.237,5.233,5.291,5.109,4.997,5.083,5.106,5.159,5.342,5.333,5.385,5.16,5.286,5.394,5.372,5.255,5.073,5.116,4.981,5.149,5.24,5.297,5.234,5.203,5.144,5.376,5.529,5.59,5.502,5.416,5.449,5.523,5.361,5.321,4.934,5.126,5.439,5.472,5.436,5.227,5.41,5.582,5.558,6.161,6.071,5.856,5.762,5.66,5.889,6.098,6.166,6.141,6.109,5.919,5.764,5.752,6.032,6.166,6.208,6.168,5.929,6.227,6.258,6.225,6.266,6.313,6.195,6.048,6.392,6.275,6.231,6.049,6.004,5.946,5.747,6.106,6.138,5.987,6.082,6.145,6.086,5.967,6.188,6.194,6.205,6.098,5.36,5.373,5.295,5.45,5.429,5.496,5.642,5.635,5.6,5.378,5.292,5.337,5.317,5.274,5.304,5.242,5.259,4.923,5.155,5.309,5.145,5.075,5.209,5.29,5.057,5.178,5.266,5.417,5.402,5.278,5.156,3.996,4.047,4.036,4.146,4.114,4.14,4.062,4.318,4.395,4.452,4.397,4.409,4.281,4.135,4.343,4.339,4.407,4.468,4.376,4.348,4.18,4.419,4.533,4.477,4.476,4.323,4.231,4.103,4.296,4.511,0.0,0.0,0.0,0.0,0.0,0.0,0.0,0.0,0.0,0.0,0.0,0.0,0.0,0.0,0.0,0.0,0.0,0.0,0.0,0.0,0.0,0.0,0.0,0.0,0.0,0.0,0.0,0.0,0.0,0.0,0.0,0.0,0.0,0.0,0.0,0.0,0.0,0.0,0.0,0.0,0.0,0.0,0.0,0.0,0.0,0.0,0.0,0.0,0.0,0.0,0.0,0.0,0.0,0.0,0.0,0.0,0.0,0.0,0.0,0.0,0.0,0.0,7.079,7.103,7.106,7.243,7.3,6.917,6.992,7.186,7.508,7.402,7.305,7.072,6.857,6.932,7.049,7.149,7.014,6.962,7.15,6.835,6.958,6.863,6.742,6.956,6.99,6.679,6.458,6.955,7.103,7.045,6.72,6.678,6.875,6.66,6.785,6.988,7.221,7.321,7.323,7.107,6.715,6.784,6.89,6.594,6.709,6.784,6.936,6.756,6.915,6.922,6.895,6.764,6.594,6.584,6.249,6.374,6.704,6.835,6.989,7.12,7.063,4.692,4.856,4.908,4.892,4.842,4.951,4.879,4.683,4.779,4.763,4.729,4.812,4.724,4.3,4.178,4.209,4.485,4.614,4.693,4.728,4.691,4.612,4.837,4.817,4.685,4.414,4.424,4.511,4.591,4.751,5.969,6.057,5.994,6.052,6.015,5.756,5.87,5.971,5.864,5.959,6.01,5.895,5.737,5.9,6.059,6.065,6.121,6.206,6.102,6.016,6.177,6.33,6.41,6.315,6.306,6.404,6.161,6.345,6.413,6.378,6.379,5.769,5.601,5.406,5.554,5.598,5.62,5.544,5.611,5.502,5.481,5.704,5.735,5.715,5.648,5.659,5.772,5.702,5.763,5.955,6.073,6.178,6.146,6.051,5.839,5.892,5.689,5.839,5.913,6.024,6.012,5.836,5.597,5.666,5.711,5.607,5.627,5.586,5.429,5.489,5.616,5.723,5.749,5.752,5.725,5.59,5.68,5.68,5.66,5.609,5.546,5.548,5.455,5.667,5.76,5.846,5.865,5.904,5.876,5.783,6.753,6.787,6.764,6.739,6.89,6.851,6.584,6.739,6.867,6.94,6.869,6.633,6.513,6.509,6.753,6.802,6.906,7.007,6.986,6.912,6.693,6.764,6.595,6.753,6.861,6.766,6.8,6.545,6.17,6.272,6.564,5.799,5.947,5.994,5.866,6.022,6.02,6.026,6.166,6.106,6.092,5.873,6.063,6.102,5.876,5.901,5.95,5.805,5.765,5.879,5.989,5.798,5.684,5.625,5.714,5.599,5.81,5.897,5.872,5.897,5.862,4.769,4.679,4.708,4.73,4.639,4.692,4.792,4.757,4.655,4.746,4.631,4.479,4.35,4.497,4.464,4.131,4.153,4.057,4.067,4.037,4.094,4.235,4.322,4.421,4.35,4.269,4.285,4.448,4.554,4.295,4.509,3.834,4.128,4.208,4.221,4.121,3.93,4.049,3.984,3.972,3.887,3.758,3.749,3.567,3.888,3.907,4.007,4.034,4.062,3.89,3.693,4.0,4.152,4.38,4.207,4.189,4.074,4.172,4.484,4.635,4.536,4.186,4.042,4.054,4.103,4.337,4.418,4.387,4.303,4.239,4.316,4.027,3.984,3.941,3.888,3.955,4.144,4.181,3.793,3.505,3.509,3.437,3.539,3.727,3.648,3.59,3.707,3.674,3.46,3.527,3.508,3.455,9.41,10.276,10.561,10.734,11.106,11.262,11.629,11.559,11.783,11.802,11.822,11.989,12.091,11.789,11.489,10.802,12.309,12.104,11.785,11.699,11.473,10.982,11.451,11.53,11.584,11.682,11.841,11.736,11.311,11.503,11.429,0.0,0.0,0.0,0.0,0.0,0.0,0.0,0.0,0.0,0.0,0.0,0.0,0.0,0.0,0.0,0.0,0.0,0.0,0.0,0.0,0.0,0.0,0.0,0.0,0.0,0.0,0.0,0.0,0.0,0.0,5.104,4.92,4.8,5.021,5.13,5.231,5.234,5.286,5.209,5.045,5.284,5.339,5.348,5.273,5.108,5.174,4.903,4.786,4.996,5.043,5.012,4.981,5.046,4.741,4.933,4.975,4.963,4.927,4.99,4.94,4.861,4.893,4.892,4.838,4.469,4.329,4.63,4.539,4.784,4.913,5.086,4.947,5.053,5.016,4.934,5.0,4.991,5.048,5.093,4.964,4.967,4.754,5.028,5.105,5.135,5.089,5.05,4.98,4.71,4.798,4.82,5.466,5.311,5.417,5.428,5.313,5.489,5.599,5.583,5.644,5.557,5.509,5.281,5.54,5.724,5.707,5.652,5.623,5.615,5.334,5.717,5.887,5.989,6.049,6.094,6.033,5.852,5.976,5.853,5.711,5.652,5.75,6.8,6.541,6.909,7.099,7.206,7.069,7.04,6.795,6.489,6.706,6.744,6.777,6.912,6.781,6.61,6.608,6.923,7.138,7.142,7.108,7.172,6.79,6.68,7.051,7.093,6.868,6.985,7.086,7.114,7.107,7.237,5.093,5.114,4.917,5.002,5.062,4.99,5.078,5.219,5.125,5.016,5.044,5.032,4.971,5.003,5.038,5.11,5.067,5.093,5.048,4.964,5.092,5.077,5.083,5.226,5.116,5.033,4.845,5.059,7.076,6.931,6.891,7.083,7.197,7.021,6.994,7.044,7.114,7.24,7.335,7.317,7.138,7.298,7.346,7.446,7.418,7.005,7.056,7.194,7.398,7.458,7.5,7.568,7.536,7.486,7.254,7.388,7.458,7.596,7.642,7.311,7.303,7.076,7.328,7.404,7.267,7.383,7.34,7.368,7.135,7.279,7.385,7.4,7.328,7.252,7.357,7.021,7.212,7.339,7.284,7.312,7.328,7.319,7.088,7.335,7.423,7.498,7.449,7.382,7.191,6.279,6.434,6.412,6.564,6.558,6.732,6.69,6.391,6.489,6.388,6.417,6.409,6.349,6.287,6.114,6.362,6.514,6.697,6.632,6.355,5.796,5.386,5.321,5.793,6.224,6.264,6.169,6.116,6.064,6.403,6.496,5.505,5.561,5.554,5.492,5.357,5.505,5.542,5.424,5.373,5.504,5.448,5.29,5.55,5.628,5.477,5.355,5.277,5.151,4.781,4.795,4.835,5.22,5.422,5.359,5.253,5.1,5.397,5.474,5.255,4.893,4.841,4.923,4.798,5.158,5.181,5.174,5.191,5.094,4.881,4.572,4.746,4.757,4.831,4.759,4.771,4.781,4.574,4.92,4.996,4.907,4.607,4.746,4.624,4.297,4.624,4.927,4.983,4.944,5.032,4.868,4.578,4.423,4.535,4.723,4.719,4.554,4.42,4.204,4.308,4.303,4.301,4.054,4.274,4.436,4.135,3.922,4.2,4.442,4.595,4.54,4.482,4.289,4.523,4.636,4.594,4.671,4.824,4.666,4.468,4.791,4.916,4.884,7.85,7.925,7.884,7.421,7.8,7.923,7.955,7.848,7.644,7.451,6.958,7.068,7.098,7.102,6.994,6.646,6.872,6.922,7.312,7.299,7.209,6.909,6.799,6.709,6.732,7.328,7.385,7.36,7.465,7.485,5.712,5.457,5.79,5.964,5.654,5.736,5.708,5.741,5.549,5.726,5.674,5.77,5.776,5.728,5.646,5.45,5.885,5.942,5.952,5.933,5.857,5.702,5.362,5.057,4.951,5.305,5.598,5.713,5.742,5.584,5.642,5.997,6.074,6.022,6.119,6.098,5.972,6.059,6.106,6.108,6.105,6.111,5.928,5.783,5.827,5.981,6.071,6.116,6.17,6.19,5.949,6.167,6.254,6.239,6.237,6.238,6.244,6.107,6.264,6.187,6.194,7.653,7.766,7.779,7.507,7.666,7.842,7.936,7.743,7.686,7.389,7.193,7.572,7.584,7.63,7.772,7.928,7.987,7.808,8.115,8.142,8.079,8.112,8.245,8.192,7.911,8.071,8.224,8.354,8.384,8.288,8.2,7.177,7.372,7.342,7.218,7.309,7.363,7.406,7.339,7.457,7.468,7.535,7.554,7.598,7.328,7.037,7.235,7.382,7.522,7.455,7.548,7.459,7.243,7.297,7.426,7.37,6.888,7.111,7.322,7.136,7.229,7.238,7.907,8.015,8.271,8.247,8.057,8.11,8.251,8.454,8.339,8.352,8.391,8.002,8.383,8.523,8.414,8.395,8.508,8.453,8.231,8.461,8.54,8.511,8.653,8.724,8.552,8.371,8.732,8.639,8.374,8.405,8.577,8.495,8.163,8.329,7.865,7.674,7.964,8.425,8.523,8.307,8.742,8.785,8.762,8.571,8.099,7.66,7.112,7.658,7.954,8.165,8.33,8.377,8.572,8.245,8.558,8.659,8.703,8.661,8.331,7.27,7.176,7.487,7.8,7.827,7.876,7.993,7.815,7.616,7.934,8.091,8.15,8.25,8.168,8.09,7.795,8.001,8.218,8.135,8.032,7.868,7.652,7.032,7.483,7.834,7.842,7.912,7.902,7.604,6.935,6.973,7.243,7.542,7.559,7.798,7.911,7.618,7.93,8.191,8.282,8.409,8.348,8.226,7.792,7.939,8.237,8.451,8.245,8.614,8.521,8.218,8.436,8.494,7.964,7.581,7.263,7.465,7.772,8.147,8.289,8.102,6.325,6.442,6.696,6.208,6.52,6.587,6.725,6.815,6.761,6.505,6.226,6.482,6.449,6.33,6.416,6.59,6.47,6.161,6.361,6.401,6.506,6.546,6.535,6.327,5.798,5.826,6.003,5.941,5.792,5.662,9.151,9.065,9.686,9.741,9.495,9.165,9.314,8.995,8.895,9.644,9.65,9.812,9.666,9.601,9.412,9.151,9.472,9.411,9.194,9.445,9.55,9.11,8.666,9.166,9.244,8.844,8.644,8.407,8.16,8.221,8.765,0.0,0.0,0.0,0.0,0.0,0.0,0.0,0.0,0.0,0.0,0.0,0.0,0.0,0.0,0.0,0.0,0.0,0.0,0.0,0.0,0.0,0.0,0.0,0.0,0.0,0.0,0.0,0.0,0.0,0.0,0.0,6.284,6.172,5.982,5.88,5.997,5.903,5.576,5.484,5.402,5.148,5.444,5.684,5.87,6.096,5.909,5.552,5.135,5.294,5.416,5.62,5.695,5.597,5.371,4.986,5.321,5.588,5.67,5.661,5.728,5.648,6.716,6.664,6.949,7.125,7.211,7.288,7.404,7.378,7.491,7.594,7.735,7.781,7.793,7.728,7.478,7.529,7.321,7.589,7.673,7.692,7.59,7.304,7.262,7.096,7.341,7.572,7.596,7.65,7.355,7.458,7.582,9.771,9.708,9.765,9.589,9.284,9.47,9.556,9.592,9.532,9.194,8.628,7.83,7.677,8.209,8.449,8.666,8.788,8.978,8.677,8.868,9.069,9.142,9.268,9.073,8.817,8.218,8.242,8.362,8.39,8.185,8.003,7.857,7.606,7.685,7.636,7.975,8.203,8.337,8.232,7.954,8.359,8.507,8.524,8.441,8.551,8.537,8.101,8.166,8.493,8.676,8.733,8.949,8.724,8.321,8.623,8.793,8.772,8.686,8.856,8.984,8.68,8.118,8.264,8.478,8.471,8.498,8.278,7.919,8.188,8.18,8.323,8.373,8.495,8.613,8.227,8.3,8.584,8.671,8.677,8.719,8.782,8.593,8.622,8.743,8.69,8.105,7.575,7.819,8.051,7.847,7.95,7.959,8.048,8.157,8.418,8.394,8.201,8.255,8.398,8.605,8.487,8.501,8.54,8.145,8.533,8.675,8.564,8.545,8.66,8.604,8.378,8.612,8.692,8.663,8.807,8.879,8.704,8.52,8.887,8.793,7.767,6.614,6.639,6.775,6.71,6.448,6.579,6.212,6.061,6.291,6.655,6.733,6.562,6.905,6.939,6.921,6.771,6.397,6.051,5.618,6.049,6.283,6.449,6.58,6.617,6.771,6.512,6.76,6.84,6.874,6.841,6.581,8.767,8.653,9.028,9.405,9.438,9.497,9.638,9.423,9.183,9.566,9.757,9.828,9.948,9.849,9.755,9.4,9.647,9.909,9.809,9.685,9.487,9.227,8.479,9.023,9.447,9.457,9.54,9.528,9.169,8.362,5.64,5.858,6.1,6.114,6.307,6.399,6.162,6.414,6.625,6.699,6.801,6.752,6.653,6.302,6.421,6.662,6.835,6.668,6.967,6.892,6.647,6.823,6.87,6.441,6.132,5.874,6.038,6.286,6.589,6.704,6.553,6.325,6.442,6.696,6.208,6.52,6.587,6.725,6.815,6.761,6.505,6.226,6.482,6.449,6.33,6.416,6.59,6.47,6.161,6.361,6.401,6.506,6.546,6.535,6.327,5.798,5.826,6.003,5.941,5.792,5.662,5.985,5.93,6.335,6.372,6.21,5.995,6.092,5.883,5.818,6.308,6.312,6.418,6.322,6.28,6.156,5.986,6.195,6.156,6.013,6.178,6.246,5.958,5.668,5.995,6.047,5.785,5.654,5.499,5.337,5.377,5.733,8.549,8.422,8.536,8.845,9.09,8.592,8.695,9.012,9.271,9.476,9.826,9.449,9.164,9.536,9.367,9.771,9.866,9.786,9.541,9.476,9.781,9.858,9.411,9.345,9.636,9.661,9.436,9.658,10.122,10.295,10.392,3.057,3.003,2.911,2.861,2.918,2.872,2.713,2.669,2.628,2.505,2.649,2.766,2.856,2.966,2.875,2.701,2.498,2.576,2.635,2.734,2.771,2.723,2.613,2.426,2.589,2.719,2.759,2.754,2.787,2.748,6.716,6.664,6.949,7.125,7.211,7.288,7.404,7.378,7.491,7.594,7.735,7.781,7.793,7.728,7.478,7.529,7.321,7.589,7.673,7.692,7.59,7.304,7.262,7.096,7.341,7.572,7.596,7.65,7.355,7.458,7.582,9.771,9.708,9.765,9.589,9.284,9.47,9.556,9.592,9.532,9.194,8.628,7.83,7.677,8.209,8.449,8.666,8.788,8.978,8.677,8.868,9.069,9.142,9.268,9.073,8.817,8.218,8.242,8.362,8.39,8.185,8.003,7.857,7.606,7.685,7.636,7.975,8.203,8.337,8.232,7.954,8.359,8.507,8.524,8.441,8.551,8.537,8.101,8.166,8.493,8.676,8.733,8.949,8.724,8.321,8.623,8.793,8.772,8.686,8.856,8.984,8.68
Guntur_143,5.609,5.647,5.754,5.768,5.554,5.586,5.707,5.715,5.6,5.538,5.639,5.641,5.71,5.609,5.445,5.416,5.668,5.643,5.415,5.646,5.687,5.56,5.622,5.758,5.821,5.555,5.733,5.817,5.862,5.901,5.852,5.513,5.249,5.416,5.557,5.558,5.553,5.615,5.422,5.302,5.393,5.418,5.474,5.668,5.659,5.715,5.475,5.61,5.724,5.701,5.577,5.383,5.429,5.286,5.464,5.561,5.621,5.554,5.521,5.458,6.097,6.27,6.34,6.24,6.142,6.179,6.263,6.079,6.034,5.595,5.814,6.167,6.205,6.165,5.928,6.135,6.33,6.303,6.986,6.884,6.641,6.534,6.418,6.679,6.916,6.992,6.964,6.928,6.713,6.537,6.522,6.54,6.685,6.731,6.688,6.428,6.752,6.785,6.75,6.794,6.845,6.717,6.558,6.931,6.804,6.756,6.558,6.51,6.447,6.231,6.62,6.655,6.491,6.594,6.663,6.599,6.47,6.709,6.716,6.728,6.612,5.157,5.169,5.094,5.243,5.223,5.287,5.427,5.421,5.387,5.174,5.091,5.134,5.115,5.073,5.102,5.043,5.059,4.736,4.959,5.108,4.95,4.883,5.011,5.089,4.865,4.981,5.066,5.211,5.196,5.078,4.96,4.481,4.537,4.525,4.649,4.613,4.642,4.554,4.841,4.928,4.992,4.931,4.944,4.8,4.636,4.87,4.865,4.942,5.01,4.907,4.875,4.686,4.955,5.083,5.02,5.019,4.848,4.744,4.6,4.817,5.058,0.0,0.0,0.0,0.0,0.0,0.0,0.0,0.0,0.0,0.0,0.0,0.0,0.0,0.0,0.0,0.0,0.0,0.0,0.0,0.0,0.0,0.0,0.0,0.0,0.0,0.0,0.0,0.0,0.0,0.0,0.0,0.0,0.0,0.0,0.0,0.0,0.0,0.0,0.0,0.0,0.0,0.0,0.0,0.0,0.0,0.0,0.0,0.0,0.0,0.0,0.0,0.0,0.0,0.0,0.0,0.0,0.0,0.0,0.0,0.0,0.0,0.0,6.425,6.447,6.45,6.575,6.626,6.278,6.346,6.523,6.815,6.719,6.631,6.419,6.223,6.292,6.398,6.489,6.366,6.319,6.49,6.204,6.315,6.229,6.119,6.313,6.344,6.062,5.862,6.313,6.447,6.394,5.759,5.722,5.891,5.708,5.814,5.989,6.188,6.274,6.276,6.09,5.754,5.814,5.904,5.651,5.749,5.813,5.944,5.79,5.926,5.932,5.909,5.796,5.65,5.643,5.355,5.463,5.745,5.857,5.989,6.101,6.053,4.692,4.856,4.908,4.892,4.842,4.951,4.879,4.683,4.779,4.763,4.729,4.812,4.724,4.3,4.178,4.209,4.485,4.614,4.693,4.728,4.691,4.612,4.837,4.817,4.685,4.414,4.424,4.511,4.591,4.751,5.405,5.485,5.428,5.481,5.447,5.212,5.316,5.408,5.311,5.396,5.443,5.338,5.195,5.343,5.487,5.492,5.543,5.62,5.526,5.448,5.594,5.732,5.805,5.718,5.71,5.799,5.579,5.746,5.807,5.776,5.776,5.846,5.675,5.478,5.628,5.673,5.695,5.618,5.685,5.575,5.554,5.78,5.812,5.791,5.723,5.734,5.849,5.778,5.84,6.034,6.154,6.26,6.228,6.131,5.917,5.97,5.765,5.917,5.991,6.105,6.092,5.913,5.954,6.027,6.075,5.964,5.986,5.942,5.775,5.839,5.974,6.087,6.115,6.118,6.09,5.946,6.042,6.042,6.02,5.966,5.9,5.901,5.803,6.028,6.127,6.218,6.239,6.28,6.25,6.151,6.181,6.212,6.191,6.169,6.307,6.271,6.026,6.168,6.286,6.353,6.288,6.071,5.961,5.958,6.181,6.226,6.321,6.413,6.394,6.327,6.126,6.191,6.037,6.181,6.28,6.193,6.224,5.991,5.648,5.741,6.009,6.288,6.45,6.5,6.361,6.531,6.529,6.534,6.687,6.622,6.606,6.369,6.575,6.617,6.372,6.399,6.452,6.295,6.252,6.376,6.495,6.288,6.163,6.1,6.196,6.072,6.3,6.395,6.368,6.395,6.357,6.29,6.172,6.21,6.24,6.119,6.189,6.321,6.275,6.14,6.26,6.108,5.909,5.738,5.932,5.888,5.449,5.478,5.352,5.365,5.326,5.4,5.587,5.701,5.831,5.738,5.631,5.652,5.868,6.007,5.665,5.947,5.388,5.801,5.914,5.932,5.79,5.522,5.69,5.599,5.582,5.462,5.281,5.268,5.012,5.464,5.491,5.631,5.668,5.708,5.466,5.189,5.622,5.834,6.154,5.912,5.887,5.724,5.863,6.3,6.513,6.374,4.186,4.042,4.054,4.103,4.337,4.418,4.387,4.303,4.239,4.316,4.027,3.984,3.941,3.888,3.955,4.144,4.181,3.793,3.505,3.509,3.437,3.539,3.727,3.648,3.59,3.707,3.674,3.46,3.527,3.508,3.455,0.0,0.0,0.0,0.0,0.0,0.0,0.0,0.0,0.0,0.0,0.0,0.0,0.0,0.0,0.0,0.0,0.0,0.0,0.0,0.0,0.0,0.0,0.0,0.0,0.0,0.0,0.0,0.0,0.0,0.0,0.0,0.0,0.0,0.0,0.0,0.0,0.0,0.0,0.0,0.0,0.0,0.0,0.0,0.0,0.0,0.0,0.0,0.0,0.0,0.0,0.0,0.0,0.0,0.0,0.0,0.0,0.0,0.0,0.0,0.0,0.0,5.737,5.529,5.395,5.643,5.765,5.88,5.882,5.941,5.855,5.67,5.939,6.001,6.011,5.926,5.741,5.815,5.51,5.38,5.615,5.668,5.633,5.598,5.671,5.328,5.545,5.592,5.578,5.537,5.609,5.552,5.463,5.371,5.37,5.311,4.906,4.752,5.082,4.982,5.252,5.394,5.583,5.43,5.547,5.506,5.416,5.488,5.479,5.542,5.59,5.449,5.452,5.219,5.519,5.603,5.637,5.586,5.544,5.466,5.17,5.267,5.291,5.689,5.528,5.638,5.65,5.53,5.714,5.827,5.811,5.874,5.784,5.734,5.496,5.767,5.957,5.941,5.883,5.853,5.844,5.552,5.951,6.128,6.234,6.296,6.342,6.279,6.091,6.22,6.092,5.944,5.883,5.984,6.261,6.022,6.361,6.535,6.635,6.508,6.482,6.256,5.974,6.174,6.209,6.239,6.364,6.243,6.086,6.083,6.374,6.571,6.576,6.544,6.603,6.251,6.15,6.492,6.531,6.324,6.431,6.523,6.55,6.543,6.663,5.963,5.987,5.757,5.856,5.926,5.842,5.945,6.11,6.0,5.873,5.905,5.891,5.82,5.857,5.898,5.983,5.932,5.962,5.91,5.811,5.961,5.944,5.951,6.119,5.989,5.892,5.672,5.923,7.174,7.027,6.986,7.181,7.297,7.118,7.09,7.142,7.213,7.34,7.436,7.418,7.237,7.399,7.447,7.549,7.52,7.102,7.153,7.293,7.5,7.562,7.604,7.673,7.641,7.589,7.354,7.49,7.561,7.701,7.747,7.345,7.337,7.109,7.362,7.438,7.301,7.417,7.375,7.402,7.169,7.313,7.419,7.434,7.362,7.286,7.391,7.053,7.246,7.373,7.318,7.346,7.362,7.353,7.121,7.37,7.457,7.533,7.483,7.416,7.224,6.272,6.426,6.404,6.556,6.55,6.723,6.682,6.383,6.481,6.381,6.409,6.401,6.341,6.279,6.107,6.354,6.506,6.689,6.624,6.347,5.789,5.379,5.314,5.785,6.216,6.256,6.162,6.109,6.056,6.396,6.488,5.505,5.561,5.554,5.492,5.357,5.505,5.542,5.424,5.373,5.504,5.448,5.29,5.55,5.628,5.477,5.355,5.277,5.151,4.781,4.795,4.835,5.22,5.422,5.359,5.253,5.1,5.397,5.474,5.255,4.893,4.841,4.923,4.798,5.158,5.181,5.174,5.191,5.094,4.881,4.572,4.746,4.757,4.831,4.759,4.771,4.781,4.574,4.92,4.996,4.907,4.607,4.746,4.624,4.297,4.624,4.927,4.983,4.944,5.032,4.868,4.578,6.376,6.538,6.808,6.803,6.566,6.372,6.061,6.21,6.204,6.201,5.844,6.161,6.395,5.961,5.653,6.055,6.404,6.624,6.544,6.462,6.183,6.52,6.683,6.623,6.734,6.954,6.727,6.441,6.907,7.087,7.041,7.122,7.19,7.153,6.733,7.077,7.188,7.217,7.12,6.935,6.76,6.312,6.413,6.44,6.443,6.345,6.029,6.234,6.28,6.634,6.622,6.541,6.268,6.168,6.087,6.107,6.648,6.7,6.677,6.773,6.79,5.51,5.264,5.585,5.754,5.454,5.533,5.506,5.538,5.353,5.523,5.473,5.566,5.572,5.526,5.446,5.258,5.677,5.732,5.742,5.723,5.65,5.5,5.173,4.878,4.776,5.118,5.4,5.511,5.539,5.386,5.443,5.886,5.962,5.91,6.006,5.985,5.861,5.947,5.993,5.995,5.992,5.998,5.818,5.676,5.719,5.871,5.959,6.003,6.056,6.075,5.839,6.053,6.138,6.124,6.121,6.123,6.129,5.994,6.148,6.072,6.079,6.948,7.051,7.063,6.815,6.96,7.12,7.205,7.03,6.978,6.708,6.53,6.875,6.886,6.927,7.056,7.198,7.251,7.089,7.367,7.392,7.334,7.365,7.486,7.437,7.183,7.327,7.466,7.585,7.612,7.525,7.445,6.857,7.043,7.014,6.896,6.983,7.034,7.075,7.011,7.124,7.134,7.199,7.217,7.259,7.001,6.723,6.912,7.052,7.186,7.123,7.211,7.126,6.919,6.971,7.095,7.042,6.581,6.793,6.995,6.817,6.907,6.915,7.567,7.67,7.916,7.892,7.711,7.762,7.896,8.091,7.98,7.993,8.031,7.659,8.023,8.157,8.053,8.035,8.143,8.09,7.878,8.098,8.173,8.146,8.281,8.349,8.185,8.011,8.357,8.268,7.19,7.217,7.365,7.295,7.01,7.152,6.753,6.589,6.839,7.234,7.319,7.133,7.507,7.543,7.524,7.36,6.955,6.578,6.107,6.576,6.83,7.011,7.153,7.193,7.361,7.08,7.349,7.435,7.473,7.437,7.154,6.518,6.433,6.712,6.993,7.017,7.061,7.166,7.006,6.828,7.112,7.254,7.307,7.396,7.323,7.253,6.988,7.172,7.367,7.293,7.2,7.053,6.86,6.304,6.708,7.023,7.031,7.093,7.084,6.817,6.217,6.387,6.633,6.907,6.923,7.141,7.245,6.977,7.263,7.502,7.585,7.701,7.645,7.533,7.136,7.271,7.544,7.74,7.551,7.889,7.804,7.526,7.726,7.779,7.293,6.943,6.651,6.837,7.118,7.461,7.591,7.42,6.857,6.984,7.259,6.731,7.069,7.141,7.291,7.388,7.33,7.052,6.75,7.028,6.992,6.863,6.956,7.144,7.014,6.679,6.897,6.939,7.054,7.097,7.085,6.859,6.285,6.316,6.508,6.441,6.279,6.138,7.449,7.38,7.885,7.93,7.729,7.461,7.583,7.323,7.241,7.851,7.855,7.988,7.869,7.816,7.662,7.45,7.711,7.661,7.484,7.689,7.774,7.416,7.054,7.462,7.526,7.2,7.037,6.844,6.643,6.693,7.136,7.397,7.288,7.386,7.654,7.865,7.435,7.523,7.798,8.022,8.2,8.503,8.176,7.93,8.251,8.105,8.455,8.537,8.468,8.255,8.199,8.464,8.53,8.143,8.086,8.338,8.36,8.165,8.357,8.758,8.908,8.992,9.19,9.028,8.749,8.6,8.771,8.634,8.155,8.022,7.9,7.529,7.962,8.314,8.585,8.915,8.642,8.12,7.51,7.743,7.922,8.219,8.33,8.187,7.856,7.292,7.783,8.174,8.292,8.28,8.377,8.261,6.85,6.797,7.087,7.267,7.355,7.433,7.551,7.525,7.64,7.745,7.889,7.936,7.948,7.882,7.627,7.679,7.467,7.74,7.826,7.845,7.741,7.45,7.406,7.237,7.487,7.723,7.748,7.802,7.501,7.606,7.733,7.943,7.892,7.938,7.795,7.547,7.698,7.768,7.797,7.749,7.474,7.013,6.365,6.24,6.673,6.868,7.045,7.144,7.298,7.054,7.209,7.372,7.431,7.534,7.375,7.167,6.68,6.7,6.798,6.82,6.653,7.09,6.961,6.739,6.809,6.766,7.066,7.268,7.386,7.293,7.047,7.406,7.538,7.552,7.479,7.577,7.563,7.178,7.235,7.524,7.687,7.738,7.929,7.73,7.372,7.64,7.79,7.772,7.696,7.846,7.959,7.691,7.322,7.455,7.647,7.641,7.665,7.467,7.143,7.386,7.378,7.507,7.552,7.663,7.769,7.42,7.486,7.743,7.821,7.827,7.864,7.922,7.751,7.777,7.887,7.838,7.311,6.832,7.053,7.262,7.078,7.171,7.179,7.647,7.751,7.999,7.976,7.793,7.844,7.98,8.177,8.065,8.078,8.115,7.739,8.108,8.243,8.138,8.119,8.229,8.175,7.961,8.183,8.259,8.232,8.369,8.437,8.271,8.096,8.445,8.356,7.38,6.833,6.859,7.0,6.932,6.662,6.797,6.418,6.262,6.499,6.875,6.955,6.779,7.134,7.169,7.15,6.995,6.609,6.251,5.804,6.249,6.491,6.663,6.798,6.836,6.995,6.728,6.984,7.066,7.102,7.067,6.798,7.704,7.604,7.934,8.266,8.294,8.346,8.47,8.281,8.071,8.407,8.574,8.637,8.743,8.656,8.573,8.261,8.478,8.708,8.621,8.511,8.337,8.109,7.451,7.929,8.302,8.31,8.384,8.373,8.058,7.349,5.85,6.076,6.327,6.341,6.542,6.637,6.391,6.653,6.872,6.948,7.054,7.004,6.901,6.537,6.66,6.91,7.09,6.917,7.227,7.149,6.894,7.077,7.126,6.681,6.36,6.093,6.263,6.52,6.834,6.954,6.797,6.857,6.984,7.259,6.731,7.069,7.141,7.291,7.388,7.33,7.052,6.75,7.028,6.992,6.863,6.956,7.144,7.014,6.679,6.897,6.939,7.054,7.097,7.085,6.859,6.285,6.316,6.508,6.441,6.279,6.138,6.208,6.15,6.571,6.609,6.442,6.218,6.319,6.103,6.035,6.543,6.547,6.657,6.558,6.514,6.386,6.208,6.426,6.385,6.237,6.408,6.479,6.18,5.879,6.218,6.272,6.0,5.864,5.704,5.536,5.578,5.947,7.613,7.5,7.601,7.877,8.094,7.651,7.742,8.025,8.255,8.438,8.75,8.414,8.161,8.491,8.341,8.701,8.785,8.715,8.496,8.438,8.71,8.779,8.38,8.322,8.581,8.603,8.402,8.6,9.013,9.168,9.254,9.357,9.191,8.908,8.756,8.93,8.79,8.303,8.167,8.044,7.666,8.106,8.464,8.741,9.077,8.799,8.268,7.646,7.884,8.066,8.369,8.481,8.335,7.998,7.424,7.924,8.322,8.443,8.43,8.529,8.411,6.85,6.797,7.087,7.267,7.355,7.433,7.551,7.525,7.64,7.745,7.889,7.936,7.948,7.882,7.627,7.679,7.467,7.74,7.826,7.845,7.741,7.45,7.406,7.237,7.487,7.723,7.748,7.802,7.501,7.606,7.733,7.943,7.892,7.938,7.795,7.547,7.698,7.768,7.797,7.749,7.474,7.013,6.365,6.24,6.673,6.868,7.045,7.144,7.298,7.054,7.209,7.372,7.431,7.534,7.375,7.167,6.68,6.7,6.798,6.82,6.653,7.09,6.961,6.739,6.809,6.766,7.066,7.268,7.386,7.293,7.047,7.406,7.538,7.552,7.479,7.577,7.563,7.178,7.235,7.524,7.687,7.738,7.929,7.73,7.372,7.64,7.79,7.772,7.696,7.846,7.959,7.691
Guntur_144,7.073,7.121,7.255,7.273,7.003,7.043,7.196,7.206,7.062,6.983,7.111,7.113,7.2,7.072,6.866,6.829,7.148,7.116,6.828,7.119,7.171,7.011,7.089,7.261,7.34,7.004,7.23,7.335,7.391,7.441,7.38,6.602,6.285,6.486,6.654,6.655,6.649,6.723,6.492,6.349,6.458,6.488,6.555,6.787,6.776,6.843,6.556,6.717,6.854,6.826,6.678,6.446,6.501,6.33,6.542,6.658,6.731,6.65,6.611,6.536,6.787,6.98,7.057,6.946,6.836,6.878,6.972,6.767,6.716,6.228,6.471,6.865,6.907,6.862,6.599,6.829,7.046,7.016,7.777,7.663,7.392,7.273,7.144,7.434,7.698,7.783,7.752,7.712,7.472,7.276,7.26,7.556,7.724,7.777,7.727,7.427,7.801,7.839,7.799,7.849,7.908,7.761,7.577,8.008,7.861,7.805,7.577,7.522,7.449,7.199,7.649,7.689,7.5,7.619,7.698,7.624,7.475,7.751,7.76,7.774,7.64,5.678,5.691,5.609,5.773,5.751,5.821,5.976,5.969,5.932,5.697,5.605,5.653,5.632,5.586,5.618,5.553,5.571,5.215,5.46,5.624,5.45,5.376,5.517,5.604,5.357,5.485,5.578,5.738,5.722,5.591,5.462,5.991,6.067,6.051,6.216,6.169,6.207,6.09,6.474,6.59,6.675,6.593,6.611,6.418,6.199,6.512,6.506,6.608,6.699,6.561,6.519,6.266,6.626,6.797,6.712,6.711,6.482,6.344,6.151,6.441,6.763,0.0,0.0,0.0,0.0,0.0,0.0,0.0,0.0,0.0,0.0,0.0,0.0,0.0,0.0,0.0,0.0,0.0,0.0,0.0,0.0,0.0,0.0,0.0,0.0,0.0,0.0,0.0,0.0,0.0,0.0,0.0,0.0,0.0,0.0,0.0,0.0,0.0,0.0,0.0,0.0,0.0,0.0,0.0,0.0,0.0,0.0,0.0,0.0,0.0,0.0,0.0,0.0,0.0,0.0,0.0,0.0,0.0,0.0,0.0,0.0,0.0,0.0,6.911,6.935,6.937,7.071,7.127,6.753,6.826,7.016,7.33,7.226,7.132,6.904,6.694,6.768,6.882,6.979,6.847,6.797,6.98,6.673,6.793,6.7,6.582,6.791,6.824,6.52,6.305,6.79,6.935,6.878,6.651,6.609,6.804,6.592,6.715,6.916,7.146,7.245,7.248,7.034,6.646,6.714,6.819,6.526,6.639,6.714,6.864,6.687,6.844,6.85,6.824,6.694,6.526,6.517,6.184,6.309,6.635,6.765,6.917,7.046,6.99,5.733,5.933,5.997,5.977,5.916,6.05,5.962,5.722,5.839,5.819,5.778,5.879,5.772,5.254,5.104,5.142,5.48,5.638,5.734,5.777,5.731,5.635,5.909,5.885,5.724,5.393,5.405,5.511,5.609,5.805,5.738,5.822,5.762,5.818,5.783,5.533,5.643,5.741,5.638,5.728,5.778,5.667,5.515,5.671,5.825,5.83,5.885,5.966,5.866,5.783,5.939,6.085,6.162,6.07,6.062,6.156,5.922,6.1,6.165,6.132,6.132,6.492,6.302,6.084,6.25,6.3,6.324,6.239,6.314,6.191,6.168,6.419,6.454,6.431,6.356,6.368,6.495,6.417,6.485,6.701,6.834,6.952,6.916,6.809,6.571,6.63,6.402,6.571,6.653,6.779,6.766,6.567,7.186,7.275,7.333,7.198,7.225,7.171,6.971,7.047,7.211,7.347,7.381,7.385,7.351,7.177,7.292,7.292,7.266,7.201,7.121,7.123,7.003,7.276,7.395,7.505,7.53,7.58,7.544,7.424,6.897,6.932,6.909,6.884,7.038,6.998,6.725,6.883,7.015,7.089,7.017,6.775,6.652,6.649,6.897,6.948,7.054,7.157,7.136,7.06,6.836,6.909,6.737,6.898,7.008,6.911,6.946,6.685,6.302,6.407,6.705,7.576,7.77,7.832,7.664,7.868,7.866,7.872,8.056,7.978,7.959,7.674,7.921,7.972,7.677,7.71,7.774,7.584,7.532,7.681,7.825,7.575,7.426,7.349,7.465,7.315,7.591,7.705,7.672,7.704,7.659,6.718,6.592,6.632,6.664,6.536,6.61,6.751,6.702,6.558,6.686,6.524,6.311,6.128,6.335,6.289,5.82,5.851,5.716,5.73,5.688,5.767,5.967,6.09,6.228,6.129,6.014,6.037,6.267,6.416,6.051,6.352,7.054,7.594,7.742,7.765,7.58,7.229,7.449,7.329,7.308,7.151,6.914,6.896,6.561,7.153,7.188,7.372,7.42,7.473,7.156,6.793,7.359,7.638,8.057,7.74,7.706,7.494,7.675,8.248,8.527,8.344,6.249,6.033,6.051,6.125,6.474,6.595,6.547,6.423,6.328,6.443,6.011,5.946,5.882,5.803,5.903,6.185,6.241,5.662,5.232,5.238,5.13,5.283,5.563,5.444,5.359,5.533,5.484,5.164,5.264,5.237,5.158,9.877,10.787,11.086,11.267,11.657,11.821,12.207,12.132,12.368,12.388,12.409,12.584,12.691,12.375,12.06,11.339,12.92,12.705,12.37,12.279,12.043,11.528,12.02,12.102,12.159,12.262,12.429,12.318,11.873,12.074,11.997,0.0,0.0,0.0,0.0,0.0,0.0,0.0,0.0,0.0,0.0,0.0,0.0,0.0,0.0,0.0,0.0,0.0,0.0,0.0,0.0,0.0,0.0,0.0,0.0,0.0,0.0,0.0,0.0,0.0,0.0,7.817,7.535,7.351,7.69,7.856,8.012,8.016,8.095,7.978,7.726,8.093,8.177,8.191,8.076,7.824,7.924,7.508,7.33,7.652,7.724,7.676,7.629,7.728,7.26,7.556,7.619,7.601,7.545,7.643,7.566,7.445,6.272,6.271,6.202,5.729,5.549,5.935,5.818,6.133,6.298,6.52,6.341,6.477,6.429,6.324,6.409,6.398,6.471,6.528,6.363,6.367,6.094,6.445,6.543,6.582,6.523,6.474,6.383,6.037,6.15,6.179,6.888,6.693,6.827,6.841,6.695,6.918,7.055,7.036,7.112,7.004,6.942,6.655,6.982,7.213,7.193,7.123,7.087,7.076,6.722,7.205,7.419,7.548,7.623,7.679,7.602,7.375,7.531,7.376,7.197,7.123,7.246,7.221,6.946,7.336,7.538,7.652,7.507,7.476,7.216,6.891,7.121,7.162,7.196,7.34,7.201,7.02,7.017,7.352,7.58,7.584,7.548,7.616,7.21,7.094,7.488,7.532,7.294,7.418,7.524,7.555,7.547,7.685,7.543,7.573,7.282,7.407,7.496,7.389,7.52,7.728,7.589,7.429,7.47,7.451,7.361,7.409,7.46,7.568,7.503,7.541,7.476,7.351,7.54,7.518,7.528,7.739,7.575,7.453,7.174,7.491,8.501,8.327,8.278,8.509,8.647,8.435,8.402,8.463,8.547,8.698,8.812,8.791,8.576,8.768,8.825,8.945,8.912,8.416,8.477,8.643,8.887,8.96,9.011,9.093,9.054,8.993,8.714,8.876,8.96,9.126,9.181,8.649,8.639,8.371,8.669,8.758,8.597,8.734,8.684,8.716,8.441,8.611,8.736,8.754,8.669,8.579,8.703,8.305,8.532,8.681,8.616,8.65,8.669,8.659,8.385,8.678,8.781,8.87,8.812,8.733,8.507,7.878,8.072,8.044,8.235,8.227,8.445,8.393,8.018,8.141,8.015,8.051,8.041,7.965,7.888,7.671,7.982,8.173,8.402,8.321,7.973,7.271,6.757,6.675,7.267,7.809,7.858,7.74,7.673,7.608,8.034,8.15,6.87,6.939,6.93,6.853,6.685,6.869,6.915,6.768,6.705,6.868,6.799,6.601,6.925,7.023,6.835,6.682,6.585,6.427,5.966,5.983,6.034,6.514,6.766,6.688,6.555,6.364,6.735,6.83,6.558,6.106,6.041,6.143,5.988,6.437,6.465,6.457,6.478,6.356,6.09,5.705,5.922,5.936,6.028,5.939,5.953,5.965,5.707,6.14,6.234,6.124,5.748,5.922,5.77,5.362,5.77,6.148,6.218,6.17,6.279,6.074,5.713,6.595,6.763,7.042,7.037,6.792,6.591,6.27,6.424,6.417,6.414,6.045,6.373,6.615,6.167,5.848,6.263,6.624,6.852,6.77,6.684,6.396,6.744,6.913,6.851,6.965,7.193,6.958,6.663,7.144,7.331,7.283,8.617,8.699,8.655,8.146,8.562,8.697,8.733,8.614,8.391,8.179,7.638,7.759,7.792,7.796,7.677,7.295,7.543,7.598,8.026,8.013,7.914,7.584,7.463,7.365,7.389,8.044,8.106,8.079,8.195,8.216,6.198,5.921,6.283,6.472,6.135,6.224,6.193,6.229,6.021,6.213,6.156,6.261,6.268,6.216,6.126,5.914,6.386,6.448,6.458,6.438,6.355,6.187,5.818,5.487,5.372,5.757,6.074,6.199,6.231,6.059,6.122,6.731,6.817,6.758,6.867,6.843,6.702,6.8,6.853,6.855,6.851,6.858,6.653,6.49,6.54,6.713,6.814,6.864,6.925,6.947,6.677,6.921,7.019,7.003,7.0,7.001,7.008,6.854,7.03,6.943,6.951,7.185,7.291,7.303,7.047,7.197,7.363,7.45,7.269,7.216,6.937,6.753,7.109,7.12,7.163,7.297,7.443,7.498,7.331,7.619,7.644,7.584,7.616,7.741,7.691,7.427,7.577,7.72,7.843,7.871,7.781,7.699,7.853,8.066,8.033,7.898,7.998,8.057,8.104,8.03,8.16,8.171,8.245,8.266,8.314,8.019,7.7,7.917,8.077,8.231,8.158,8.259,8.161,7.925,7.985,8.126,8.065,7.537,7.781,8.011,7.808,7.911,7.92,7.773,7.879,8.131,8.107,7.921,7.973,8.111,8.311,8.198,8.211,8.249,7.867,8.242,8.379,8.272,8.253,8.365,8.31,8.092,8.318,8.395,8.368,8.507,8.576,8.408,8.229,8.584,8.493,7.388,7.415,7.567,7.495,7.202,7.348,6.939,6.77,7.026,7.433,7.52,7.329,7.713,7.75,7.73,7.562,7.145,6.758,6.275,6.756,7.017,7.203,7.349,7.39,7.563,7.274,7.551,7.639,7.678,7.641,7.35,7.096,7.003,7.307,7.613,7.639,7.687,7.801,7.627,7.433,7.743,7.897,7.955,8.052,7.972,7.896,7.608,7.808,8.02,7.94,7.839,7.679,7.469,6.863,7.303,7.646,7.654,7.722,7.712,7.421,6.768,6.833,7.097,7.39,7.407,7.641,7.752,7.465,7.771,8.026,8.116,8.239,8.18,8.06,7.635,7.779,8.071,8.281,8.079,8.441,8.35,8.053,8.266,8.323,7.803,7.429,7.117,7.315,7.616,7.983,8.122,7.939,7.47,7.608,7.908,7.332,7.701,7.779,7.943,8.049,7.985,7.683,7.354,7.656,7.617,7.476,7.578,7.783,7.641,7.276,7.513,7.56,7.684,7.731,7.718,7.473,6.847,6.881,7.09,7.017,6.841,6.687,0.0,0.0,0.0,0.0,0.0,0.0,0.0,0.0,0.0,0.0,0.0,0.0,0.0,0.0,0.0,0.0,0.0,0.0,0.0,0.0,0.0,0.0,0.0,0.0,0.0,0.0,0.0,0.0,0.0,0.0,0.0,10.056,9.907,10.041,10.405,10.692,10.107,10.228,10.601,10.905,11.147,11.559,11.115,10.78,11.217,11.018,11.494,11.605,11.512,11.223,11.146,11.506,11.597,11.07,10.993,11.335,11.365,11.099,11.361,11.906,12.111,12.224,9.355,9.189,8.906,8.754,8.928,8.789,8.302,8.165,8.042,7.664,8.105,8.463,8.739,9.075,8.797,8.266,7.645,7.882,8.064,8.367,8.479,8.334,7.997,7.423,7.922,8.32,8.441,8.428,8.527,8.41,6.977,6.923,7.219,7.402,7.492,7.571,7.692,7.665,7.782,7.889,8.036,8.083,8.096,8.028,7.769,7.821,7.606,7.884,7.971,7.991,7.885,7.589,7.544,7.372,7.626,7.867,7.892,7.947,7.641,7.748,7.877,10.609,10.54,10.602,10.412,10.08,10.282,10.376,10.414,10.35,9.983,9.367,8.501,8.335,8.913,9.174,9.409,9.542,9.748,9.421,9.629,9.847,9.926,10.063,9.851,9.573,8.923,8.949,9.079,9.109,8.887,7.016,6.888,6.668,6.738,6.695,6.992,7.192,7.309,7.217,6.973,7.328,7.458,7.473,7.4,7.497,7.484,7.102,7.159,7.446,7.606,7.657,7.846,7.649,7.295,7.559,7.709,7.69,7.615,7.764,7.876,7.61,7.653,7.792,7.993,7.986,8.012,7.805,7.466,7.72,7.712,7.846,7.893,8.009,8.12,7.756,7.825,8.093,8.174,8.18,8.22,8.28,8.102,8.128,8.243,8.193,7.641,7.141,7.372,7.59,7.398,7.495,7.504,6.949,7.043,7.269,7.247,7.081,7.127,7.251,7.43,7.328,7.34,7.374,7.032,7.367,7.49,7.395,7.378,7.477,7.429,7.234,7.436,7.505,7.48,7.604,7.667,7.516,7.356,7.673,7.592,6.706,7.652,7.681,7.838,7.763,7.46,7.611,7.187,7.013,7.278,7.699,7.789,7.592,7.989,8.028,8.007,7.833,7.401,7.001,6.5,6.998,7.269,7.461,7.612,7.655,7.834,7.534,7.821,7.913,7.953,7.915,7.613,7.738,7.638,7.969,8.302,8.331,8.383,8.507,8.318,8.106,8.444,8.612,8.675,8.781,8.694,8.611,8.297,8.516,8.747,8.659,8.549,8.374,8.145,7.484,7.964,8.338,8.347,8.421,8.41,8.094,7.381,7.321,7.604,7.918,7.936,8.186,8.306,7.998,8.326,8.599,8.695,8.828,8.764,8.636,8.18,8.334,8.648,8.872,8.656,9.044,8.946,8.628,8.856,8.917,8.36,7.959,7.625,7.837,8.159,8.553,8.702,8.506,7.47,7.608,7.908,7.332,7.701,7.779,7.943,8.049,7.985,7.683,7.354,7.656,7.617,7.476,7.578,7.783,7.641,7.276,7.513,7.56,7.684,7.731,7.718,7.473,6.847,6.881,7.09,7.017,6.841,6.687,7.769,7.697,8.223,8.27,8.061,7.781,7.908,7.637,7.552,8.187,8.192,8.33,8.206,8.151,7.991,7.769,8.042,7.99,7.805,8.019,8.108,7.734,7.357,7.782,7.848,7.509,7.339,7.138,6.928,6.98,7.442,6.766,6.666,6.756,7.001,7.194,6.8,6.881,7.133,7.337,7.5,7.777,7.478,7.253,7.547,7.414,7.734,7.808,7.746,7.551,7.499,7.742,7.803,7.448,7.397,7.626,7.647,7.468,7.644,8.011,8.148,8.225,9.357,9.191,8.908,8.756,8.93,8.79,8.303,8.167,8.044,7.666,8.106,8.464,8.741,9.077,8.799,8.268,7.646,7.884,8.066,8.369,8.481,8.335,7.998,7.424,7.924,8.322,8.443,8.43,8.529,8.411,6.977,6.923,7.219,7.402,7.492,7.571,7.692,7.665,7.782,7.889,8.036,8.083,8.096,8.028,7.769,7.821,7.606,7.884,7.971,7.991,7.885,7.589,7.544,7.372,7.626,7.867,7.892,7.947,7.641,7.748,7.877,10.609,10.54,10.602,10.412,10.08,10.282,10.376,10.414,10.35,9.983,9.367,8.501,8.335,8.913,9.174,9.409,9.542,9.748,9.421,9.629,9.847,9.926,10.063,9.851,9.573,8.923,8.949,9.079,9.109,8.887,7.016,6.888,6.668,6.738,6.695,6.992,7.192,7.309,7.217,6.973,7.328,7.458,7.473,7.4,7.497,7.484,7.102,7.159,7.446,7.606,7.657,7.846,7.649,7.295,7.559,7.709,7.69,7.615,7.764,7.876,7.61
Guntur_145,7.899,7.953,8.103,8.123,7.822,7.866,8.037,8.048,7.887,7.799,7.942,7.945,8.042,7.899,7.669,7.627,7.983,7.948,7.626,7.951,8.009,7.83,7.918,8.109,8.197,7.823,8.074,8.192,8.255,8.31,8.242,7.449,7.091,7.318,7.508,7.509,7.502,7.586,7.325,7.164,7.287,7.321,7.397,7.658,7.646,7.721,7.398,7.579,7.734,7.702,7.535,7.273,7.335,7.142,7.382,7.513,7.595,7.504,7.46,7.375,7.944,8.17,8.261,8.131,8.003,8.052,8.161,7.921,7.862,7.291,7.575,8.036,8.085,8.033,7.724,7.994,8.248,8.213,9.104,8.97,8.653,8.514,8.363,8.702,9.011,9.111,9.075,9.027,8.747,8.518,8.499,8.114,8.293,8.35,8.297,7.975,8.377,8.417,8.374,8.428,8.492,8.334,8.135,8.599,8.441,8.381,8.136,8.077,7.998,7.73,8.213,8.256,8.053,8.181,8.266,8.186,8.027,8.323,8.332,8.347,8.203,6.191,6.206,6.116,6.294,6.271,6.347,6.516,6.508,6.468,6.212,6.112,6.164,6.141,6.091,6.126,6.055,6.074,5.686,5.954,6.132,5.943,5.862,6.016,6.11,5.841,5.98,6.082,6.256,6.239,6.097,5.955,5.609,5.68,5.665,5.82,5.775,5.811,5.702,6.061,6.17,6.249,6.173,6.189,6.009,5.804,6.096,6.091,6.187,6.271,6.143,6.103,5.867,6.203,6.363,6.284,6.283,6.069,5.939,5.759,6.031,6.332,0.0,0.0,0.0,0.0,0.0,0.0,0.0,0.0,0.0,0.0,0.0,0.0,0.0,0.0,0.0,0.0,0.0,0.0,0.0,0.0,0.0,0.0,0.0,0.0,0.0,0.0,0.0,0.0,0.0,0.0,0.0,0.0,0.0,0.0,0.0,0.0,0.0,0.0,0.0,0.0,0.0,0.0,0.0,0.0,0.0,0.0,0.0,0.0,0.0,0.0,0.0,0.0,0.0,0.0,0.0,0.0,0.0,0.0,0.0,0.0,0.0,0.0,9.218,9.249,9.253,9.432,9.505,9.007,9.104,9.357,9.777,9.638,9.513,9.208,8.928,9.027,9.179,9.309,9.133,9.066,9.31,8.9,9.06,8.937,8.779,9.057,9.101,8.696,8.409,9.057,9.25,9.173,7.274,7.228,7.442,7.21,7.345,7.564,7.816,7.925,7.927,7.693,7.269,7.344,7.458,7.138,7.262,7.343,7.508,7.313,7.485,7.493,7.464,7.321,7.137,7.128,6.764,6.9,7.257,7.399,7.565,7.707,7.646,6.716,6.951,7.025,7.002,6.931,7.087,6.984,6.703,6.841,6.817,6.769,6.887,6.762,6.155,5.98,6.024,6.419,6.605,6.717,6.767,6.714,6.601,6.923,6.895,6.706,6.318,6.332,6.456,6.57,6.801,6.49,6.585,6.516,6.58,6.54,6.258,6.382,6.492,6.376,6.479,6.534,6.409,6.237,6.414,6.587,6.594,6.655,6.748,6.634,6.54,6.716,6.882,6.97,6.865,6.856,6.962,6.698,6.898,6.972,6.935,6.935,7.233,7.023,6.779,6.964,7.02,7.047,6.952,7.035,6.899,6.873,7.152,7.191,7.166,7.082,7.095,7.238,7.15,7.226,7.467,7.615,7.746,7.706,7.587,7.321,7.388,7.134,7.322,7.414,7.554,7.539,7.317,7.608,7.702,7.763,7.621,7.649,7.592,7.38,7.461,7.634,7.778,7.814,7.818,7.782,7.598,7.72,7.72,7.693,7.624,7.538,7.54,7.414,7.703,7.829,7.946,7.972,8.024,7.987,7.86,8.12,8.162,8.134,8.104,8.286,8.239,7.918,8.104,8.259,8.346,8.261,7.977,7.832,7.828,8.12,8.18,8.305,8.426,8.401,8.312,8.049,8.134,7.931,8.121,8.251,8.137,8.178,7.871,7.42,7.543,7.894,8.442,8.659,8.727,8.54,8.768,8.765,8.772,8.977,8.89,8.869,8.551,8.827,8.883,8.554,8.591,8.662,8.451,8.393,8.559,8.719,8.441,8.275,8.189,8.318,8.152,8.458,8.585,8.549,8.585,8.534,7.647,7.504,7.549,7.586,7.439,7.524,7.684,7.629,7.465,7.611,7.426,7.183,6.975,7.211,7.158,6.624,6.659,6.506,6.522,6.474,6.565,6.792,6.931,7.089,6.976,6.845,6.872,7.134,7.303,6.887,7.23,8.658,9.321,9.503,9.531,9.304,8.873,9.143,8.996,8.97,8.777,8.486,8.465,8.054,8.78,8.823,9.048,9.108,9.173,8.784,8.338,9.033,9.375,9.889,9.5,9.459,9.198,9.421,10.124,10.466,10.241,6.249,6.033,6.051,6.125,6.474,6.595,6.547,6.423,6.328,6.443,6.011,5.946,5.882,5.803,5.903,6.185,6.241,5.662,5.232,5.238,5.13,5.283,5.563,5.444,5.359,5.533,5.484,5.164,5.264,5.237,5.158,9.877,10.787,11.086,11.267,11.657,11.821,12.207,12.132,12.368,12.388,12.409,12.584,12.691,12.375,12.06,11.339,12.92,12.705,12.37,12.279,12.043,11.528,12.02,12.102,12.159,12.262,12.429,12.318,11.873,12.074,11.997,0.0,0.0,0.0,0.0,0.0,0.0,0.0,0.0,0.0,0.0,0.0,0.0,0.0,0.0,0.0,0.0,0.0,0.0,0.0,0.0,0.0,0.0,0.0,0.0,0.0,0.0,0.0,0.0,0.0,0.0,7.895,7.609,7.424,7.766,7.934,8.092,8.095,8.176,8.058,7.803,8.173,8.259,8.273,8.156,7.901,8.003,7.583,7.403,7.728,7.801,7.752,7.704,7.805,7.333,7.631,7.695,7.677,7.62,7.719,7.641,7.519,6.701,6.701,6.626,6.121,5.929,6.341,6.217,6.553,6.73,6.966,6.775,6.921,6.87,6.757,6.848,6.837,6.915,6.975,6.799,6.803,6.512,6.887,6.992,7.033,6.97,6.917,6.821,6.451,6.572,6.602,7.713,7.495,7.645,7.66,7.498,7.747,7.901,7.879,7.965,7.843,7.774,7.452,7.819,8.077,8.054,7.977,7.936,7.924,7.527,8.068,8.308,8.452,8.536,8.599,8.513,8.258,8.433,8.259,8.059,7.976,8.114,7.476,7.191,7.595,7.804,7.923,7.772,7.74,7.471,7.134,7.372,7.414,7.45,7.599,7.455,7.267,7.264,7.611,7.847,7.852,7.814,7.885,7.465,7.344,7.752,7.798,7.551,7.68,7.79,7.821,7.814,7.957,9.483,9.521,9.155,9.313,9.425,9.29,9.454,9.716,9.541,9.34,9.391,9.368,9.255,9.315,9.379,9.515,9.433,9.481,9.399,9.242,9.48,9.452,9.464,9.73,9.524,9.37,9.02,9.418,9.137,8.95,8.897,9.146,9.293,9.066,9.03,9.096,9.186,9.349,9.471,9.448,9.217,9.423,9.485,9.614,9.578,9.045,9.111,9.289,9.552,9.63,9.684,9.773,9.731,9.665,9.366,9.54,9.63,9.808,9.867,9.714,9.703,9.402,9.737,9.837,9.656,9.809,9.753,9.789,9.481,9.671,9.812,9.832,9.736,9.635,9.775,9.328,9.582,9.751,9.677,9.715,9.737,9.725,9.417,9.746,9.862,9.963,9.897,9.808,9.554,8.408,8.616,8.586,8.79,8.781,9.014,8.958,8.557,8.689,8.554,8.593,8.582,8.501,8.419,8.187,8.519,8.723,8.967,8.881,8.51,7.761,7.212,7.125,7.756,8.334,8.387,8.261,8.19,8.12,8.574,8.699,6.641,6.708,6.7,6.624,6.463,6.641,6.685,6.543,6.481,6.639,6.572,6.381,6.694,6.789,6.607,6.46,6.366,6.213,5.767,5.784,5.833,6.297,6.541,6.465,6.337,6.152,6.511,6.603,6.339,5.902,5.84,5.939,5.788,6.223,6.249,6.242,6.262,6.145,5.887,5.515,5.725,5.738,5.828,5.741,5.755,5.767,5.517,5.935,6.027,5.92,5.557,5.725,5.578,5.184,5.577,5.943,6.011,5.964,6.07,5.872,5.523,6.517,6.683,6.959,6.954,6.711,6.513,6.196,6.348,6.341,6.338,5.974,6.298,6.537,6.094,5.779,6.189,6.546,6.771,6.69,6.605,6.32,6.664,6.832,6.77,6.883,7.108,6.876,6.584,7.06,7.244,7.197,8.965,9.051,9.004,8.475,8.908,9.049,9.085,8.962,8.73,8.509,7.946,8.072,8.106,8.111,7.987,7.59,7.848,7.905,8.35,8.336,8.233,7.89,7.765,7.662,7.688,8.369,8.434,8.405,8.526,8.548,7.461,7.127,7.562,7.79,7.385,7.491,7.455,7.498,7.248,7.478,7.41,7.537,7.545,7.481,7.374,7.119,7.687,7.761,7.774,7.749,7.649,7.447,7.003,6.605,6.467,6.929,7.311,7.461,7.5,7.293,7.369,6.842,6.93,6.87,6.981,6.956,6.812,6.912,6.966,6.968,6.964,6.971,6.763,6.597,6.648,6.823,6.926,6.977,7.039,7.061,6.787,7.035,7.134,7.118,7.115,7.117,7.123,6.967,7.145,7.058,7.066,7.476,7.586,7.599,7.333,7.488,7.66,7.751,7.563,7.508,7.218,7.026,7.397,7.408,7.453,7.592,7.744,7.801,7.627,7.927,7.953,7.891,7.924,8.054,8.002,7.728,7.884,8.033,8.16,8.19,8.096,8.01,8.411,8.639,8.604,8.459,8.566,8.629,8.679,8.6,8.739,8.751,8.83,8.853,8.904,8.588,8.246,8.479,8.651,8.815,8.737,8.845,8.741,8.488,8.551,8.703,8.637,8.072,8.333,8.58,8.362,8.472,8.482,8.147,8.257,8.521,8.496,8.301,8.356,8.501,8.71,8.591,8.605,8.645,8.245,8.637,8.781,8.669,8.649,8.766,8.709,8.481,8.717,8.798,8.769,8.915,8.988,8.811,8.624,8.996,8.901,8.338,8.37,8.541,8.459,8.129,8.294,7.832,7.641,7.931,8.389,8.488,8.272,8.705,8.748,8.725,8.535,8.065,7.628,7.082,7.625,7.921,8.13,8.295,8.341,8.536,8.21,8.522,8.622,8.666,8.624,8.296,7.633,7.534,7.861,8.189,8.218,8.269,8.392,8.205,7.996,8.329,8.495,8.557,8.662,8.576,8.494,8.184,8.4,8.628,8.541,8.433,8.261,8.034,7.383,7.856,8.225,8.234,8.307,8.296,7.984,7.281,7.337,7.62,7.935,7.953,8.204,8.324,8.016,8.344,8.618,8.714,8.847,8.783,8.655,8.198,8.353,8.667,8.892,8.675,9.064,8.966,8.647,8.876,8.937,8.379,7.977,7.642,7.855,8.177,8.571,8.721,8.525,8.568,8.726,9.071,8.41,8.833,8.922,9.11,9.232,9.159,8.812,8.434,8.781,8.736,8.575,8.692,8.926,8.764,8.345,8.617,8.671,8.813,8.868,8.853,8.571,7.854,7.892,8.132,8.048,7.846,7.669,0.0,0.0,0.0,0.0,0.0,0.0,0.0,0.0,0.0,0.0,0.0,0.0,0.0,0.0,0.0,0.0,0.0,0.0,0.0,0.0,0.0,0.0,0.0,0.0,0.0,0.0,0.0,0.0,0.0,0.0,0.0,0.0,0.0,0.0,0.0,0.0,0.0,0.0,0.0,0.0,0.0,0.0,0.0,0.0,0.0,0.0,0.0,0.0,0.0,0.0,0.0,0.0,0.0,0.0,0.0,0.0,0.0,0.0,0.0,0.0,0.0,0.0,7.572,7.438,7.209,7.085,7.226,7.113,6.719,6.609,6.509,6.203,6.56,6.85,7.073,7.346,7.121,6.69,6.188,6.38,6.527,6.772,6.863,6.745,6.473,6.008,6.412,6.734,6.832,6.822,6.902,6.807,6.901,6.847,7.14,7.321,7.41,7.488,7.607,7.581,7.697,7.803,7.948,7.995,8.008,7.94,7.684,7.736,7.523,7.798,7.884,7.904,7.798,7.505,7.461,7.291,7.542,7.78,7.805,7.86,7.557,7.663,7.791,10.623,10.554,10.616,10.425,10.093,10.295,10.389,10.428,10.363,9.996,9.38,8.512,8.346,8.925,9.186,9.421,9.554,9.76,9.434,9.641,9.859,9.938,10.076,9.864,9.586,8.934,8.961,9.091,9.121,8.898,6.912,6.786,6.57,6.638,6.596,6.888,7.085,7.2,7.11,6.869,7.22,7.348,7.362,7.29,7.386,7.373,6.997,7.053,7.335,7.493,7.543,7.729,7.535,7.186,7.447,7.594,7.576,7.502,7.648,7.759,7.497,7.903,8.046,8.254,8.247,8.273,8.059,7.709,7.971,7.963,8.102,8.151,8.27,8.385,8.009,8.08,8.357,8.441,8.447,8.488,8.55,8.366,8.394,8.512,8.46,7.89,7.374,7.612,7.838,7.639,7.739,7.749,8.217,8.329,8.595,8.57,8.373,8.429,8.575,8.786,8.666,8.68,8.72,8.316,8.712,8.857,8.744,8.725,8.842,8.785,8.554,8.793,8.875,8.845,8.993,9.066,8.888,8.699,9.074,8.978,7.93,8.865,8.898,9.081,8.994,8.642,8.817,8.326,8.124,8.432,8.919,9.024,8.795,9.255,9.3,9.276,9.074,8.574,8.11,7.53,8.107,8.421,8.644,8.819,8.868,9.075,8.728,9.061,9.167,9.214,9.169,8.82,7.664,7.565,7.893,8.223,8.252,8.303,8.426,8.238,8.029,8.364,8.53,8.592,8.697,8.611,8.529,8.218,8.434,8.663,8.576,8.467,8.294,8.067,7.413,7.888,8.259,8.268,8.341,8.33,8.016,7.311,6.928,7.195,7.492,7.509,7.746,7.859,7.568,7.878,8.137,8.228,8.353,8.293,8.172,7.741,7.887,8.183,8.396,8.191,8.558,8.465,8.164,8.38,8.438,7.911,7.532,7.215,7.416,7.721,8.093,8.235,8.049,8.568,8.726,9.071,8.41,8.833,8.922,9.11,9.232,9.159,8.812,8.434,8.781,8.736,8.575,8.692,8.926,8.764,8.345,8.617,8.671,8.813,8.868,8.853,8.571,7.854,7.892,8.132,8.048,7.846,7.669,7.351,7.283,7.782,7.826,7.628,7.363,7.483,7.227,7.146,7.748,7.752,7.883,7.765,7.713,7.562,7.352,7.61,7.561,7.386,7.588,7.672,7.319,6.962,7.364,7.427,7.105,6.944,6.754,6.556,6.605,7.042,6.766,6.666,6.756,7.001,7.194,6.8,6.881,7.133,7.337,7.5,7.777,7.478,7.253,7.547,7.414,7.734,7.808,7.746,7.551,7.499,7.742,7.803,7.448,7.397,7.626,7.647,7.468,7.644,8.011,8.148,8.225,9.504,9.336,9.048,8.893,9.07,8.928,8.434,8.295,8.17,7.786,8.234,8.597,8.878,9.22,8.937,8.397,7.766,8.007,8.192,8.5,8.614,8.466,8.124,7.541,8.048,8.452,8.575,8.562,8.663,8.543,6.901,6.847,7.14,7.321,7.41,7.488,7.607,7.581,7.697,7.803,7.948,7.995,8.008,7.94,7.684,7.736,7.523,7.798,7.884,7.904,7.798,7.505,7.461,7.291,7.542,7.78,7.805,7.86,7.557,7.663,7.791,10.623,10.554,10.616,10.425,10.093,10.295,10.389,10.428,10.363,9.996,9.38,8.512,8.346,8.925,9.186,9.421,9.554,9.76,9.434,9.641,9.859,9.938,10.076,9.864,9.586,8.934,8.961,9.091,9.121,8.898,6.912,6.786,6.57,6.638,6.596,6.888,7.085,7.2,7.11,6.869,7.22,7.348,7.362,7.29,7.386,7.373,6.997,7.053,7.335,7.493,7.543,7.729,7.535,7.186,7.447,7.594,7.576,7.502,7.648,7.759,7.497
Guntur_146,4.233,4.262,4.343,4.354,4.192,4.216,4.308,4.313,4.227,4.18,4.256,4.258,4.31,4.233,4.11,4.088,4.278,4.26,4.087,4.261,4.292,4.196,4.244,4.346,4.393,4.193,4.327,4.391,4.424,4.454,4.417,4.701,4.476,4.619,4.738,4.739,4.735,4.788,4.623,4.522,4.599,4.62,4.668,4.833,4.826,4.873,4.669,4.783,4.881,4.861,4.755,4.59,4.629,4.507,4.659,4.742,4.793,4.736,4.708,4.655,6.639,6.828,6.903,6.795,6.687,6.728,6.82,6.62,6.57,6.093,6.33,6.716,6.757,6.713,6.455,6.68,6.892,6.863,7.607,7.496,7.231,7.114,6.989,7.272,7.53,7.614,7.584,7.544,7.309,7.118,7.102,10.876,11.116,11.193,11.121,10.69,11.228,11.282,11.224,11.297,11.382,11.17,10.905,11.526,11.314,11.234,10.906,10.826,10.721,10.361,11.009,11.067,10.794,10.966,11.08,10.973,10.759,11.156,11.168,11.188,10.995,10.558,10.583,10.429,10.734,10.693,10.824,11.112,11.099,11.03,10.592,10.423,10.511,10.472,10.387,10.446,10.325,10.358,9.696,10.153,10.457,10.134,9.997,10.259,10.419,9.961,10.198,10.372,10.668,10.639,10.396,10.155,11.817,11.967,11.934,12.26,12.167,12.243,12.012,12.769,12.998,13.166,13.004,13.039,12.66,12.227,12.843,12.832,13.033,13.212,12.941,12.857,12.36,13.068,13.406,13.239,13.236,12.785,12.512,12.133,12.705,13.34,0.0,0.0,0.0,0.0,0.0,0.0,0.0,0.0,0.0,0.0,0.0,0.0,0.0,0.0,0.0,0.0,0.0,0.0,0.0,0.0,0.0,0.0,0.0,0.0,0.0,0.0,0.0,0.0,0.0,0.0,0.0,0.0,0.0,0.0,0.0,0.0,0.0,0.0,0.0,0.0,0.0,0.0,0.0,0.0,0.0,0.0,0.0,0.0,0.0,0.0,0.0,0.0,0.0,0.0,0.0,0.0,0.0,0.0,0.0,0.0,0.0,0.0,6.631,6.653,6.656,6.785,6.838,6.479,6.549,6.731,7.033,6.933,6.843,6.624,6.422,6.493,6.603,6.696,6.569,6.521,6.697,6.403,6.517,6.429,6.315,6.515,6.547,6.256,6.049,6.515,6.654,6.599,9.24,9.182,9.453,9.158,9.329,9.609,9.929,10.066,10.07,9.772,9.233,9.329,9.473,9.067,9.224,9.328,9.536,9.29,9.508,9.517,9.481,9.3,9.066,9.054,8.592,8.765,9.218,9.398,9.61,9.79,9.712,14.894,15.414,15.579,15.528,15.37,15.717,15.488,14.865,15.17,15.118,15.011,15.274,14.995,13.65,13.261,13.359,14.236,14.647,14.896,15.008,14.889,14.639,15.352,15.29,14.871,14.011,14.042,14.317,14.571,15.082,11.315,11.482,11.362,11.473,11.403,10.911,11.128,11.32,11.117,11.296,11.393,11.175,10.876,11.184,11.486,11.497,11.604,11.765,11.567,11.404,11.71,12.0,12.152,11.97,11.953,12.139,11.678,12.028,12.157,12.091,12.092,11.391,11.059,10.675,10.966,11.054,11.097,10.947,11.078,10.864,10.823,11.263,11.324,11.284,11.152,11.173,11.397,11.259,11.379,11.758,11.992,12.198,12.135,11.948,11.529,11.633,11.234,11.53,11.674,11.895,11.871,11.522,12.861,13.02,13.124,12.883,12.93,12.835,12.476,12.612,12.905,13.149,13.209,13.217,13.156,12.844,13.051,13.051,13.005,12.888,12.744,12.747,12.534,13.022,13.236,13.432,13.477,13.566,13.502,13.288,11.565,11.624,11.585,11.543,11.801,11.734,11.277,11.541,11.762,11.887,11.766,11.361,11.154,11.149,11.565,11.651,11.828,12.001,11.965,11.838,11.463,11.585,11.296,11.566,11.751,11.588,11.647,11.21,10.568,10.743,11.243,12.253,12.567,12.666,12.395,12.725,12.721,12.732,13.029,12.903,12.873,12.41,12.811,12.893,12.416,12.469,12.572,12.266,12.182,12.423,12.655,12.252,12.01,11.886,12.073,11.831,12.276,12.461,12.408,12.46,12.387,13.344,13.094,13.174,13.237,12.982,13.13,13.409,13.313,13.027,13.281,12.958,12.535,12.172,12.584,12.491,11.559,11.621,11.354,11.381,11.298,11.456,11.852,12.095,12.37,12.173,11.945,11.991,12.448,12.744,12.019,12.617,11.514,12.396,12.637,12.676,12.374,11.8,12.159,11.964,11.929,11.672,11.285,11.257,10.71,11.677,11.733,12.033,12.112,12.198,11.681,11.089,12.013,12.468,13.152,12.634,12.579,12.233,12.529,13.464,13.918,13.62,6.564,6.338,6.356,6.434,6.8,6.927,6.878,6.747,6.647,6.768,6.315,6.246,6.179,6.096,6.201,6.498,6.556,5.948,5.497,5.503,5.389,5.55,5.844,5.719,5.629,5.813,5.761,5.425,5.53,5.501,5.418,7.183,7.844,8.061,8.193,8.477,8.596,8.876,8.822,8.994,9.008,9.024,9.151,9.228,8.999,8.769,8.245,9.395,9.239,8.995,8.929,8.757,8.383,8.741,8.8,8.842,8.917,9.038,8.958,8.634,8.78,8.724,0.0,0.0,0.0,0.0,0.0,0.0,0.0,0.0,0.0,0.0,0.0,0.0,0.0,0.0,0.0,0.0,0.0,0.0,0.0,0.0,0.0,0.0,0.0,0.0,0.0,0.0,0.0,0.0,0.0,0.0,6.352,6.123,5.974,6.249,6.384,6.511,6.514,6.578,6.484,6.279,6.577,6.645,6.657,6.563,6.358,6.439,6.102,5.957,6.218,6.277,6.237,6.199,6.28,5.9,6.14,6.192,6.177,6.132,6.211,6.148,6.05,6.202,6.202,6.133,5.665,5.488,5.869,5.754,6.065,6.229,6.448,6.271,6.406,6.358,6.254,6.338,6.328,6.4,6.456,6.293,6.296,6.027,6.374,6.471,6.509,6.451,6.402,6.313,5.971,6.082,6.111,5.544,5.387,5.494,5.506,5.389,5.568,5.678,5.663,5.724,5.637,5.587,5.356,5.619,5.805,5.789,5.733,5.703,5.695,5.41,5.798,5.971,6.074,6.135,6.18,6.119,5.935,6.061,5.936,5.792,5.732,5.831,6.142,5.908,6.24,6.412,6.509,6.385,6.359,6.138,5.861,6.057,6.091,6.121,6.243,6.125,5.971,5.968,6.253,6.447,6.451,6.42,6.478,6.133,6.034,6.369,6.407,6.204,6.309,6.4,6.426,6.419,6.537,8.377,8.41,8.087,8.226,8.325,8.206,8.351,8.582,8.428,8.25,8.296,8.275,8.175,8.228,8.285,8.405,8.332,8.375,8.302,8.164,8.374,8.349,8.36,8.595,8.413,8.277,7.968,8.32,7.041,6.897,6.857,7.048,7.162,6.987,6.959,7.01,7.079,7.204,7.298,7.281,7.103,7.262,7.31,7.409,7.381,6.97,7.021,7.158,7.361,7.422,7.463,7.531,7.499,7.449,7.218,7.352,7.421,7.558,7.604,7.959,7.95,7.703,7.977,8.059,7.911,8.037,7.991,8.021,7.767,7.923,8.039,8.055,7.977,7.894,8.008,7.643,7.851,7.989,7.929,7.959,7.977,7.968,7.715,7.985,8.08,8.162,8.108,8.036,7.828,5.864,6.009,5.988,6.13,6.124,6.287,6.248,5.968,6.06,5.966,5.993,5.985,5.929,5.871,5.71,5.942,6.084,6.254,6.194,5.935,5.413,5.03,4.969,5.41,5.813,5.85,5.762,5.712,5.663,5.98,6.067,3.431,3.466,3.461,3.422,3.339,3.431,3.454,3.38,3.348,3.43,3.395,3.297,3.459,3.507,3.413,3.337,3.289,3.21,2.979,2.988,3.013,3.253,3.379,3.34,3.274,3.179,3.364,3.411,3.275,3.049,3.017,3.068,2.99,3.215,3.229,3.225,3.235,3.175,3.042,2.849,2.958,2.965,3.011,2.966,2.973,2.979,2.85,3.066,3.114,3.058,2.871,2.958,2.881,2.678,2.881,3.07,3.106,3.081,3.136,3.034,2.853,5.958,6.11,6.362,6.357,6.136,5.954,5.664,5.804,5.797,5.795,5.461,5.758,5.976,5.571,5.283,5.658,5.984,6.19,6.116,6.039,5.778,6.093,6.246,6.189,6.293,6.498,6.286,6.019,6.454,6.623,6.58,7.186,7.255,7.217,6.794,7.141,7.253,7.283,7.184,6.997,6.821,6.369,6.471,6.498,6.502,6.402,6.084,6.291,6.336,6.694,6.682,6.6,6.325,6.224,6.142,6.162,6.709,6.76,6.737,6.834,6.852,6.59,6.295,6.679,6.88,6.522,6.617,6.584,6.622,6.402,6.605,6.545,6.657,6.664,6.608,6.513,6.288,6.789,6.855,6.866,6.844,6.756,6.578,6.186,5.834,5.712,6.12,6.458,6.59,6.624,6.442,6.509,6.115,6.193,6.139,6.239,6.217,6.088,6.177,6.225,6.227,6.224,6.23,6.044,5.896,5.941,6.098,6.19,6.236,6.291,6.311,6.065,6.287,6.376,6.361,6.359,6.36,6.366,6.226,6.386,6.307,6.315,6.351,6.444,6.455,6.229,6.361,6.508,6.585,6.425,6.378,6.132,5.969,6.284,6.294,6.332,6.45,6.579,6.627,6.48,6.734,6.756,6.704,6.732,6.842,6.798,6.565,6.697,6.824,6.933,6.957,6.878,6.805,7.788,7.999,7.967,7.833,7.931,7.99,8.036,7.963,8.092,8.103,8.177,8.198,8.245,7.952,7.636,7.851,8.01,8.162,8.09,8.19,8.094,7.859,7.918,8.058,7.998,7.475,7.716,7.945,7.743,7.845,7.854,7.038,7.134,7.362,7.341,7.172,7.219,7.344,7.526,7.423,7.434,7.469,7.123,7.462,7.587,7.49,7.473,7.574,7.524,7.327,7.532,7.601,7.576,7.702,7.765,7.613,7.451,7.772,7.69,6.226,6.249,6.377,6.316,6.069,6.192,5.847,5.705,5.921,6.264,6.337,6.176,6.499,6.531,6.514,6.373,6.021,5.695,5.288,5.693,5.914,6.07,6.193,6.228,6.373,6.13,6.363,6.438,6.47,6.439,6.194,6.014,5.936,6.193,6.452,6.474,6.515,6.612,6.464,6.3,6.562,6.693,6.742,6.824,6.757,6.692,6.448,6.618,6.798,6.729,6.644,6.508,6.33,5.816,6.189,6.48,6.487,6.544,6.536,6.29,5.736,5.646,5.864,6.107,6.12,6.314,6.406,6.169,6.421,6.632,6.706,6.808,6.759,6.66,6.309,6.428,6.67,6.843,6.676,6.975,6.9,6.654,6.83,6.878,6.448,6.139,5.881,6.045,6.293,6.596,6.712,6.56,7.666,7.807,8.115,7.524,7.902,7.982,8.15,8.259,8.194,7.883,7.546,7.856,7.816,7.672,7.776,7.986,7.841,7.466,7.709,7.757,7.885,7.933,7.92,7.668,7.026,7.061,7.275,7.2,7.02,6.862,5.112,5.064,5.411,5.442,5.304,5.12,5.203,5.025,4.969,5.387,5.39,5.481,5.399,5.363,5.258,5.112,5.291,5.257,5.136,5.276,5.335,5.089,4.841,5.12,5.164,4.941,4.829,4.696,4.558,4.592,4.896,6.192,6.1,6.182,6.407,6.584,6.223,6.297,6.527,6.715,6.864,7.117,6.844,6.638,6.907,6.784,7.077,7.146,7.088,6.91,6.863,7.085,7.14,6.816,6.769,6.979,6.998,6.834,6.995,7.331,7.457,7.527,7.267,7.138,6.918,6.8,6.935,6.827,6.448,6.343,6.247,5.953,6.295,6.574,6.788,7.049,6.833,6.421,5.938,6.123,6.264,6.499,6.586,6.473,6.212,5.766,6.154,6.463,6.557,6.547,6.624,6.532,6.359,6.31,6.58,6.746,6.828,6.9,7.01,6.986,7.093,7.19,7.324,7.367,7.379,7.317,7.081,7.129,6.932,7.186,7.265,7.283,7.186,6.916,6.876,6.719,6.951,7.17,7.193,7.243,6.964,7.062,7.179,7.895,7.843,7.889,7.748,7.501,7.651,7.721,7.75,7.701,7.429,6.97,6.326,6.202,6.632,6.827,7.002,7.1,7.253,7.011,7.165,7.327,7.386,7.488,7.33,7.124,6.64,6.659,6.756,6.778,6.613,5.707,5.603,5.424,5.481,5.446,5.687,5.85,5.945,5.87,5.672,5.961,6.067,6.079,6.02,6.098,6.088,5.777,5.823,6.056,6.187,6.228,6.382,6.222,5.934,6.149,6.27,6.255,6.195,6.315,6.407,6.19,5.662,5.764,5.913,5.908,5.927,5.774,5.523,5.711,5.705,5.804,5.839,5.925,6.007,5.737,5.788,5.987,6.047,6.052,6.081,6.125,5.993,6.013,6.098,6.061,5.653,5.283,5.453,5.615,5.473,5.544,5.551,5.798,5.877,6.065,6.047,5.909,5.947,6.05,6.2,6.115,6.125,6.153,5.868,6.148,6.25,6.17,6.156,6.239,6.199,6.036,6.205,6.262,6.242,6.345,6.397,6.271,6.139,6.403,6.335,5.596,7.246,7.273,7.422,7.351,7.064,7.207,6.805,6.64,6.892,7.29,7.375,7.188,7.564,7.601,7.582,7.417,7.008,6.629,6.154,6.626,6.883,7.065,7.208,7.249,7.418,7.134,7.406,7.493,7.531,7.494,7.209,9.255,9.135,9.531,9.93,9.964,10.026,10.175,9.948,9.695,10.1,10.301,10.376,10.503,10.398,10.299,9.924,10.185,10.461,10.356,10.225,10.016,9.742,8.951,9.526,9.973,9.984,10.072,10.059,9.68,8.828,6.017,6.25,6.508,6.522,6.728,6.827,6.574,6.843,7.068,7.147,7.256,7.203,7.098,6.723,6.85,7.108,7.292,7.114,7.433,7.353,7.091,7.279,7.329,6.872,6.542,6.267,6.442,6.706,7.03,7.152,6.991,7.666,7.807,8.115,7.524,7.902,7.982,8.15,8.259,8.194,7.883,7.546,7.856,7.816,7.672,7.776,7.986,7.841,7.466,7.709,7.757,7.885,7.933,7.92,7.668,7.026,7.061,7.275,7.2,7.02,6.862,6.385,6.326,6.759,6.798,6.626,6.396,6.5,6.277,6.207,6.729,6.734,6.847,6.745,6.7,6.568,6.386,6.61,6.567,6.415,6.591,6.664,6.357,6.047,6.396,6.451,6.172,6.032,5.867,5.694,5.737,6.117,4.809,4.738,4.801,4.976,5.113,4.833,4.891,5.069,5.215,5.33,5.527,5.315,5.155,5.364,5.269,5.496,5.549,5.505,5.367,5.33,5.502,5.545,5.294,5.257,5.42,5.434,5.308,5.433,5.693,5.791,5.846,8.195,8.05,7.802,7.669,7.821,7.699,7.273,7.153,7.045,6.714,7.1,7.414,7.656,7.95,7.707,7.241,6.697,6.905,7.064,7.33,7.428,7.3,7.005,6.502,6.94,7.289,7.395,7.383,7.47,7.367,6.359,6.31,6.58,6.746,6.828,6.9,7.01,6.986,7.093,7.19,7.324,7.367,7.379,7.317,7.081,7.129,6.932,7.186,7.265,7.283,7.186,6.916,6.876,6.719,6.951,7.17,7.193,7.243,6.964,7.062,7.179,7.895,7.843,7.889,7.748,7.501,7.651,7.721,7.75,7.701,7.429,6.97,6.326,6.202,6.632,6.827,7.002,7.1,7.253,7.011,7.165,7.327,7.386,7.488,7.33,7.124,6.64,6.659,6.756,6.778,6.613,5.707,5.603,5.424,5.481,5.446,5.687,5.85,5.945,5.87,5.672,5.961,6.067,6.079,6.02,6.098,6.088,5.777,5.823,6.056,6.187,6.228,6.382,6.222,5.934,6.149,6.27,6.255,6.195,6.315,6.407,6.19
Guntur_147,5.451,5.488,5.592,5.606,5.398,5.429,5.547,5.554,5.443,5.382,5.48,5.483,5.549,5.451,5.292,5.263,5.509,5.485,5.263,5.487,5.527,5.403,5.464,5.596,5.657,5.398,5.572,5.654,5.697,5.735,5.688,5.466,5.204,5.37,5.509,5.51,5.505,5.567,5.375,5.257,5.347,5.372,5.428,5.62,5.611,5.666,5.428,5.562,5.675,5.652,5.529,5.337,5.383,5.241,5.417,5.513,5.573,5.506,5.474,5.412,6.072,6.245,6.314,6.215,6.117,6.154,6.238,6.055,6.009,5.573,5.79,6.143,6.18,6.14,5.904,6.11,6.304,6.278,6.958,6.856,6.614,6.507,6.392,6.652,6.888,6.964,6.936,6.9,6.685,6.51,6.496,7.097,7.255,7.304,7.258,6.976,7.327,7.363,7.325,7.373,7.428,7.29,7.116,7.522,7.384,7.331,7.117,7.065,6.996,6.762,7.184,7.222,7.044,7.156,7.231,7.161,7.021,7.281,7.288,7.301,7.176,6.843,6.859,6.759,6.957,6.931,7.016,7.202,7.193,7.149,6.865,6.755,6.813,6.787,6.732,6.771,6.692,6.713,6.285,6.58,6.778,6.569,6.479,6.649,6.753,6.456,6.61,6.722,6.915,6.896,6.738,6.582,6.823,6.91,6.891,7.079,7.025,7.069,6.936,7.373,7.505,7.602,7.509,7.529,7.31,7.06,7.416,7.41,7.526,7.629,7.472,7.424,7.137,7.546,7.741,7.644,7.643,7.383,7.225,7.006,7.336,7.703,0.0,0.0,0.0,0.0,0.0,0.0,0.0,0.0,0.0,0.0,0.0,0.0,0.0,0.0,0.0,0.0,0.0,0.0,0.0,0.0,0.0,0.0,0.0,0.0,0.0,0.0,0.0,0.0,0.0,0.0,0.0,0.0,0.0,0.0,0.0,0.0,0.0,0.0,0.0,0.0,0.0,0.0,0.0,0.0,0.0,0.0,0.0,0.0,0.0,0.0,0.0,0.0,0.0,0.0,0.0,0.0,0.0,0.0,0.0,0.0,0.0,0.0,6.631,6.653,6.656,6.785,6.838,6.479,6.549,6.731,7.033,6.933,6.843,6.624,6.422,6.493,6.603,6.696,6.569,6.521,6.697,6.403,6.517,6.429,6.315,6.515,6.547,6.256,6.049,6.515,6.654,6.599,6.382,6.342,6.529,6.325,6.444,6.637,6.858,6.953,6.955,6.75,6.377,6.443,6.543,6.263,6.371,6.443,6.587,6.417,6.567,6.574,6.549,6.424,6.262,6.254,5.935,6.054,6.367,6.491,6.638,6.762,6.708,5.765,5.966,6.03,6.01,5.949,6.083,5.995,5.754,5.872,5.851,5.81,5.912,5.804,5.283,5.133,5.171,5.51,5.669,5.766,5.809,5.763,5.666,5.942,5.918,5.756,5.423,5.435,5.542,5.64,5.837,6.785,6.885,6.813,6.879,6.837,6.542,6.673,6.788,6.666,6.773,6.832,6.701,6.521,6.706,6.887,6.894,6.958,7.055,6.936,6.838,7.022,7.195,7.287,7.178,7.167,7.279,7.003,7.212,7.289,7.25,7.251,7.412,7.197,6.947,7.136,7.193,7.221,7.124,7.209,7.07,7.043,7.329,7.369,7.343,7.257,7.271,7.417,7.327,7.405,7.652,7.804,7.938,7.897,7.775,7.503,7.571,7.31,7.503,7.597,7.741,7.725,7.498,7.037,7.124,7.181,7.049,7.075,7.023,6.826,6.901,7.061,7.195,7.228,7.231,7.198,7.028,7.141,7.141,7.115,7.052,6.973,6.975,6.858,7.125,7.242,7.35,7.374,7.422,7.387,7.27,8.381,8.424,8.395,8.364,8.552,8.503,8.172,8.364,8.524,8.614,8.526,8.233,8.083,8.079,8.381,8.443,8.571,8.697,8.67,8.579,8.307,8.395,8.186,8.381,8.516,8.398,8.44,8.123,7.658,7.785,8.148,7.147,7.33,7.388,7.23,7.422,7.42,7.426,7.599,7.526,7.508,7.239,7.472,7.52,7.242,7.273,7.333,7.155,7.105,7.246,7.381,7.146,7.005,6.933,7.042,6.901,7.161,7.268,7.237,7.268,7.225,7.429,7.29,7.335,7.37,7.228,7.31,7.466,7.412,7.253,7.394,7.215,6.979,6.777,7.006,6.955,6.436,6.47,6.322,6.337,6.29,6.378,6.599,6.734,6.887,6.778,6.651,6.676,6.931,7.095,6.692,7.025,7.903,8.509,8.674,8.701,8.493,8.1,8.346,8.212,8.188,8.012,7.746,7.727,7.352,8.015,8.054,8.26,8.314,8.373,8.018,7.611,8.246,8.558,9.027,8.672,8.635,8.397,8.6,9.242,9.553,9.349,6.887,6.65,6.669,6.751,7.135,7.269,7.217,7.079,6.974,7.101,6.626,6.554,6.483,6.397,6.507,6.818,6.879,6.241,5.767,5.774,5.654,5.823,6.131,6.001,5.906,6.099,6.045,5.692,5.802,5.772,5.685,11.279,12.318,12.659,12.866,13.311,13.499,13.939,13.854,14.123,14.146,14.171,14.37,14.492,14.131,13.771,12.948,14.754,14.509,14.126,14.022,13.752,13.164,13.726,13.82,13.885,14.002,14.193,14.067,13.558,13.788,13.699,0.0,0.0,0.0,0.0,0.0,0.0,0.0,0.0,0.0,0.0,0.0,0.0,0.0,0.0,0.0,0.0,0.0,0.0,0.0,0.0,0.0,0.0,0.0,0.0,0.0,0.0,0.0,0.0,0.0,0.0,7.95,7.663,7.476,7.82,7.99,8.149,8.152,8.233,8.114,7.858,8.231,8.317,8.331,8.213,7.957,8.059,7.636,7.455,7.782,7.856,7.806,7.758,7.86,7.384,7.684,7.749,7.73,7.674,7.773,7.695,7.571,7.062,7.061,6.983,6.45,6.248,6.682,6.551,6.905,7.092,7.341,7.14,7.293,7.239,7.121,7.216,7.204,7.287,7.35,7.164,7.169,6.862,7.257,7.368,7.411,7.345,7.289,7.188,6.798,6.925,6.957,6.25,6.073,6.194,6.207,6.075,6.277,6.401,6.384,6.453,6.354,6.299,6.038,6.335,6.545,6.526,6.463,6.43,6.42,6.099,6.537,6.732,6.848,6.916,6.967,6.898,6.691,6.833,6.692,6.53,6.462,6.574,6.397,6.153,6.499,6.678,6.779,6.65,6.623,6.392,6.104,6.308,6.344,6.375,6.502,6.379,6.219,6.216,6.513,6.715,6.719,6.686,6.747,6.387,6.284,6.633,6.673,6.461,6.571,6.665,6.692,6.686,6.808,6.726,6.753,6.494,6.606,6.685,6.589,6.706,6.891,6.768,6.625,6.661,6.645,6.565,6.607,6.652,6.749,6.691,6.725,6.667,6.555,6.724,6.704,6.713,6.902,6.755,6.646,6.398,6.68,7.6,7.445,7.401,7.607,7.73,7.541,7.511,7.566,7.641,7.776,7.878,7.859,7.667,7.838,7.89,7.997,7.967,7.524,7.578,7.727,7.945,8.011,8.056,8.129,8.094,8.04,7.791,7.935,8.01,8.158,8.208,7.422,7.414,7.184,7.439,7.516,7.377,7.495,7.452,7.48,7.244,7.389,7.497,7.512,7.439,7.362,7.468,7.127,7.321,7.45,7.394,7.422,7.439,7.43,7.195,7.447,7.535,7.612,7.561,7.494,7.3,6.295,6.45,6.428,6.58,6.574,6.748,6.706,6.406,6.505,6.404,6.433,6.425,6.364,6.302,6.129,6.378,6.53,6.713,6.649,6.371,5.81,5.399,5.334,5.807,6.239,6.279,6.185,6.131,6.079,6.419,6.512,9.212,9.305,9.294,9.189,8.965,9.212,9.273,9.076,8.991,9.209,9.117,8.852,9.286,9.417,9.165,8.961,8.831,8.619,8.0,8.023,8.091,8.735,9.074,8.968,8.79,8.534,9.032,9.159,8.794,8.188,8.101,8.238,8.029,8.632,8.669,8.659,8.687,8.524,8.167,7.651,7.941,7.96,8.084,7.964,7.983,8.0,7.653,8.233,8.36,8.212,7.709,7.941,7.737,7.191,7.737,8.244,8.339,8.274,8.42,8.146,7.661,6.829,7.003,7.292,7.286,7.032,6.824,6.492,6.651,6.644,6.641,6.259,6.599,6.849,6.385,6.055,6.485,6.859,7.094,7.009,6.921,6.622,6.983,7.158,7.094,7.212,7.448,7.204,6.898,7.397,7.591,7.541,7.218,7.287,7.25,6.824,7.173,7.286,7.315,7.216,7.029,6.851,6.398,6.5,6.527,6.531,6.431,6.111,6.319,6.365,6.724,6.712,6.629,6.353,6.252,6.17,6.19,6.739,6.791,6.768,6.865,6.883,6.747,6.445,6.839,7.045,6.679,6.775,6.742,6.781,6.555,6.763,6.702,6.816,6.823,6.766,6.669,6.438,6.952,7.019,7.031,7.008,6.918,6.735,6.334,5.974,5.848,6.267,6.613,6.748,6.783,6.596,6.665,7.119,7.21,7.148,7.264,7.238,7.088,7.192,7.248,7.25,7.247,7.254,7.037,6.865,6.917,7.1,7.207,7.26,7.324,7.348,7.062,7.321,7.424,7.407,7.403,7.405,7.412,7.249,7.435,7.344,7.352,6.631,6.728,6.74,6.504,6.642,6.795,6.875,6.708,6.659,6.402,6.232,6.561,6.571,6.611,6.734,6.869,6.92,6.765,7.031,7.054,6.999,7.028,7.143,7.097,6.854,6.992,7.125,7.238,7.264,7.181,7.105,7.1,7.292,7.263,7.141,7.231,7.284,7.326,7.26,7.377,7.387,7.454,7.473,7.516,7.25,6.961,7.157,7.302,7.441,7.375,7.467,7.379,7.165,7.219,7.346,7.291,6.814,7.034,7.243,7.059,7.152,7.16,6.353,6.44,6.646,6.626,6.474,6.517,6.63,6.793,6.7,6.711,6.742,6.43,6.736,6.848,6.761,6.746,6.837,6.792,6.614,6.799,6.862,6.839,6.953,7.01,6.872,6.726,7.016,6.942,6.972,6.998,7.142,7.073,6.797,6.935,6.548,6.389,6.631,7.015,7.097,6.917,7.279,7.314,7.295,7.137,6.743,6.378,5.922,6.376,6.623,6.798,6.936,6.975,7.137,6.865,7.126,7.21,7.246,7.211,6.936,6.928,6.838,7.134,7.432,7.458,7.505,7.616,7.446,7.257,7.56,7.71,7.766,7.861,7.783,7.709,7.428,7.623,7.83,7.752,7.653,7.497,7.292,6.7,7.13,7.465,7.473,7.539,7.529,7.246,6.608,5.876,6.103,6.355,6.369,6.571,6.666,6.419,6.683,6.902,6.979,7.085,7.034,6.931,6.566,6.689,6.941,7.121,6.947,7.259,7.18,6.925,7.108,7.157,6.71,6.388,6.12,6.29,6.549,6.865,6.985,6.827,7.221,7.354,7.645,7.088,7.444,7.52,7.678,7.78,7.719,7.426,7.108,7.401,7.362,7.227,7.325,7.523,7.386,7.033,7.262,7.307,7.428,7.473,7.461,7.223,6.619,6.652,6.853,6.783,6.613,6.464,6.332,6.273,6.703,6.741,6.57,6.342,6.446,6.225,6.155,6.673,6.677,6.79,6.689,6.644,6.513,6.332,6.554,6.512,6.362,6.536,6.609,6.304,5.997,6.343,6.397,6.12,5.982,5.818,5.647,5.689,6.066,8.069,7.949,8.056,8.349,8.579,8.11,8.206,8.506,8.75,8.944,9.275,8.918,8.65,9.0,8.841,9.223,9.312,9.237,9.005,8.943,9.232,9.305,8.882,8.821,9.095,9.119,8.906,9.116,9.553,9.717,9.809,8.067,7.924,7.679,7.548,7.698,7.578,7.158,7.041,6.935,6.608,6.989,7.297,7.535,7.825,7.586,7.127,6.592,6.797,6.953,7.214,7.311,7.186,6.895,6.4,6.831,7.174,7.278,7.267,7.353,7.251,6.512,6.462,6.738,6.909,6.992,7.066,7.179,7.154,7.263,7.363,7.5,7.545,7.557,7.493,7.251,7.3,7.099,7.359,7.44,7.459,7.359,7.083,7.041,6.88,7.118,7.342,7.366,7.418,7.132,7.231,7.352,7.569,7.52,7.564,7.428,7.191,7.336,7.402,7.43,7.384,7.122,6.683,6.065,5.946,6.359,6.545,6.713,6.808,6.954,6.722,6.869,7.025,7.081,7.18,7.028,6.83,6.366,6.385,6.478,6.499,6.34,6.738,6.615,6.405,6.471,6.43,6.715,6.907,7.02,6.931,6.697,7.038,7.163,7.177,7.107,7.2,7.188,6.821,6.876,7.151,7.305,7.353,7.535,7.346,7.006,7.26,7.403,7.386,7.314,7.456,7.564,7.309,7.247,7.378,7.568,7.562,7.586,7.39,7.069,7.31,7.302,7.43,7.474,7.584,7.689,7.344,7.409,7.663,7.74,7.746,7.783,7.84,7.671,7.697,7.805,7.758,7.235,6.762,6.98,7.187,7.005,7.097,7.105,6.019,6.101,6.296,6.278,6.134,6.174,6.281,6.436,6.348,6.358,6.388,6.092,6.382,6.488,6.405,6.391,6.477,6.435,6.266,6.441,6.501,6.479,6.587,6.641,6.51,6.372,6.647,6.577,5.809,7.446,7.474,7.627,7.554,7.259,7.406,6.993,6.823,7.082,7.491,7.579,7.387,7.773,7.811,7.791,7.622,7.202,6.812,6.324,6.809,7.073,7.26,7.407,7.449,7.622,7.331,7.61,7.7,7.739,7.701,7.408,6.443,6.359,6.635,6.912,6.936,6.979,7.083,6.925,6.749,7.031,7.171,7.223,7.311,7.239,7.169,6.908,7.09,7.283,7.209,7.118,6.972,6.782,6.231,6.631,6.943,6.95,7.011,7.002,6.739,6.146,6.238,6.479,6.747,6.762,6.975,7.077,6.815,7.094,7.327,7.409,7.522,7.468,7.359,6.97,7.102,7.369,7.56,7.375,7.706,7.623,7.351,7.546,7.598,7.124,6.782,6.497,6.678,6.953,7.288,7.415,7.248,7.221,7.354,7.645,7.088,7.444,7.52,7.678,7.78,7.719,7.426,7.108,7.401,7.362,7.227,7.325,7.523,7.386,7.033,7.262,7.307,7.428,7.473,7.461,7.223,6.619,6.652,6.853,6.783,6.613,6.464,6.62,6.558,7.007,7.047,6.869,6.63,6.738,6.507,6.435,6.976,6.981,7.098,6.992,6.946,6.809,6.62,6.852,6.808,6.651,6.833,6.909,6.59,6.269,6.631,6.688,6.398,6.253,6.082,5.903,5.947,6.341,5.449,5.368,5.44,5.638,5.794,5.476,5.542,5.744,5.909,6.04,6.263,6.022,5.841,6.078,5.97,6.228,6.288,6.238,6.081,6.039,6.234,6.284,5.998,5.957,6.142,6.158,6.014,6.156,6.451,6.562,6.624,7.142,7.016,6.799,6.683,6.816,6.71,6.338,6.234,6.14,5.851,6.188,6.461,6.672,6.929,6.716,6.311,5.836,6.018,6.157,6.388,6.473,6.362,6.105,5.667,6.048,6.352,6.444,6.435,6.51,6.42,6.512,6.462,6.738,6.909,6.992,7.066,7.179,7.154,7.263,7.363,7.5,7.545,7.557,7.493,7.251,7.3,7.099,7.359,7.44,7.459,7.359,7.083,7.041,6.88,7.118,7.342,7.366,7.418,7.132,7.231,7.352,7.569,7.52,7.564,7.428,7.191,7.336,7.402,7.43,7.384,7.122,6.683,6.065,5.946,6.359,6.545,6.713,6.808,6.954,6.722,6.869,7.025,7.081,7.18,7.028,6.83,6.366,6.385,6.478,6.499,6.34,6.738,6.615,6.405,6.471,6.43,6.715,6.907,7.02,6.931,6.697,7.038,7.163,7.177,7.107,7.2,7.188,6.821,6.876,7.151,7.305,7.353,7.535,7.346,7.006,7.26,7.403,7.386,7.314,7.456,7.564,7.309
Guntur_148,7.42,7.47,7.611,7.63,7.347,7.389,7.55,7.56,7.409,7.326,7.46,7.462,7.553,7.419,7.203,7.164,7.498,7.465,7.163,7.468,7.522,7.355,7.437,7.617,7.7,7.348,7.584,7.695,7.754,7.806,7.742,6.537,6.223,6.422,6.589,6.59,6.584,6.657,6.428,6.287,6.395,6.425,6.491,6.721,6.71,6.776,6.492,6.651,6.787,6.759,6.612,6.383,6.437,6.268,6.478,6.593,6.665,6.585,6.546,6.472,6.904,7.1,7.178,7.066,6.954,6.997,7.092,6.884,6.832,6.336,6.583,6.984,7.026,6.981,6.712,6.946,7.167,7.137,7.911,7.795,7.519,7.398,7.267,7.562,7.831,7.918,7.886,7.845,7.601,7.402,7.386,7.245,7.405,7.456,7.409,7.121,7.48,7.516,7.477,7.526,7.582,7.441,7.264,7.678,7.537,7.484,7.265,7.212,7.142,6.902,7.334,7.372,7.191,7.305,7.381,7.31,7.167,7.432,7.44,7.453,7.325,7.593,7.61,7.5,7.719,7.69,7.784,7.991,7.981,7.932,7.617,7.495,7.559,7.531,7.47,7.512,7.425,7.449,6.973,7.301,7.52,7.288,7.189,7.377,7.493,7.163,7.334,7.459,7.672,7.651,7.476,7.303,6.1,6.177,6.16,6.328,6.28,6.319,6.2,6.591,6.709,6.796,6.712,6.73,6.534,6.311,6.629,6.623,6.727,6.82,6.679,6.636,6.38,6.745,6.92,6.833,6.832,6.599,6.458,6.262,6.558,6.886,0.0,0.0,0.0,0.0,0.0,0.0,0.0,0.0,0.0,0.0,0.0,0.0,0.0,0.0,0.0,0.0,0.0,0.0,0.0,0.0,0.0,0.0,0.0,0.0,0.0,0.0,0.0,0.0,0.0,0.0,0.0,0.0,0.0,0.0,0.0,0.0,0.0,0.0,0.0,0.0,0.0,0.0,0.0,0.0,0.0,0.0,0.0,0.0,0.0,0.0,0.0,0.0,0.0,0.0,0.0,0.0,0.0,0.0,0.0,0.0,0.0,0.0,8.471,8.5,8.503,8.667,8.735,8.277,8.366,8.599,8.984,8.857,8.741,8.462,8.204,8.295,8.435,8.554,8.392,8.331,8.555,8.179,8.325,8.212,8.067,8.323,8.364,7.992,7.727,8.323,8.5,8.43,7.404,7.357,7.575,7.338,7.476,7.7,7.956,8.066,8.069,7.83,7.398,7.475,7.591,7.266,7.392,7.474,7.642,7.444,7.619,7.626,7.597,7.452,7.265,7.255,6.885,7.023,7.386,7.531,7.7,7.844,7.782,6.569,6.799,6.872,6.849,6.779,6.932,6.831,6.557,6.691,6.668,6.621,6.737,6.614,6.021,5.849,5.892,6.279,6.46,6.57,6.62,6.567,6.457,6.771,6.744,6.559,6.18,6.194,6.315,6.427,6.652,7.139,7.244,7.169,7.239,7.194,6.884,7.021,7.142,7.014,7.127,7.188,7.051,6.862,7.056,7.247,7.254,7.321,7.423,7.298,7.195,7.388,7.571,7.667,7.553,7.542,7.659,7.368,7.589,7.67,7.629,7.629,7.412,7.197,6.947,7.136,7.193,7.221,7.124,7.209,7.07,7.043,7.329,7.369,7.343,7.257,7.271,7.417,7.327,7.405,7.652,7.804,7.938,7.897,7.775,7.503,7.571,7.31,7.503,7.597,7.741,7.725,7.498,6.797,6.881,6.936,6.808,6.834,6.783,6.593,6.665,6.82,6.949,6.981,6.985,6.953,6.788,6.897,6.897,6.873,6.811,6.735,6.737,6.624,6.882,6.995,7.099,7.122,7.169,7.136,7.022,7.129,7.165,7.141,7.115,7.274,7.233,6.951,7.114,7.25,7.327,7.252,7.003,6.876,6.872,7.129,7.182,7.291,7.397,7.375,7.297,7.066,7.141,6.963,7.129,7.243,7.143,7.179,6.91,6.514,6.622,6.93,6.876,7.052,7.108,6.955,7.141,7.138,7.145,7.311,7.241,7.224,6.964,7.189,7.235,6.967,6.997,7.055,6.883,6.836,6.971,7.101,6.875,6.739,6.67,6.775,6.639,6.889,6.992,6.963,6.992,6.951,6.481,6.36,6.398,6.429,6.305,6.377,6.513,6.466,6.327,6.45,6.294,6.088,5.912,6.112,6.067,5.614,5.644,5.515,5.528,5.487,5.564,5.756,5.875,6.008,5.912,5.802,5.824,6.046,6.189,5.837,6.128,6.07,6.535,6.662,6.682,6.523,6.221,6.41,6.307,6.289,6.153,5.95,5.935,5.646,6.156,6.186,6.344,6.385,6.431,6.158,5.846,6.333,6.573,6.933,6.661,6.632,6.449,6.605,7.098,7.337,7.18,8.98,8.671,8.696,8.802,9.304,9.478,9.41,9.231,9.094,9.26,8.639,8.546,8.454,8.341,8.484,8.89,8.969,8.137,7.52,7.528,7.373,7.592,7.995,7.825,7.701,7.952,7.882,7.421,7.566,7.526,7.413,0.0,0.0,0.0,0.0,0.0,0.0,0.0,0.0,0.0,0.0,0.0,0.0,0.0,0.0,0.0,0.0,0.0,0.0,0.0,0.0,0.0,0.0,0.0,0.0,0.0,0.0,0.0,0.0,0.0,0.0,0.0,0.0,0.0,0.0,0.0,0.0,0.0,0.0,0.0,0.0,0.0,0.0,0.0,0.0,0.0,0.0,0.0,0.0,0.0,0.0,0.0,0.0,0.0,0.0,0.0,0.0,0.0,0.0,0.0,0.0,0.0,6.458,6.224,6.073,6.352,6.49,6.619,6.622,6.688,6.591,6.383,6.686,6.756,6.767,6.671,6.463,6.546,6.203,6.056,6.321,6.381,6.341,6.302,6.384,5.998,6.242,6.295,6.279,6.233,6.314,6.25,6.15,6.459,6.458,6.387,5.9,5.715,6.112,5.992,6.316,6.486,6.714,6.53,6.671,6.621,6.513,6.6,6.589,6.664,6.723,6.553,6.557,6.276,6.637,6.739,6.778,6.717,6.667,6.574,6.218,6.334,6.363,7.116,6.915,7.053,7.068,6.917,7.147,7.289,7.269,7.348,7.236,7.172,6.875,7.214,7.452,7.431,7.359,7.322,7.31,6.945,7.444,7.665,7.798,7.876,7.934,7.854,7.619,7.78,7.62,7.436,7.359,7.486,6.652,6.398,6.758,6.944,7.049,6.915,6.887,6.647,6.348,6.56,6.597,6.629,6.761,6.633,6.466,6.464,6.772,6.982,6.987,6.953,7.016,6.642,6.535,6.897,6.939,6.719,6.833,6.931,6.959,6.952,7.08,7.022,7.05,6.779,6.896,6.979,6.879,7.001,7.194,7.065,6.916,6.954,6.937,6.853,6.898,6.945,7.045,6.985,7.021,6.96,6.844,7.02,6.999,7.008,7.205,7.052,6.938,6.679,6.974,7.6,7.445,7.401,7.607,7.73,7.541,7.511,7.566,7.641,7.776,7.878,7.859,7.667,7.838,7.89,7.997,7.967,7.524,7.578,7.727,7.945,8.011,8.056,8.129,8.094,8.04,7.791,7.935,8.01,8.158,8.208,7.729,7.72,7.481,7.747,7.826,7.682,7.805,7.76,7.789,7.543,7.694,7.807,7.822,7.746,7.666,7.777,7.422,7.624,7.758,7.7,7.729,7.747,7.737,7.492,7.754,7.846,7.927,7.874,7.803,7.602,7.84,8.033,8.005,8.195,8.187,8.404,8.352,7.979,8.101,7.976,8.012,8.002,7.926,7.849,7.633,7.943,8.133,8.361,8.28,7.934,7.236,6.724,6.643,7.232,7.77,7.82,7.702,7.636,7.571,7.994,8.11,8.707,8.795,8.784,8.686,8.474,8.707,8.765,8.579,8.498,8.705,8.618,8.367,8.778,8.901,8.663,8.47,8.347,8.147,7.562,7.584,7.648,8.256,8.577,8.477,8.309,8.067,8.537,8.657,8.312,7.739,7.657,7.787,7.589,8.159,8.194,8.184,8.211,8.057,7.719,7.232,7.506,7.524,7.641,7.527,7.546,7.561,7.234,7.782,7.902,7.762,7.286,7.506,7.313,6.797,7.313,7.792,7.882,7.82,7.959,7.699,7.241,6.737,6.908,7.193,7.188,6.937,6.732,6.404,6.562,6.555,6.552,6.175,6.51,6.757,6.299,5.973,6.398,6.766,6.999,6.915,6.828,6.533,6.889,7.062,6.998,7.115,7.347,7.107,6.806,7.298,7.488,7.44,7.019,7.086,7.049,6.635,6.974,7.084,7.113,7.017,6.834,6.662,6.221,6.32,6.346,6.35,6.253,5.942,6.144,6.189,6.537,6.526,6.446,6.177,6.079,5.999,6.019,6.552,6.603,6.58,6.675,6.692,7.031,6.717,7.127,7.342,6.96,7.06,7.026,7.067,6.831,7.048,6.984,7.103,7.11,7.051,6.949,6.709,7.244,7.314,7.327,7.303,7.209,7.019,6.601,6.225,6.095,6.531,6.891,7.032,7.068,6.873,6.945,7.045,7.136,7.074,7.188,7.163,7.015,7.117,7.173,7.175,7.171,7.179,6.964,6.793,6.845,7.026,7.132,7.185,7.248,7.271,6.989,7.244,7.346,7.33,7.326,7.328,7.335,7.174,7.358,7.267,7.276,6.835,6.936,6.948,6.704,6.847,7.004,7.087,6.915,6.865,6.599,6.424,6.763,6.774,6.815,6.942,7.081,7.133,6.974,7.248,7.272,7.215,7.245,7.364,7.316,7.066,7.208,7.345,7.461,7.488,7.402,7.324,7.183,7.378,7.348,7.224,7.315,7.369,7.412,7.345,7.463,7.474,7.541,7.561,7.604,7.335,7.042,7.241,7.388,7.528,7.461,7.554,7.465,7.249,7.303,7.432,7.377,6.894,7.117,7.328,7.142,7.235,7.244,6.927,7.021,7.246,7.225,7.059,7.105,7.228,7.406,7.305,7.317,7.351,7.01,7.344,7.467,7.371,7.355,7.454,7.405,7.211,7.412,7.481,7.457,7.581,7.643,7.492,7.333,7.649,7.569,7.951,7.981,8.145,8.066,7.751,7.908,7.468,7.286,7.562,8.0,8.093,7.888,8.301,8.341,8.32,8.139,7.69,7.274,6.753,7.271,7.553,7.753,7.91,7.954,8.139,7.829,8.127,8.222,8.264,8.224,7.91,7.64,7.541,7.868,8.197,8.225,8.276,8.399,8.212,8.003,8.337,8.503,8.565,8.67,8.584,8.501,8.192,8.407,8.636,8.549,8.44,8.268,8.041,7.389,7.863,8.232,8.241,8.314,8.303,7.991,7.287,6.699,6.958,7.245,7.261,7.491,7.6,7.319,7.618,7.869,7.956,8.078,8.02,7.902,7.485,7.626,7.913,8.119,7.92,8.275,8.186,7.895,8.104,8.16,7.65,7.283,6.977,7.172,7.466,7.826,7.963,7.783,8.487,8.644,8.985,8.331,8.749,8.838,9.024,9.145,9.073,8.729,8.355,8.698,8.654,8.494,8.61,8.842,8.681,8.267,8.536,8.589,8.73,8.784,8.769,8.49,7.78,7.818,8.055,7.972,7.772,7.597,6.332,6.273,6.703,6.741,6.57,6.342,6.446,6.225,6.155,6.673,6.677,6.79,6.689,6.644,6.513,6.332,6.554,6.512,6.362,6.536,6.609,6.304,5.997,6.343,6.397,6.12,5.982,5.818,5.647,5.689,6.066,9.182,9.046,9.168,9.501,9.763,9.228,9.339,9.679,9.957,10.178,10.554,10.148,9.843,10.242,10.061,10.495,10.596,10.511,10.247,10.177,10.506,10.589,10.108,10.038,10.35,10.377,10.135,10.374,10.871,11.058,11.162,8.286,8.14,7.889,7.754,7.908,7.785,7.353,7.233,7.124,6.789,7.179,7.496,7.741,8.039,7.792,7.322,6.771,6.982,7.143,7.411,7.51,7.382,7.083,6.575,7.017,7.37,7.477,7.465,7.553,7.449,7.092,7.037,7.338,7.524,7.615,7.696,7.818,7.791,7.91,8.019,8.168,8.216,8.229,8.16,7.897,7.95,7.731,8.014,8.102,8.123,8.014,7.713,7.668,7.493,7.751,7.996,8.022,8.078,7.767,7.875,8.006,7.895,7.843,7.889,7.748,7.501,7.651,7.721,7.75,7.701,7.429,6.97,6.326,6.202,6.632,6.827,7.002,7.1,7.253,7.011,7.165,7.327,7.386,7.488,7.33,7.124,6.64,6.659,6.756,6.778,6.613,6.808,6.683,6.471,6.538,6.496,6.784,6.978,7.092,7.003,6.766,7.111,7.237,7.251,7.181,7.275,7.262,6.892,6.946,7.225,7.381,7.429,7.613,7.422,7.078,7.335,7.48,7.462,7.389,7.533,7.642,7.384,7.502,7.638,7.835,7.829,7.854,7.651,7.319,7.567,7.559,7.692,7.738,7.851,7.96,7.603,7.67,7.933,8.013,8.019,8.058,8.116,7.942,7.968,8.08,8.031,7.49,7.0,7.226,7.441,7.252,7.347,7.356,6.307,6.393,6.597,6.578,6.427,6.469,6.581,6.743,6.651,6.662,6.693,6.383,6.687,6.798,6.711,6.696,6.787,6.742,6.565,6.749,6.811,6.789,6.902,6.958,6.821,6.677,6.965,6.891,6.087,7.358,7.386,7.537,7.465,7.174,7.319,6.911,6.743,6.999,7.403,7.49,7.3,7.682,7.72,7.699,7.532,7.117,6.732,6.25,6.729,6.99,7.175,7.32,7.361,7.533,7.245,7.521,7.609,7.648,7.611,7.321,7.056,6.965,7.267,7.571,7.597,7.644,7.758,7.585,7.392,7.7,7.853,7.911,8.008,7.928,7.852,7.566,7.765,7.976,7.896,7.795,7.636,7.427,6.825,7.263,7.604,7.612,7.679,7.669,7.381,6.731,5.829,6.054,6.304,6.318,6.518,6.613,6.368,6.629,6.847,6.923,7.028,6.978,6.876,6.513,6.636,6.885,7.064,6.891,7.2,7.123,6.869,7.051,7.1,6.656,6.337,6.071,6.24,6.496,6.809,6.928,6.772,8.487,8.644,8.985,8.331,8.749,8.838,9.024,9.145,9.073,8.729,8.355,8.698,8.654,8.494,8.61,8.842,8.681,8.267,8.536,8.589,8.73,8.784,8.769,8.49,7.78,7.818,8.055,7.972,7.772,7.597,6.185,6.128,6.547,6.585,6.418,6.195,6.296,6.08,6.012,6.519,6.523,6.632,6.534,6.49,6.362,6.186,6.402,6.361,6.214,6.384,6.455,6.158,5.858,6.196,6.249,5.978,5.843,5.683,5.516,5.557,5.925,5.893,5.806,5.884,6.098,6.266,5.923,5.994,6.212,6.391,6.533,6.774,6.513,6.318,6.574,6.457,6.736,6.801,6.746,6.577,6.532,6.743,6.796,6.487,6.442,6.643,6.66,6.505,6.658,6.977,7.097,7.164,8.559,8.408,8.148,8.009,8.169,8.041,7.595,7.471,7.358,7.012,7.415,7.743,7.995,8.303,8.049,7.563,6.994,7.211,7.378,7.655,7.758,7.625,7.316,6.791,7.248,7.612,7.723,7.711,7.802,7.694,7.092,7.037,7.338,7.524,7.615,7.696,7.818,7.791,7.91,8.019,8.168,8.216,8.229,8.16,7.897,7.95,7.731,8.014,8.102,8.123,8.014,7.713,7.668,7.493,7.751,7.996,8.022,8.078,7.767,7.875,8.006,7.895,7.843,7.889,7.748,7.501,7.651,7.721,7.75,7.701,7.429,6.97,6.326,6.202,6.632,6.827,7.002,7.1,7.253,7.011,7.165,7.327,7.386,7.488,7.33,7.124,6.64,6.659,6.756,6.778,6.613,6.808,6.683,6.471,6.538,6.496,6.784,6.978,7.092,7.003,6.766,7.111,7.237,7.251,7.181,7.275,7.262,6.892,6.946,7.225,7.381,7.429,7.613,7.422,7.078,7.335,7.48,7.462,7.389,7.533,7.642,7.384
Guntur_149,9.312,9.376,9.553,9.577,9.221,9.274,9.475,9.488,9.298,9.194,9.362,9.366,9.48,9.312,9.041,8.992,9.411,9.37,8.991,9.373,9.441,9.231,9.334,9.56,9.664,9.222,9.519,9.658,9.732,9.797,9.717,9.491,9.035,9.324,9.566,9.567,9.559,9.666,9.333,9.128,9.284,9.327,9.424,9.758,9.742,9.838,9.425,9.657,9.854,9.813,9.6,9.267,9.346,9.1,9.405,9.572,9.677,9.56,9.504,9.396,8.252,8.487,8.581,8.446,8.313,8.364,8.477,8.229,8.167,7.574,7.869,8.348,8.399,8.345,8.024,8.303,8.568,8.532,9.456,9.318,8.988,8.844,8.687,9.04,9.361,9.464,9.427,9.377,9.086,8.848,8.828,10.343,10.572,10.645,10.577,10.166,10.678,10.73,10.675,10.744,10.825,10.623,10.371,10.961,10.76,10.684,10.372,10.296,10.195,9.853,10.47,10.525,10.265,10.428,10.537,10.435,10.232,10.61,10.621,10.64,10.457,8.652,8.672,8.546,8.796,8.762,8.87,9.105,9.095,9.038,8.68,8.541,8.613,8.581,8.512,8.56,8.461,8.488,7.945,8.319,8.569,8.305,8.192,8.406,8.538,8.163,8.357,8.499,8.742,8.718,8.519,8.322,8.984,9.098,9.073,9.321,9.25,9.307,9.132,9.708,9.882,10.009,9.886,9.913,9.624,9.295,9.764,9.756,9.909,10.045,9.838,9.775,9.396,9.935,10.192,10.065,10.063,9.72,9.512,9.224,9.659,10.142,0.0,0.0,0.0,0.0,0.0,0.0,0.0,0.0,0.0,0.0,0.0,0.0,0.0,0.0,0.0,0.0,0.0,0.0,0.0,0.0,0.0,0.0,0.0,0.0,0.0,0.0,0.0,0.0,0.0,0.0,0.0,0.0,0.0,0.0,0.0,0.0,0.0,0.0,0.0,0.0,0.0,0.0,0.0,0.0,0.0,0.0,0.0,0.0,0.0,0.0,0.0,0.0,0.0,0.0,0.0,0.0,0.0,0.0,0.0,0.0,0.0,0.0,8.471,8.5,8.503,8.667,8.735,8.277,8.366,8.599,8.984,8.857,8.741,8.462,8.204,8.295,8.435,8.554,8.392,8.331,8.555,8.179,8.325,8.212,8.067,8.323,8.364,7.992,7.727,8.323,8.5,8.43,9.578,9.517,9.798,9.493,9.67,9.96,10.291,10.434,10.438,10.129,9.57,9.67,9.819,9.399,9.562,9.669,9.885,9.629,9.856,9.865,9.828,9.64,9.398,9.385,8.906,9.085,9.554,9.742,9.961,10.147,10.067,9.378,9.706,9.81,9.777,9.678,9.896,9.752,9.36,9.552,9.519,9.452,9.617,9.442,8.595,8.35,8.412,8.964,9.222,9.379,9.45,9.375,9.218,9.667,9.628,9.364,8.822,8.842,9.015,9.175,9.496,9.469,9.608,9.508,9.601,9.542,9.13,9.312,9.473,9.303,9.453,9.534,9.352,9.101,9.359,9.611,9.621,9.71,9.845,9.679,9.543,9.799,10.042,10.169,10.017,10.003,10.158,9.773,10.065,10.173,10.118,10.119,8.915,8.656,8.355,8.583,8.652,8.685,8.568,8.671,8.503,8.471,8.816,8.864,8.832,8.729,8.745,8.921,8.813,8.906,9.203,9.386,9.547,9.498,9.352,9.024,9.106,8.793,9.025,9.138,9.311,9.292,9.019,8.944,9.054,9.126,8.959,8.992,8.925,8.676,8.771,8.974,9.144,9.186,9.191,9.149,8.932,9.075,9.076,9.044,8.963,8.862,8.865,8.716,9.056,9.204,9.341,9.372,9.434,9.389,9.24,9.025,9.071,9.041,9.007,9.209,9.157,8.8,9.006,9.179,9.276,9.181,8.865,8.704,8.7,9.025,9.092,9.23,9.365,9.337,9.238,8.946,9.04,8.815,9.026,9.17,9.043,9.089,8.747,8.247,8.383,8.774,8.51,8.728,8.797,8.608,8.838,8.835,8.843,9.049,8.961,8.94,8.619,8.898,8.955,8.623,8.66,8.732,8.519,8.461,8.628,8.789,8.509,8.341,8.255,8.385,8.217,8.526,8.654,8.618,8.654,8.603,7.706,7.562,7.608,7.644,7.497,7.582,7.744,7.688,7.523,7.67,7.483,7.239,7.029,7.267,7.214,6.675,6.711,6.557,6.572,6.525,6.616,6.844,6.985,7.144,7.03,6.898,6.925,7.189,7.359,6.941,7.286,8.239,8.87,9.042,9.07,8.854,8.444,8.7,8.56,8.535,8.352,8.075,8.055,7.664,8.355,8.395,8.61,8.667,8.728,8.358,7.934,8.596,8.921,9.411,9.04,9.001,8.753,8.965,9.634,9.959,9.746,8.98,8.671,8.696,8.802,9.304,9.478,9.41,9.231,9.094,9.26,8.639,8.546,8.454,8.341,8.484,8.89,8.969,8.137,7.52,7.528,7.373,7.592,7.995,7.825,7.701,7.952,7.882,7.421,7.566,7.526,7.413,13.452,14.691,15.098,15.345,15.876,16.1,16.625,16.524,16.845,16.871,16.901,17.139,17.284,16.854,16.424,15.442,17.596,17.304,16.848,16.724,16.402,15.7,16.37,16.483,16.56,16.7,16.928,16.777,16.17,16.445,16.339,0.0,0.0,0.0,0.0,0.0,0.0,0.0,0.0,0.0,0.0,0.0,0.0,0.0,0.0,0.0,0.0,0.0,0.0,0.0,0.0,0.0,0.0,0.0,0.0,0.0,0.0,0.0,0.0,0.0,0.0,8.378,8.075,7.878,8.241,8.419,8.586,8.59,8.675,8.55,8.28,8.673,8.764,8.778,8.655,8.384,8.492,8.047,7.856,8.2,8.278,8.226,8.175,8.282,7.781,8.097,8.166,8.146,8.086,8.191,8.108,7.978,8.732,8.731,8.634,7.976,7.726,8.263,8.1,8.538,8.769,9.077,8.828,9.018,8.951,8.805,8.923,8.908,9.01,9.089,8.859,8.864,8.485,8.973,9.11,9.164,9.082,9.013,8.887,8.406,8.563,8.603,8.253,8.02,8.18,8.197,8.022,8.289,8.454,8.43,8.522,8.392,8.318,7.974,8.366,8.643,8.618,8.535,8.491,8.478,8.054,8.633,8.89,9.043,9.134,9.201,9.109,8.836,9.023,8.838,8.623,8.534,8.682,8.223,7.909,8.354,8.584,8.714,8.549,8.513,8.217,7.847,8.109,8.155,8.195,8.358,8.2,7.994,7.99,8.372,8.631,8.637,8.595,8.673,8.21,8.078,8.526,8.578,8.306,8.447,8.568,8.603,8.594,8.752,8.43,8.463,8.139,8.279,8.378,8.258,8.404,8.637,8.482,8.303,8.348,8.328,8.227,8.281,8.338,8.458,8.385,8.429,8.355,8.216,8.427,8.402,8.413,8.65,8.467,8.33,8.018,8.373,9.151,8.964,8.911,9.16,9.307,9.08,9.044,9.11,9.2,9.363,9.485,9.462,9.231,9.438,9.5,9.629,9.593,9.059,9.124,9.303,9.566,9.645,9.699,9.787,9.746,9.68,9.38,9.554,9.645,9.823,9.882,9.893,9.882,9.575,9.916,10.018,9.834,9.99,9.933,9.97,9.655,9.849,9.993,10.013,9.916,9.813,9.955,9.5,9.759,9.93,9.856,9.894,9.916,9.904,9.591,9.926,10.044,10.146,10.079,9.989,9.73,9.953,10.199,10.163,10.405,10.395,10.67,10.604,10.13,10.285,10.126,10.172,10.159,10.063,9.965,9.691,10.084,10.326,10.615,10.513,10.073,9.186,8.537,8.434,9.182,9.865,9.928,9.779,9.694,9.612,10.15,10.297,8.707,8.795,8.784,8.686,8.474,8.707,8.765,8.579,8.498,8.705,8.618,8.367,8.778,8.901,8.663,8.47,8.347,8.147,7.562,7.584,7.648,8.256,8.577,8.477,8.309,8.067,8.537,8.657,8.312,7.739,7.657,7.787,7.589,8.159,8.194,8.184,8.211,8.057,7.719,7.232,7.506,7.524,7.641,7.527,7.546,7.561,7.234,7.782,7.902,7.762,7.286,7.506,7.313,6.797,7.313,7.792,7.882,7.82,7.959,7.699,7.241,7.31,7.496,7.806,7.799,7.528,7.305,6.949,7.12,7.113,7.109,6.7,7.064,7.332,6.835,6.482,6.942,7.342,7.594,7.503,7.408,7.089,7.475,7.663,7.594,7.72,7.973,7.712,7.385,7.919,8.125,8.073,7.708,7.782,7.742,7.287,7.659,7.78,7.812,7.706,7.506,7.316,6.832,6.941,6.97,6.974,6.867,6.526,6.748,6.797,7.18,7.168,7.079,6.784,6.676,6.588,6.61,7.196,7.252,7.227,7.33,7.35,9.19,8.779,9.315,9.596,9.096,9.228,9.183,9.236,8.928,9.211,9.128,9.284,9.293,9.216,9.083,8.769,9.468,9.56,9.576,9.545,9.423,9.173,8.627,8.136,7.966,8.536,9.006,9.191,9.238,8.984,9.078,8.716,8.827,8.751,8.892,8.861,8.678,8.805,8.874,8.876,8.872,8.881,8.615,8.404,8.468,8.692,8.823,8.888,8.967,8.995,8.646,8.962,9.088,9.067,9.064,9.066,9.074,8.875,9.102,8.991,9.001,8.751,8.88,8.895,8.584,8.766,8.967,9.074,8.854,8.789,8.449,8.225,8.659,8.672,8.725,8.887,9.066,9.132,8.929,9.279,9.31,9.238,9.276,9.428,9.367,9.046,9.229,9.403,9.553,9.587,9.477,9.377,9.645,9.906,9.866,9.7,9.822,9.894,9.952,9.862,10.021,10.035,10.126,10.152,10.21,9.848,9.456,9.723,9.92,10.108,10.018,10.143,10.023,9.733,9.806,9.979,9.904,9.256,9.555,9.839,9.589,9.715,9.726,8.57,8.686,8.964,8.938,8.733,8.79,8.942,9.163,9.037,9.052,9.094,8.673,9.086,9.237,9.119,9.099,9.222,9.161,8.921,9.17,9.255,9.225,9.378,9.455,9.269,9.072,9.463,9.363,10.043,10.08,10.287,10.188,9.791,9.989,9.432,9.203,9.552,10.104,10.222,9.963,10.484,10.536,10.508,10.28,9.713,9.187,8.53,9.184,9.539,9.792,9.99,10.046,10.281,9.888,10.264,10.385,10.437,10.387,9.991,8.446,8.336,8.698,9.062,9.093,9.15,9.286,9.079,8.848,9.217,9.4,9.469,9.585,9.489,9.399,9.056,9.295,9.547,9.451,9.331,9.14,8.89,8.169,8.693,9.101,9.111,9.191,9.18,8.834,8.057,8.671,9.005,9.377,9.398,9.695,9.837,9.472,9.861,10.185,10.298,10.455,10.38,10.228,9.688,9.871,10.242,10.508,10.251,10.711,10.595,10.218,10.489,10.561,9.902,9.427,9.03,9.282,9.664,10.129,10.306,10.074,8.487,8.644,8.985,8.331,8.749,8.838,9.024,9.145,9.073,8.729,8.355,8.698,8.654,8.494,8.61,8.842,8.681,8.267,8.536,8.589,8.73,8.784,8.769,8.49,7.78,7.818,8.055,7.972,7.772,7.597,10.068,9.974,10.657,10.718,10.446,10.084,10.248,9.897,9.786,10.61,10.617,10.796,10.635,10.563,10.356,10.068,10.421,10.355,10.115,10.392,10.507,10.023,9.534,10.085,10.171,9.731,9.51,9.25,8.978,9.045,9.644,11.262,11.095,11.244,11.652,11.974,11.318,11.453,11.871,12.212,12.483,12.944,12.447,12.072,12.562,12.339,12.872,12.996,12.892,12.568,12.482,12.885,12.986,12.397,12.311,12.693,12.727,12.43,12.723,13.333,13.562,13.69,9.697,9.525,9.232,9.074,9.255,9.11,8.605,8.464,8.336,7.944,8.401,8.772,9.058,9.407,9.119,8.568,7.924,8.17,8.359,8.673,8.789,8.638,8.289,7.694,8.212,8.624,8.75,8.736,8.839,8.717,10.501,10.419,10.865,11.14,11.275,11.395,11.576,11.536,11.712,11.874,12.094,12.166,12.185,12.083,11.693,11.771,11.448,11.866,11.997,12.027,11.867,11.421,11.354,11.095,11.477,11.839,11.877,11.961,11.5,11.661,11.855,9.48,9.419,9.474,9.304,9.007,9.188,9.272,9.306,9.248,8.921,8.371,7.596,7.448,7.965,8.198,8.408,8.527,8.71,8.419,8.604,8.799,8.869,8.993,8.803,8.555,7.973,7.997,8.113,8.14,7.941,8.652,8.494,8.224,8.309,8.256,8.623,8.869,9.014,8.9,8.599,9.037,9.198,9.216,9.126,9.245,9.229,8.759,8.829,9.182,9.38,9.442,9.676,9.432,8.996,9.322,9.506,9.484,9.391,9.574,9.713,9.385,9.012,9.175,9.412,9.404,9.434,9.19,8.791,9.09,9.081,9.24,9.295,9.431,9.561,9.133,9.214,9.529,9.626,9.633,9.679,9.75,9.54,9.572,9.707,9.647,8.998,8.409,8.681,8.938,8.711,8.825,8.836,8.438,8.553,8.826,8.801,8.599,8.655,8.805,9.022,8.899,8.913,8.955,8.54,8.946,9.095,8.979,8.959,9.08,9.021,8.784,9.03,9.113,9.083,9.234,9.31,9.127,8.933,9.318,9.22,8.144,8.853,8.886,9.068,8.981,8.63,8.805,8.315,8.113,8.42,8.907,9.011,8.782,9.242,9.287,9.263,9.062,8.562,8.099,7.519,8.096,8.409,8.632,8.806,8.856,9.062,8.716,9.048,9.154,9.201,9.156,8.807,8.596,8.484,8.852,9.222,9.255,9.312,9.451,9.24,9.005,9.38,9.567,9.637,9.755,9.658,9.565,9.217,9.46,9.716,9.619,9.496,9.303,9.048,8.314,8.847,9.263,9.273,9.355,9.343,8.991,8.2,6.847,7.111,7.405,7.422,7.656,7.768,7.48,7.787,8.043,8.132,8.256,8.197,8.077,7.65,7.795,8.088,8.298,8.095,8.458,8.367,8.069,8.283,8.34,7.819,7.444,7.131,7.33,7.631,7.999,8.138,7.955,8.487,8.644,8.985,8.331,8.749,8.838,9.024,9.145,9.073,8.729,8.355,8.698,8.654,8.494,8.61,8.842,8.681,8.267,8.536,8.589,8.73,8.784,8.769,8.49,7.78,7.818,8.055,7.972,7.772,7.597,7.266,7.198,7.691,7.735,7.539,7.277,7.396,7.142,7.063,7.657,7.662,7.791,7.675,7.623,7.473,7.266,7.521,7.473,7.3,7.5,7.583,7.233,6.881,7.278,7.34,7.023,6.863,6.676,6.479,6.528,6.96,7.719,7.604,7.706,7.986,8.207,7.757,7.85,8.136,8.37,8.556,8.872,8.531,8.274,8.609,8.457,8.822,8.907,8.836,8.614,8.555,8.831,8.901,8.496,8.438,8.7,8.723,8.519,8.72,9.138,9.295,9.383,14.801,14.539,14.091,13.85,14.126,13.905,13.135,12.919,12.724,12.126,12.823,13.39,13.827,14.359,13.919,13.078,12.095,12.471,12.759,13.238,13.415,13.185,12.652,11.744,12.535,13.164,13.355,13.335,13.492,13.305,10.501,10.419,10.865,11.14,11.275,11.395,11.576,11.536,11.712,11.874,12.094,12.166,12.185,12.083,11.693,11.771,11.448,11.866,11.997,12.027,11.867,11.421,11.354,11.095,11.477,11.839,11.877,11.961,11.5,11.661,11.855,9.48,9.419,9.474,9.304,9.007,9.188,9.272,9.306,9.248,8.921,8.371,7.596,7.448,7.965,8.198,8.408,8.527,8.71,8.419,8.604,8.799,8.869,8.993,8.803,8.555,7.973,7.997,8.113,8.14,7.941,8.652,8.494,8.224,8.309,8.256,8.623,8.869,9.014,8.9,8.599,9.037,9.198,9.216,9.126,9.245,9.229,8.759,8.829,9.182,9.38,9.442,9.676,9.432,8.996,9.322,9.506,9.484,9.391,9.574,9.713,9.385
Guntur_150,11.735,11.815,12.039,12.068,11.62,11.686,11.941,11.957,11.718,11.586,11.798,11.803,11.947,11.734,11.393,11.331,11.86,11.807,11.33,11.812,11.898,11.632,11.763,12.047,12.178,11.622,11.996,12.171,12.264,12.346,12.245,11.426,10.878,11.226,11.517,11.518,11.508,11.637,11.237,10.99,11.178,11.23,11.346,11.748,11.729,11.844,11.348,11.626,11.864,11.815,11.558,11.157,11.252,10.956,11.324,11.525,11.651,11.51,11.443,11.313,10.974,11.287,11.411,11.232,11.055,11.123,11.273,10.943,10.861,10.072,10.464,11.101,11.169,11.097,10.67,11.042,11.394,11.346,12.576,12.392,11.953,11.761,11.552,12.022,12.448,12.586,12.536,12.47,12.083,11.766,11.74,12.654,12.934,13.023,12.94,12.438,13.064,13.127,13.06,13.145,13.244,12.997,12.688,13.41,13.165,13.071,12.689,12.596,12.474,12.055,12.809,12.877,12.559,12.759,12.892,12.767,12.518,12.981,12.994,13.018,12.793,13.605,13.637,13.438,13.831,13.779,13.948,14.318,14.301,14.213,13.649,13.43,13.545,13.494,13.385,13.461,13.304,13.347,12.494,13.082,13.475,13.059,12.881,13.219,13.426,12.836,13.141,13.365,13.747,13.709,13.397,13.086,10.854,10.991,10.961,11.261,11.175,11.245,11.033,11.728,11.938,12.092,11.944,11.976,11.627,11.23,11.796,11.786,11.971,12.135,11.886,11.809,11.352,12.003,12.313,12.159,12.157,11.743,11.492,11.144,11.669,12.253,0.0,0.0,0.0,0.0,0.0,0.0,0.0,0.0,0.0,0.0,0.0,0.0,0.0,0.0,0.0,0.0,0.0,0.0,0.0,0.0,0.0,0.0,0.0,0.0,0.0,0.0,0.0,0.0,0.0,0.0,0.0,0.0,0.0,0.0,0.0,0.0,0.0,0.0,0.0,0.0,0.0,0.0,0.0,0.0,0.0,0.0,0.0,0.0,0.0,0.0,0.0,0.0,0.0,0.0,0.0,0.0,0.0,0.0,0.0,0.0,0.0,0.0,11.338,11.377,11.381,11.601,11.691,11.078,11.198,11.51,12.025,11.855,11.7,11.326,10.981,11.103,11.29,11.45,11.233,11.151,11.451,10.947,11.143,10.992,10.798,11.14,11.195,10.697,10.343,11.14,11.377,11.283,11.76,11.686,12.031,11.655,11.874,12.229,12.636,12.812,12.816,12.437,11.751,11.873,12.057,11.54,11.74,11.872,12.137,11.823,12.101,12.113,12.067,11.836,11.539,11.523,10.935,11.155,11.731,11.961,12.23,12.459,12.36,14.032,14.522,14.678,14.629,14.481,14.807,14.592,14.005,14.293,14.243,14.142,14.39,14.128,12.86,12.494,12.586,13.412,13.799,14.034,14.14,14.028,13.792,14.464,14.405,14.01,13.201,13.23,13.489,13.728,14.209,11.101,11.264,11.147,11.255,11.187,10.704,10.917,11.105,10.906,11.082,11.177,10.963,10.669,10.972,11.268,11.278,11.384,11.542,11.347,11.187,11.488,11.772,11.921,11.743,11.727,11.909,11.457,11.8,11.926,11.862,11.862,12.273,11.916,11.502,11.816,11.91,11.956,11.795,11.937,11.705,11.662,12.136,12.202,12.159,12.016,12.039,12.281,12.132,12.26,12.669,12.921,13.143,13.075,12.873,12.423,12.535,12.104,12.423,12.579,12.817,12.791,12.415,11.681,11.825,11.919,11.7,11.744,11.657,11.331,11.455,11.721,11.943,11.997,12.004,11.948,11.665,11.853,11.853,11.811,11.705,11.574,11.578,11.384,11.827,12.021,12.2,12.24,12.321,12.263,12.068,12.846,12.912,12.869,12.821,13.109,13.034,12.526,12.82,13.065,13.204,13.069,12.619,12.39,12.384,12.846,12.941,13.138,13.33,13.29,13.149,12.733,12.868,12.548,12.847,13.053,12.872,12.937,12.451,11.738,11.933,12.489,13.435,13.78,13.888,13.591,13.953,13.948,13.961,14.286,14.148,14.115,13.608,14.047,14.137,13.614,13.673,13.786,13.45,13.357,13.622,13.876,13.434,13.168,13.032,13.238,12.973,13.461,13.663,13.605,13.663,13.582,12.567,12.332,12.406,12.466,12.226,12.365,12.628,12.538,12.268,12.507,12.203,11.805,11.463,11.851,11.764,10.886,10.944,10.693,10.718,10.64,10.789,11.162,11.391,11.65,11.464,11.25,11.293,11.723,12.002,11.319,11.882,11.581,12.468,12.711,12.75,12.446,11.869,12.23,12.033,11.998,11.74,11.351,11.323,10.773,11.745,11.801,12.103,12.183,12.27,11.749,11.153,12.083,12.54,13.228,12.708,12.653,12.304,12.602,13.542,13.999,13.699,19.315,18.649,18.703,18.932,20.011,20.385,20.239,19.854,19.559,19.916,18.582,18.381,18.182,17.939,18.248,19.12,19.292,17.502,16.174,16.192,15.858,16.33,17.196,16.829,16.564,17.104,16.952,15.962,16.272,16.188,15.943,0.0,0.0,0.0,0.0,0.0,0.0,0.0,0.0,0.0,0.0,0.0,0.0,0.0,0.0,0.0,0.0,0.0,0.0,0.0,0.0,0.0,0.0,0.0,0.0,0.0,0.0,0.0,0.0,0.0,0.0,0.0,0.0,0.0,0.0,0.0,0.0,0.0,0.0,0.0,0.0,0.0,0.0,0.0,0.0,0.0,0.0,0.0,0.0,0.0,0.0,0.0,0.0,0.0,0.0,0.0,0.0,0.0,0.0,0.0,0.0,0.0,13.77,13.272,12.949,13.545,13.839,14.114,14.12,14.26,14.054,13.61,14.256,14.405,14.429,14.226,13.782,13.959,13.226,12.913,13.479,13.606,13.521,13.438,13.614,12.79,13.309,13.422,13.389,13.292,13.463,13.328,13.114,12.543,12.543,12.403,11.458,11.098,11.87,11.636,12.265,12.597,13.04,12.682,12.955,12.859,12.648,12.818,12.797,12.943,13.056,12.726,12.733,12.189,12.89,13.087,13.164,13.046,12.947,12.767,12.075,12.301,12.358,10.926,10.617,10.829,10.851,10.621,10.974,11.192,11.161,11.282,11.11,11.012,10.556,11.075,11.442,11.409,11.299,11.241,11.224,10.663,11.429,11.769,11.973,12.092,12.181,12.059,11.698,11.946,11.7,11.416,11.298,11.494,12.113,11.65,12.305,12.644,12.836,12.592,12.54,12.103,11.558,11.944,12.012,12.071,12.311,12.078,11.774,11.769,12.331,12.713,12.722,12.66,12.775,12.094,11.898,12.559,12.634,12.234,12.442,12.621,12.672,12.659,12.891,11.323,11.368,10.931,11.12,11.253,11.092,11.288,11.601,11.392,11.152,11.213,11.186,11.051,11.122,11.199,11.361,11.263,11.321,11.222,11.035,11.319,11.286,11.3,11.618,11.372,11.188,10.77,11.246,12.518,12.262,12.189,12.53,12.732,12.42,12.372,12.462,12.585,12.808,12.975,12.944,12.627,12.91,12.995,13.172,13.122,12.392,12.482,12.726,13.086,13.194,13.268,13.389,13.332,13.242,12.832,13.07,13.193,13.437,13.518,14.094,14.079,13.641,14.127,14.272,14.009,14.232,14.15,14.203,13.755,14.031,14.236,14.265,14.126,13.98,14.182,13.534,13.903,14.147,14.041,14.095,14.127,14.11,13.663,14.141,14.309,14.455,14.359,14.23,13.862,13.881,14.223,14.174,14.511,14.496,14.88,14.788,14.127,14.343,14.122,14.186,14.167,14.034,13.898,13.516,14.063,14.4,14.803,14.661,14.048,12.811,11.905,11.762,12.805,13.758,13.846,13.638,13.52,13.404,14.155,14.36,16.16,16.324,16.304,16.121,15.727,16.16,16.267,15.922,15.772,16.156,15.994,15.529,16.291,16.52,16.079,15.72,15.492,15.12,14.034,14.075,14.194,15.323,15.918,15.733,15.421,14.972,15.844,16.068,15.427,14.364,14.211,14.452,14.086,15.143,15.208,15.19,15.24,14.953,14.327,13.422,13.932,13.964,14.181,13.971,14.005,14.034,13.426,14.444,14.666,14.406,13.523,13.932,13.573,12.614,13.573,14.463,14.628,14.514,14.771,14.29,13.44,12.256,12.569,13.087,13.077,12.621,12.248,11.651,11.938,11.925,11.92,11.234,11.844,12.293,11.46,10.868,11.639,12.31,12.733,12.58,12.422,11.886,12.533,12.848,12.732,12.944,13.367,12.93,12.382,13.277,13.624,13.535,11.304,11.413,11.354,10.687,11.233,11.41,11.456,11.301,11.008,10.73,10.02,10.179,10.222,10.228,10.072,9.57,9.896,9.968,10.53,10.512,10.382,9.949,9.791,9.662,9.694,10.553,10.635,10.599,10.751,10.779,12.699,12.131,12.873,13.26,12.57,12.752,12.69,12.763,12.337,12.729,12.613,12.829,12.842,12.735,12.551,12.118,13.084,13.211,13.233,13.19,13.021,12.676,11.921,11.243,11.007,11.795,12.446,12.701,12.766,12.414,12.544,10.072,10.201,10.112,10.276,10.24,10.028,10.175,10.254,10.257,10.252,10.262,9.955,9.712,9.786,10.045,10.195,10.271,10.362,10.395,9.991,10.357,10.502,10.478,10.474,10.476,10.486,10.255,10.519,10.389,10.401,12.444,12.627,12.648,12.205,12.464,12.751,12.902,12.589,12.497,12.014,11.694,12.312,12.331,12.406,12.637,12.891,12.985,12.695,13.194,13.238,13.135,13.189,13.406,13.319,12.863,13.122,13.371,13.583,13.632,13.475,13.333,12.367,12.702,12.651,12.438,12.595,12.687,12.761,12.645,12.849,12.868,12.984,13.017,13.092,12.628,12.125,12.467,12.72,12.961,12.847,13.006,12.852,12.48,12.574,12.796,12.7,11.869,12.253,12.616,12.296,12.457,12.472,12.15,12.315,12.709,12.672,12.381,12.463,12.678,12.991,12.813,12.834,12.894,12.296,12.882,13.096,12.93,12.9,13.074,12.989,12.648,13.002,13.122,13.079,13.297,13.405,13.141,12.863,13.417,13.276,13.212,13.261,13.533,13.403,12.88,13.141,12.409,12.107,12.566,13.292,13.448,13.107,13.793,13.86,13.824,13.524,12.778,12.087,11.222,12.082,12.55,12.882,13.143,13.217,13.525,13.008,13.503,13.662,13.731,13.665,13.144,13.056,12.886,13.445,14.007,14.056,14.143,14.353,14.033,13.676,14.247,14.53,14.636,14.815,14.668,14.528,13.998,14.367,14.757,14.608,14.423,14.129,13.742,12.627,13.437,14.068,14.083,14.208,14.189,13.655,12.453,11.012,11.437,11.91,11.936,12.314,12.493,12.03,12.523,12.935,13.079,13.278,13.183,12.99,12.304,12.536,13.008,13.345,13.02,13.603,13.456,12.977,13.321,13.413,12.576,11.972,11.469,11.789,12.273,12.865,13.089,12.794,12.657,12.89,13.399,12.423,13.048,13.18,13.457,13.637,13.53,13.017,12.459,12.972,12.905,12.668,12.839,13.186,12.946,12.328,12.729,12.808,13.019,13.099,13.077,12.661,11.601,11.659,12.013,11.888,11.59,11.329,21.445,21.246,22.7,22.829,22.252,21.479,21.829,21.081,20.846,22.601,22.614,22.995,22.652,22.5,22.058,21.446,22.198,22.056,21.546,22.135,22.381,21.349,20.309,21.481,21.665,20.727,20.258,19.703,19.124,19.267,20.542,15.071,14.847,15.047,15.593,16.024,15.147,15.327,15.887,16.343,16.705,17.322,16.657,16.156,16.81,16.512,17.226,17.392,17.252,16.819,16.704,17.243,17.379,16.59,16.475,16.987,17.031,16.634,17.026,17.843,18.149,18.32,19.364,19.021,18.434,18.119,18.48,18.191,17.183,16.901,16.646,15.863,16.776,17.517,18.088,18.784,18.209,17.109,15.823,16.315,16.691,17.318,17.55,17.249,16.552,15.364,16.398,17.222,17.472,17.445,17.65,17.406,13.081,12.98,13.535,13.878,14.046,14.195,14.421,14.371,14.591,14.792,15.066,15.156,15.18,15.052,14.566,14.664,14.261,14.782,14.945,14.983,14.783,14.228,14.144,13.821,14.298,14.749,14.796,14.901,14.326,14.526,14.768,14.764,14.669,14.754,14.49,14.028,14.309,14.439,14.493,14.403,13.893,13.036,11.83,11.599,12.404,12.767,13.094,13.279,13.565,13.111,13.4,13.703,13.813,14.005,13.709,13.323,12.417,12.454,12.635,12.677,12.367,12.872,12.637,12.234,12.362,12.283,12.828,13.194,13.409,13.24,12.793,13.445,13.684,13.71,13.577,13.754,13.73,13.03,13.134,13.66,13.955,14.047,14.394,14.032,13.383,13.869,14.142,14.109,13.971,14.243,14.45,13.962,13.35,13.591,13.942,13.93,13.975,13.614,13.023,13.465,13.451,13.687,13.769,13.97,14.163,13.529,13.649,14.116,14.259,14.269,14.338,14.442,14.132,14.178,14.378,14.291,13.328,12.456,12.859,13.24,12.904,13.073,13.089,11.422,11.577,11.948,11.913,11.639,11.716,11.919,12.213,12.046,12.065,12.121,11.56,12.11,12.312,12.155,12.127,12.291,12.211,11.89,12.223,12.336,12.295,12.5,12.602,12.354,12.092,12.613,12.48,11.023,11.078,11.12,11.348,11.239,10.8,11.019,10.405,10.152,10.537,11.146,11.276,10.99,11.565,11.622,11.592,11.34,10.715,10.135,9.41,10.131,10.523,10.802,11.02,11.082,11.341,10.907,11.323,11.456,11.514,11.458,11.022,12.857,12.69,13.241,13.794,13.842,13.928,14.135,13.82,13.469,14.03,14.309,14.414,14.59,14.445,14.307,13.786,14.149,14.533,14.387,14.204,13.914,13.533,12.435,13.233,13.854,13.869,13.992,13.974,13.448,12.264,11.674,12.124,12.625,12.654,13.053,13.244,12.753,13.276,13.712,13.865,14.076,13.975,13.77,13.043,13.29,13.789,14.147,13.802,14.421,14.265,13.757,14.122,14.219,13.331,12.692,12.158,12.497,13.011,13.637,13.876,13.563,12.657,12.89,13.399,12.423,13.048,13.18,13.457,13.637,13.53,13.017,12.459,12.972,12.905,12.668,12.839,13.186,12.946,12.328,12.729,12.808,13.019,13.099,13.077,12.661,11.601,11.659,12.013,11.888,11.59,11.329,12.388,12.273,13.113,13.187,12.854,12.407,12.61,12.177,12.042,13.055,13.063,13.283,13.085,12.997,12.742,12.388,12.823,12.74,12.446,12.786,12.928,12.332,11.731,12.408,12.515,11.973,11.702,11.382,11.047,11.129,11.866,17.86,17.595,17.832,18.479,18.989,17.95,18.164,18.827,19.367,19.797,20.528,19.739,19.145,19.922,19.568,20.414,20.61,20.445,19.931,19.795,20.434,20.595,19.66,19.524,20.131,20.184,19.712,20.177,21.145,21.508,21.71,14.801,14.539,14.091,13.85,14.126,13.905,13.135,12.919,12.724,12.126,12.823,13.39,13.827,14.359,13.919,13.078,12.095,12.471,12.759,13.238,13.415,13.185,12.652,11.744,12.535,13.164,13.355,13.335,13.492,13.305,13.081,12.98,13.535,13.878,14.046,14.195,14.421,14.371,14.591,14.792,15.066,15.156,15.18,15.052,14.566,14.664,14.261,14.782,14.945,14.983,14.783,14.228,14.144,13.821,14.298,14.749,14.796,14.901,14.326,14.526,14.768,14.764,14.669,14.754,14.49,14.028,14.309,14.439,14.493,14.403,13.893,13.036,11.83,11.599,12.404,12.767,13.094,13.279,13.565,13.111,13.4,13.703,13.813,14.005,13.709,13.323,12.417,12.454,12.635,12.677,12.367,12.872,12.637,12.234,12.362,12.283,12.828,13.194,13.409,13.24,12.793,13.445,13.684,13.71,13.577,13.754,13.73,13.03,13.134,13.66,13.955,14.047,14.394,14.032,13.383,13.869,14.142,14.109,13.971,14.243,14.45,13.962
Guntur_151,17.722,17.844,18.181,18.226,17.549,17.649,18.033,18.057,17.696,17.498,17.818,17.825,18.042,17.721,17.206,17.112,17.911,17.832,17.11,17.839,17.968,17.567,17.765,18.194,18.392,17.551,18.116,18.381,18.521,18.645,18.492,17.21,16.384,16.908,17.346,17.349,17.334,17.527,16.924,16.553,16.836,16.914,17.089,17.694,17.665,17.839,17.092,17.511,17.869,17.796,17.408,16.804,16.947,16.501,17.056,17.358,17.548,17.336,17.235,17.04,15.716,16.163,16.342,16.085,15.831,15.929,16.145,15.671,15.554,14.424,14.986,15.898,15.995,15.892,15.281,15.814,16.317,16.248,18.01,17.746,17.118,16.842,16.544,17.216,17.827,18.025,17.953,17.859,17.304,16.85,16.814,16.088,16.444,16.557,16.452,15.813,16.609,16.69,16.604,16.712,16.838,16.524,16.131,17.049,16.737,16.618,16.133,16.015,15.859,15.327,16.285,16.371,15.968,16.221,16.39,16.232,15.916,16.503,16.521,16.551,16.265,15.813,15.849,15.619,16.076,16.015,16.211,16.642,16.622,16.52,15.864,15.61,15.743,15.684,15.557,15.645,15.463,15.513,14.522,15.205,15.662,15.178,14.972,15.364,15.605,14.919,15.273,15.533,15.978,15.934,15.571,15.209,14.627,14.813,14.772,15.176,15.06,15.154,14.868,15.806,16.089,16.297,16.097,16.14,15.67,15.134,15.898,15.884,16.133,16.354,16.018,15.915,15.299,16.176,16.594,16.387,16.384,15.826,15.488,15.018,15.727,16.513,0.0,0.0,0.0,0.0,0.0,0.0,0.0,0.0,0.0,0.0,0.0,0.0,0.0,0.0,0.0,0.0,0.0,0.0,0.0,0.0,0.0,0.0,0.0,0.0,0.0,0.0,0.0,0.0,0.0,0.0,0.0,0.0,0.0,0.0,0.0,0.0,0.0,0.0,0.0,0.0,0.0,0.0,0.0,0.0,0.0,0.0,0.0,0.0,0.0,0.0,0.0,0.0,0.0,0.0,0.0,0.0,0.0,0.0,0.0,0.0,0.0,0.0,16.203,16.259,16.266,16.58,16.709,15.832,16.004,16.449,17.186,16.943,16.722,16.187,15.694,15.868,16.136,16.363,16.054,15.936,16.365,15.646,15.926,15.709,15.432,15.921,15.999,15.287,14.782,15.92,16.259,16.125,10.262,10.197,10.498,10.171,10.361,10.671,11.027,11.18,11.183,10.853,10.254,10.36,10.521,10.07,10.245,10.359,10.591,10.317,10.56,10.57,10.53,10.328,10.069,10.055,9.542,9.734,10.237,10.437,10.672,10.872,10.786,15.13,15.659,15.827,15.774,15.614,15.966,15.734,15.101,15.411,15.357,15.249,15.516,15.233,13.866,13.472,13.571,14.462,14.879,15.132,15.246,15.126,14.871,15.596,15.533,15.107,14.234,14.265,14.544,14.802,15.321,14.396,14.608,14.456,14.597,14.508,13.882,14.159,14.402,14.144,14.372,14.495,14.218,13.837,14.229,14.613,14.627,14.764,14.969,14.717,14.509,14.899,15.267,15.461,15.23,15.208,15.445,14.858,15.303,15.467,15.383,15.384,14.985,14.548,14.043,14.427,14.542,14.598,14.401,14.574,14.292,14.238,14.817,14.898,14.845,14.671,14.699,14.994,14.812,14.969,15.469,15.776,16.047,15.964,15.718,15.167,15.304,14.778,15.168,15.358,15.649,15.617,15.158,15.281,15.469,15.592,15.306,15.363,15.249,14.822,14.985,15.333,15.623,15.694,15.703,15.63,15.26,15.505,15.506,15.451,15.313,15.141,15.145,14.892,15.472,15.725,15.959,16.012,16.117,16.041,15.787,15.922,16.003,15.95,15.891,16.247,16.155,15.525,15.889,16.193,16.365,16.198,15.641,15.357,15.349,15.922,16.04,16.283,16.522,16.472,16.298,15.782,15.949,15.552,15.923,16.178,15.954,16.035,15.432,14.549,14.79,15.479,15.86,16.267,16.395,16.044,16.472,16.466,16.48,16.864,16.702,16.663,16.064,16.583,16.689,16.071,16.14,16.274,15.878,15.768,16.08,16.38,15.859,15.545,15.385,15.627,15.314,15.891,16.129,16.061,16.129,16.034,15.979,15.679,15.775,15.85,15.545,15.722,16.057,15.941,15.599,15.903,15.516,15.01,14.575,15.068,14.958,13.842,13.915,13.596,13.628,13.529,13.718,14.192,14.484,14.813,14.577,14.304,14.359,14.906,15.26,14.392,15.108,15.309,16.482,16.803,16.854,16.452,15.69,16.167,15.907,15.861,15.519,15.005,14.968,14.241,15.525,15.601,15.999,16.105,16.219,15.532,14.744,15.973,16.577,17.487,16.799,16.726,16.265,16.658,17.901,18.506,18.109,19.315,18.649,18.703,18.932,20.011,20.385,20.239,19.854,19.559,19.916,18.582,18.381,18.182,17.939,18.248,19.12,19.292,17.502,16.174,16.192,15.858,16.33,17.196,16.829,16.564,17.104,16.952,15.962,16.272,16.188,15.943,0.0,0.0,0.0,0.0,0.0,0.0,0.0,0.0,0.0,0.0,0.0,0.0,0.0,0.0,0.0,0.0,0.0,0.0,0.0,0.0,0.0,0.0,0.0,0.0,0.0,0.0,0.0,0.0,0.0,0.0,0.0,0.0,0.0,0.0,0.0,0.0,0.0,0.0,0.0,0.0,0.0,0.0,0.0,0.0,0.0,0.0,0.0,0.0,0.0,0.0,0.0,0.0,0.0,0.0,0.0,0.0,0.0,0.0,0.0,0.0,0.0,15.851,15.278,14.906,15.592,15.93,16.246,16.253,16.414,16.178,15.666,16.41,16.581,16.609,16.375,15.864,16.068,15.225,14.864,15.515,15.662,15.564,15.468,15.67,14.722,15.32,15.45,15.412,15.3,15.497,15.342,15.095,15.44,15.439,15.267,14.104,13.661,14.611,14.323,15.098,15.506,16.051,15.611,15.947,15.828,15.569,15.778,15.752,15.932,16.071,15.665,15.674,15.004,15.867,16.109,16.204,16.058,15.938,15.715,14.864,15.142,15.212,13.594,13.21,13.473,13.501,13.214,13.653,13.925,13.886,14.037,13.822,13.701,13.134,13.78,14.236,14.195,14.058,13.986,13.965,13.266,14.219,14.643,14.896,15.045,15.156,15.004,14.555,14.862,14.557,14.204,14.057,14.3,14.543,13.988,14.775,15.181,15.412,15.119,15.056,14.532,13.878,14.341,14.423,14.493,14.782,14.502,14.137,14.131,14.806,15.265,15.275,15.201,15.339,14.521,14.286,15.08,15.17,14.689,14.939,15.153,15.215,15.199,15.478,15.174,15.234,14.649,14.902,15.081,14.865,15.128,15.547,15.267,14.945,15.027,14.99,14.809,14.905,15.008,15.225,15.094,15.171,15.039,14.788,15.169,15.124,15.144,15.569,15.24,14.993,14.433,15.071,16.06,15.731,15.638,16.075,16.334,15.935,15.872,15.987,16.146,16.432,16.646,16.606,16.2,16.563,16.671,16.898,16.835,15.898,16.013,16.327,16.789,16.927,17.022,17.177,17.104,16.989,16.462,16.767,16.926,17.239,17.343,16.275,16.258,15.753,16.313,16.481,16.178,16.435,16.34,16.402,15.884,16.203,16.439,16.473,16.312,16.144,16.377,15.629,16.054,16.336,16.214,16.277,16.313,16.294,15.778,16.329,16.523,16.692,16.581,16.433,16.008,16.179,16.578,16.521,16.913,16.896,17.344,17.237,16.465,16.718,16.46,16.534,16.513,16.357,16.198,15.753,16.392,16.784,17.254,17.088,16.374,14.932,13.876,13.709,14.925,16.036,16.138,15.895,15.758,15.623,16.498,16.737,17.462,17.638,17.617,17.419,16.993,17.461,17.577,17.205,17.042,17.457,17.282,16.779,17.603,17.851,17.373,16.986,16.739,16.337,15.164,15.208,15.337,16.557,17.2,17.0,16.663,16.178,17.12,17.362,16.669,15.52,15.356,15.616,15.22,16.362,16.432,16.413,16.467,16.157,15.481,14.502,15.053,15.088,15.323,15.096,15.133,15.164,14.507,15.607,15.847,15.566,14.612,15.053,14.666,13.63,14.666,15.627,15.806,15.683,15.961,15.441,14.522,16.361,16.778,17.47,17.456,16.848,16.35,15.553,15.936,15.919,15.911,14.996,15.81,16.409,15.297,14.507,15.537,16.432,16.997,16.793,16.581,15.866,16.73,17.15,16.995,17.279,17.844,17.261,16.528,17.723,18.186,18.068,16.66,16.819,16.733,15.751,16.555,16.816,16.884,16.656,16.223,15.813,14.767,15.001,15.065,15.073,14.843,14.105,14.584,14.69,15.518,15.492,15.301,14.663,14.43,14.24,14.287,15.553,15.673,15.62,15.844,15.885,15.306,14.621,15.515,15.982,15.15,15.369,15.294,15.383,14.87,15.342,15.203,15.462,15.478,15.349,15.128,14.605,15.77,15.922,15.949,15.898,15.694,15.278,14.368,13.551,13.267,14.216,15.0,15.308,15.387,14.962,15.119,13.875,14.053,13.931,14.156,14.107,13.815,14.017,14.126,14.13,14.123,14.137,13.714,13.379,13.481,13.837,14.045,14.15,14.274,14.32,13.763,14.267,14.468,14.435,14.429,14.432,14.446,14.128,14.49,14.312,14.329,15.921,16.155,16.182,15.615,15.947,16.313,16.507,16.107,15.989,15.371,14.962,15.752,15.777,15.872,16.168,16.492,16.614,16.243,16.881,16.937,16.805,16.875,17.151,17.041,16.457,16.789,17.106,17.378,17.441,17.241,17.058,15.902,16.333,16.267,15.994,16.195,16.314,16.409,16.26,16.522,16.546,16.696,16.738,16.835,16.238,15.591,16.031,16.356,16.666,16.519,16.724,16.526,16.048,16.168,16.454,16.331,15.262,15.755,16.222,15.811,16.018,16.037,15.942,16.159,16.676,16.627,16.245,16.352,16.635,17.046,16.812,16.839,16.918,16.134,16.902,17.184,16.965,16.926,17.155,17.043,16.596,17.059,17.217,17.161,17.446,17.589,17.243,16.877,17.605,17.419,17.768,17.835,18.201,18.026,17.322,17.673,16.688,16.283,16.9,17.877,18.086,17.628,18.55,18.64,18.592,18.188,17.185,16.255,15.092,16.249,16.878,17.325,17.676,17.775,18.19,17.495,18.161,18.374,18.467,18.377,17.677,16.476,16.262,16.967,17.676,17.738,17.848,18.113,17.71,17.259,17.979,18.337,18.47,18.696,18.511,18.334,17.666,18.131,18.623,18.435,18.201,17.83,17.342,15.935,16.957,17.754,17.772,17.93,17.906,17.232,15.716,13.89,14.426,15.022,15.055,15.531,15.758,15.174,15.796,16.315,16.496,16.748,16.627,16.384,15.519,15.812,16.407,16.832,16.422,17.158,16.972,16.368,16.802,16.918,15.862,15.101,14.466,14.869,15.48,16.226,16.51,16.137,16.072,16.368,17.015,15.775,16.568,16.737,17.089,17.317,17.18,16.529,15.821,16.472,16.387,16.086,16.304,16.744,16.439,15.654,16.164,16.264,16.532,16.634,16.606,16.077,14.732,14.805,15.254,15.096,14.718,14.386,21.445,21.246,22.7,22.829,22.252,21.479,21.829,21.081,20.846,22.601,22.614,22.995,22.652,22.5,22.058,21.446,22.198,22.056,21.546,22.135,22.381,21.349,20.309,21.481,21.665,20.727,20.258,19.703,19.124,19.267,20.542,24.953,24.583,24.913,25.817,26.53,25.078,25.377,26.303,27.058,27.659,28.68,27.578,26.748,27.833,27.339,28.52,28.795,28.564,27.846,27.656,28.549,28.774,27.467,27.277,28.125,28.199,27.54,28.19,29.542,30.049,30.332,26.172,25.709,24.916,24.491,24.978,24.587,23.225,22.844,22.499,21.441,22.674,23.676,24.448,25.389,24.612,23.125,21.387,22.051,22.56,23.407,23.721,23.314,22.372,20.766,22.164,23.277,23.615,23.579,23.856,23.527,15.037,14.921,15.559,15.954,16.146,16.318,16.577,16.52,16.772,17.004,17.319,17.422,17.45,17.303,16.744,16.857,16.393,16.993,17.18,17.223,16.994,16.355,16.259,15.888,16.436,16.955,17.009,17.129,16.468,16.699,16.977,18.019,17.902,18.007,17.684,17.12,17.463,17.622,17.688,17.578,16.955,15.91,14.438,14.156,15.138,15.581,15.981,16.206,16.556,16.002,16.354,16.724,16.858,17.092,16.731,16.26,15.155,15.199,15.421,15.471,15.093,18.479,18.142,17.564,17.747,17.634,18.416,18.942,19.251,19.008,18.366,19.302,19.645,19.683,19.492,19.747,19.712,18.707,18.856,19.611,20.034,20.167,20.665,20.146,19.213,19.911,20.304,20.255,20.058,20.449,20.745,20.045,18.675,19.012,19.503,19.487,19.549,19.044,18.217,18.836,18.817,19.146,19.26,19.542,19.813,18.925,19.093,19.747,19.946,19.961,20.057,20.203,19.769,19.834,20.114,19.991,18.645,17.425,17.988,18.521,18.051,18.288,18.31,17.842,18.085,18.663,18.608,18.181,18.301,18.617,19.077,18.816,18.846,18.934,18.057,18.916,19.232,18.986,18.943,19.199,19.074,18.573,19.092,19.269,19.206,19.525,19.685,19.298,18.889,19.703,19.495,17.219,15.354,15.412,15.728,15.577,14.969,15.272,14.421,14.071,14.604,15.448,15.629,15.233,16.03,16.108,16.066,15.717,14.851,14.047,13.042,14.042,14.585,14.971,15.274,15.36,15.718,15.118,15.693,15.878,15.958,15.881,15.276,19.181,18.932,19.753,20.578,20.65,20.778,21.087,20.617,20.093,20.931,21.347,21.503,21.766,21.55,21.344,20.566,21.108,21.681,21.462,21.19,20.757,20.189,18.551,19.741,20.668,20.69,20.873,20.846,20.062,18.296,15.892,16.505,17.187,17.226,17.77,18.029,17.361,18.073,18.667,18.874,19.162,19.024,18.746,17.756,18.092,18.772,19.259,18.789,19.631,19.419,18.728,19.224,19.357,18.148,17.277,16.551,17.012,17.712,18.565,18.889,18.464,16.072,16.368,17.015,15.775,16.568,16.737,17.089,17.317,17.18,16.529,15.821,16.472,16.387,16.086,16.304,16.744,16.439,15.654,16.164,16.264,16.532,16.634,16.606,16.077,14.732,14.805,15.254,15.096,14.718,14.386,16.864,16.707,17.851,17.952,17.498,16.891,17.166,16.577,16.393,17.773,17.783,18.083,17.813,17.694,17.346,16.865,17.456,17.344,16.943,17.407,17.6,16.789,15.97,16.892,17.037,16.299,15.93,15.494,15.038,15.151,16.154,17.86,17.595,17.832,18.479,18.989,17.95,18.164,18.827,19.367,19.797,20.528,19.739,19.145,19.922,19.568,20.414,20.61,20.445,19.931,19.795,20.434,20.595,19.66,19.524,20.131,20.184,19.712,20.177,21.145,21.508,21.71,22.62,22.22,21.534,21.167,21.588,21.25,20.073,19.744,19.446,18.531,19.597,20.463,21.13,21.944,21.271,19.987,18.484,19.059,19.498,20.231,20.502,20.15,19.336,17.948,19.156,20.118,20.41,20.379,20.619,20.334,15.037,14.921,15.559,15.954,16.146,16.318,16.577,16.52,16.772,17.004,17.319,17.422,17.45,17.303,16.744,16.857,16.393,16.993,17.18,17.223,16.994,16.355,16.259,15.888,16.436,16.955,17.009,17.129,16.468,16.699,16.977,18.019,17.902,18.007,17.684,17.12,17.463,17.622,17.688,17.578,16.955,15.91,14.438,14.156,15.138,15.581,15.981,16.206,16.556,16.002,16.354,16.724,16.858,17.092,16.731,16.26,15.155,15.199,15.421,15.471,15.093,18.479,18.142,17.564,17.747,17.634,18.416,18.942,19.251,19.008,18.366,19.302,19.645,19.683,19.492,19.747,19.712,18.707,18.856,19.611,20.034,20.167,20.665,20.146,19.213,19.911,20.304,20.255,20.058,20.449,20.745,20.045
Guntur_152,20.871,21.014,21.41,21.463,20.666,20.784,21.236,21.265,20.84,20.607,20.983,20.991,21.247,20.87,20.262,20.152,21.092,20.999,20.15,21.008,21.16,20.688,20.92,21.426,21.659,20.669,21.334,21.646,21.811,21.957,21.777,19.705,18.759,19.359,19.861,19.863,19.846,20.068,19.378,18.952,19.277,19.366,19.566,20.259,20.226,20.425,19.569,20.049,20.46,20.375,19.932,19.24,19.404,18.893,19.528,19.874,20.091,19.85,19.733,19.51,17.133,17.62,17.815,17.535,17.258,17.364,17.6,17.083,16.956,15.724,16.337,17.331,17.437,17.324,16.658,17.239,17.787,17.713,19.633,19.345,18.66,18.36,18.035,18.768,19.434,19.649,19.571,19.468,18.863,18.369,18.329,17.334,17.717,17.839,17.726,17.038,17.895,17.982,17.89,18.006,18.141,17.804,17.38,18.37,18.033,17.905,17.382,17.255,17.087,16.513,17.546,17.639,17.204,17.477,17.659,17.489,17.148,17.781,17.8,17.832,17.525,18.077,18.12,17.856,18.378,18.308,18.533,19.025,19.003,18.886,18.136,17.846,17.997,17.93,17.785,17.886,17.678,17.734,16.602,17.383,17.905,17.352,17.116,17.565,17.84,17.055,17.461,17.758,18.266,18.216,17.801,17.388,16.691,16.902,16.856,17.317,17.185,17.292,16.966,18.035,18.359,18.596,18.368,18.417,17.881,17.27,18.141,18.125,18.409,18.661,18.278,18.16,17.457,18.458,18.935,18.699,18.695,18.058,17.673,17.137,17.945,18.842,0.0,0.0,0.0,0.0,0.0,0.0,0.0,0.0,0.0,0.0,0.0,0.0,0.0,0.0,0.0,0.0,0.0,0.0,0.0,0.0,0.0,0.0,0.0,0.0,0.0,0.0,0.0,0.0,0.0,0.0,0.0,0.0,0.0,0.0,0.0,0.0,0.0,0.0,0.0,0.0,0.0,0.0,0.0,0.0,0.0,0.0,0.0,0.0,0.0,0.0,0.0,0.0,0.0,0.0,0.0,0.0,0.0,0.0,0.0,0.0,0.0,0.0,13.383,13.429,13.434,13.694,13.8,13.077,13.218,13.586,14.194,13.994,13.811,13.369,12.962,13.106,13.327,13.515,13.259,13.162,13.517,12.922,13.154,12.975,12.745,13.15,13.214,12.626,12.209,13.149,13.429,13.318,12.418,12.34,12.704,12.308,12.538,12.914,13.344,13.529,13.533,13.133,12.409,12.537,12.732,12.186,12.397,12.536,12.817,12.485,12.778,12.791,12.742,12.499,12.185,12.168,11.547,11.78,12.388,12.631,12.915,13.157,13.052,18.514,19.16,19.366,19.302,19.106,19.536,19.252,18.478,18.857,18.792,18.659,18.986,18.64,16.967,16.484,16.606,17.696,18.206,18.516,18.656,18.508,18.197,19.083,19.006,18.485,17.417,17.455,17.797,18.112,18.747,17.708,17.968,17.782,17.955,17.846,17.075,17.416,17.716,17.398,17.678,17.83,17.489,17.02,17.502,17.975,17.992,18.16,18.413,18.102,17.847,18.327,18.78,19.018,18.734,18.707,18.998,18.277,18.824,19.025,18.922,18.924,17.856,17.336,16.734,17.192,17.328,17.396,17.161,17.367,17.03,16.967,17.656,17.753,17.69,17.483,17.516,17.867,17.651,17.838,18.433,18.799,19.122,19.024,18.73,18.074,18.237,17.61,18.075,18.301,18.648,18.61,18.063,17.058,17.268,17.406,17.086,17.149,17.023,16.546,16.727,17.116,17.44,17.519,17.529,17.448,17.035,17.309,17.309,17.248,17.093,16.902,16.907,16.624,17.271,17.554,17.815,17.874,17.992,17.907,17.623,19.599,19.699,19.633,19.56,19.999,19.885,19.11,19.558,19.932,20.144,19.938,19.252,18.903,18.893,19.599,19.744,20.043,20.337,20.276,20.061,19.426,19.632,19.143,19.6,19.914,19.638,19.737,18.996,17.909,18.205,19.053,20.454,20.978,21.144,20.691,21.243,21.235,21.254,21.749,21.539,21.489,20.717,21.386,21.523,20.726,20.815,20.987,20.477,20.335,20.738,21.125,20.452,20.048,19.841,20.154,19.75,20.493,20.801,20.713,20.8,20.678,17.922,17.586,17.693,17.778,17.435,17.634,18.009,17.88,17.496,17.837,17.403,16.835,16.348,16.901,16.776,15.525,15.607,15.249,15.285,15.174,15.386,15.917,16.245,16.614,16.349,16.043,16.105,16.719,17.115,16.142,16.945,15.309,16.482,16.803,16.854,16.452,15.69,16.167,15.907,15.861,15.519,15.005,14.968,14.241,15.525,15.601,15.999,16.105,16.219,15.532,14.744,15.973,16.577,17.487,16.799,16.726,16.265,16.658,17.901,18.506,18.109,26.218,25.313,25.387,25.697,27.162,27.669,27.472,26.949,26.549,27.033,25.222,24.949,24.68,24.35,24.769,25.953,26.186,23.756,21.954,21.979,21.525,22.166,23.341,22.844,22.484,23.216,23.01,21.666,22.087,21.973,21.641,0.0,0.0,0.0,0.0,0.0,0.0,0.0,0.0,0.0,0.0,0.0,0.0,0.0,0.0,0.0,0.0,0.0,0.0,0.0,0.0,0.0,0.0,0.0,0.0,0.0,0.0,0.0,0.0,0.0,0.0,0.0,0.0,0.0,0.0,0.0,0.0,0.0,0.0,0.0,0.0,0.0,0.0,0.0,0.0,0.0,0.0,0.0,0.0,0.0,0.0,0.0,0.0,0.0,0.0,0.0,0.0,0.0,0.0,0.0,0.0,0.0,18.458,17.791,17.358,18.157,18.55,18.919,18.927,19.115,18.839,18.243,19.109,19.309,19.342,19.069,18.474,18.711,17.729,17.309,18.067,18.239,18.124,18.013,18.248,17.144,17.841,17.991,17.948,17.817,18.047,17.865,17.578,18.219,18.218,18.015,16.642,16.12,17.24,16.901,17.815,18.296,18.94,18.421,18.817,18.677,18.372,18.618,18.587,18.799,18.964,18.484,18.495,17.704,18.723,19.008,19.121,18.949,18.806,18.544,17.539,17.867,17.949,17.472,16.978,17.316,17.352,16.983,17.547,17.896,17.847,18.041,17.765,17.609,16.88,17.71,18.296,18.244,18.068,17.975,17.948,17.05,18.275,18.82,19.145,19.336,19.478,19.284,18.706,19.102,18.709,18.256,18.067,18.379,17.561,16.891,17.841,18.331,18.61,18.256,18.18,17.548,16.758,17.317,17.416,17.501,17.849,17.511,17.071,17.063,17.878,18.432,18.444,18.355,18.522,17.534,17.251,18.209,18.318,17.737,18.039,18.298,18.372,18.353,18.69,18.694,18.768,18.048,18.358,18.579,18.313,18.637,19.153,18.809,18.411,18.513,18.468,18.244,18.363,18.489,18.756,18.595,18.691,18.528,18.219,18.688,18.633,18.656,19.181,18.775,18.471,17.781,18.567,17.24,16.887,16.788,17.257,17.535,17.106,17.039,17.163,17.333,17.639,17.87,17.827,17.391,17.78,17.897,18.141,18.073,17.067,17.19,17.527,18.023,18.171,18.273,18.439,18.361,18.237,17.672,18.0,18.17,18.506,18.618,18.584,18.564,17.988,18.628,18.82,18.473,18.767,18.659,18.729,18.138,18.502,18.772,18.81,18.627,18.434,18.7,17.846,18.332,18.654,18.515,18.586,18.628,18.605,18.016,18.646,18.868,19.06,18.934,18.764,18.279,18.215,18.664,18.6,19.042,19.023,19.527,19.407,18.538,18.823,18.532,18.616,18.592,18.417,18.238,17.736,18.455,18.897,19.426,19.239,18.436,16.812,15.623,15.435,16.803,18.055,18.17,17.897,17.742,17.59,18.575,18.844,17.462,17.638,17.617,17.419,16.993,17.461,17.577,17.205,17.042,17.457,17.282,16.779,17.603,17.851,17.373,16.986,16.739,16.337,15.164,15.208,15.337,16.557,17.2,17.0,16.663,16.178,17.12,17.362,16.669,15.52,15.356,15.616,15.22,16.362,16.432,16.413,16.467,16.157,15.481,14.502,15.053,15.088,15.323,15.096,15.133,15.164,14.507,15.607,15.847,15.566,14.612,15.053,14.666,13.63,14.666,15.627,15.806,15.683,15.961,15.441,14.522,18.632,19.107,19.895,19.88,19.187,18.62,17.712,18.148,18.129,18.121,17.078,18.005,18.688,17.421,16.521,17.694,18.714,19.357,19.125,18.883,18.069,19.052,19.531,19.355,19.678,20.321,19.657,18.822,20.184,20.711,20.576,20.869,21.068,20.96,19.729,20.737,21.064,21.149,20.863,20.321,19.808,18.497,18.791,18.87,18.881,18.593,17.667,18.268,18.401,19.438,19.405,19.166,18.367,18.075,17.837,17.896,19.482,19.632,19.566,19.846,19.898,18.961,18.112,19.219,19.798,18.768,19.039,18.946,19.056,18.42,19.005,18.832,19.154,19.174,19.014,18.739,18.092,19.535,19.724,19.757,19.693,19.441,18.926,17.799,16.786,16.435,17.61,18.582,18.963,19.06,18.535,18.729,16.716,16.931,16.784,17.055,16.996,16.644,16.887,17.019,17.024,17.016,17.033,16.523,16.119,16.242,16.671,16.922,17.047,17.198,17.252,16.582,17.189,17.431,17.391,17.384,17.388,17.404,17.021,17.458,17.244,17.263,18.762,19.038,19.071,18.403,18.793,19.225,19.454,18.982,18.843,18.115,17.633,18.563,18.593,18.705,19.054,19.436,19.579,19.142,19.894,19.96,19.805,19.887,20.213,20.082,19.395,19.786,20.16,20.48,20.554,20.318,20.103,19.847,20.385,20.302,19.961,20.212,20.36,20.479,20.293,20.621,20.65,20.837,20.89,21.01,20.265,19.458,20.007,20.413,20.8,20.616,20.872,20.626,20.028,20.179,20.536,20.382,19.048,19.663,20.246,19.733,19.992,20.015,17.39,17.626,18.19,18.137,17.72,17.837,18.146,18.594,18.339,18.369,18.454,17.599,18.437,18.744,18.506,18.464,18.713,18.591,18.103,18.609,18.781,18.719,19.031,19.186,18.809,18.41,19.204,19.001,23.501,23.589,24.073,23.842,22.911,23.375,22.073,21.536,22.352,23.644,23.921,23.315,24.534,24.654,24.59,24.056,22.73,21.5,19.961,21.492,22.323,22.914,23.378,23.51,24.058,23.139,24.02,24.302,24.425,24.307,23.381,19.654,19.399,20.24,21.086,21.16,21.291,21.608,21.126,20.589,21.447,21.874,22.033,22.303,22.082,21.87,21.073,21.628,22.215,21.992,21.712,21.269,20.687,19.009,20.228,21.178,21.201,21.388,21.361,20.557,18.747,19.689,20.449,21.294,21.342,22.016,22.337,21.51,22.391,23.127,23.384,23.741,23.57,23.225,21.999,22.414,23.257,23.861,23.278,24.322,24.059,23.203,23.818,23.982,22.485,21.406,20.506,21.077,21.944,23.001,23.403,22.876,19.932,20.299,21.101,19.564,20.547,20.756,21.192,21.475,21.306,20.498,19.62,20.427,20.322,19.948,20.219,20.765,20.387,19.414,20.046,20.17,20.502,20.628,20.594,19.938,18.27,18.36,18.917,18.722,18.252,17.841,27.895,27.636,29.528,29.696,28.945,27.94,28.395,27.422,27.116,29.399,29.417,29.912,29.466,29.268,28.693,27.897,28.875,28.69,28.026,28.793,29.113,27.771,26.417,27.942,28.182,26.962,26.351,25.63,24.876,25.062,26.721,24.953,24.583,24.913,25.817,26.53,25.078,25.377,26.303,27.058,27.659,28.68,27.578,26.748,27.833,27.339,28.52,28.795,28.564,27.846,27.656,28.549,28.774,27.467,27.277,28.125,28.199,27.54,28.19,29.542,30.049,30.332,25.861,25.403,24.619,24.199,24.681,24.295,22.949,22.572,22.232,21.186,22.405,23.394,24.158,25.087,24.319,22.85,21.133,21.789,22.292,23.129,23.439,23.037,22.106,20.519,21.9,23.0,23.334,23.299,23.572,23.247,17.217,17.083,17.814,18.265,18.486,18.682,18.979,18.914,19.203,19.468,19.829,19.947,19.978,19.81,19.171,19.3,18.769,19.456,19.67,19.719,19.457,18.725,18.615,18.19,18.818,19.411,19.474,19.611,18.855,19.118,19.437,19.737,19.609,19.723,19.369,18.752,19.127,19.302,19.374,19.254,18.571,17.426,15.814,15.505,16.581,17.066,17.504,17.751,18.133,17.527,17.912,18.318,18.465,18.721,18.326,17.809,16.599,16.648,16.891,16.946,16.532,20.512,20.138,19.496,19.699,19.574,20.442,21.026,21.369,21.099,20.386,21.426,21.806,21.848,21.636,21.919,21.881,20.765,20.93,21.768,22.238,22.385,22.939,22.362,21.327,22.101,22.537,22.483,22.265,22.698,23.027,22.25,22.559,22.967,23.561,23.541,23.616,23.006,22.007,22.755,22.731,23.129,23.267,23.607,23.934,22.862,23.064,23.854,24.095,24.113,24.229,24.405,23.881,23.96,24.298,24.149,22.523,21.049,21.73,22.373,21.806,22.092,22.118,23.553,23.873,24.637,24.565,24.0,24.159,24.577,25.183,24.839,24.878,24.995,23.837,24.971,25.387,25.064,25.007,25.344,25.179,24.519,25.204,25.437,25.353,25.775,25.986,25.474,24.935,26.009,25.735,22.731,17.549,17.615,17.976,17.803,17.108,17.455,16.482,16.082,16.691,17.656,17.863,17.41,18.321,18.41,18.362,17.963,16.973,16.054,14.905,16.049,16.67,17.111,17.457,17.555,17.965,17.278,17.936,18.147,18.239,18.15,17.459,20.101,19.84,20.7,21.566,21.641,21.775,22.099,21.607,21.057,21.935,22.372,22.535,22.811,22.584,22.368,21.553,22.12,22.721,22.492,22.206,21.753,21.158,19.441,20.688,21.66,21.683,21.875,21.847,21.024,19.174,20.234,21.015,21.883,21.932,22.625,22.955,22.105,23.011,23.767,24.031,24.398,24.222,23.868,22.608,23.035,23.9,24.521,23.922,24.995,24.725,23.845,24.476,24.645,23.107,21.998,21.073,21.66,22.551,23.637,24.05,23.508,19.932,20.299,21.101,19.564,20.547,20.756,21.192,21.475,21.306,20.498,19.62,20.427,20.322,19.948,20.219,20.765,20.387,19.414,20.046,20.17,20.502,20.628,20.594,19.938,18.27,18.36,18.917,18.722,18.252,17.841,21.471,21.272,22.728,22.857,22.279,21.505,21.856,21.106,20.871,22.628,22.642,23.023,22.68,22.528,22.085,21.472,22.225,22.083,21.572,22.162,22.409,21.375,20.334,21.507,21.692,20.753,20.283,19.727,19.147,19.29,20.568,20.442,20.139,20.41,21.15,21.734,20.544,20.79,21.548,22.167,22.659,23.496,22.593,21.913,22.801,22.397,23.364,23.59,23.4,22.813,22.657,23.388,23.572,22.502,22.346,23.04,23.101,22.562,23.094,24.202,24.617,24.849,22.62,22.22,21.534,21.167,21.588,21.25,20.073,19.744,19.446,18.531,19.597,20.463,21.13,21.944,21.271,19.987,18.484,19.059,19.498,20.231,20.502,20.15,19.336,17.948,19.156,20.118,20.41,20.379,20.619,20.334,17.217,17.083,17.814,18.265,18.486,18.682,18.979,18.914,19.203,19.468,19.829,19.947,19.978,19.81,19.171,19.3,18.769,19.456,19.67,19.719,19.457,18.725,18.615,18.19,18.818,19.411,19.474,19.611,18.855,19.118,19.437,19.737,19.609,19.723,19.369,18.752,19.127,19.302,19.374,19.254,18.571,17.426,15.814,15.505,16.581,17.066,17.504,17.751,18.133,17.527,17.912,18.318,18.465,18.721,18.326,17.809,16.599,16.648,16.891,16.946,16.532,20.512,20.138,19.496,19.699,19.574,20.442,21.026,21.369,21.099,20.386,21.426,21.806,21.848,21.636,21.919,21.881,20.765,20.93,21.768,22.238,22.385,22.939,22.362,21.327,22.101,22.537,22.483,22.265,22.698,23.027,22.25
Guntur_153,20.871,21.014,21.41,21.463,20.666,20.784,21.236,21.265,20.84,20.607,20.983,20.991,21.247,20.87,20.262,20.152,21.092,20.999,20.15,21.008,21.16,20.688,20.92,21.426,21.659,20.669,21.334,21.646,21.811,21.957,21.777,19.705,18.759,19.359,19.861,19.863,19.846,20.068,19.378,18.952,19.277,19.366,19.566,20.259,20.226,20.425,19.569,20.049,20.46,20.375,19.932,19.24,19.404,18.893,19.528,19.874,20.091,19.85,19.733,19.51,17.133,17.62,17.815,17.535,17.258,17.364,17.6,17.083,16.956,15.724,16.337,17.331,17.437,17.324,16.658,17.239,17.787,17.713,19.633,19.345,18.66,18.36,18.035,18.768,19.434,19.649,19.571,19.468,18.863,18.369,18.329,17.334,17.717,17.839,17.726,17.038,17.895,17.982,17.89,18.006,18.141,17.804,17.38,18.37,18.033,17.905,17.382,17.255,17.087,16.513,17.546,17.639,17.204,17.477,17.659,17.489,17.148,17.781,17.8,17.832,17.525,18.077,18.12,17.856,18.378,18.308,18.533,19.025,19.003,18.886,18.136,17.846,17.997,17.93,17.785,17.886,17.678,17.734,16.602,17.383,17.905,17.352,17.116,17.565,17.84,17.055,17.461,17.758,18.266,18.216,17.801,17.388,16.691,16.902,16.856,17.317,17.185,17.292,16.966,18.035,18.359,18.596,18.368,18.417,17.881,17.27,18.141,18.125,18.409,18.661,18.278,18.16,17.457,18.458,18.935,18.699,18.695,18.058,17.673,17.137,17.945,18.842,0.0,0.0,0.0,0.0,0.0,0.0,0.0,0.0,0.0,0.0,0.0,0.0,0.0,0.0,0.0,0.0,0.0,0.0,0.0,0.0,0.0,0.0,0.0,0.0,0.0,0.0,0.0,0.0,0.0,0.0,0.0,0.0,0.0,0.0,0.0,0.0,0.0,0.0,0.0,0.0,0.0,0.0,0.0,0.0,0.0,0.0,0.0,0.0,0.0,0.0,0.0,0.0,0.0,0.0,0.0,0.0,0.0,0.0,0.0,0.0,0.0,0.0,13.383,13.429,13.434,13.694,13.8,13.077,13.218,13.586,14.194,13.994,13.811,13.369,12.962,13.106,13.327,13.515,13.259,13.162,13.517,12.922,13.154,12.975,12.745,13.15,13.214,12.626,12.209,13.149,13.429,13.318,12.418,12.34,12.704,12.308,12.538,12.914,13.344,13.529,13.533,13.133,12.409,12.537,12.732,12.186,12.397,12.536,12.817,12.485,12.778,12.791,12.742,12.499,12.185,12.168,11.547,11.78,12.388,12.631,12.915,13.157,13.052,18.514,19.16,19.366,19.302,19.106,19.536,19.252,18.478,18.857,18.792,18.659,18.986,18.64,16.967,16.484,16.606,17.696,18.206,18.516,18.656,18.508,18.197,19.083,19.006,18.485,17.417,17.455,17.797,18.112,18.747,17.708,17.968,17.782,17.955,17.846,17.075,17.416,17.716,17.398,17.678,17.83,17.489,17.02,17.502,17.975,17.992,18.16,18.413,18.102,17.847,18.327,18.78,19.018,18.734,18.707,18.998,18.277,18.824,19.025,18.922,18.924,17.856,17.336,16.734,17.192,17.328,17.396,17.161,17.367,17.03,16.967,17.656,17.753,17.69,17.483,17.516,17.867,17.651,17.838,18.433,18.799,19.122,19.024,18.73,18.074,18.237,17.61,18.075,18.301,18.648,18.61,18.063,17.058,17.268,17.406,17.086,17.149,17.023,16.546,16.727,17.116,17.44,17.519,17.529,17.448,17.035,17.309,17.309,17.248,17.093,16.902,16.907,16.624,17.271,17.554,17.815,17.874,17.992,17.907,17.623,19.599,19.699,19.633,19.56,19.999,19.885,19.11,19.558,19.932,20.144,19.938,19.252,18.903,18.893,19.599,19.744,20.043,20.337,20.276,20.061,19.426,19.632,19.143,19.6,19.914,19.638,19.737,18.996,17.909,18.205,19.053,20.454,20.978,21.144,20.691,21.243,21.235,21.254,21.749,21.539,21.489,20.717,21.386,21.523,20.726,20.815,20.987,20.477,20.335,20.738,21.125,20.452,20.048,19.841,20.154,19.75,20.493,20.801,20.713,20.8,20.678,17.922,17.586,17.693,17.778,17.435,17.634,18.009,17.88,17.496,17.837,17.403,16.835,16.348,16.901,16.776,15.525,15.607,15.249,15.285,15.174,15.386,15.917,16.245,16.614,16.349,16.043,16.105,16.719,17.115,16.142,16.945,15.309,16.482,16.803,16.854,16.452,15.69,16.167,15.907,15.861,15.519,15.005,14.968,14.241,15.525,15.601,15.999,16.105,16.219,15.532,14.744,15.973,16.577,17.487,16.799,16.726,16.265,16.658,17.901,18.506,18.109,26.218,25.313,25.387,25.697,27.162,27.669,27.472,26.949,26.549,27.033,25.222,24.949,24.68,24.35,24.769,25.953,26.186,23.756,21.954,21.979,21.525,22.166,23.341,22.844,22.484,23.216,23.01,21.666,22.087,21.973,21.641,0.0,0.0,0.0,0.0,0.0,0.0,0.0,0.0,0.0,0.0,0.0,0.0,0.0,0.0,0.0,0.0,0.0,0.0,0.0,0.0,0.0,0.0,0.0,0.0,0.0,0.0,0.0,0.0,0.0,0.0,0.0,0.0,0.0,0.0,0.0,0.0,0.0,0.0,0.0,0.0,0.0,0.0,0.0,0.0,0.0,0.0,0.0,0.0,0.0,0.0,0.0,0.0,0.0,0.0,0.0,0.0,0.0,0.0,0.0,0.0,0.0,18.458,17.791,17.358,18.157,18.55,18.919,18.927,19.115,18.839,18.243,19.109,19.309,19.342,19.069,18.474,18.711,17.729,17.309,18.067,18.239,18.124,18.013,18.248,17.144,17.841,17.991,17.948,17.817,18.047,17.865,17.578,18.219,18.218,18.015,16.642,16.12,17.24,16.901,17.815,18.296,18.94,18.421,18.817,18.677,18.372,18.618,18.587,18.799,18.964,18.484,18.495,17.704,18.723,19.008,19.121,18.949,18.806,18.544,17.539,17.867,17.949,17.472,16.978,17.316,17.352,16.983,17.547,17.896,17.847,18.041,17.765,17.609,16.88,17.71,18.296,18.244,18.068,17.975,17.948,17.05,18.275,18.82,19.145,19.336,19.478,19.284,18.706,19.102,18.709,18.256,18.067,18.379,17.561,16.891,17.841,18.331,18.61,18.256,18.18,17.548,16.758,17.317,17.416,17.501,17.849,17.511,17.071,17.063,17.878,18.432,18.444,18.355,18.522,17.534,17.251,18.209,18.318,17.737,18.039,18.298,18.372,18.353,18.69,18.694,18.768,18.048,18.358,18.579,18.313,18.637,19.153,18.809,18.411,18.513,18.468,18.244,18.363,18.489,18.756,18.595,18.691,18.528,18.219,18.688,18.633,18.656,19.181,18.775,18.471,17.781,18.567,17.24,16.887,16.788,17.257,17.535,17.106,17.039,17.163,17.333,17.639,17.87,17.827,17.391,17.78,17.897,18.141,18.073,17.067,17.19,17.527,18.023,18.171,18.273,18.439,18.361,18.237,17.672,18.0,18.17,18.506,18.618,18.584,18.564,17.988,18.628,18.82,18.473,18.767,18.659,18.729,18.138,18.502,18.772,18.81,18.627,18.434,18.7,17.846,18.332,18.654,18.515,18.586,18.628,18.605,18.016,18.646,18.868,19.06,18.934,18.764,18.279,18.215,18.664,18.6,19.042,19.023,19.527,19.407,18.538,18.823,18.532,18.616,18.592,18.417,18.238,17.736,18.455,18.897,19.426,19.239,18.436,16.812,15.623,15.435,16.803,18.055,18.17,17.897,17.742,17.59,18.575,18.844,17.462,17.638,17.617,17.419,16.993,17.461,17.577,17.205,17.042,17.457,17.282,16.779,17.603,17.851,17.373,16.986,16.739,16.337,15.164,15.208,15.337,16.557,17.2,17.0,16.663,16.178,17.12,17.362,16.669,15.52,15.356,15.616,15.22,16.362,16.432,16.413,16.467,16.157,15.481,14.502,15.053,15.088,15.323,15.096,15.133,15.164,14.507,15.607,15.847,15.566,14.612,15.053,14.666,13.63,14.666,15.627,15.806,15.683,15.961,15.441,14.522,18.632,19.107,19.895,19.88,19.187,18.62,17.712,18.148,18.129,18.121,17.078,18.005,18.688,17.421,16.521,17.694,18.714,19.357,19.125,18.883,18.069,19.052,19.531,19.355,19.678,20.321,19.657,18.822,20.184,20.711,20.576,20.869,21.068,20.96,19.729,20.737,21.064,21.149,20.863,20.321,19.808,18.497,18.791,18.87,18.881,18.593,17.667,18.268,18.401,19.438,19.405,19.166,18.367,18.075,17.837,17.896,19.482,19.632,19.566,19.846,19.898,18.961,18.112,19.219,19.798,18.768,19.039,18.946,19.056,18.42,19.005,18.832,19.154,19.174,19.014,18.739,18.092,19.535,19.724,19.757,19.693,19.441,18.926,17.799,16.786,16.435,17.61,18.582,18.963,19.06,18.535,18.729,16.716,16.931,16.784,17.055,16.996,16.644,16.887,17.019,17.024,17.016,17.033,16.523,16.119,16.242,16.671,16.922,17.047,17.198,17.252,16.582,17.189,17.431,17.391,17.384,17.388,17.404,17.021,17.458,17.244,17.263,18.762,19.038,19.071,18.403,18.793,19.225,19.454,18.982,18.843,18.115,17.633,18.563,18.593,18.705,19.054,19.436,19.579,19.142,19.894,19.96,19.805,19.887,20.213,20.082,19.395,19.786,20.16,20.48,20.554,20.318,20.103,19.847,20.385,20.302,19.961,20.212,20.36,20.479,20.293,20.621,20.65,20.837,20.89,21.01,20.265,19.458,20.007,20.413,20.8,20.616,20.872,20.626,20.028,20.179,20.536,20.382,19.048,19.663,20.246,19.733,19.992,20.015,17.39,17.626,18.19,18.137,17.72,17.837,18.146,18.594,18.339,18.369,18.454,17.599,18.437,18.744,18.506,18.464,18.713,18.591,18.103,18.609,18.781,18.719,19.031,19.186,18.809,18.41,19.204,19.001,23.501,23.589,24.073,23.842,22.911,23.375,22.073,21.536,22.352,23.644,23.921,23.315,24.534,24.654,24.59,24.056,22.73,21.5,19.961,21.492,22.323,22.914,23.378,23.51,24.058,23.139,24.02,24.302,24.425,24.307,23.381,19.654,19.399,20.24,21.086,21.16,21.291,21.608,21.126,20.589,21.447,21.874,22.033,22.303,22.082,21.87,21.073,21.628,22.215,21.992,21.712,21.269,20.687,19.009,20.228,21.178,21.201,21.388,21.361,20.557,18.747,19.689,20.449,21.294,21.342,22.016,22.337,21.51,22.391,23.127,23.384,23.741,23.57,23.225,21.999,22.414,23.257,23.861,23.278,24.322,24.059,23.203,23.818,23.982,22.485,21.406,20.506,21.077,21.944,23.001,23.403,22.876,19.932,20.299,21.101,19.564,20.547,20.756,21.192,21.475,21.306,20.498,19.62,20.427,20.322,19.948,20.219,20.765,20.387,19.414,20.046,20.17,20.502,20.628,20.594,19.938,18.27,18.36,18.917,18.722,18.252,17.841,27.895,27.636,29.528,29.696,28.945,27.94,28.395,27.422,27.116,29.399,29.417,29.912,29.466,29.268,28.693,27.897,28.875,28.69,28.026,28.793,29.113,27.771,26.417,27.942,28.182,26.962,26.351,25.63,24.876,25.062,26.721,24.953,24.583,24.913,25.817,26.53,25.078,25.377,26.303,27.058,27.659,28.68,27.578,26.748,27.833,27.339,28.52,28.795,28.564,27.846,27.656,28.549,28.774,27.467,27.277,28.125,28.199,27.54,28.19,29.542,30.049,30.332,25.861,25.403,24.619,24.199,24.681,24.295,22.949,22.572,22.232,21.186,22.405,23.394,24.158,25.087,24.319,22.85,21.133,21.789,22.292,23.129,23.439,23.037,22.106,20.519,21.9,23.0,23.334,23.299,23.572,23.247,17.217,17.083,17.814,18.265,18.486,18.682,18.979,18.914,19.203,19.468,19.829,19.947,19.978,19.81,19.171,19.3,18.769,19.456,19.67,19.719,19.457,18.725,18.615,18.19,18.818,19.411,19.474,19.611,18.855,19.118,19.437,19.737,19.609,19.723,19.369,18.752,19.127,19.302,19.374,19.254,18.571,17.426,15.814,15.505,16.581,17.066,17.504,17.751,18.133,17.527,17.912,18.318,18.465,18.721,18.326,17.809,16.599,16.648,16.891,16.946,16.532,20.512,20.138,19.496,19.699,19.574,20.442,21.026,21.369,21.099,20.386,21.426,21.806,21.848,21.636,21.919,21.881,20.765,20.93,21.768,22.238,22.385,22.939,22.362,21.327,22.101,22.537,22.483,22.265,22.698,23.027,22.25,22.559,22.967,23.561,23.541,23.616,23.006,22.007,22.755,22.731,23.129,23.267,23.607,23.934,22.862,23.064,23.854,24.095,24.113,24.229,24.405,23.881,23.96,24.298,24.149,22.523,21.049,21.73,22.373,21.806,22.092,22.118,23.553,23.873,24.637,24.565,24.0,24.159,24.577,25.183,24.839,24.878,24.995,23.837,24.971,25.387,25.064,25.007,25.344,25.179,24.519,25.204,25.437,25.353,25.775,25.986,25.474,24.935,26.009,25.735,22.731,17.549,17.615,17.976,17.803,17.108,17.455,16.482,16.082,16.691,17.656,17.863,17.41,18.321,18.41,18.362,17.963,16.973,16.054,14.905,16.049,16.67,17.111,17.457,17.555,17.965,17.278,17.936,18.147,18.239,18.15,17.459,20.101,19.84,20.7,21.566,21.641,21.775,22.099,21.607,21.057,21.935,22.372,22.535,22.811,22.584,22.368,21.553,22.12,22.721,22.492,22.206,21.753,21.158,19.441,20.688,21.66,21.683,21.875,21.847,21.024,19.174,20.234,21.015,21.883,21.932,22.625,22.955,22.105,23.011,23.767,24.031,24.398,24.222,23.868,22.608,23.035,23.9,24.521,23.922,24.995,24.725,23.845,24.476,24.645,23.107,21.998,21.073,21.66,22.551,23.637,24.05,23.508,19.932,20.299,21.101,19.564,20.547,20.756,21.192,21.475,21.306,20.498,19.62,20.427,20.322,19.948,20.219,20.765,20.387,19.414,20.046,20.17,20.502,20.628,20.594,19.938,18.27,18.36,18.917,18.722,18.252,17.841,21.471,21.272,22.728,22.857,22.279,21.505,21.856,21.106,20.871,22.628,22.642,23.023,22.68,22.528,22.085,21.472,22.225,22.083,21.572,22.162,22.409,21.375,20.334,21.507,21.692,20.753,20.283,19.727,19.147,19.29,20.568,20.442,20.139,20.41,21.15,21.734,20.544,20.79,21.548,22.167,22.659,23.496,22.593,21.913,22.801,22.397,23.364,23.59,23.4,22.813,22.657,23.388,23.572,22.502,22.346,23.04,23.101,22.562,23.094,24.202,24.617,24.849,22.62,22.22,21.534,21.167,21.588,21.25,20.073,19.744,19.446,18.531,19.597,20.463,21.13,21.944,21.271,19.987,18.484,19.059,19.498,20.231,20.502,20.15,19.336,17.948,19.156,20.118,20.41,20.379,20.619,20.334,17.217,17.083,17.814,18.265,18.486,18.682,18.979,18.914,19.203,19.468,19.829,19.947,19.978,19.81,19.171,19.3,18.769,19.456,19.67,19.719,19.457,18.725,18.615,18.19,18.818,19.411,19.474,19.611,18.855,19.118,19.437,19.737,19.609,19.723,19.369,18.752,19.127,19.302,19.374,19.254,18.571,17.426,15.814,15.505,16.581,17.066,17.504,17.751,18.133,17.527,17.912,18.318,18.465,18.721,18.326,17.809,16.599,16.648,16.891,16.946,16.532,20.512,20.138,19.496,19.699,19.574,20.442,21.026,21.369,21.099,20.386,21.426,21.806,21.848,21.636,21.919,21.881,20.765,20.93,21.768,22.238,22.385,22.939,22.362,21.327,22.101,22.537,22.483,22.265,22.698,23.027,22.25
Guntur_154,13.287,13.378,13.631,13.664,13.157,13.232,13.52,13.538,13.267,13.119,13.359,13.364,13.527,13.286,12.9,12.83,13.428,13.369,12.828,13.374,13.471,13.171,13.319,13.641,13.789,13.159,13.582,13.781,13.886,13.979,13.864,13.144,12.514,12.914,13.248,13.25,13.239,13.387,12.926,12.642,12.859,12.918,13.052,13.514,13.492,13.625,13.054,13.374,13.648,13.592,13.296,12.834,12.944,12.603,13.026,13.258,13.402,13.241,13.163,13.014,12.538,12.895,13.038,12.833,12.63,12.708,12.88,12.502,12.409,11.507,11.956,12.684,12.761,12.679,12.191,12.616,13.018,12.963,14.368,14.158,13.657,13.437,13.199,13.735,14.223,14.38,14.323,14.248,13.805,13.443,13.414,13.006,13.294,13.386,13.3,12.784,13.428,13.493,13.424,13.511,13.612,13.359,13.041,13.784,13.531,13.435,13.043,12.947,12.821,12.391,13.166,13.235,12.909,13.114,13.251,13.123,12.867,13.342,13.356,13.38,13.15,16.155,16.192,15.957,16.423,16.361,16.562,17.002,16.982,16.877,16.207,15.948,16.083,16.023,15.893,15.984,15.798,15.848,14.836,15.534,16.001,15.507,15.296,15.697,15.943,15.241,15.604,15.869,16.324,16.279,15.907,15.538,15.14,15.332,15.29,15.708,15.589,15.686,15.39,16.36,16.653,16.868,16.661,16.706,16.22,15.665,16.455,16.441,16.699,16.928,16.58,16.473,15.836,16.744,17.176,16.962,16.958,16.381,16.031,15.545,16.278,17.092,0.0,0.0,0.0,0.0,0.0,0.0,0.0,0.0,0.0,0.0,0.0,0.0,0.0,0.0,0.0,0.0,0.0,0.0,0.0,0.0,0.0,0.0,0.0,0.0,0.0,0.0,0.0,0.0,0.0,0.0,0.0,0.0,0.0,0.0,0.0,0.0,0.0,0.0,0.0,0.0,0.0,0.0,0.0,0.0,0.0,0.0,0.0,0.0,0.0,0.0,0.0,0.0,0.0,0.0,0.0,0.0,0.0,0.0,0.0,0.0,0.0,0.0,9.741,9.774,9.778,9.967,10.045,9.518,9.621,9.888,10.331,10.185,10.052,9.731,9.435,9.539,9.7,9.837,9.651,9.58,9.838,9.405,9.574,9.444,9.277,9.571,9.618,9.19,8.886,9.571,9.774,9.694,9.587,9.526,9.807,9.501,9.679,9.969,10.301,10.444,10.447,10.138,9.579,9.678,9.828,9.407,9.57,9.677,9.894,9.638,9.865,9.874,9.836,9.648,9.406,9.393,8.914,9.093,9.563,9.75,9.97,10.156,10.076,15.188,15.718,15.887,15.834,15.673,16.027,15.794,15.158,15.47,15.416,15.307,15.575,15.291,13.919,13.523,13.623,14.517,14.935,15.19,15.304,15.183,14.927,15.655,15.592,15.164,14.288,14.319,14.599,14.858,15.379,13.001,13.192,13.055,13.182,13.102,12.536,12.786,13.006,12.773,12.978,13.09,12.84,12.496,12.85,13.197,13.209,13.333,13.518,13.29,13.103,13.455,13.787,13.962,13.754,13.734,13.947,13.418,13.82,13.967,13.892,13.893,16.194,15.722,15.176,15.591,15.715,15.776,15.563,15.75,15.444,15.387,16.012,16.1,16.043,15.855,15.884,16.203,16.007,16.177,16.716,17.048,17.342,17.252,16.986,16.391,16.539,15.97,16.392,16.597,16.911,16.877,16.381,14.846,15.029,15.149,14.871,14.926,14.815,14.401,14.558,14.897,15.179,15.248,15.256,15.186,14.826,15.064,15.065,15.011,14.877,14.71,14.715,14.468,15.032,15.278,15.505,15.557,15.659,15.585,15.338,15.575,15.654,15.602,15.544,15.893,15.802,15.186,15.543,15.84,16.008,15.845,15.299,15.021,15.014,15.575,15.69,15.928,16.161,16.113,15.942,15.438,15.601,15.213,15.576,15.825,15.606,15.685,15.096,14.232,14.467,15.141,14.746,15.124,15.243,14.916,15.314,15.309,15.322,15.679,15.528,15.492,14.935,15.417,15.516,14.941,15.006,15.13,14.762,14.66,14.95,15.229,14.744,14.453,14.304,14.529,14.238,14.774,14.996,14.932,14.995,14.907,18.942,18.588,18.701,18.791,18.428,18.638,19.035,18.898,18.492,18.853,18.395,17.794,17.279,17.863,17.732,16.409,16.496,16.118,16.156,16.038,16.262,16.824,17.17,17.56,17.28,16.957,17.022,17.671,18.09,17.061,17.91,15.36,16.536,16.858,16.909,16.506,15.741,16.22,15.959,15.913,15.57,15.055,15.017,14.287,15.577,15.652,16.052,16.158,16.273,15.583,14.792,16.025,16.632,17.544,16.854,16.781,16.318,16.713,17.96,18.566,18.169,20.869,20.149,20.208,20.455,21.621,22.025,21.868,21.452,21.134,21.519,20.077,19.86,19.645,19.383,19.716,20.659,20.844,18.91,17.475,17.495,17.134,17.644,18.579,18.184,17.897,18.48,18.316,17.247,17.582,17.49,17.226,0.0,0.0,0.0,0.0,0.0,0.0,0.0,0.0,0.0,0.0,0.0,0.0,0.0,0.0,0.0,0.0,0.0,0.0,0.0,0.0,0.0,0.0,0.0,0.0,0.0,0.0,0.0,0.0,0.0,0.0,0.0,0.0,0.0,0.0,0.0,0.0,0.0,0.0,0.0,0.0,0.0,0.0,0.0,0.0,0.0,0.0,0.0,0.0,0.0,0.0,0.0,0.0,0.0,0.0,0.0,0.0,0.0,0.0,0.0,0.0,0.0,18.847,18.165,17.723,18.539,18.941,19.317,19.325,19.517,19.235,18.627,19.511,19.715,19.749,19.47,18.862,19.105,18.102,17.673,18.448,18.622,18.505,18.392,18.632,17.505,18.216,18.37,18.325,18.191,18.426,18.241,17.948,15.946,15.945,15.768,14.566,14.108,15.089,14.793,15.593,16.014,16.577,16.122,16.469,16.347,16.08,16.295,16.268,16.454,16.598,16.178,16.187,15.495,16.387,16.637,16.735,16.585,16.46,16.23,15.351,15.638,15.71,13.568,13.185,13.447,13.475,13.189,13.627,13.898,13.86,14.01,13.796,13.675,13.109,13.754,14.209,14.168,14.031,13.96,13.938,13.241,14.192,14.615,14.868,15.016,15.127,14.975,14.527,14.834,14.529,14.177,14.03,14.273,15.243,14.661,15.486,15.911,16.153,15.846,15.78,15.232,14.546,15.031,15.117,15.19,15.493,15.2,14.817,14.811,15.518,15.999,16.009,15.932,16.077,15.219,14.974,15.805,15.9,15.396,15.658,15.882,15.946,15.931,16.222,16.606,16.671,16.032,16.308,16.503,16.267,16.555,17.013,16.708,16.355,16.445,16.405,16.206,16.311,16.423,16.661,16.518,16.603,16.458,16.183,16.6,16.551,16.572,17.038,16.678,16.408,15.795,16.493,14.502,14.205,14.121,14.516,14.75,14.389,14.332,14.437,14.58,14.838,15.031,14.995,14.629,14.956,15.054,15.259,15.202,14.356,14.46,14.743,15.16,15.285,15.371,15.511,15.445,15.341,14.865,15.141,15.284,15.567,15.661,14.81,14.794,14.334,14.844,14.997,14.721,14.955,14.869,14.925,14.454,14.744,14.959,14.989,14.843,14.69,14.902,14.222,14.609,14.865,14.754,14.811,14.844,14.826,14.357,14.859,15.035,15.189,15.088,14.953,14.566,18.177,18.625,18.561,19.002,18.983,19.486,19.366,18.499,18.783,18.493,18.576,18.553,18.378,18.199,17.699,18.416,18.857,19.385,19.199,18.397,16.777,15.59,15.402,16.768,18.017,18.131,17.859,17.704,17.553,18.536,18.805,29.371,29.668,29.632,29.299,28.583,29.37,29.565,28.938,28.666,29.363,29.069,28.223,29.608,30.025,29.223,28.571,28.156,27.48,25.507,25.581,25.797,27.849,28.93,28.594,28.027,27.211,28.796,29.203,28.037,26.105,25.829,26.266,25.6,27.521,27.639,27.607,27.697,27.177,26.039,24.393,25.32,25.379,25.774,25.392,25.454,25.506,24.402,26.251,26.656,26.182,24.578,25.32,24.668,22.926,24.668,26.286,26.586,26.379,26.847,25.972,24.426,25.256,25.899,26.968,26.947,26.008,25.239,24.009,24.6,24.574,24.562,23.149,24.405,25.331,23.614,22.394,23.984,25.367,26.239,25.923,25.596,24.492,25.825,26.474,26.235,26.674,27.545,26.645,25.514,27.359,28.073,27.891,16.886,17.047,16.959,15.964,16.779,17.043,17.112,16.881,16.442,16.027,14.967,15.205,15.269,15.277,15.044,14.295,14.781,14.889,15.728,15.702,15.508,14.862,14.625,14.432,14.48,15.764,15.885,15.832,16.058,16.1,12.744,12.173,12.917,13.306,12.614,12.796,12.734,12.807,12.38,12.773,12.657,12.873,12.887,12.779,12.595,12.16,13.13,13.257,13.279,13.236,13.066,12.72,11.963,11.282,11.046,11.836,12.489,12.745,12.811,12.457,12.588,14.787,14.977,14.847,15.087,15.034,14.723,14.938,15.055,15.059,15.052,15.067,14.616,14.259,14.367,14.747,14.969,15.08,15.213,15.261,14.668,15.205,15.419,15.384,15.377,15.381,15.396,15.057,15.443,15.253,15.271,15.119,15.341,15.367,14.829,15.143,15.492,15.676,15.296,15.184,14.597,14.208,14.958,14.982,15.073,15.353,15.662,15.777,15.425,16.03,16.084,15.959,16.025,16.287,16.182,15.628,15.943,16.245,16.503,16.562,16.372,16.199,14.087,14.469,14.41,14.168,14.346,14.452,14.536,14.404,14.637,14.658,14.79,14.828,14.913,14.384,13.811,14.201,14.489,14.764,14.633,14.815,14.64,14.216,14.323,14.576,14.467,13.52,13.957,14.371,14.006,14.19,14.207,16.555,16.78,17.316,17.266,16.869,16.98,17.274,17.701,17.458,17.486,17.568,16.754,17.552,17.844,17.617,17.577,17.814,17.698,17.233,17.715,17.879,17.82,18.117,18.265,17.905,17.526,18.281,18.088,15.994,16.054,16.383,16.225,15.592,15.908,15.022,14.657,15.212,16.091,16.28,15.867,16.697,16.779,16.735,16.371,15.469,14.632,13.585,14.626,15.192,15.594,15.91,16.0,16.373,15.747,16.347,16.538,16.622,16.542,15.912,14.883,14.69,15.327,15.968,16.023,16.123,16.363,15.998,15.591,16.241,16.564,16.685,16.889,16.722,16.562,15.958,16.378,16.823,16.654,16.442,16.107,15.666,14.395,15.318,16.038,16.055,16.197,16.176,15.567,14.197,13.653,14.18,14.766,14.8,15.267,15.49,14.916,15.527,16.038,16.216,16.463,16.345,16.106,15.255,15.543,16.128,16.546,16.142,16.866,16.684,16.09,16.516,16.63,15.592,14.844,14.22,14.616,15.217,15.95,16.229,15.863,17.803,18.132,18.848,17.475,18.353,18.539,18.929,19.182,19.031,18.309,17.525,18.246,18.152,17.818,18.06,18.548,18.21,17.341,17.905,18.016,18.313,18.425,18.395,17.809,16.318,16.399,16.897,16.722,16.303,15.936,15.157,15.016,16.044,16.136,15.727,15.181,15.429,14.9,14.734,15.974,15.984,16.253,16.011,15.903,15.591,15.158,15.689,15.589,15.228,15.645,15.819,15.09,14.354,15.182,15.313,14.65,14.318,13.926,13.517,13.618,14.519,13.58,13.379,13.559,14.051,14.439,13.649,13.811,14.315,14.726,15.053,15.609,15.009,14.558,15.148,14.879,15.522,15.672,15.546,15.155,15.052,15.538,15.66,14.949,14.845,15.307,15.347,14.989,15.342,16.078,16.354,16.508,24.029,23.603,22.875,22.485,22.932,22.574,21.323,20.973,20.657,19.685,20.817,21.737,22.446,23.31,22.596,21.231,19.636,20.245,20.713,21.491,21.779,21.405,20.54,19.065,20.349,21.371,21.681,21.648,21.903,21.6,14.126,14.017,14.617,14.987,15.168,15.329,15.573,15.519,15.756,15.973,16.27,16.366,16.392,16.255,15.73,15.836,15.4,15.963,16.139,16.18,15.964,15.364,15.274,14.925,15.44,15.927,15.978,16.091,15.47,15.687,15.948,17.195,17.084,17.183,16.875,16.337,16.664,16.816,16.879,16.774,16.18,15.182,13.778,13.509,14.446,14.869,15.25,15.465,15.798,15.27,15.606,15.959,16.087,16.31,15.966,15.516,14.461,14.504,14.716,14.764,14.403,15.212,14.934,14.459,14.609,14.516,15.16,15.593,15.847,15.647,15.119,15.889,16.171,16.203,16.045,16.255,16.227,15.4,15.522,16.143,16.492,16.601,17.011,16.584,15.816,16.39,16.714,16.674,16.512,16.833,17.077,16.5,18.727,19.065,19.558,19.541,19.604,19.097,18.268,18.889,18.869,19.199,19.314,19.597,19.868,18.978,19.146,19.802,20.002,20.017,20.113,20.259,19.824,19.889,20.17,20.047,18.697,17.474,18.038,18.573,18.101,18.339,18.361,24.406,24.737,25.528,25.454,24.869,25.033,25.466,26.095,25.738,25.779,25.899,24.699,25.875,26.306,25.971,25.912,26.262,26.091,25.406,26.116,26.358,26.271,26.708,26.927,26.397,25.837,26.951,26.666,23.553,14.442,14.496,14.793,14.651,14.079,14.364,13.564,13.234,13.736,14.53,14.7,14.327,15.077,15.15,15.111,14.783,13.968,13.212,12.266,13.207,13.718,14.081,14.366,14.447,14.784,14.219,14.76,14.934,15.009,14.937,14.368,15.931,15.724,16.406,17.092,17.151,17.258,17.515,17.124,16.689,17.384,17.73,17.86,18.078,17.899,17.727,17.082,17.531,18.007,17.826,17.599,17.24,16.768,15.408,16.396,17.167,17.185,17.337,17.314,16.663,15.196,16.468,17.104,17.811,17.851,18.414,18.683,17.991,18.728,19.344,19.559,19.857,19.714,19.426,18.4,18.748,19.452,19.957,19.47,20.343,20.123,19.407,19.921,20.059,18.806,17.904,17.151,17.629,18.354,19.238,19.575,19.133,17.803,18.132,18.848,17.475,18.353,18.539,18.929,19.182,19.031,18.309,17.525,18.246,18.152,17.818,18.06,18.548,18.21,17.341,17.905,18.016,18.313,18.425,18.395,17.809,16.318,16.399,16.897,16.722,16.303,15.936,17.475,17.313,18.498,18.604,18.133,17.503,17.788,17.178,16.987,18.417,18.428,18.739,18.459,18.335,17.975,17.476,18.089,17.973,17.557,18.038,18.238,17.397,16.549,17.505,17.655,16.891,16.508,16.056,15.584,15.7,16.74,16.675,16.428,16.649,17.253,17.729,16.759,16.959,17.578,18.082,18.484,19.166,18.43,17.875,18.6,18.27,19.059,19.243,19.088,18.609,18.482,19.078,19.229,18.356,18.228,18.795,18.844,18.404,18.838,19.742,20.081,20.27,18.784,18.452,17.882,17.577,17.927,17.647,16.669,16.395,16.148,15.389,16.274,16.992,17.547,18.222,17.664,16.597,15.35,15.827,16.192,16.8,17.025,16.733,16.057,14.904,15.908,16.706,16.949,16.923,17.122,16.886,14.126,14.017,14.617,14.987,15.168,15.329,15.573,15.519,15.756,15.973,16.27,16.366,16.392,16.255,15.73,15.836,15.4,15.963,16.139,16.18,15.964,15.364,15.274,14.925,15.44,15.927,15.978,16.091,15.47,15.687,15.948,17.195,17.084,17.183,16.875,16.337,16.664,16.816,16.879,16.774,16.18,15.182,13.778,13.509,14.446,14.869,15.25,15.465,15.798,15.27,15.606,15.959,16.087,16.31,15.966,15.516,14.461,14.504,14.716,14.764,14.403,15.212,14.934,14.459,14.609,14.516,15.16,15.593,15.847,15.647,15.119,15.889,16.171,16.203,16.045,16.255,16.227,15.4,15.522,16.143,16.492,16.601,17.011,16.584,15.816,16.39,16.714,16.674,16.512,16.833,17.077,16.5
Guntur_155,10.416,10.488,10.686,10.712,10.314,10.373,10.599,10.613,10.401,10.285,10.473,10.477,10.604,10.416,10.113,10.058,10.527,10.481,10.057,10.485,10.561,10.325,10.441,10.694,10.81,10.316,10.648,10.803,10.886,10.959,10.869,9.138,8.699,8.977,9.21,9.211,9.203,9.306,8.986,8.788,8.939,8.98,9.073,9.395,9.379,9.472,9.075,9.297,9.488,9.448,9.243,8.922,8.998,8.761,9.056,9.216,9.317,9.205,9.151,9.047,9.669,9.944,10.054,9.896,9.74,9.799,9.932,9.641,9.569,8.874,9.219,9.781,9.84,9.777,9.401,9.729,10.038,9.996,11.08,10.917,10.531,10.362,10.178,10.591,10.967,11.089,11.045,10.987,10.645,10.366,10.344,9.777,9.994,10.063,9.998,9.61,10.094,10.143,10.091,10.157,10.233,10.042,9.803,10.362,10.172,10.099,9.805,9.733,9.638,9.315,9.897,9.949,9.704,9.858,9.961,9.865,9.673,10.03,10.04,10.059,9.885,9.067,9.088,8.956,9.218,9.183,9.296,9.543,9.531,9.473,9.097,8.951,9.027,8.993,8.92,8.971,8.867,8.895,8.327,8.719,8.981,8.703,8.585,8.81,8.948,8.555,8.758,8.907,9.162,9.137,8.928,8.721,7.365,7.458,7.438,7.641,7.583,7.63,7.486,7.958,8.101,8.206,8.105,8.127,7.89,7.62,8.005,7.998,8.123,8.235,8.065,8.013,7.703,8.145,8.355,8.251,8.249,7.968,7.798,7.562,7.918,8.314,0.0,0.0,0.0,0.0,0.0,0.0,0.0,0.0,0.0,0.0,0.0,0.0,0.0,0.0,0.0,0.0,0.0,0.0,0.0,0.0,0.0,0.0,0.0,0.0,0.0,0.0,0.0,0.0,0.0,0.0,0.0,0.0,0.0,0.0,0.0,0.0,0.0,0.0,0.0,0.0,0.0,0.0,0.0,0.0,0.0,0.0,0.0,0.0,0.0,0.0,0.0,0.0,0.0,0.0,0.0,0.0,0.0,0.0,0.0,0.0,0.0,0.0,9.741,9.774,9.778,9.967,10.045,9.518,9.621,9.888,10.331,10.185,10.052,9.731,9.435,9.539,9.7,9.837,9.651,9.58,9.838,9.405,9.574,9.444,9.277,9.571,9.618,9.19,8.886,9.571,9.774,9.694,6.157,6.118,6.299,6.102,6.217,6.403,6.616,6.708,6.71,6.512,6.152,6.216,6.313,6.042,6.147,6.216,6.355,6.19,6.336,6.342,6.318,6.197,6.041,6.033,5.725,5.84,6.142,6.262,6.403,6.523,6.471,8.867,9.177,9.276,9.245,9.151,9.357,9.221,8.85,9.032,9.001,8.937,9.094,8.928,8.127,7.895,7.954,8.476,8.72,8.869,8.935,8.865,8.716,9.14,9.103,8.854,8.342,8.36,8.524,8.675,8.979,10.172,10.321,10.214,10.314,10.251,9.808,10.004,10.176,9.994,10.154,10.242,10.046,9.777,10.054,10.325,10.335,10.432,10.577,10.398,10.252,10.527,10.787,10.924,10.761,10.746,10.913,10.498,10.813,10.928,10.869,10.87,10.022,9.73,9.392,9.649,9.726,9.763,9.631,9.747,9.558,9.522,9.91,9.964,9.928,9.812,9.831,10.028,9.906,10.012,10.345,10.551,10.732,10.677,10.512,10.144,10.236,9.884,10.144,10.272,10.466,10.445,10.138,10.377,10.505,10.589,10.395,10.433,10.356,10.066,10.176,10.413,10.61,10.658,10.664,10.615,10.363,10.53,10.53,10.493,10.399,10.282,10.285,10.113,10.507,10.679,10.838,10.874,10.946,10.894,10.721,9.988,10.038,10.005,9.968,10.192,10.133,9.738,9.967,10.158,10.265,10.161,9.811,9.633,9.628,9.988,10.061,10.214,10.364,10.333,10.223,9.9,10.004,9.755,9.988,10.148,10.007,10.058,9.68,9.126,9.277,9.71,9.851,10.103,10.183,9.964,10.23,10.227,10.236,10.474,10.373,10.349,9.977,10.299,10.365,9.981,10.025,10.107,9.861,9.793,9.987,10.174,9.85,9.655,9.555,9.706,9.512,9.869,10.018,9.975,10.017,9.958,10.92,10.716,10.781,10.833,10.624,10.745,10.974,10.895,10.661,10.869,10.604,10.258,9.961,10.298,10.222,9.46,9.51,9.292,9.314,9.246,9.375,9.699,9.898,10.123,9.962,9.776,9.813,10.187,10.429,9.836,10.325,9.681,10.422,10.625,10.657,10.404,9.921,10.223,10.059,10.029,9.814,9.489,9.465,9.005,9.818,9.865,10.117,10.184,10.256,9.821,9.323,10.1,10.483,11.058,10.623,10.576,10.285,10.534,11.32,11.702,11.451,9.25,8.931,8.957,9.066,9.583,9.762,9.692,9.508,9.367,9.537,8.899,8.802,8.707,8.591,8.739,9.156,9.238,8.381,7.745,7.754,7.594,7.82,8.235,8.059,7.932,8.191,8.118,7.644,7.793,7.752,7.635,0.0,0.0,0.0,0.0,0.0,0.0,0.0,0.0,0.0,0.0,0.0,0.0,0.0,0.0,0.0,0.0,0.0,0.0,0.0,0.0,0.0,0.0,0.0,0.0,0.0,0.0,0.0,0.0,0.0,0.0,0.0,0.0,0.0,0.0,0.0,0.0,0.0,0.0,0.0,0.0,0.0,0.0,0.0,0.0,0.0,0.0,0.0,0.0,0.0,0.0,0.0,0.0,0.0,0.0,0.0,0.0,0.0,0.0,0.0,0.0,0.0,8.86,8.54,8.332,8.715,8.904,9.081,9.085,9.175,9.043,8.757,9.173,9.269,9.284,9.153,8.868,8.981,8.51,8.309,8.673,8.755,8.7,8.646,8.759,8.229,8.564,8.636,8.615,8.552,8.663,8.576,8.438,9.39,9.39,9.285,8.577,8.308,8.886,8.711,9.182,9.43,9.762,9.494,9.698,9.626,9.469,9.596,9.58,9.689,9.774,9.527,9.532,9.125,9.65,9.797,9.855,9.766,9.693,9.558,9.04,9.209,9.251,9.546,9.276,9.461,9.48,9.279,9.587,9.777,9.75,9.857,9.706,9.62,9.222,9.676,9.996,9.968,9.871,9.821,9.806,9.315,9.984,10.282,10.46,10.564,10.642,10.536,10.22,10.436,10.222,9.974,9.871,10.041,9.207,8.856,9.354,9.611,9.757,9.572,9.532,9.201,8.786,9.079,9.131,9.176,9.358,9.181,8.95,8.946,9.374,9.664,9.67,9.624,9.711,9.193,9.045,9.547,9.604,9.3,9.458,9.594,9.632,9.623,9.799,9.992,10.031,9.646,9.812,9.93,9.788,9.961,10.237,10.053,9.841,9.895,9.871,9.751,9.815,9.882,10.025,9.939,9.99,9.903,9.738,9.989,9.959,9.972,10.252,10.035,9.873,9.504,9.924,10.297,10.086,10.026,10.306,10.472,10.216,10.176,10.25,10.352,10.535,10.672,10.647,10.387,10.619,10.689,10.834,10.794,10.193,10.267,10.468,10.764,10.853,10.914,11.013,10.966,10.892,10.555,10.75,10.852,11.053,11.119,10.592,10.58,10.252,10.617,10.726,10.528,10.696,10.634,10.674,10.337,10.545,10.699,10.72,10.616,10.506,10.658,10.171,10.448,10.632,10.552,10.593,10.617,10.604,10.268,10.627,10.753,10.863,10.791,10.694,10.418,10.484,10.742,10.705,10.959,10.948,11.238,11.169,10.669,10.833,10.666,10.714,10.7,10.599,10.496,10.208,10.622,10.876,11.18,11.073,10.61,9.676,8.992,8.883,9.671,10.391,10.457,10.3,10.211,10.124,10.691,10.845,10.363,10.468,10.455,10.338,10.086,10.363,10.432,10.211,10.115,10.361,10.257,9.958,10.447,10.594,10.311,10.081,9.935,9.696,9.0,9.026,9.102,9.826,10.208,10.089,9.889,9.601,10.161,10.304,9.893,9.211,9.114,9.268,9.033,9.711,9.752,9.741,9.773,9.589,9.188,8.607,8.934,8.955,9.094,8.959,8.981,9.0,8.61,9.262,9.405,9.238,8.672,8.934,8.704,8.089,8.704,9.275,9.381,9.308,9.473,9.164,8.619,9.313,9.55,9.944,9.936,9.59,9.306,8.853,9.071,9.061,9.057,8.536,8.999,9.34,8.707,8.257,8.844,9.353,9.675,9.559,9.438,9.031,9.523,9.762,9.674,9.835,10.157,9.825,9.408,10.088,10.351,10.284,11.072,11.178,11.121,10.468,11.002,11.176,11.221,11.069,10.782,10.509,9.814,9.97,10.012,10.018,9.865,9.374,9.693,9.763,10.313,10.296,10.169,9.745,9.59,9.464,9.495,10.337,10.416,10.381,10.53,10.557,9.07,8.664,9.194,9.471,8.978,9.107,9.063,9.115,8.811,9.091,9.009,9.162,9.172,9.095,8.964,8.655,9.345,9.435,9.451,9.421,9.3,9.054,8.514,8.03,7.862,8.424,8.889,9.071,9.118,8.866,8.959,10.608,10.744,10.651,10.823,10.785,10.562,10.716,10.8,10.803,10.798,10.809,10.485,10.229,10.307,10.579,10.738,10.818,10.913,10.948,10.523,10.908,11.061,11.036,11.031,11.034,11.045,10.801,11.079,10.943,10.955,10.668,10.824,10.843,10.463,10.685,10.931,11.061,10.792,10.713,10.299,10.025,10.554,10.571,10.635,10.833,11.051,11.132,10.883,11.311,11.348,11.26,11.307,11.492,11.418,11.027,11.249,11.462,11.644,11.686,11.552,11.43,9.39,9.644,9.605,9.444,9.562,9.633,9.689,9.601,9.756,9.77,9.858,9.883,9.94,9.588,9.206,9.466,9.657,9.841,9.754,9.875,9.758,9.475,9.546,9.715,9.643,9.012,9.303,9.578,9.336,9.458,9.469,9.177,9.301,9.599,9.571,9.351,9.413,9.576,9.812,9.678,9.693,9.738,9.287,9.729,9.891,9.765,9.743,9.875,9.81,9.553,9.82,9.911,9.878,10.042,10.125,9.925,9.715,10.134,10.027,10.592,10.632,10.85,10.746,10.326,10.535,9.948,9.707,10.074,10.657,10.781,10.508,11.058,11.112,11.083,10.842,10.244,9.69,8.997,9.686,10.061,10.328,10.537,10.596,10.843,10.429,10.826,10.953,11.008,10.955,10.538,8.829,8.714,9.092,9.472,9.506,9.564,9.707,9.49,9.249,9.635,9.826,9.898,10.019,9.92,9.825,9.467,9.716,9.98,9.879,9.754,9.555,9.293,8.539,9.087,9.514,9.524,9.608,9.596,9.235,8.422,8.46,8.787,9.15,9.17,9.46,9.598,9.242,9.621,9.937,10.048,10.201,10.128,9.979,9.453,9.631,9.993,10.253,10.002,10.451,10.338,9.97,10.234,10.305,9.661,9.198,8.811,9.057,9.429,9.883,10.056,9.829,8.663,8.822,9.171,8.503,8.93,9.021,9.21,9.333,9.26,8.909,8.527,8.878,8.832,8.67,8.787,9.025,8.861,8.437,8.712,8.766,8.91,8.965,8.95,8.665,7.94,7.979,8.222,8.137,7.933,7.754,0.0,0.0,0.0,0.0,0.0,0.0,0.0,0.0,0.0,0.0,0.0,0.0,0.0,0.0,0.0,0.0,0.0,0.0,0.0,0.0,0.0,0.0,0.0,0.0,0.0,0.0,0.0,0.0,0.0,0.0,0.0,13.58,13.379,13.559,14.051,14.439,13.649,13.811,14.315,14.726,15.053,15.609,15.009,14.558,15.148,14.879,15.522,15.672,15.546,15.155,15.052,15.538,15.66,14.949,14.845,15.307,15.347,14.989,15.342,16.078,16.354,16.508,9.044,8.884,8.61,8.463,8.631,8.496,8.025,7.894,7.774,7.409,7.835,8.181,8.448,8.773,8.504,7.991,7.39,7.62,7.796,8.088,8.197,8.056,7.731,7.176,7.659,8.043,8.16,8.148,8.243,8.13,9.577,9.503,9.909,10.16,10.283,10.392,10.557,10.521,10.682,10.829,11.03,11.095,11.113,11.02,10.664,10.736,10.44,10.822,10.941,10.969,10.823,10.416,10.355,10.118,10.468,10.798,10.832,10.909,10.488,10.635,10.812,10.422,10.355,10.415,10.228,9.902,10.101,10.193,10.231,10.167,9.807,9.202,8.351,8.188,8.756,9.012,9.243,9.374,9.576,9.255,9.459,9.673,9.751,9.886,9.677,9.405,8.765,8.791,8.919,8.949,8.73,9.242,9.074,8.784,8.876,8.819,9.211,9.474,9.628,9.507,9.185,9.654,9.825,9.844,9.749,9.876,9.859,9.356,9.431,9.808,10.02,10.086,10.335,10.076,9.609,9.958,10.155,10.13,10.032,10.227,10.375,10.025,10.777,10.972,11.256,11.246,11.282,10.991,10.513,10.871,10.859,11.049,11.115,11.278,11.434,10.922,11.019,11.396,11.511,11.52,11.575,11.659,11.409,11.446,11.608,11.537,10.76,10.056,10.381,10.689,10.417,10.554,10.567,10.739,10.885,11.233,11.2,10.943,11.015,11.206,11.482,11.325,11.343,11.396,10.868,11.386,11.575,11.428,11.402,11.556,11.48,11.179,11.492,11.598,11.56,11.752,11.848,11.615,11.369,11.859,11.734,10.364,10.647,10.687,10.906,10.801,10.38,10.59,10.0,9.757,10.126,10.712,10.837,10.562,11.115,11.169,11.14,10.898,10.298,9.74,9.043,9.737,10.113,10.381,10.591,10.651,10.899,10.483,10.882,11.01,11.065,11.012,10.592,9.63,9.505,9.917,10.332,10.368,10.432,10.587,10.351,10.088,10.509,10.718,10.796,10.928,10.82,10.716,10.326,10.598,10.885,10.776,10.639,10.422,10.136,9.314,9.911,10.377,10.388,10.48,10.466,10.072,9.186,8.0,8.308,8.652,8.671,8.945,9.076,8.74,9.098,9.397,9.501,9.646,9.577,9.436,8.938,9.107,9.449,9.695,9.458,9.882,9.775,9.427,9.677,9.744,9.136,8.697,8.332,8.564,8.916,9.345,9.509,9.294,8.663,8.822,9.171,8.503,8.93,9.021,9.21,9.333,9.26,8.909,8.527,8.878,8.832,8.67,8.787,9.025,8.861,8.437,8.712,8.766,8.91,8.965,8.95,8.665,7.94,7.979,8.222,8.137,7.933,7.754,8.489,8.41,8.986,9.037,8.808,8.503,8.641,8.345,8.252,8.947,8.952,9.103,8.967,8.907,8.732,8.489,8.787,8.731,8.529,8.762,8.86,8.451,8.039,8.503,8.576,8.205,8.019,7.8,7.57,7.627,8.132,7.883,7.766,7.87,8.156,8.381,7.922,8.017,8.309,8.548,8.737,9.06,8.712,8.45,8.792,8.637,9.01,9.096,9.023,8.797,8.737,9.019,9.09,8.677,8.617,8.885,8.908,8.7,8.905,9.332,9.493,9.582,16.269,15.981,15.488,15.224,15.527,15.284,14.438,14.2,13.986,13.328,14.095,14.718,15.198,15.783,15.299,14.375,13.295,13.708,14.024,14.551,14.746,14.493,13.907,12.909,13.778,14.47,14.68,14.658,14.83,14.625,9.577,9.503,9.909,10.16,10.283,10.392,10.557,10.521,10.682,10.829,11.03,11.095,11.113,11.02,10.664,10.736,10.44,10.822,10.941,10.969,10.823,10.416,10.355,10.118,10.468,10.798,10.832,10.909,10.488,10.635,10.812,10.422,10.355,10.415,10.228,9.902,10.101,10.193,10.231,10.167,9.807,9.202,8.351,8.188,8.756,9.012,9.243,9.374,9.576,9.255,9.459,9.673,9.751,9.886,9.677,9.405,8.765,8.791,8.919,8.949,8.73,9.242,9.074,8.784,8.876,8.819,9.211,9.474,9.628,9.507,9.185,9.654,9.825,9.844,9.749,9.876,9.859,9.356,9.431,9.808,10.02,10.086,10.335,10.076,9.609,9.958,10.155,10.13,10.032,10.227,10.375,10.025
Guntur_156,6.77,6.816,6.945,6.962,6.703,6.742,6.888,6.898,6.76,6.684,6.806,6.809,6.892,6.769,6.572,6.537,6.842,6.811,6.536,6.814,6.864,6.711,6.786,6.95,7.025,6.704,6.92,7.021,7.075,7.122,7.064,7.119,6.778,6.995,7.176,7.177,7.17,7.251,7.001,6.847,6.965,6.997,7.069,7.32,7.308,7.38,7.07,7.244,7.392,7.362,7.201,6.951,7.011,6.826,7.055,7.181,7.259,7.172,7.13,7.049,6.719,6.91,6.986,6.877,6.768,6.81,6.902,6.699,6.649,6.166,6.407,6.797,6.838,6.794,6.533,6.76,6.976,6.946,7.699,7.587,7.318,7.2,7.073,7.36,7.621,7.706,7.675,7.635,7.397,7.204,7.188,7.884,8.059,8.114,8.062,7.75,8.14,8.179,8.137,8.19,8.252,8.098,7.905,8.355,8.202,8.144,7.906,7.848,7.772,7.511,7.981,8.023,7.825,7.949,8.032,7.955,7.8,8.088,8.096,8.111,7.971,7.185,7.202,7.097,7.305,7.277,7.366,7.562,7.553,7.507,7.209,7.093,7.154,7.127,7.069,7.109,7.027,7.049,6.599,6.909,7.117,6.897,6.803,6.982,7.091,6.779,6.94,7.058,7.26,7.24,7.075,6.911,6.367,6.448,6.43,6.606,6.556,6.597,6.472,6.88,7.004,7.094,7.007,7.026,6.821,6.588,6.92,6.914,7.023,7.119,6.973,6.928,6.66,7.042,7.224,7.133,7.132,6.889,6.742,6.538,6.846,7.188,0.0,0.0,0.0,0.0,0.0,0.0,0.0,0.0,0.0,0.0,0.0,0.0,0.0,0.0,0.0,0.0,0.0,0.0,0.0,0.0,0.0,0.0,0.0,0.0,0.0,0.0,0.0,0.0,0.0,0.0,0.0,0.0,0.0,0.0,0.0,0.0,0.0,0.0,0.0,0.0,0.0,0.0,0.0,0.0,0.0,0.0,0.0,0.0,0.0,0.0,0.0,0.0,0.0,0.0,0.0,0.0,0.0,0.0,0.0,0.0,0.0,0.0,8.48,8.509,8.512,8.677,8.744,8.286,8.376,8.609,8.994,8.867,8.751,8.471,8.213,8.304,8.444,8.564,8.402,8.34,8.565,8.188,8.335,8.221,8.076,8.332,8.373,8.0,7.736,8.332,8.509,8.439,5.551,5.516,5.679,5.502,5.605,5.772,5.965,6.047,6.049,5.87,5.547,5.604,5.691,5.447,5.542,5.604,5.729,5.581,5.712,5.718,5.696,5.587,5.446,5.439,5.162,5.265,5.537,5.646,5.773,5.881,5.834,7.54,7.803,7.887,7.86,7.781,7.956,7.84,7.525,7.679,7.653,7.599,7.732,7.591,6.91,6.713,6.763,7.207,7.414,7.541,7.597,7.537,7.41,7.772,7.74,7.528,7.093,7.108,7.248,7.376,7.635,7.638,7.751,7.67,7.745,7.698,7.365,7.512,7.642,7.505,7.625,7.691,7.544,7.342,7.55,7.753,7.761,7.833,7.942,7.808,7.698,7.905,8.101,8.203,8.081,8.069,8.195,7.884,8.119,8.206,8.162,8.163,7.406,7.19,6.941,7.13,7.187,7.215,7.117,7.203,7.063,7.037,7.323,7.363,7.337,7.251,7.265,7.411,7.321,7.398,7.645,7.797,7.931,7.89,7.768,7.496,7.564,7.304,7.497,7.591,7.734,7.719,7.492,7.673,7.767,7.829,7.686,7.714,7.657,7.443,7.524,7.699,7.845,7.88,7.885,7.848,7.662,7.786,7.786,7.758,7.689,7.603,7.605,7.478,7.769,7.896,8.013,8.04,8.093,8.055,7.927,8.287,8.329,8.301,8.271,8.456,8.408,8.08,8.27,8.428,8.517,8.43,8.14,7.992,7.988,8.287,8.348,8.475,8.599,8.573,8.482,8.214,8.301,8.094,8.287,8.42,8.303,8.345,8.032,7.572,7.697,8.056,8.367,8.581,8.649,8.464,8.689,8.686,8.694,8.897,8.811,8.79,8.475,8.748,8.804,8.478,8.515,8.585,8.376,8.318,8.483,8.641,8.366,8.201,8.116,8.244,8.079,8.383,8.509,8.473,8.508,8.458,7.7,7.555,7.601,7.638,7.49,7.576,7.737,7.682,7.516,7.663,7.477,7.233,7.023,7.261,7.208,6.67,6.705,6.551,6.567,6.519,6.61,6.838,6.979,7.138,7.024,6.892,6.919,7.183,7.353,6.935,7.28,6.087,6.553,6.681,6.701,6.541,6.238,6.428,6.324,6.306,6.17,5.966,5.951,5.662,6.173,6.203,6.361,6.403,6.449,6.175,5.862,6.351,6.591,6.953,6.679,6.65,6.467,6.623,7.117,7.358,7.2,9.25,8.931,8.957,9.066,9.583,9.762,9.692,9.508,9.367,9.537,8.899,8.802,8.707,8.591,8.739,9.156,9.238,8.381,7.745,7.754,7.594,7.82,8.235,8.059,7.932,8.191,8.118,7.644,7.793,7.752,7.635,14.115,15.415,15.842,16.102,16.658,16.893,17.444,17.338,17.675,17.702,17.734,17.983,18.136,17.684,17.234,16.203,18.464,18.157,17.678,17.548,17.21,16.474,17.177,17.295,17.376,17.523,17.762,17.604,16.967,17.255,17.144,0.0,0.0,0.0,0.0,0.0,0.0,0.0,0.0,0.0,0.0,0.0,0.0,0.0,0.0,0.0,0.0,0.0,0.0,0.0,0.0,0.0,0.0,0.0,0.0,0.0,0.0,0.0,0.0,0.0,0.0,7.457,7.187,7.012,7.335,7.494,7.643,7.646,7.722,7.61,7.37,7.72,7.8,7.813,7.703,7.463,7.559,7.162,6.992,7.299,7.368,7.322,7.277,7.372,6.926,7.207,7.268,7.25,7.197,7.29,7.217,7.101,7.734,7.733,7.647,7.064,6.843,7.318,7.175,7.563,7.767,8.04,7.819,7.988,7.928,7.799,7.903,7.89,7.98,8.05,7.846,7.851,7.515,7.948,8.069,8.117,8.044,7.983,7.872,7.445,7.584,7.619,8.186,7.954,8.113,8.13,7.957,8.221,8.384,8.361,8.452,8.323,8.25,7.908,8.297,8.572,8.548,8.465,8.422,8.409,7.988,8.562,8.817,8.969,9.059,9.126,9.035,8.764,8.949,8.765,8.553,8.464,8.611,7.868,7.567,7.993,8.213,8.337,8.179,8.145,7.862,7.508,7.758,7.802,7.84,7.997,7.845,7.648,7.644,8.009,8.258,8.263,8.223,8.298,7.855,7.728,8.158,8.207,7.946,8.082,8.197,8.231,8.222,8.373,8.063,8.095,7.784,7.919,8.014,7.899,8.039,8.261,8.113,7.941,7.985,7.966,7.869,7.92,7.975,8.09,8.021,8.062,7.992,7.858,8.061,8.037,8.047,8.273,8.098,7.967,7.669,8.008,8.459,8.286,8.237,8.467,8.604,8.394,8.361,8.421,8.505,8.655,8.768,8.747,8.533,8.724,8.782,8.901,8.868,8.374,8.435,8.6,8.843,8.916,8.966,9.048,9.009,8.949,8.671,8.832,8.916,9.081,9.135,9.373,9.363,9.072,9.395,9.492,9.317,9.465,9.411,9.446,9.148,9.332,9.468,9.487,9.395,9.297,9.432,9.001,9.246,9.408,9.338,9.374,9.395,9.384,9.087,9.404,9.516,9.613,9.55,9.464,9.219,8.239,8.442,8.413,8.613,8.605,8.833,8.778,8.385,8.514,8.382,8.42,8.409,8.33,8.249,8.023,8.348,8.548,8.787,8.702,8.339,7.605,7.067,6.982,7.601,8.167,8.218,8.095,8.025,7.956,8.402,8.524,7.382,7.457,7.448,7.364,7.184,7.382,7.431,7.273,7.205,7.38,7.306,7.094,7.442,7.547,7.345,7.181,7.077,6.907,6.411,6.43,6.484,7.0,7.271,7.187,7.044,6.839,7.238,7.34,7.047,6.561,6.492,6.602,6.434,6.917,6.947,6.939,6.962,6.831,6.545,6.131,6.364,6.379,6.478,6.382,6.398,6.411,6.133,6.598,6.7,6.581,6.177,6.364,6.2,5.762,6.2,6.607,6.682,6.63,6.748,6.528,6.139,5.583,5.726,5.962,5.957,5.75,5.58,5.308,5.438,5.433,5.43,5.118,5.395,5.6,5.22,4.951,5.302,5.608,5.801,5.731,5.659,5.414,5.709,5.853,5.8,5.897,6.089,5.89,5.64,6.048,6.206,6.166,7.541,7.613,7.574,7.129,7.493,7.611,7.642,7.538,7.343,7.157,6.684,6.79,6.818,6.822,6.718,6.384,6.601,6.649,7.024,7.012,6.925,6.637,6.531,6.445,6.466,7.04,7.094,7.07,7.171,7.19,7.328,7.0,7.428,7.652,7.253,7.358,7.322,7.365,7.119,7.345,7.278,7.403,7.41,7.349,7.243,6.992,7.55,7.623,7.636,7.611,7.514,7.315,6.879,6.488,6.352,6.806,7.182,7.329,7.367,7.163,7.238,7.464,7.56,7.495,7.616,7.589,7.432,7.541,7.6,7.602,7.598,7.606,7.378,7.198,7.252,7.444,7.556,7.612,7.679,7.704,7.405,7.675,7.784,7.766,7.762,7.764,7.772,7.601,7.796,7.7,7.709,8.8,8.929,8.945,8.631,8.814,9.017,9.124,8.903,8.838,8.496,8.27,8.707,8.72,8.773,8.937,9.116,9.183,8.978,9.331,9.362,9.289,9.327,9.48,9.419,9.097,9.28,9.455,9.606,9.64,9.529,9.429,7.853,8.066,8.033,7.898,7.998,8.057,8.104,8.03,8.16,8.171,8.245,8.266,8.314,8.019,7.7,7.917,8.077,8.231,8.158,8.259,8.161,7.925,7.985,8.126,8.065,7.537,7.781,8.011,7.808,7.911,7.92,7.746,7.851,8.102,8.078,7.893,7.945,8.082,8.282,8.168,8.181,8.22,7.839,8.212,8.349,8.242,8.224,8.335,8.28,8.063,8.288,8.365,8.338,8.476,8.546,8.377,8.2,8.553,8.463,7.965,7.995,8.159,8.081,7.765,7.922,7.481,7.299,7.576,8.014,8.108,7.902,8.315,8.356,8.334,8.153,7.704,7.287,6.765,7.284,7.566,7.766,7.924,7.968,8.154,7.842,8.141,8.236,8.278,8.238,7.924,7.519,7.421,7.743,8.067,8.095,8.145,8.266,8.082,7.876,8.205,8.368,8.429,8.532,8.448,8.367,8.062,8.274,8.499,8.413,8.306,8.137,7.914,7.272,7.739,8.102,8.111,8.182,8.172,7.864,7.172,7.159,7.435,7.742,7.759,8.005,8.121,7.82,8.141,8.408,8.502,8.632,8.57,8.444,7.998,8.149,8.456,8.675,8.463,8.843,8.747,8.436,8.66,8.719,8.175,7.783,7.455,7.663,7.978,8.363,8.509,8.317,8.036,8.184,8.507,7.888,8.284,8.368,8.544,8.658,8.59,8.264,7.91,8.236,8.193,8.043,8.152,8.372,8.22,7.827,8.082,8.132,8.266,8.317,8.303,8.039,7.366,7.402,7.627,7.548,7.359,7.193,0.0,0.0,0.0,0.0,0.0,0.0,0.0,0.0,0.0,0.0,0.0,0.0,0.0,0.0,0.0,0.0,0.0,0.0,0.0,0.0,0.0,0.0,0.0,0.0,0.0,0.0,0.0,0.0,0.0,0.0,0.0,0.0,0.0,0.0,0.0,0.0,0.0,0.0,0.0,0.0,0.0,0.0,0.0,0.0,0.0,0.0,0.0,0.0,0.0,0.0,0.0,0.0,0.0,0.0,0.0,0.0,0.0,0.0,0.0,0.0,0.0,0.0,7.792,7.654,7.418,7.291,7.436,7.32,6.915,6.801,6.698,6.383,6.75,7.049,7.279,7.559,7.327,6.885,6.367,6.565,6.717,6.969,7.062,6.941,6.661,6.182,6.599,6.93,7.03,7.02,7.102,7.004,8.156,8.093,8.439,8.653,8.757,8.85,8.991,8.96,9.097,9.222,9.393,9.449,9.464,9.385,9.082,9.143,8.891,9.217,9.318,9.341,9.217,8.871,8.819,8.617,8.914,9.196,9.225,9.29,8.932,9.057,9.208,9.01,8.951,9.003,8.842,8.56,8.732,8.811,8.844,8.789,8.478,7.955,7.219,7.078,7.569,7.791,7.99,8.103,8.278,8.001,8.177,8.362,8.429,8.546,8.366,8.13,7.577,7.6,7.71,7.736,7.547,7.69,7.55,7.309,7.385,7.338,7.664,7.883,8.011,7.91,7.643,8.033,8.175,8.191,8.112,8.218,8.203,7.785,7.847,8.161,8.337,8.392,8.6,8.384,7.996,8.286,8.449,8.429,8.347,8.51,8.633,8.342,8.286,8.436,8.654,8.647,8.674,8.45,8.083,8.358,8.349,8.495,8.546,8.671,8.791,8.397,8.472,8.762,8.85,8.857,8.9,8.964,8.772,8.801,8.925,8.87,8.273,7.732,7.981,8.218,8.01,8.115,8.124,7.776,7.881,8.133,8.11,7.923,7.976,8.114,8.314,8.2,8.213,8.252,7.869,8.244,8.381,8.274,8.256,8.367,8.313,8.094,8.321,8.398,8.37,8.509,8.579,8.41,8.232,8.587,8.496,7.504,8.171,8.202,8.37,8.29,7.966,8.127,7.674,7.488,7.772,8.221,8.317,8.106,8.53,8.572,8.55,8.364,7.903,7.475,6.94,7.473,7.762,7.967,8.128,8.174,8.365,8.045,8.351,8.449,8.492,8.451,8.129,7.716,7.615,7.945,8.278,8.307,8.358,8.482,8.293,8.082,8.419,8.587,8.65,8.755,8.669,8.586,8.273,8.491,8.721,8.633,8.524,8.35,8.121,7.462,7.941,8.314,8.323,8.396,8.386,8.07,7.36,6.524,6.775,7.055,7.071,7.295,7.401,7.127,7.419,7.663,7.748,7.866,7.81,7.695,7.289,7.427,7.706,7.906,7.713,8.059,7.972,7.688,7.892,7.946,7.45,7.092,6.794,6.984,7.271,7.621,7.754,7.58,8.036,8.184,8.507,7.888,8.284,8.368,8.544,8.658,8.59,8.264,7.91,8.236,8.193,8.043,8.152,8.372,8.22,7.827,8.082,8.132,8.266,8.317,8.303,8.039,7.366,7.402,7.627,7.548,7.359,7.193,6.923,6.858,7.328,7.37,7.183,6.934,7.047,6.805,6.729,7.296,7.3,7.423,7.312,7.263,7.121,6.923,7.166,7.12,6.955,7.146,7.225,6.892,6.556,6.934,6.994,6.691,6.539,6.36,6.173,6.22,6.631,7.883,7.766,7.87,8.156,8.381,7.922,8.017,8.309,8.548,8.737,9.06,8.712,8.45,8.792,8.637,9.01,9.096,9.023,8.797,8.737,9.019,9.09,8.677,8.617,8.885,8.908,8.7,8.905,9.332,9.493,9.582,11.297,11.097,10.755,10.571,10.782,10.613,10.025,9.861,9.712,9.255,9.787,10.22,10.553,10.959,10.624,9.982,9.232,9.519,9.738,10.104,10.239,10.064,9.657,8.964,9.567,10.048,10.193,10.178,10.298,10.155,8.156,8.093,8.439,8.653,8.757,8.85,8.991,8.96,9.097,9.222,9.393,9.449,9.464,9.385,9.082,9.143,8.891,9.217,9.318,9.341,9.217,8.871,8.819,8.617,8.914,9.196,9.225,9.29,8.932,9.057,9.208,9.01,8.951,9.003,8.842,8.56,8.732,8.811,8.844,8.789,8.478,7.955,7.219,7.078,7.569,7.791,7.99,8.103,8.278,8.001,8.177,8.362,8.429,8.546,8.366,8.13,7.577,7.6,7.71,7.736,7.547,7.69,7.55,7.309,7.385,7.338,7.664,7.883,8.011,7.91,7.643,8.033,8.175,8.191,8.112,8.218,8.203,7.785,7.847,8.161,8.337,8.392,8.6,8.384,7.996,8.286,8.449,8.429,8.347,8.51,8.633,8.342
Guntur_157,5.438,5.476,5.579,5.593,5.385,5.416,5.534,5.541,5.43,5.37,5.468,5.47,5.537,5.438,5.28,5.251,5.496,5.472,5.251,5.474,5.514,5.391,5.451,5.583,5.644,5.386,5.559,5.641,5.683,5.722,5.675,5.019,4.778,4.931,5.059,5.059,5.055,5.111,4.936,4.827,4.91,4.933,4.984,5.16,5.152,5.202,4.984,5.107,5.211,5.19,5.077,4.901,4.942,4.812,4.974,5.062,5.117,5.056,5.026,4.969,4.921,5.061,5.116,5.036,4.957,4.987,5.055,4.906,4.87,4.516,4.692,4.978,5.008,4.976,4.784,4.951,5.109,5.087,5.639,5.556,5.359,5.273,5.18,5.39,5.581,5.643,5.621,5.591,5.418,5.276,5.264,6.704,6.852,6.9,6.856,6.59,6.921,6.955,6.919,6.964,7.016,6.886,6.722,7.105,6.975,6.925,6.723,6.673,6.608,6.387,6.786,6.822,6.654,6.76,6.83,6.764,6.632,6.877,6.884,6.897,6.778,5.89,5.904,5.818,5.988,5.965,6.038,6.199,6.192,6.153,5.909,5.815,5.864,5.842,5.795,5.828,5.76,5.778,5.409,5.664,5.834,5.654,5.577,5.723,5.813,5.557,5.689,5.786,5.952,5.935,5.8,5.665,4.047,4.099,4.087,4.199,4.167,4.193,4.114,4.373,4.452,4.509,4.454,4.466,4.336,4.188,4.399,4.395,4.464,4.525,4.432,4.404,4.233,4.476,4.591,4.534,4.533,4.379,4.285,4.155,4.351,4.569,0.0,0.0,0.0,0.0,0.0,0.0,0.0,0.0,0.0,0.0,0.0,0.0,0.0,0.0,0.0,0.0,0.0,0.0,0.0,0.0,0.0,0.0,0.0,0.0,0.0,0.0,0.0,0.0,0.0,0.0,0.0,0.0,0.0,0.0,0.0,0.0,0.0,0.0,0.0,0.0,0.0,0.0,0.0,0.0,0.0,0.0,0.0,0.0,0.0,0.0,0.0,0.0,0.0,0.0,0.0,0.0,0.0,0.0,0.0,0.0,0.0,0.0,8.48,8.509,8.512,8.677,8.744,8.286,8.376,8.609,8.994,8.867,8.751,8.471,8.213,8.304,8.444,8.564,8.402,8.34,8.565,8.188,8.335,8.221,8.076,8.332,8.373,8.0,7.736,8.332,8.509,8.439,4.261,4.234,4.359,4.223,4.302,4.431,4.578,4.642,4.643,4.506,4.257,4.301,4.368,4.181,4.253,4.301,4.397,4.284,4.384,4.389,4.372,4.288,4.18,4.175,3.962,4.042,4.25,4.334,4.431,4.514,4.478,5.624,5.821,5.883,5.864,5.804,5.935,5.849,5.614,5.729,5.709,5.668,5.768,5.663,5.155,5.008,5.045,5.376,5.531,5.625,5.667,5.623,5.528,5.797,5.774,5.616,5.291,5.303,5.407,5.502,5.695,5.513,5.594,5.536,5.59,5.555,5.316,5.422,5.515,5.416,5.503,5.551,5.444,5.299,5.449,5.596,5.601,5.653,5.732,5.635,5.556,5.705,5.846,5.92,5.832,5.824,5.914,5.69,5.86,5.923,5.891,5.891,5.539,5.377,5.191,5.332,5.375,5.396,5.323,5.387,5.282,5.263,5.477,5.506,5.487,5.423,5.433,5.542,5.475,5.533,5.717,5.831,5.931,5.901,5.809,5.606,5.657,5.462,5.606,5.677,5.784,5.772,5.603,4.916,4.977,5.016,4.924,4.943,4.906,4.769,4.821,4.933,5.026,5.049,5.052,5.029,4.91,4.989,4.989,4.971,4.927,4.871,4.873,4.791,4.978,5.059,5.135,5.152,5.185,5.161,5.079,6.427,6.459,6.438,6.414,6.558,6.521,6.266,6.414,6.536,6.606,6.538,6.313,6.198,6.195,6.427,6.474,6.573,6.669,6.649,6.578,6.37,6.438,6.277,6.427,6.53,6.44,6.472,6.229,5.873,5.97,6.248,6.078,6.233,6.282,6.148,6.312,6.31,6.315,6.462,6.4,6.385,6.156,6.354,6.395,6.158,6.185,6.236,6.084,6.042,6.162,6.277,6.077,5.957,5.895,5.988,5.868,6.089,6.181,6.154,6.18,6.144,6.481,6.36,6.398,6.429,6.305,6.377,6.513,6.466,6.327,6.45,6.294,6.088,5.912,6.112,6.067,5.614,5.644,5.515,5.528,5.487,5.564,5.756,5.875,6.008,5.912,5.802,5.824,6.046,6.189,5.837,6.128,5.606,6.036,6.153,6.172,6.025,5.746,5.92,5.825,5.808,5.683,5.495,5.481,5.215,5.685,5.713,5.859,5.897,5.939,5.688,5.399,5.849,6.07,6.403,6.152,6.125,5.956,6.1,6.555,6.777,6.631,5.04,4.866,4.881,4.94,5.222,5.319,5.282,5.181,5.104,5.197,4.849,4.797,4.745,4.681,4.762,4.99,5.034,4.567,4.221,4.225,4.138,4.261,4.487,4.392,4.323,4.463,4.424,4.165,4.246,4.224,4.16,9.41,10.276,10.561,10.734,11.106,11.262,11.629,11.559,11.783,11.802,11.822,11.989,12.091,11.789,11.489,10.802,12.309,12.104,11.785,11.699,11.473,10.982,11.451,11.53,11.584,11.682,11.841,11.736,11.311,11.503,11.429,0.0,0.0,0.0,0.0,0.0,0.0,0.0,0.0,0.0,0.0,0.0,0.0,0.0,0.0,0.0,0.0,0.0,0.0,0.0,0.0,0.0,0.0,0.0,0.0,0.0,0.0,0.0,0.0,0.0,0.0,5.581,5.38,5.249,5.49,5.609,5.721,5.723,5.78,5.696,5.516,5.778,5.839,5.848,5.766,5.586,5.658,5.361,5.234,5.463,5.515,5.48,5.447,5.518,5.184,5.395,5.44,5.427,5.387,5.457,5.402,5.315,7.235,7.234,7.154,6.609,6.401,6.846,6.712,7.075,7.266,7.521,7.315,7.472,7.417,7.296,7.393,7.381,7.465,7.531,7.34,7.345,7.03,7.435,7.548,7.593,7.525,7.468,7.364,6.965,7.095,7.128,5.45,5.296,5.402,5.413,5.298,5.474,5.583,5.567,5.628,5.542,5.493,5.266,5.525,5.707,5.691,5.636,5.607,5.599,5.319,5.701,5.871,5.972,6.032,6.076,6.015,5.835,5.959,5.836,5.695,5.636,5.733,5.935,5.708,6.029,6.195,6.289,6.169,6.144,5.93,5.663,5.852,5.886,5.914,6.032,5.918,5.769,5.766,6.042,6.229,6.233,6.203,6.259,5.926,5.83,6.154,6.19,5.994,6.096,6.184,6.209,6.202,6.316,5.584,5.607,5.391,5.484,5.55,5.471,5.567,5.722,5.619,5.5,5.53,5.517,5.45,5.486,5.523,5.603,5.555,5.584,5.535,5.443,5.583,5.566,5.573,5.73,5.609,5.518,5.312,5.546,6.098,5.973,5.938,6.104,6.202,6.051,6.027,6.071,6.131,6.24,6.321,6.306,6.152,6.289,6.331,6.417,6.393,6.037,6.081,6.2,6.375,6.428,6.464,6.522,6.495,6.451,6.251,6.367,6.427,6.546,6.586,7.695,7.686,7.448,7.713,7.792,7.648,7.77,7.725,7.754,7.51,7.66,7.772,7.788,7.712,7.632,7.743,7.389,7.59,7.723,7.666,7.695,7.713,7.703,7.459,7.72,7.812,7.892,7.839,7.769,7.568,6.564,6.726,6.702,6.862,6.855,7.036,6.993,6.68,6.783,6.678,6.708,6.699,6.636,6.572,6.391,6.65,6.809,7.0,6.933,6.643,6.058,5.63,5.562,6.055,6.506,6.547,6.449,6.393,6.338,6.693,6.79,7.382,7.457,7.448,7.364,7.184,7.382,7.431,7.273,7.205,7.38,7.306,7.094,7.442,7.547,7.345,7.181,7.077,6.907,6.411,6.43,6.484,7.0,7.271,7.187,7.044,6.839,7.238,7.34,7.047,6.561,6.492,6.602,6.434,6.917,6.947,6.939,6.962,6.831,6.545,6.131,6.364,6.379,6.478,6.382,6.398,6.411,6.133,6.598,6.7,6.581,6.177,6.364,6.2,5.762,6.2,6.607,6.682,6.63,6.748,6.528,6.139,5.767,5.914,6.158,6.154,5.939,5.763,5.483,5.617,5.612,5.609,5.286,5.573,5.784,5.392,5.114,5.477,5.793,5.992,5.92,5.845,5.593,5.897,6.045,5.991,6.091,6.29,6.084,5.826,6.248,6.411,6.369,7.141,7.209,7.172,6.751,7.096,7.208,7.237,7.139,6.954,6.778,6.329,6.43,6.457,6.461,6.362,6.046,6.251,6.297,6.652,6.64,6.558,6.285,6.185,6.103,6.124,6.666,6.718,6.695,6.791,6.809,4.627,4.42,4.69,4.831,4.579,4.646,4.623,4.65,4.495,4.637,4.595,4.674,4.679,4.64,4.573,4.415,4.767,4.813,4.821,4.805,4.744,4.618,4.343,4.096,4.01,4.297,4.534,4.627,4.651,4.523,4.57,5.19,5.256,5.211,5.295,5.277,5.168,5.243,5.284,5.285,5.283,5.288,5.13,5.004,5.043,5.176,5.254,5.293,5.339,5.356,5.148,5.337,5.412,5.399,5.397,5.399,5.404,5.285,5.42,5.354,5.36,7.11,7.215,7.227,6.974,7.122,7.285,7.372,7.193,7.14,6.864,6.682,7.035,7.046,7.088,7.22,7.365,7.419,7.254,7.539,7.564,7.505,7.536,7.659,7.61,7.35,7.498,7.639,7.761,7.789,7.699,7.618,5.86,6.019,5.995,5.894,5.968,6.012,6.047,5.992,6.089,6.098,6.153,6.168,6.204,5.984,5.746,5.908,6.027,6.142,6.087,6.163,6.09,5.914,5.958,6.064,6.018,5.624,5.806,5.978,5.827,5.903,5.91,6.326,6.412,6.617,6.597,6.446,6.488,6.601,6.763,6.671,6.682,6.713,6.402,6.707,6.818,6.731,6.716,6.807,6.762,6.585,6.769,6.832,6.809,6.922,6.979,6.842,6.697,6.985,6.912,7.254,7.281,7.43,7.359,7.072,7.215,6.813,6.647,6.899,7.298,7.384,7.196,7.573,7.61,7.59,7.425,7.016,6.636,6.161,6.634,6.89,7.073,7.216,7.256,7.426,7.142,7.414,7.501,7.539,7.502,7.217,5.973,5.896,6.152,6.409,6.431,6.471,6.567,6.421,6.258,6.518,6.648,6.697,6.779,6.711,6.647,6.405,6.574,6.752,6.684,6.599,6.464,6.287,5.777,6.148,6.437,6.444,6.501,6.492,6.248,5.698,5.264,5.467,5.693,5.705,5.886,5.972,5.75,5.986,6.183,6.251,6.347,6.301,6.209,5.881,5.992,6.217,6.379,6.223,6.502,6.432,6.203,6.367,6.411,6.011,5.723,5.482,5.635,5.866,6.149,6.256,6.115,5.247,5.344,5.555,5.15,5.409,5.464,5.579,5.654,5.609,5.396,5.165,5.378,5.35,5.252,5.323,5.467,5.367,5.111,5.277,5.31,5.398,5.431,5.422,5.249,4.81,4.834,4.98,4.929,4.805,4.697,5.208,5.159,5.513,5.544,5.404,5.216,5.301,5.119,5.062,5.488,5.492,5.584,5.501,5.464,5.357,5.208,5.391,5.356,5.232,5.375,5.435,5.185,4.932,5.216,5.261,5.033,4.919,4.785,4.644,4.679,4.989,0.0,0.0,0.0,0.0,0.0,0.0,0.0,0.0,0.0,0.0,0.0,0.0,0.0,0.0,0.0,0.0,0.0,0.0,0.0,0.0,0.0,0.0,0.0,0.0,0.0,0.0,0.0,0.0,0.0,0.0,0.0,5.337,5.243,5.081,4.994,5.093,5.014,4.736,4.658,4.588,4.372,4.624,4.828,4.986,5.177,5.019,4.716,4.361,4.497,4.6,4.773,4.837,4.754,4.562,4.235,4.52,4.747,4.816,4.808,4.865,4.798,6.767,6.714,7.002,7.179,7.266,7.343,7.46,7.434,7.548,7.652,7.794,7.84,7.852,7.786,7.535,7.586,7.377,7.647,7.731,7.75,7.647,7.36,7.317,7.149,7.396,7.63,7.654,7.708,7.411,7.514,7.64,7.098,7.052,7.093,6.966,6.744,6.879,6.942,6.968,6.925,6.679,6.267,5.688,5.576,5.963,6.138,6.295,6.384,6.522,6.303,6.442,6.588,6.641,6.733,6.591,6.405,5.97,5.987,6.075,6.095,5.946,6.302,6.187,5.99,6.052,6.014,6.28,6.46,6.565,6.482,6.263,6.583,6.699,6.712,6.647,6.734,6.722,6.38,6.43,6.688,6.832,6.877,7.047,6.87,6.552,6.79,6.924,6.908,6.84,6.974,7.074,6.836,6.318,6.432,6.598,6.593,6.614,6.443,6.163,6.372,6.366,6.477,6.516,6.611,6.703,6.402,6.459,6.68,6.748,6.753,6.785,6.835,6.688,6.71,6.805,6.763,6.308,5.895,6.085,6.266,6.107,6.187,6.194,5.526,5.601,5.78,5.764,5.631,5.668,5.766,5.909,5.828,5.837,5.864,5.593,5.859,5.957,5.881,5.867,5.946,5.908,5.753,5.913,5.968,5.949,6.048,6.097,5.977,5.85,6.102,6.038,5.333,7.29,7.317,7.467,7.395,7.107,7.25,6.847,6.68,6.933,7.334,7.42,7.232,7.61,7.647,7.627,7.462,7.05,6.669,6.192,6.666,6.924,7.108,7.252,7.292,7.462,7.177,7.451,7.538,7.576,7.539,7.252,6.13,6.051,6.313,6.577,6.6,6.641,6.74,6.589,6.422,6.69,6.823,6.873,6.957,6.888,6.822,6.573,6.746,6.929,6.86,6.772,6.634,6.453,5.929,6.309,6.606,6.613,6.671,6.663,6.412,5.848,5.058,5.254,5.471,5.483,5.656,5.739,5.526,5.753,5.942,6.008,6.099,6.056,5.967,5.652,5.759,5.975,6.13,5.981,6.249,6.181,5.961,6.119,6.161,5.777,5.499,5.268,5.415,5.638,5.909,6.013,5.877,5.247,5.344,5.555,5.15,5.409,5.464,5.579,5.654,5.609,5.396,5.165,5.378,5.35,5.252,5.323,5.467,5.367,5.111,5.277,5.31,5.398,5.431,5.422,5.249,4.81,4.834,4.98,4.929,4.805,4.697,5.368,5.318,5.682,5.714,5.57,5.376,5.464,5.277,5.218,5.657,5.661,5.756,5.67,5.632,5.521,5.368,5.556,5.521,5.393,5.541,5.602,5.344,5.083,5.377,5.423,5.188,5.071,4.932,4.787,4.823,5.142,4.719,4.649,4.712,4.882,5.017,4.743,4.799,4.974,5.117,5.231,5.424,5.215,5.059,5.264,5.17,5.394,5.446,5.402,5.266,5.23,5.399,5.442,5.195,5.159,5.319,5.333,5.208,5.331,5.587,5.683,5.736,11.297,11.097,10.755,10.571,10.782,10.613,10.025,9.861,9.712,9.255,9.787,10.22,10.553,10.959,10.624,9.982,9.232,9.519,9.738,10.104,10.239,10.064,9.657,8.964,9.567,10.048,10.193,10.178,10.298,10.155,6.767,6.714,7.002,7.179,7.266,7.343,7.46,7.434,7.548,7.652,7.794,7.84,7.852,7.786,7.535,7.586,7.377,7.647,7.731,7.75,7.647,7.36,7.317,7.149,7.396,7.63,7.654,7.708,7.411,7.514,7.64,7.098,7.052,7.093,6.966,6.744,6.879,6.942,6.968,6.925,6.679,6.267,5.688,5.576,5.963,6.138,6.295,6.384,6.522,6.303,6.442,6.588,6.641,6.733,6.591,6.405,5.97,5.987,6.075,6.095,5.946,6.302,6.187,5.99,6.052,6.014,6.28,6.46,6.565,6.482,6.263,6.583,6.699,6.712,6.647,6.734,6.722,6.38,6.43,6.688,6.832,6.877,7.047,6.87,6.552,6.79,6.924,6.908,6.84,6.974,7.074,6.836
Guntur_158,3.918,3.945,4.019,4.029,3.88,3.902,3.987,3.992,3.912,3.868,3.939,3.941,3.989,3.918,3.804,3.783,3.96,3.942,3.783,3.944,3.972,3.884,3.927,4.022,4.066,3.88,4.005,4.064,4.094,4.122,4.088,3.866,3.68,3.798,3.896,3.897,3.893,3.937,3.802,3.718,3.782,3.799,3.838,3.974,3.968,4.007,3.839,3.933,4.014,3.997,3.91,3.774,3.807,3.706,3.831,3.899,3.942,3.894,3.871,3.827,3.867,3.978,4.021,3.958,3.896,3.92,3.973,3.856,3.827,3.549,3.688,3.912,3.936,3.911,3.76,3.891,4.015,3.998,4.432,4.367,4.212,4.145,4.071,4.237,4.387,4.436,4.418,4.395,4.258,4.147,4.137,4.827,4.934,4.968,4.936,4.745,4.984,5.008,4.982,5.014,5.052,4.958,4.84,5.116,5.022,4.986,4.841,4.805,4.758,4.599,4.886,4.912,4.791,4.867,4.918,4.87,4.775,4.952,4.957,4.966,4.88,4.432,4.442,4.377,4.505,4.488,4.543,4.664,4.659,4.63,4.446,4.375,4.412,4.396,4.36,4.385,4.334,4.348,4.07,4.262,4.389,4.254,4.196,4.306,4.374,4.181,4.281,4.354,4.478,4.466,4.364,4.263,2.993,3.031,3.022,3.105,3.081,3.101,3.042,3.234,3.292,3.334,3.293,3.302,3.206,3.096,3.253,3.25,3.301,3.346,3.277,3.256,3.13,3.31,3.395,3.353,3.352,3.238,3.169,3.073,3.218,3.379,0.0,0.0,0.0,0.0,0.0,0.0,0.0,0.0,0.0,0.0,0.0,0.0,0.0,0.0,0.0,0.0,0.0,0.0,0.0,0.0,0.0,0.0,0.0,0.0,0.0,0.0,0.0,0.0,0.0,0.0,0.0,0.0,0.0,0.0,0.0,0.0,0.0,0.0,0.0,0.0,0.0,0.0,0.0,0.0,0.0,0.0,0.0,0.0,0.0,0.0,0.0,0.0,0.0,0.0,0.0,0.0,0.0,0.0,0.0,0.0,0.0,0.0,4.931,4.948,4.95,5.046,5.085,4.818,4.87,5.006,5.23,5.156,5.089,4.926,4.776,4.829,4.91,4.98,4.885,4.85,4.98,4.761,4.847,4.781,4.696,4.845,4.869,4.652,4.498,4.845,4.948,4.907,5.118,5.086,5.236,5.072,5.167,5.322,5.499,5.576,5.577,5.413,5.114,5.167,5.247,5.022,5.109,5.167,5.282,5.146,5.266,5.272,5.251,5.151,5.022,5.015,4.759,4.855,5.106,5.206,5.323,5.422,5.379,3.505,3.627,3.666,3.654,3.617,3.698,3.645,3.498,3.57,3.557,3.532,3.594,3.529,3.212,3.121,3.144,3.35,3.447,3.505,3.532,3.504,3.445,3.613,3.598,3.499,3.297,3.304,3.369,3.429,3.549,3.913,3.971,3.929,3.968,3.943,3.773,3.848,3.915,3.845,3.906,3.94,3.865,3.761,3.868,3.972,3.976,4.013,4.069,4.0,3.944,4.05,4.15,4.202,4.14,4.134,4.198,4.039,4.16,4.204,4.181,4.182,4.087,3.968,3.83,3.935,3.966,3.981,3.928,3.975,3.898,3.883,4.041,4.063,4.049,4.001,4.009,4.089,4.04,4.083,4.219,4.302,4.376,4.354,4.287,4.137,4.174,4.03,4.137,4.189,4.268,4.259,4.134,3.917,3.966,3.997,3.924,3.938,3.909,3.8,3.842,3.931,4.005,4.023,4.026,4.007,3.912,3.975,3.975,3.961,3.926,3.882,3.883,3.818,3.966,4.031,4.091,4.105,4.132,4.112,4.047,4.907,4.932,4.915,4.897,5.007,4.979,4.784,4.897,4.99,5.043,4.992,4.82,4.733,4.73,4.907,4.943,5.018,5.092,5.077,5.023,4.864,4.915,4.793,4.907,4.986,4.917,4.942,4.756,4.484,4.558,4.77,4.737,4.858,4.897,4.792,4.92,4.918,4.922,5.037,4.988,4.977,4.798,4.953,4.984,4.8,4.821,4.86,4.742,4.709,4.803,4.892,4.737,4.643,4.595,4.667,4.574,4.746,4.817,4.797,4.817,4.789,3.807,3.736,3.758,3.776,3.704,3.746,3.826,3.798,3.716,3.789,3.697,3.576,3.473,3.59,3.564,3.298,3.315,3.239,3.247,3.223,3.268,3.381,3.451,3.529,3.473,3.408,3.421,3.551,3.636,3.429,3.599,2.672,2.876,2.932,2.941,2.871,2.738,2.821,2.776,2.768,2.708,2.619,2.612,2.485,2.709,2.723,2.792,2.811,2.831,2.711,2.573,2.788,2.893,3.052,2.932,2.919,2.838,2.907,3.124,3.23,3.16,4.186,4.042,4.054,4.103,4.337,4.418,4.387,4.303,4.239,4.316,4.027,3.984,3.941,3.888,3.955,4.144,4.181,3.793,3.505,3.509,3.437,3.539,3.727,3.648,3.59,3.707,3.674,3.46,3.527,3.508,3.455,7.117,7.773,7.988,8.119,8.4,8.518,8.796,8.742,8.912,8.926,8.942,9.068,9.145,8.917,8.69,8.17,9.31,9.155,8.914,8.848,8.678,8.307,8.661,8.721,8.762,8.836,8.956,8.876,8.555,8.7,8.645,0.0,0.0,0.0,0.0,0.0,0.0,0.0,0.0,0.0,0.0,0.0,0.0,0.0,0.0,0.0,0.0,0.0,0.0,0.0,0.0,0.0,0.0,0.0,0.0,0.0,0.0,0.0,0.0,0.0,0.0,3.212,3.096,3.021,3.16,3.228,3.292,3.294,3.327,3.279,3.175,3.326,3.36,3.366,3.319,3.215,3.256,3.085,3.012,3.144,3.174,3.154,3.135,3.176,2.984,3.105,3.131,3.123,3.101,3.141,3.109,3.059,3.791,3.79,3.748,3.463,3.354,3.587,3.517,3.707,3.807,3.941,3.833,3.915,3.886,3.822,3.874,3.867,3.911,3.946,3.846,3.848,3.684,3.896,3.955,3.978,3.943,3.913,3.858,3.649,3.717,3.735,4.033,3.919,3.997,4.005,3.92,4.051,4.131,4.12,4.165,4.101,4.065,3.897,4.088,4.223,4.211,4.171,4.149,4.143,3.936,4.219,4.344,4.419,4.463,4.496,4.451,4.318,4.409,4.319,4.214,4.17,4.243,4.215,4.054,4.283,4.4,4.467,4.382,4.364,4.212,4.023,4.157,4.18,4.201,4.285,4.203,4.098,4.096,4.291,4.425,4.427,4.406,4.446,4.209,4.141,4.371,4.397,4.258,4.33,4.392,4.41,4.406,4.486,4.111,4.128,3.969,4.038,4.086,4.028,4.099,4.212,4.137,4.049,4.072,4.062,4.013,4.039,4.066,4.125,4.09,4.111,4.075,4.007,4.11,4.098,4.103,4.219,4.129,4.062,3.911,4.083,4.722,4.625,4.598,4.727,4.803,4.685,4.667,4.701,4.747,4.832,4.895,4.883,4.763,4.87,4.902,4.969,4.95,4.675,4.709,4.801,4.937,4.977,5.005,5.051,5.029,4.995,4.84,4.93,4.977,5.069,5.1,5.973,5.967,5.782,5.987,6.049,5.937,6.032,5.997,6.02,5.83,5.947,6.034,6.046,5.987,5.925,6.011,5.736,5.892,5.996,5.951,5.974,5.987,5.98,5.791,5.993,6.064,6.126,6.086,6.031,5.875,4.765,4.883,4.866,4.981,4.977,5.108,5.077,4.85,4.924,4.848,4.87,4.864,4.818,4.771,4.64,4.828,4.944,5.082,5.033,4.823,4.398,4.087,4.038,4.396,4.723,4.753,4.682,4.641,4.602,4.859,4.93,5.505,5.561,5.554,5.492,5.357,5.505,5.542,5.424,5.373,5.504,5.448,5.29,5.55,5.628,5.477,5.355,5.277,5.151,4.781,4.795,4.835,5.22,5.422,5.359,5.253,5.1,5.397,5.474,5.255,4.893,4.841,4.923,4.798,5.158,5.181,5.174,5.191,5.094,4.881,4.572,4.746,4.757,4.831,4.759,4.771,4.781,4.574,4.92,4.996,4.907,4.607,4.746,4.624,4.297,4.624,4.927,4.983,4.944,5.032,4.868,4.578,3.354,3.44,3.582,3.579,3.454,3.352,3.189,3.267,3.264,3.262,3.074,3.241,3.364,3.136,2.974,3.185,3.369,3.485,3.443,3.399,3.253,3.43,3.516,3.484,3.543,3.658,3.539,3.388,3.634,3.728,3.704,4.711,4.756,4.732,4.454,4.681,4.755,4.775,4.71,4.588,4.472,4.176,4.242,4.26,4.262,4.197,3.989,4.124,4.154,4.388,4.381,4.327,4.147,4.081,4.027,4.04,4.398,4.432,4.417,4.48,4.492,4.254,4.064,4.312,4.442,4.211,4.272,4.251,4.275,4.133,4.264,4.225,4.298,4.302,4.266,4.205,4.059,4.383,4.425,4.433,4.419,4.362,4.246,3.993,3.766,3.687,3.951,4.169,4.255,4.277,4.159,4.202,4.389,4.445,4.406,4.478,4.462,4.37,4.434,4.468,4.469,4.467,4.472,4.338,4.232,4.264,4.377,4.443,4.476,4.515,4.529,4.353,4.513,4.576,4.566,4.564,4.565,4.569,4.469,4.583,4.527,4.532,5.049,5.123,5.132,4.952,5.057,5.173,5.235,5.108,5.07,4.874,4.745,4.995,5.003,5.033,5.127,5.23,5.268,5.151,5.353,5.371,5.329,5.351,5.439,5.404,5.219,5.324,5.425,5.511,5.531,5.467,5.409,4.621,4.746,4.727,4.647,4.706,4.74,4.768,4.725,4.801,4.808,4.851,4.864,4.892,4.718,4.53,4.658,4.752,4.843,4.8,4.859,4.802,4.663,4.698,4.781,4.745,4.435,4.578,4.714,4.594,4.654,4.66,4.377,4.436,4.578,4.565,4.46,4.489,4.567,4.68,4.616,4.623,4.645,4.429,4.64,4.718,4.657,4.647,4.71,4.679,4.556,4.683,4.727,4.711,4.79,4.829,4.734,4.633,4.833,4.782,5.042,5.061,5.165,5.116,4.916,5.015,4.736,4.621,4.796,5.073,5.133,5.002,5.264,5.29,5.276,5.162,4.877,4.613,4.283,4.611,4.79,4.917,5.016,5.044,5.162,4.965,5.154,5.214,5.241,5.215,5.017,5.14,5.073,5.293,5.515,5.534,5.568,5.651,5.525,5.385,5.609,5.721,5.763,5.833,5.775,5.72,5.512,5.657,5.81,5.752,5.679,5.563,5.41,4.972,5.29,5.539,5.545,5.594,5.587,5.376,4.903,4.307,4.473,4.658,4.668,4.816,4.886,4.705,4.898,5.059,5.115,5.193,5.155,5.08,4.812,4.903,5.087,5.219,5.092,5.32,5.262,5.075,5.21,5.246,4.918,4.682,4.485,4.61,4.8,5.031,5.119,5.004,4.331,4.411,4.585,4.251,4.465,4.51,4.605,4.667,4.63,4.454,4.264,4.439,4.416,4.335,4.394,4.512,4.43,4.219,4.356,4.383,4.455,4.483,4.475,4.333,3.97,3.99,4.111,4.068,3.966,3.877,5.208,5.159,5.513,5.544,5.404,5.216,5.301,5.119,5.062,5.488,5.492,5.584,5.501,5.464,5.357,5.208,5.391,5.356,5.232,5.375,5.435,5.185,4.932,5.216,5.261,5.033,4.919,4.785,4.644,4.679,4.989,0.0,0.0,0.0,0.0,0.0,0.0,0.0,0.0,0.0,0.0,0.0,0.0,0.0,0.0,0.0,0.0,0.0,0.0,0.0,0.0,0.0,0.0,0.0,0.0,0.0,0.0,0.0,0.0,0.0,0.0,0.0,3.658,3.593,3.482,3.423,3.491,3.436,3.246,3.193,3.144,2.997,3.169,3.309,3.417,3.548,3.44,3.232,2.989,3.082,3.153,3.271,3.315,3.258,3.127,2.902,3.098,3.253,3.3,3.295,3.334,3.288,5.32,5.279,5.505,5.645,5.713,5.773,5.865,5.845,5.934,6.016,6.128,6.164,6.174,6.122,5.924,5.964,5.8,6.012,6.079,6.094,6.013,5.787,5.753,5.621,5.815,5.999,6.018,6.06,5.827,5.908,6.007,5.374,5.339,5.37,5.274,5.106,5.208,5.256,5.275,5.242,5.057,4.745,4.306,4.222,4.515,4.647,4.766,4.833,4.937,4.772,4.877,4.988,5.028,5.097,4.99,4.849,4.52,4.533,4.599,4.614,4.501,4.438,4.357,4.218,4.262,4.235,4.422,4.549,4.623,4.565,4.41,4.635,4.718,4.727,4.681,4.742,4.734,4.492,4.528,4.709,4.811,4.843,4.963,4.838,4.614,4.781,4.876,4.864,4.817,4.911,4.982,4.814,5.342,5.439,5.579,5.575,5.593,5.448,5.211,5.388,5.383,5.477,5.51,5.59,5.668,5.414,5.462,5.649,5.706,5.71,5.738,5.779,5.655,5.674,5.754,5.719,5.334,4.985,5.146,5.298,5.164,5.232,5.238,4.129,4.185,4.319,4.307,4.208,4.235,4.309,4.415,4.355,4.362,4.382,4.179,4.378,4.451,4.394,4.384,4.443,4.414,4.299,4.419,4.46,4.445,4.519,4.556,4.466,4.371,4.56,4.512,3.985,5.889,5.911,6.033,5.975,5.741,5.858,5.531,5.397,5.601,5.925,5.995,5.843,6.148,6.178,6.162,6.028,5.696,5.388,5.002,5.386,5.594,5.742,5.858,5.891,6.029,5.798,6.019,6.09,6.121,6.091,5.859,5.074,5.008,5.225,5.443,5.462,5.496,5.578,5.454,5.315,5.536,5.647,5.688,5.757,5.7,5.646,5.44,5.583,5.735,5.677,5.605,5.491,5.34,4.907,5.222,5.467,5.473,5.521,5.514,5.307,4.84,4.32,4.487,4.673,4.683,4.831,4.901,4.72,4.913,5.075,5.131,5.21,5.172,5.096,4.827,4.918,5.103,5.236,5.108,5.337,5.279,5.091,5.226,5.262,4.934,4.697,4.5,4.625,4.815,5.047,5.135,5.02,4.331,4.411,4.585,4.251,4.465,4.51,4.605,4.667,4.63,4.454,4.264,4.439,4.416,4.335,4.394,4.512,4.43,4.219,4.356,4.383,4.455,4.483,4.475,4.333,3.97,3.99,4.111,4.068,3.966,3.877,4.585,4.542,4.853,4.881,4.757,4.592,4.667,4.507,4.457,4.832,4.835,4.916,4.843,4.81,4.716,4.585,4.746,4.715,4.606,4.732,4.785,4.564,4.342,4.592,4.632,4.431,4.331,4.212,4.088,4.119,4.392,4.719,4.649,4.712,4.882,5.017,4.743,4.799,4.974,5.117,5.231,5.424,5.215,5.059,5.264,5.17,5.394,5.446,5.402,5.266,5.23,5.399,5.442,5.195,5.159,5.319,5.333,5.208,5.331,5.587,5.683,5.736,3.057,3.003,2.911,2.861,2.918,2.872,2.713,2.669,2.628,2.505,2.649,2.766,2.856,2.966,2.875,2.701,2.498,2.576,2.635,2.734,2.771,2.723,2.613,2.426,2.589,2.719,2.759,2.754,2.787,2.748,5.32,5.279,5.505,5.645,5.713,5.773,5.865,5.845,5.934,6.016,6.128,6.164,6.174,6.122,5.924,5.964,5.8,6.012,6.079,6.094,6.013,5.787,5.753,5.621,5.815,5.999,6.018,6.06,5.827,5.908,6.007,5.374,5.339,5.37,5.274,5.106,5.208,5.256,5.275,5.242,5.057,4.745,4.306,4.222,4.515,4.647,4.766,4.833,4.937,4.772,4.877,4.988,5.028,5.097,4.99,4.849,4.52,4.533,4.599,4.614,4.501,4.438,4.357,4.218,4.262,4.235,4.422,4.549,4.623,4.565,4.41,4.635,4.718,4.727,4.681,4.742,4.734,4.492,4.528,4.709,4.811,4.843,4.963,4.838,4.614,4.781,4.876,4.864,4.817,4.911,4.982,4.814
Guntur_159,4.385,4.415,4.498,4.509,4.342,4.367,4.462,4.468,4.378,4.329,4.408,4.41,4.464,4.385,4.257,4.234,4.431,4.412,4.233,4.414,4.446,4.347,4.395,4.502,4.55,4.342,4.482,4.548,4.582,4.613,4.575,4.813,4.582,4.729,4.851,4.852,4.847,4.902,4.733,4.629,4.708,4.73,4.779,4.948,4.94,4.989,4.78,4.897,4.997,4.977,4.868,4.699,4.739,4.615,4.77,4.854,4.907,4.848,4.82,4.765,4.767,4.902,4.956,4.878,4.802,4.831,4.897,4.753,4.717,4.375,4.545,4.822,4.851,4.82,4.635,4.796,4.949,4.928,5.462,5.382,5.192,5.108,5.018,5.221,5.407,5.467,5.445,5.416,5.248,5.111,5.099,5.63,5.755,5.795,5.758,5.534,5.813,5.841,5.811,5.849,5.893,5.783,5.645,5.967,5.858,5.816,5.646,5.605,5.55,5.364,5.699,5.729,5.588,5.677,5.736,5.681,5.57,5.776,5.782,5.792,5.692,4.766,4.777,4.707,4.845,4.827,4.886,5.016,5.01,4.979,4.781,4.705,4.745,4.727,4.689,4.715,4.66,4.675,4.377,4.583,4.72,4.575,4.512,4.631,4.703,4.496,4.603,4.682,4.816,4.802,4.693,4.584,3.261,3.302,3.293,3.383,3.357,3.378,3.314,3.523,3.586,3.633,3.588,3.598,3.493,3.374,3.544,3.541,3.596,3.646,3.571,3.548,3.41,3.606,3.699,3.653,3.652,3.528,3.452,3.348,3.506,3.681,0.0,0.0,0.0,0.0,0.0,0.0,0.0,0.0,0.0,0.0,0.0,0.0,0.0,0.0,0.0,0.0,0.0,0.0,0.0,0.0,0.0,0.0,0.0,0.0,0.0,0.0,0.0,0.0,0.0,0.0,0.0,0.0,0.0,0.0,0.0,0.0,0.0,0.0,0.0,0.0,0.0,0.0,0.0,0.0,0.0,0.0,0.0,0.0,0.0,0.0,0.0,0.0,0.0,0.0,0.0,0.0,0.0,0.0,0.0,0.0,0.0,0.0,4.884,4.901,4.903,4.998,5.037,4.773,4.824,4.958,5.181,5.107,5.041,4.879,4.731,4.783,4.864,4.933,4.839,4.804,4.933,4.716,4.801,4.735,4.652,4.799,4.823,4.608,4.456,4.799,4.901,4.861,5.386,5.352,5.511,5.338,5.439,5.601,5.788,5.868,5.87,5.696,5.382,5.438,5.522,5.286,5.377,5.438,5.559,5.415,5.543,5.548,5.527,5.421,5.285,5.278,5.009,5.109,5.373,5.479,5.602,5.707,5.661,4.067,4.209,4.254,4.24,4.197,4.291,4.229,4.059,4.142,4.128,4.098,4.17,4.094,3.727,3.621,3.648,3.887,3.999,4.067,4.098,4.065,3.997,4.192,4.175,4.06,3.826,3.834,3.909,3.978,4.118,4.246,4.308,4.263,4.305,4.279,4.094,4.176,4.248,4.172,4.239,4.275,4.193,4.081,4.197,4.31,4.314,4.354,4.415,4.34,4.279,4.394,4.503,4.56,4.492,4.485,4.555,4.382,4.513,4.562,4.537,4.537,4.669,4.533,4.375,4.495,4.531,4.548,4.487,4.541,4.453,4.436,4.616,4.642,4.625,4.571,4.58,4.672,4.615,4.664,4.82,4.915,5.0,4.974,4.897,4.726,4.768,4.604,4.726,4.785,4.876,4.866,4.723,4.131,4.182,4.216,4.138,4.154,4.123,4.008,4.051,4.146,4.224,4.243,4.246,4.226,4.126,4.192,4.192,4.177,4.14,4.094,4.095,4.026,4.183,4.252,4.315,4.329,4.358,4.337,4.268,5.566,5.594,5.575,5.555,5.679,5.647,5.427,5.554,5.66,5.72,5.662,5.467,5.368,5.365,5.566,5.607,5.692,5.775,5.758,5.697,5.517,5.575,5.436,5.566,5.655,5.577,5.605,5.394,5.086,5.17,5.411,4.865,4.99,5.029,4.921,5.053,5.051,5.055,5.173,5.123,5.111,4.928,5.087,5.119,4.93,4.951,4.992,4.87,4.837,4.932,5.025,4.865,4.768,4.719,4.794,4.698,4.874,4.947,4.927,4.947,4.918,5.012,4.918,4.948,4.972,4.876,4.932,5.037,5.001,4.893,4.989,4.867,4.708,4.572,4.727,4.692,4.342,4.365,4.265,4.275,4.244,4.303,4.452,4.543,4.646,4.572,4.487,4.504,4.676,4.787,4.514,4.739,3.6,3.875,3.951,3.963,3.868,3.689,3.801,3.74,3.729,3.649,3.528,3.519,3.348,3.65,3.668,3.762,3.787,3.814,3.652,3.467,3.756,3.898,4.112,3.95,3.933,3.824,3.917,4.209,4.351,4.258,4.186,4.042,4.054,4.103,4.337,4.418,4.387,4.303,4.239,4.316,4.027,3.984,3.941,3.888,3.955,4.144,4.181,3.793,3.505,3.509,3.437,3.539,3.727,3.648,3.59,3.707,3.674,3.46,3.527,3.508,3.455,4.825,5.269,5.415,5.504,5.694,5.774,5.962,5.926,6.041,6.051,6.061,6.147,6.199,6.044,5.891,5.538,6.311,6.206,6.042,5.998,5.882,5.631,5.871,5.911,5.939,5.989,6.071,6.017,5.799,5.898,5.86,0.0,0.0,0.0,0.0,0.0,0.0,0.0,0.0,0.0,0.0,0.0,0.0,0.0,0.0,0.0,0.0,0.0,0.0,0.0,0.0,0.0,0.0,0.0,0.0,0.0,0.0,0.0,0.0,0.0,0.0,3.961,3.818,3.725,3.897,3.981,4.06,4.062,4.102,4.043,3.915,4.101,4.144,4.151,4.092,3.965,4.016,3.805,3.715,3.877,3.914,3.89,3.866,3.916,3.679,3.829,3.861,3.852,3.824,3.873,3.834,3.772,4.123,4.123,4.077,3.766,3.648,3.902,3.825,4.032,4.141,4.286,4.169,4.259,4.227,4.158,4.214,4.207,4.255,4.292,4.183,4.186,4.007,4.237,4.302,4.327,4.288,4.256,4.197,3.969,4.044,4.062,4.417,4.292,4.378,4.387,4.294,4.436,4.525,4.512,4.561,4.491,4.452,4.268,4.478,4.626,4.613,4.568,4.545,4.538,4.311,4.62,4.758,4.84,4.889,4.925,4.875,4.729,4.829,4.73,4.615,4.568,4.647,5.028,4.836,5.108,5.248,5.328,5.226,5.205,5.024,4.798,4.958,4.986,5.01,5.11,5.013,4.887,4.885,5.118,5.277,5.28,5.255,5.303,5.02,4.939,5.213,5.244,5.078,5.164,5.238,5.26,5.254,5.351,5.105,5.126,4.929,5.014,5.074,5.001,5.09,5.231,5.137,5.028,5.056,5.044,4.983,5.015,5.049,5.122,5.078,5.104,5.06,4.976,5.104,5.089,5.095,5.238,5.127,5.044,4.856,5.071,5.281,5.173,5.142,5.286,5.371,5.24,5.219,5.257,5.309,5.403,5.474,5.461,5.327,5.446,5.482,5.557,5.536,5.228,5.266,5.369,5.521,5.566,5.597,5.648,5.624,5.586,5.413,5.514,5.566,5.669,5.703,6.331,6.324,6.128,6.346,6.411,6.293,6.393,6.356,6.38,6.179,6.303,6.395,6.408,6.346,6.28,6.371,6.08,6.245,6.355,6.307,6.332,6.346,6.338,6.138,6.352,6.428,6.493,6.45,6.392,6.227,5.088,5.213,5.196,5.319,5.314,5.454,5.421,5.178,5.258,5.176,5.2,5.193,5.144,5.094,4.954,5.155,5.278,5.426,5.374,5.15,4.696,4.364,4.311,4.694,5.043,5.075,4.999,4.956,4.913,5.189,5.264,5.505,5.561,5.554,5.492,5.357,5.505,5.542,5.424,5.373,5.504,5.448,5.29,5.55,5.628,5.477,5.355,5.277,5.151,4.781,4.795,4.835,5.22,5.422,5.359,5.253,5.1,5.397,5.474,5.255,4.893,4.841,4.923,4.798,5.158,5.181,5.174,5.191,5.094,4.881,4.572,4.746,4.757,4.831,4.759,4.771,4.781,4.574,4.92,4.996,4.907,4.607,4.746,4.624,4.297,4.624,4.927,4.983,4.944,5.032,4.868,4.578,4.458,4.572,4.76,4.757,4.591,4.455,4.238,4.342,4.338,4.336,4.086,4.308,4.471,4.168,3.953,4.234,4.478,4.632,4.576,4.518,4.323,4.559,4.673,4.631,4.708,4.862,4.703,4.504,4.829,4.955,4.923,5.401,5.452,5.424,5.106,5.367,5.451,5.473,5.399,5.259,5.126,4.787,4.863,4.884,4.886,4.812,4.572,4.728,4.762,5.031,5.022,4.96,4.753,4.678,4.616,4.631,5.042,5.081,5.064,5.136,5.15,4.866,4.649,4.933,5.081,4.817,4.886,4.863,4.891,4.728,4.878,4.833,4.916,4.921,4.88,4.81,4.643,5.014,5.062,5.071,5.054,4.99,4.858,4.568,4.308,4.218,4.52,4.769,4.867,4.892,4.757,4.807,5.344,5.413,5.366,5.452,5.433,5.321,5.399,5.441,5.442,5.44,5.445,5.282,5.153,5.192,5.33,5.41,5.45,5.498,5.515,5.301,5.495,5.573,5.56,5.557,5.559,5.564,5.442,5.581,5.513,5.519,5.199,5.276,5.285,5.099,5.208,5.328,5.391,5.26,5.222,5.02,4.886,5.144,5.152,5.183,5.28,5.386,5.426,5.304,5.513,5.531,5.488,5.511,5.601,5.565,5.374,5.483,5.586,5.675,5.696,5.63,5.571,5.759,5.916,5.892,5.793,5.865,5.909,5.943,5.889,5.984,5.993,6.047,6.062,6.097,5.881,5.647,5.806,5.924,6.036,5.983,6.057,5.986,5.812,5.856,5.959,5.915,5.528,5.706,5.875,5.726,5.801,5.808,6.565,6.654,6.867,6.847,6.69,6.734,6.85,7.019,6.923,6.935,6.967,6.644,6.96,7.076,6.986,6.97,7.064,7.018,6.834,7.025,7.09,7.067,7.185,7.243,7.101,6.95,7.25,7.173,6.775,6.8,6.94,6.873,6.605,6.739,6.363,6.209,6.444,6.816,6.896,6.721,7.073,7.107,7.089,6.935,6.553,6.198,5.754,6.196,6.435,6.606,6.74,6.777,6.936,6.671,6.924,7.006,7.041,7.007,6.74,6.175,6.095,6.359,6.625,6.648,6.689,6.789,6.637,6.469,6.738,6.872,6.923,7.007,6.938,6.871,6.621,6.795,6.98,6.91,6.822,6.683,6.5,5.972,6.355,6.654,6.661,6.72,6.711,6.459,5.89,5.914,6.143,6.397,6.411,6.613,6.71,6.461,6.726,6.947,7.024,7.132,7.08,6.977,6.608,6.733,6.986,7.168,6.993,7.306,7.227,6.97,7.155,7.204,6.754,6.43,6.16,6.331,6.592,6.909,7.03,6.872,5.295,5.392,5.605,5.197,5.458,5.513,5.629,5.704,5.66,5.445,5.212,5.426,5.398,5.299,5.371,5.516,5.416,5.157,5.325,5.358,5.446,5.48,5.47,5.296,4.853,4.877,5.025,4.973,4.848,4.739,6.443,6.383,6.82,6.859,6.685,6.453,6.559,6.334,6.263,6.79,6.794,6.909,6.806,6.76,6.627,6.443,6.669,6.627,6.473,6.651,6.724,6.414,6.102,6.454,6.509,6.227,6.086,5.92,5.746,5.789,6.172,7.397,7.288,7.386,7.654,7.865,7.435,7.523,7.798,8.022,8.2,8.503,8.176,7.93,8.251,8.105,8.455,8.537,8.468,8.255,8.199,8.464,8.53,8.143,8.086,8.338,8.36,8.165,8.357,8.758,8.908,8.992,6.9,6.778,6.569,6.457,6.585,6.482,6.123,6.023,5.932,5.653,5.978,6.242,6.446,6.694,6.489,6.097,5.639,5.814,5.948,6.171,6.254,6.147,5.898,5.475,5.844,6.137,6.226,6.217,6.29,6.203,5.805,5.76,6.006,6.158,6.233,6.299,6.399,6.377,6.474,6.564,6.685,6.725,6.736,6.679,6.464,6.507,6.328,6.56,6.632,6.648,6.56,6.313,6.276,6.133,6.345,6.545,6.566,6.612,6.357,6.446,6.553,6.136,6.096,6.131,6.021,5.829,5.946,6.0,6.023,5.985,5.773,5.417,4.916,4.82,5.155,5.306,5.442,5.518,5.637,5.449,5.569,5.695,5.74,5.82,5.697,5.537,5.16,5.175,5.251,5.268,5.139,5.251,5.155,4.991,5.043,5.011,5.233,5.382,5.47,5.401,5.219,5.485,5.582,5.593,5.538,5.611,5.601,5.316,5.358,5.572,5.693,5.73,5.872,5.724,5.459,5.658,5.769,5.755,5.699,5.81,5.894,5.696,5.958,6.065,6.222,6.217,6.237,6.076,5.812,6.009,6.003,6.108,6.145,6.235,6.321,6.038,6.091,6.3,6.363,6.368,6.399,6.445,6.307,6.328,6.417,6.378,5.948,5.559,5.739,5.909,5.759,5.834,5.841,4.833,4.899,5.055,5.04,4.925,4.957,5.043,5.167,5.097,5.105,5.129,4.891,5.124,5.209,5.143,5.131,5.2,5.166,5.031,5.172,5.219,5.202,5.289,5.332,5.227,5.116,5.337,5.28,4.664,6.896,6.922,7.064,6.996,6.723,6.859,6.477,6.319,6.559,6.938,7.019,6.841,7.199,7.234,7.215,7.059,6.67,6.308,5.857,6.306,6.55,6.724,6.86,6.898,7.059,6.789,7.048,7.131,7.167,7.132,6.86,6.267,6.185,6.454,6.723,6.747,6.789,6.89,6.736,6.565,6.838,6.975,7.025,7.111,7.041,6.973,6.719,6.896,7.083,7.012,6.923,6.782,6.596,6.061,6.45,6.753,6.76,6.82,6.811,6.555,5.978,5.075,5.27,5.488,5.501,5.674,5.757,5.544,5.771,5.961,6.027,6.119,6.075,5.986,5.67,5.777,5.994,6.15,6.0,6.269,6.201,5.98,6.139,6.181,5.795,5.517,5.285,5.432,5.656,5.928,6.032,5.896,5.295,5.392,5.605,5.197,5.458,5.513,5.629,5.704,5.66,5.445,5.212,5.426,5.398,5.299,5.371,5.516,5.416,5.157,5.325,5.358,5.446,5.48,5.47,5.296,4.853,4.877,5.025,4.973,4.848,4.739,5.385,5.335,5.7,5.733,5.587,5.394,5.481,5.293,5.234,5.675,5.679,5.774,5.688,5.65,5.539,5.385,5.574,5.538,5.41,5.558,5.62,5.361,5.1,5.394,5.44,5.205,5.087,4.948,4.802,4.838,5.158,4.92,4.847,4.912,5.09,5.231,4.945,5.004,5.186,5.335,5.454,5.655,5.438,5.274,5.488,5.391,5.623,5.678,5.632,5.491,5.453,5.629,5.673,5.416,5.378,5.545,5.56,5.43,5.558,5.825,5.925,5.981,6.472,6.357,6.161,6.056,6.177,6.08,5.743,5.649,5.564,5.302,5.607,5.855,6.046,6.278,6.086,5.719,5.289,5.453,5.579,5.788,5.866,5.765,5.532,5.135,5.481,5.756,5.84,5.831,5.899,5.818,5.805,5.76,6.006,6.158,6.233,6.299,6.399,6.377,6.474,6.564,6.685,6.725,6.736,6.679,6.464,6.507,6.328,6.56,6.632,6.648,6.56,6.313,6.276,6.133,6.345,6.545,6.566,6.612,6.357,6.446,6.553,6.136,6.096,6.131,6.021,5.829,5.946,6.0,6.023,5.985,5.773,5.417,4.916,4.82,5.155,5.306,5.442,5.518,5.637,5.449,5.569,5.695,5.74,5.82,5.697,5.537,5.16,5.175,5.251,5.268,5.139,5.251,5.155,4.991,5.043,5.011,5.233,5.382,5.47,5.401,5.219,5.485,5.582,5.593,5.538,5.611,5.601,5.316,5.358,5.572,5.693,5.73,5.872,5.724,5.459,5.658,5.769,5.755,5.699,5.81,5.894,5.696
Guntur_160,5.748,5.787,5.896,5.911,5.691,5.724,5.848,5.856,5.739,5.675,5.779,5.781,5.851,5.747,5.58,5.55,5.809,5.783,5.549,5.785,5.827,5.697,5.761,5.901,5.965,5.692,5.875,5.961,6.007,6.047,5.997,5.796,5.517,5.694,5.841,5.842,5.837,5.902,5.699,5.574,5.67,5.696,5.755,5.959,5.949,6.007,5.756,5.897,6.018,5.993,5.862,5.659,5.707,5.557,5.744,5.845,5.909,5.838,5.804,5.738,5.869,6.036,6.103,6.007,5.912,5.948,6.029,5.852,5.808,5.386,5.596,5.937,5.973,5.935,5.706,5.905,6.093,6.068,6.725,6.627,6.392,6.29,6.178,6.429,6.657,6.731,6.704,6.669,6.462,6.292,6.279,6.499,6.643,6.689,6.646,6.388,6.71,6.742,6.708,6.751,6.802,6.675,6.516,6.888,6.761,6.713,6.517,6.469,6.407,6.192,6.579,6.613,6.45,6.553,6.621,6.557,6.429,6.667,6.674,6.686,6.571,5.165,5.177,5.102,5.251,5.231,5.295,5.436,5.429,5.396,5.182,5.099,5.142,5.123,5.081,5.11,5.051,5.067,4.743,4.967,5.116,4.958,4.89,5.019,5.097,4.873,4.989,5.074,5.219,5.205,5.086,4.968,5.073,5.138,5.124,5.264,5.224,5.256,5.157,5.482,5.58,5.652,5.583,5.598,5.435,5.249,5.514,5.509,5.596,5.672,5.556,5.52,5.306,5.611,5.756,5.684,5.683,5.489,5.372,5.209,5.455,5.727,0.0,0.0,0.0,0.0,0.0,0.0,0.0,0.0,0.0,0.0,0.0,0.0,0.0,0.0,0.0,0.0,0.0,0.0,0.0,0.0,0.0,0.0,0.0,0.0,0.0,0.0,0.0,0.0,0.0,0.0,0.0,0.0,0.0,0.0,0.0,0.0,0.0,0.0,0.0,0.0,0.0,0.0,0.0,0.0,0.0,0.0,0.0,0.0,0.0,0.0,0.0,0.0,0.0,0.0,0.0,0.0,0.0,0.0,0.0,0.0,0.0,0.0,5.165,5.182,5.184,5.284,5.326,5.046,5.101,5.243,5.478,5.4,5.33,5.159,5.002,5.058,5.143,5.216,5.117,5.079,5.216,4.987,5.076,5.007,4.919,5.075,5.099,4.872,4.711,5.074,5.182,5.14,6.356,6.316,6.503,6.3,6.418,6.61,6.83,6.925,6.927,6.722,6.351,6.417,6.517,6.237,6.346,6.417,6.56,6.391,6.541,6.547,6.522,6.397,6.237,6.228,5.911,6.029,6.341,6.465,6.611,6.734,6.681,5.701,5.9,5.963,5.944,5.883,6.016,5.928,5.69,5.807,5.787,5.746,5.846,5.74,5.225,5.076,5.113,5.449,5.606,5.702,5.745,5.699,5.603,5.876,5.853,5.692,5.363,5.375,5.48,5.577,5.773,5.11,5.185,5.131,5.181,5.15,4.928,5.026,5.112,5.021,5.101,5.145,5.047,4.912,5.051,5.187,5.192,5.241,5.313,5.224,5.15,5.289,5.419,5.488,5.406,5.398,5.482,5.274,5.432,5.49,5.46,5.461,5.647,5.483,5.292,5.437,5.48,5.502,5.427,5.493,5.386,5.366,5.584,5.614,5.595,5.529,5.539,5.651,5.582,5.641,5.83,5.945,6.048,6.016,5.924,5.716,5.768,5.569,5.716,5.788,5.898,5.886,5.713,5.792,5.863,5.91,5.802,5.823,5.78,5.618,5.68,5.812,5.922,5.949,5.952,5.924,5.784,5.877,5.877,5.856,5.804,5.739,5.741,5.645,5.864,5.96,6.049,6.069,6.109,6.08,5.984,6.383,6.416,6.394,6.371,6.514,6.477,6.224,6.37,6.492,6.561,6.494,6.27,6.157,6.153,6.383,6.431,6.528,6.624,6.604,6.534,6.327,6.394,6.235,6.384,6.486,6.396,6.428,6.187,5.833,5.929,6.206,6.341,6.504,6.555,6.414,6.586,6.583,6.589,6.743,6.677,6.662,6.423,6.63,6.672,6.425,6.453,6.506,6.348,6.304,6.429,6.549,6.34,6.215,6.151,6.248,6.123,6.353,6.449,6.421,6.448,6.41,5.427,5.326,5.358,5.384,5.28,5.34,5.454,5.415,5.298,5.402,5.27,5.098,4.951,5.118,5.08,4.701,4.726,4.618,4.629,4.595,4.659,4.82,4.919,5.031,4.951,4.858,4.877,5.063,5.183,4.888,5.131,4.835,5.205,5.306,5.323,5.196,4.955,5.106,5.024,5.009,4.901,4.739,4.727,4.497,4.903,4.927,5.053,5.086,5.122,4.905,4.656,5.044,5.235,5.522,5.305,5.282,5.137,5.261,5.653,5.844,5.719,6.249,6.033,6.051,6.125,6.474,6.595,6.547,6.423,6.328,6.443,6.011,5.946,5.882,5.803,5.903,6.185,6.241,5.662,5.232,5.238,5.13,5.283,5.563,5.444,5.359,5.533,5.484,5.164,5.264,5.237,5.158,9.877,10.787,11.086,11.267,11.657,11.821,12.207,12.132,12.368,12.388,12.409,12.584,12.691,12.375,12.06,11.339,12.92,12.705,12.37,12.279,12.043,11.528,12.02,12.102,12.159,12.262,12.429,12.318,11.873,12.074,11.997,0.0,0.0,0.0,0.0,0.0,0.0,0.0,0.0,0.0,0.0,0.0,0.0,0.0,0.0,0.0,0.0,0.0,0.0,0.0,0.0,0.0,0.0,0.0,0.0,0.0,0.0,0.0,0.0,0.0,0.0,5.753,5.545,5.41,5.659,5.782,5.897,5.899,5.958,5.872,5.686,5.956,6.018,6.029,5.944,5.758,5.832,5.526,5.395,5.631,5.685,5.649,5.614,5.688,5.344,5.561,5.608,5.594,5.553,5.625,5.568,5.479,4.976,4.975,4.92,4.545,4.402,4.708,4.616,4.866,4.997,5.173,5.031,5.139,5.101,5.017,5.085,5.076,5.134,5.179,5.048,5.051,4.835,5.113,5.191,5.222,5.175,5.136,5.064,4.79,4.88,4.902,6.068,5.896,6.014,6.026,5.898,6.094,6.215,6.198,6.266,6.17,6.115,5.862,6.151,6.354,6.336,6.275,6.243,6.233,5.921,6.347,6.536,6.649,6.715,6.765,6.697,6.497,6.634,6.498,6.34,6.274,6.383,6.225,5.988,6.324,6.498,6.597,6.471,6.445,6.221,5.94,6.139,6.174,6.204,6.327,6.208,6.051,6.049,6.338,6.534,6.538,6.507,6.566,6.216,6.115,6.455,6.493,6.288,6.395,6.486,6.513,6.506,6.625,6.294,6.319,6.077,6.181,6.256,6.166,6.275,6.449,6.333,6.199,6.233,6.218,6.143,6.183,6.225,6.315,6.261,6.293,6.239,6.134,6.292,6.274,6.282,6.458,6.322,6.219,5.987,6.252,6.776,6.637,6.598,6.782,6.892,6.723,6.697,6.745,6.812,6.933,7.023,7.006,6.835,6.988,7.034,7.13,7.103,6.708,6.756,6.889,7.084,7.142,7.182,7.247,7.216,7.168,6.946,7.075,7.142,7.273,7.317,7.507,7.499,7.266,7.525,7.602,7.462,7.581,7.537,7.565,7.327,7.474,7.583,7.598,7.524,7.446,7.554,7.209,7.405,7.535,7.479,7.508,7.525,7.516,7.278,7.532,7.621,7.699,7.648,7.58,7.384,7.271,7.45,7.424,7.601,7.593,7.794,7.746,7.4,7.513,7.397,7.431,7.421,7.351,7.28,7.08,7.367,7.543,7.754,7.679,7.359,6.711,6.236,6.161,6.707,7.207,7.252,7.144,7.082,7.021,7.414,7.522,6.87,6.939,6.93,6.853,6.685,6.869,6.915,6.768,6.705,6.868,6.799,6.601,6.925,7.023,6.835,6.682,6.585,6.427,5.966,5.983,6.034,6.514,6.766,6.688,6.555,6.364,6.735,6.83,6.558,6.106,6.041,6.143,5.988,6.437,6.465,6.457,6.478,6.356,6.09,5.705,5.922,5.936,6.028,5.939,5.953,5.965,5.707,6.14,6.234,6.124,5.748,5.922,5.77,5.362,5.77,6.148,6.218,6.17,6.279,6.074,5.713,4.713,4.833,5.032,5.029,4.853,4.71,4.48,4.59,4.586,4.583,4.32,4.554,4.727,4.407,4.179,4.476,4.734,4.896,4.837,4.776,4.57,4.819,4.94,4.896,4.977,5.14,4.972,4.761,5.105,5.239,5.205,7.798,7.873,7.832,7.373,7.749,7.871,7.903,7.796,7.594,7.402,6.912,7.022,7.052,7.056,6.948,6.602,6.827,6.876,7.264,7.252,7.162,6.864,6.754,6.665,6.687,7.28,7.336,7.312,7.416,7.436,6.059,5.788,6.142,6.327,5.998,6.084,6.055,6.09,5.886,6.073,6.018,6.121,6.128,6.076,5.989,5.782,6.243,6.303,6.314,6.293,6.213,6.048,5.688,5.364,5.252,5.628,5.938,6.06,6.091,5.923,5.985,6.503,6.586,6.529,6.635,6.612,6.475,6.569,6.621,6.622,6.619,6.626,6.428,6.27,6.318,6.485,6.583,6.632,6.69,6.711,6.451,6.687,6.781,6.765,6.762,6.764,6.771,6.621,6.791,6.708,6.716,6.604,6.701,6.713,6.477,6.615,6.767,6.847,6.681,6.632,6.376,6.206,6.534,6.544,6.584,6.706,6.841,6.891,6.738,7.002,7.025,6.971,7.0,7.114,7.069,6.827,6.964,7.096,7.209,7.234,7.151,7.076,8.037,8.255,8.222,8.083,8.185,8.245,8.293,8.218,8.351,8.363,8.438,8.46,8.508,8.207,7.88,8.102,8.266,8.423,8.349,8.452,8.353,8.111,8.172,8.316,8.254,7.714,7.963,8.199,7.991,8.096,8.105,7.623,7.727,7.974,7.951,7.768,7.819,7.954,8.151,8.039,8.052,8.09,7.715,8.082,8.217,8.112,8.094,8.203,8.149,7.936,8.157,8.233,8.206,8.342,8.411,8.245,8.07,8.418,8.329,7.141,7.168,7.315,7.245,6.962,7.103,6.707,6.544,6.792,7.185,7.269,7.085,7.455,7.492,7.472,7.31,6.907,6.533,6.065,6.531,6.783,6.963,7.104,7.144,7.31,7.031,7.299,7.384,7.422,7.386,7.105,6.827,6.738,7.03,7.324,7.35,7.395,7.505,7.338,7.151,7.45,7.598,7.653,7.747,7.67,7.597,7.32,7.513,7.717,7.639,7.542,7.388,7.186,6.603,7.026,7.356,7.364,7.429,7.42,7.14,6.512,6.661,6.918,7.204,7.22,7.448,7.557,7.277,7.575,7.824,7.911,8.032,7.974,7.857,7.442,7.583,7.868,8.072,7.875,8.228,8.139,7.85,8.058,8.113,7.607,7.242,6.937,7.131,7.424,7.781,7.917,7.739,7.686,7.827,8.137,7.544,7.923,8.004,8.172,8.281,8.216,7.904,7.566,7.877,7.836,7.692,7.797,8.007,7.861,7.486,7.73,7.778,7.906,7.954,7.941,7.688,7.045,7.08,7.295,7.219,7.038,6.88,6.665,6.603,7.055,7.095,6.916,6.676,6.784,6.552,6.479,7.024,7.028,7.147,7.04,6.993,6.856,6.665,6.899,6.855,6.696,6.88,6.956,6.635,6.312,6.676,6.733,6.442,6.296,6.124,5.944,5.988,6.385,10.056,9.907,10.041,10.405,10.692,10.107,10.228,10.601,10.905,11.147,11.559,11.115,10.78,11.217,11.018,11.494,11.605,11.512,11.223,11.146,11.506,11.597,11.07,10.993,11.335,11.365,11.099,11.361,11.906,12.111,12.224,7.23,7.102,6.883,6.765,6.9,6.792,6.416,6.311,6.215,5.923,6.264,6.54,6.754,7.014,6.799,6.388,5.908,6.092,6.232,6.466,6.553,6.441,6.18,5.737,6.123,6.43,6.524,6.514,6.59,6.499,6.531,6.481,6.758,6.929,7.013,7.087,7.2,7.175,7.285,7.385,7.522,7.567,7.579,7.515,7.272,7.321,7.12,7.38,7.462,7.48,7.381,7.103,7.062,6.9,7.139,7.364,7.387,7.439,7.152,7.253,7.373,7.805,7.754,7.799,7.659,7.415,7.564,7.633,7.661,7.614,7.344,6.891,6.254,6.131,6.557,6.749,6.922,7.019,7.171,6.931,7.083,7.243,7.302,7.403,7.247,7.043,6.564,6.583,6.679,6.701,6.537,6.218,6.104,5.91,5.971,5.933,6.196,6.373,6.477,6.396,6.18,6.494,6.61,6.623,6.558,6.644,6.633,6.294,6.344,6.598,6.741,6.785,6.953,6.778,6.465,6.699,6.831,6.815,6.749,6.88,6.98,6.744,6.98,7.106,7.29,7.283,7.307,7.118,6.809,7.04,7.033,7.156,7.199,7.304,7.405,7.073,7.136,7.38,7.455,7.46,7.496,7.551,7.389,7.413,7.518,7.472,6.969,6.513,6.723,6.922,6.747,6.835,6.843,6.713,6.804,7.021,7.001,6.84,6.885,7.004,7.177,7.079,7.09,7.123,6.793,7.117,7.235,7.143,7.127,7.223,7.176,6.988,7.183,7.249,7.226,7.346,7.406,7.26,7.106,7.413,7.334,6.478,7.302,7.329,7.48,7.408,7.119,7.263,6.858,6.692,6.945,7.347,7.433,7.244,7.623,7.66,7.641,7.475,7.063,6.68,6.202,6.678,6.936,7.12,7.264,7.305,7.475,7.19,7.463,7.551,7.589,7.552,7.265,6.852,6.763,7.056,7.351,7.377,7.423,7.533,7.365,7.178,7.477,7.626,7.681,7.775,7.698,7.625,7.347,7.54,7.745,7.667,7.57,7.415,7.212,6.627,7.052,7.383,7.391,7.457,7.447,7.167,6.536,6.675,6.932,7.219,7.235,7.463,7.572,7.292,7.591,7.84,7.927,8.048,7.99,7.873,7.458,7.598,7.884,8.089,7.891,8.245,8.156,7.866,8.074,8.13,7.622,7.256,6.951,7.145,7.439,7.797,7.934,7.755,7.686,7.827,8.137,7.544,7.923,8.004,8.172,8.281,8.216,7.904,7.566,7.877,7.836,7.692,7.797,8.007,7.861,7.486,7.73,7.778,7.906,7.954,7.941,7.688,7.045,7.08,7.295,7.219,7.038,6.88,7.083,7.017,7.497,7.54,7.349,7.094,7.21,6.962,6.885,7.464,7.469,7.595,7.482,7.431,7.285,7.083,7.331,7.284,7.116,7.311,7.392,7.051,6.707,7.095,7.155,6.846,6.691,6.507,6.316,6.363,6.785,5.772,5.686,5.763,5.972,6.137,5.801,5.87,6.084,6.259,6.398,6.634,6.379,6.187,6.438,6.324,6.597,6.661,6.607,6.441,6.397,6.604,6.656,6.353,6.309,6.505,6.523,6.37,6.521,6.833,6.951,7.016,6.472,6.357,6.161,6.056,6.177,6.08,5.743,5.649,5.564,5.302,5.607,5.855,6.046,6.278,6.086,5.719,5.289,5.453,5.579,5.788,5.866,5.765,5.532,5.135,5.481,5.756,5.84,5.831,5.899,5.818,6.531,6.481,6.758,6.929,7.013,7.087,7.2,7.175,7.285,7.385,7.522,7.567,7.579,7.515,7.272,7.321,7.12,7.38,7.462,7.48,7.381,7.103,7.062,6.9,7.139,7.364,7.387,7.439,7.152,7.253,7.373,7.805,7.754,7.799,7.659,7.415,7.564,7.633,7.661,7.614,7.344,6.891,6.254,6.131,6.557,6.749,6.922,7.019,7.171,6.931,7.083,7.243,7.302,7.403,7.247,7.043,6.564,6.583,6.679,6.701,6.537,6.218,6.104,5.91,5.971,5.933,6.196,6.373,6.477,6.396,6.18,6.494,6.61,6.623,6.558,6.644,6.633,6.294,6.344,6.598,6.741,6.785,6.953,6.778,6.465,6.699,6.831,6.815,6.749,6.88,6.98,6.744
Guntur_161,5.167,5.203,5.301,5.314,5.117,5.146,5.258,5.265,5.159,5.102,5.195,5.197,5.26,5.167,5.017,4.989,5.222,5.199,4.989,5.201,5.239,5.122,5.179,5.305,5.362,5.117,5.282,5.359,5.4,5.436,5.392,5.937,5.652,5.833,5.984,5.985,5.979,6.046,5.838,5.71,5.808,5.835,5.895,6.104,6.094,6.154,5.896,6.041,6.164,6.139,6.005,5.797,5.846,5.692,5.883,5.988,6.053,5.98,5.945,5.878,6.516,6.701,6.775,6.669,6.563,6.604,6.693,6.497,6.448,5.98,6.213,6.591,6.631,6.588,6.335,6.556,6.765,6.736,7.466,7.357,7.097,6.982,6.859,7.137,7.391,7.473,7.443,7.404,7.174,6.986,6.97,6.393,6.534,6.579,6.537,6.283,6.6,6.632,6.598,6.641,6.69,6.566,6.41,6.775,6.651,6.603,6.41,6.363,6.301,6.09,6.471,6.505,6.345,6.446,6.513,6.45,6.324,6.558,6.564,6.576,6.463,5.36,5.373,5.295,5.45,5.429,5.496,5.642,5.635,5.6,5.378,5.292,5.337,5.317,5.274,5.304,5.242,5.259,4.923,5.155,5.309,5.145,5.075,5.209,5.29,5.057,5.178,5.266,5.417,5.402,5.278,5.156,5.244,5.311,5.296,5.441,5.4,5.433,5.331,5.667,5.768,5.843,5.771,5.787,5.618,5.426,5.7,5.695,5.784,5.864,5.743,5.706,5.485,5.8,5.95,5.875,5.874,5.674,5.553,5.385,5.639,5.92,0.0,0.0,0.0,0.0,0.0,0.0,0.0,0.0,0.0,0.0,0.0,0.0,0.0,0.0,0.0,0.0,0.0,0.0,0.0,0.0,0.0,0.0,0.0,0.0,0.0,0.0,0.0,0.0,0.0,0.0,0.0,0.0,0.0,0.0,0.0,0.0,0.0,0.0,0.0,0.0,0.0,0.0,0.0,0.0,0.0,0.0,0.0,0.0,0.0,0.0,0.0,0.0,0.0,0.0,0.0,0.0,0.0,0.0,0.0,0.0,0.0,0.0,4.558,4.573,4.575,4.663,4.7,4.453,4.501,4.627,4.834,4.766,4.703,4.553,4.414,4.463,4.538,4.603,4.515,4.482,4.603,4.401,4.479,4.419,4.34,4.478,4.5,4.3,4.158,4.478,4.573,4.535,6.677,6.635,6.831,6.617,6.741,6.943,7.174,7.274,7.276,7.061,6.672,6.741,6.845,6.552,6.665,6.74,6.891,6.713,6.87,6.877,6.851,6.72,6.551,6.542,6.209,6.333,6.66,6.791,6.944,7.074,7.018,5.458,5.649,5.71,5.691,5.633,5.76,5.676,5.448,5.56,5.54,5.501,5.598,5.495,5.002,4.86,4.896,5.217,5.368,5.459,5.5,5.457,5.365,5.626,5.604,5.45,5.135,5.146,5.247,5.34,5.527,5.486,5.566,5.509,5.562,5.528,5.29,5.395,5.488,5.39,5.476,5.524,5.418,5.273,5.422,5.569,5.574,5.626,5.704,5.608,5.529,5.677,5.818,5.892,5.804,5.795,5.885,5.662,5.831,5.894,5.862,5.862,6.057,5.88,5.676,5.831,5.878,5.9,5.821,5.891,5.776,5.755,5.989,6.021,6.0,5.93,5.941,6.06,5.987,6.05,6.252,6.376,6.486,6.453,6.353,6.13,6.186,5.973,6.131,6.208,6.325,6.312,6.127,6.492,6.572,6.625,6.503,6.527,6.479,6.298,6.367,6.514,6.638,6.668,6.672,6.641,6.484,6.588,6.588,6.565,6.506,6.433,6.435,6.327,6.574,6.681,6.781,6.803,6.848,6.816,6.707,6.376,6.409,6.387,6.364,6.506,6.469,6.217,6.363,6.485,6.554,6.487,6.263,6.15,6.146,6.376,6.423,6.521,6.616,6.596,6.527,6.32,6.387,6.228,6.376,6.479,6.389,6.421,6.18,5.826,5.923,6.199,6.522,6.689,6.742,6.597,6.773,6.771,6.777,6.935,6.868,6.852,6.606,6.819,6.862,6.608,6.637,6.692,6.529,6.484,6.612,6.736,6.521,6.392,6.326,6.426,6.297,6.534,6.632,6.604,6.632,6.593,5.559,5.455,5.488,5.514,5.408,5.47,5.586,5.546,5.427,5.533,5.398,5.222,5.071,5.242,5.204,4.815,4.841,4.73,4.741,4.707,4.772,4.937,5.039,5.153,5.071,4.976,4.995,5.186,5.309,5.007,5.256,4.572,4.922,5.018,5.033,4.913,4.686,4.828,4.751,4.737,4.635,4.481,4.47,4.253,4.637,4.659,4.778,4.81,4.844,4.639,4.403,4.77,4.951,5.222,5.017,4.995,4.857,4.975,5.346,5.527,5.408,4.34,4.19,4.203,4.254,4.496,4.58,4.548,4.461,4.395,4.475,4.175,4.13,4.086,4.031,4.1,4.296,4.335,3.933,3.634,3.638,3.563,3.669,3.864,3.782,3.722,3.843,3.809,3.587,3.656,3.637,3.582,9.877,10.787,11.086,11.267,11.657,11.821,12.207,12.132,12.368,12.388,12.409,12.584,12.691,12.375,12.06,11.339,12.92,12.705,12.37,12.279,12.043,11.528,12.02,12.102,12.159,12.262,12.429,12.318,11.873,12.074,11.997,0.0,0.0,0.0,0.0,0.0,0.0,0.0,0.0,0.0,0.0,0.0,0.0,0.0,0.0,0.0,0.0,0.0,0.0,0.0,0.0,0.0,0.0,0.0,0.0,0.0,0.0,0.0,0.0,0.0,0.0,6.491,6.257,6.104,6.385,6.524,6.653,6.656,6.722,6.625,6.416,6.72,6.79,6.802,6.706,6.497,6.58,6.235,6.087,6.354,6.414,6.374,6.335,6.417,6.029,6.274,6.327,6.312,6.266,6.346,6.283,6.182,5.523,5.523,5.461,5.045,4.887,5.227,5.124,5.401,5.547,5.742,5.584,5.704,5.662,5.569,5.644,5.635,5.699,5.749,5.604,5.607,5.367,5.676,5.762,5.797,5.744,5.701,5.622,5.317,5.416,5.442,6.25,6.073,6.194,6.207,6.075,6.277,6.401,6.384,6.453,6.354,6.299,6.038,6.335,6.545,6.526,6.463,6.43,6.42,6.099,6.537,6.732,6.848,6.916,6.967,6.898,6.691,6.833,6.692,6.53,6.462,6.574,6.065,5.834,6.162,6.331,6.427,6.305,6.279,6.061,5.788,5.981,6.015,6.044,6.165,6.048,5.896,5.893,6.175,6.366,6.37,6.339,6.397,6.056,5.958,6.289,6.327,6.126,6.23,6.32,6.345,6.339,6.455,6.111,6.135,5.9,6.001,6.073,5.986,6.092,6.261,6.149,6.019,6.052,6.037,5.964,6.003,6.044,6.131,6.079,6.11,6.057,5.956,6.109,6.091,6.099,6.27,6.137,6.038,5.813,6.069,6.797,6.658,6.618,6.803,6.913,6.744,6.717,6.766,6.833,6.954,7.045,7.028,6.856,7.01,7.056,7.152,7.125,6.728,6.777,6.91,7.105,7.164,7.204,7.27,7.239,7.19,6.967,7.096,7.164,7.296,7.34,7.447,7.439,7.208,7.465,7.542,7.403,7.521,7.477,7.505,7.268,7.414,7.523,7.538,7.464,7.387,7.494,7.152,7.346,7.475,7.419,7.448,7.465,7.456,7.22,7.472,7.561,7.638,7.588,7.52,7.325,6.894,7.064,7.04,7.207,7.2,7.391,7.345,7.016,7.124,7.014,7.046,7.037,6.97,6.903,6.713,6.985,7.152,7.352,7.282,6.978,6.363,5.913,5.842,6.36,6.833,6.877,6.774,6.715,6.658,7.03,7.132,6.641,6.708,6.7,6.624,6.463,6.641,6.685,6.543,6.481,6.639,6.572,6.381,6.694,6.789,6.607,6.46,6.366,6.213,5.767,5.784,5.833,6.297,6.541,6.465,6.337,6.152,6.511,6.603,6.339,5.902,5.84,5.939,5.788,6.223,6.249,6.242,6.262,6.145,5.887,5.515,5.725,5.738,5.828,5.741,5.755,5.767,5.517,5.935,6.027,5.92,5.557,5.725,5.578,5.184,5.577,5.943,6.011,5.964,6.07,5.872,5.523,3.567,3.657,3.808,3.805,3.673,3.564,3.39,3.474,3.47,3.469,3.269,3.446,3.577,3.335,3.162,3.387,3.582,3.705,3.661,3.615,3.459,3.647,3.739,3.705,3.767,3.89,3.763,3.603,3.863,3.964,3.939,6.761,6.825,6.79,6.392,6.718,6.824,6.852,6.759,6.583,6.417,5.992,6.088,6.113,6.117,6.023,5.724,5.918,5.961,6.297,6.287,6.209,5.95,5.856,5.778,5.798,6.311,6.36,6.339,6.429,6.446,6.665,6.367,6.756,6.96,6.597,6.693,6.66,6.699,6.475,6.681,6.62,6.733,6.74,6.684,6.587,6.36,6.867,6.934,6.945,6.923,6.834,6.653,6.257,5.901,5.777,6.191,6.532,6.666,6.7,6.516,6.584,6.361,6.443,6.387,6.49,6.467,6.334,6.426,6.476,6.478,6.475,6.481,6.287,6.134,6.18,6.344,6.439,6.487,6.544,6.565,6.31,6.541,6.633,6.618,6.615,6.617,6.623,6.477,6.643,6.562,6.569,6.017,6.106,6.116,5.902,6.027,6.166,6.239,6.088,6.043,5.81,5.655,5.954,5.963,5.999,6.111,6.233,6.279,6.139,6.38,6.401,6.352,6.378,6.482,6.441,6.22,6.345,6.466,6.568,6.592,6.516,6.447,7.296,7.493,7.463,7.338,7.43,7.485,7.528,7.46,7.58,7.591,7.66,7.679,7.723,7.45,7.153,7.355,7.504,7.646,7.579,7.673,7.582,7.362,7.418,7.549,7.492,7.002,7.228,7.443,7.254,7.349,7.358,7.172,7.27,7.502,7.48,7.308,7.356,7.484,7.668,7.563,7.576,7.611,7.258,7.604,7.731,7.632,7.615,7.718,7.667,7.466,7.675,7.746,7.72,7.849,7.913,7.757,7.593,7.92,7.836,7.275,7.302,7.452,7.38,7.092,7.236,6.833,6.667,6.919,7.319,7.405,7.217,7.595,7.632,7.612,7.447,7.036,6.655,6.179,6.653,6.91,7.093,7.237,7.278,7.447,7.163,7.436,7.523,7.561,7.524,7.238,6.571,6.486,6.767,7.05,7.075,7.119,7.225,7.064,6.884,7.171,7.314,7.367,7.457,7.383,7.312,7.046,7.232,7.428,7.353,7.26,7.112,6.917,6.356,6.763,7.081,7.089,7.151,7.142,6.873,6.268,6.15,6.388,6.652,6.667,6.877,6.978,6.719,6.995,7.224,7.305,7.416,7.363,7.255,6.872,7.002,7.265,7.454,7.272,7.598,7.516,7.248,7.44,7.491,7.024,6.687,6.406,6.584,6.855,7.185,7.311,7.146,6.877,7.004,7.281,6.75,7.09,7.162,7.312,7.41,7.352,7.073,6.77,7.048,7.012,6.883,6.977,7.165,7.035,6.699,6.917,6.96,7.074,7.118,7.106,6.88,6.304,6.335,6.527,6.46,6.298,6.156,0.0,0.0,0.0,0.0,0.0,0.0,0.0,0.0,0.0,0.0,0.0,0.0,0.0,0.0,0.0,0.0,0.0,0.0,0.0,0.0,0.0,0.0,0.0,0.0,0.0,0.0,0.0,0.0,0.0,0.0,0.0,10.056,9.907,10.041,10.405,10.692,10.107,10.228,10.601,10.905,11.147,11.559,11.115,10.78,11.217,11.018,11.494,11.605,11.512,11.223,11.146,11.506,11.597,11.07,10.993,11.335,11.365,11.099,11.361,11.906,12.111,12.224,5.887,5.782,5.604,5.508,5.618,5.53,5.224,5.138,5.06,4.823,5.1,5.325,5.499,5.711,5.536,5.201,4.81,4.96,5.074,5.265,5.335,5.244,5.032,4.671,4.985,5.235,5.311,5.303,5.366,5.292,6.219,6.171,6.435,6.598,6.678,6.748,6.856,6.832,6.936,7.032,7.162,7.205,7.216,7.156,6.925,6.971,6.78,7.028,7.105,7.123,7.028,6.764,6.724,6.571,6.797,7.012,7.034,7.084,6.811,6.906,7.021,7.126,7.08,7.121,6.993,6.77,6.906,6.969,6.995,6.952,6.705,6.292,5.71,5.598,5.987,6.162,6.32,6.409,6.547,6.328,6.467,6.614,6.667,6.759,6.617,6.43,5.993,6.011,6.098,6.118,5.969,6.401,6.284,6.084,6.147,6.108,6.379,6.561,6.668,6.584,6.362,6.686,6.805,6.818,6.752,6.84,6.828,6.48,6.532,6.793,6.94,6.986,7.158,6.978,6.655,6.897,7.033,7.016,6.948,7.083,7.186,6.943,6.608,6.727,6.901,6.896,6.918,6.739,6.446,6.665,6.658,6.775,6.815,6.915,7.011,6.697,6.756,6.987,7.058,7.063,7.097,7.149,6.995,7.018,7.117,7.074,6.597,6.166,6.365,6.554,6.387,6.471,6.479,6.517,6.606,6.817,6.797,6.641,6.685,6.801,6.968,6.873,6.884,6.916,6.596,6.91,7.025,6.935,6.92,7.013,6.967,6.785,6.974,7.039,7.016,7.132,7.191,7.049,6.9,7.197,7.121,6.29,7.408,7.436,7.589,7.516,7.222,7.369,6.958,6.789,7.046,7.454,7.541,7.35,7.734,7.772,7.752,7.583,7.165,6.777,6.292,6.775,7.037,7.223,7.37,7.411,7.584,7.294,7.572,7.661,7.7,7.662,7.371,5.949,5.871,6.126,6.382,6.404,6.444,6.54,6.394,6.231,6.491,6.62,6.669,6.75,6.683,6.619,6.378,6.546,6.724,6.656,6.572,6.437,6.261,5.753,6.122,6.41,6.417,6.473,6.465,6.222,5.674,5.91,6.138,6.391,6.406,6.608,6.704,6.456,6.721,6.941,7.019,7.126,7.074,6.971,6.603,6.728,6.98,7.162,6.987,7.3,7.221,6.964,7.149,7.198,6.749,6.425,6.155,6.326,6.586,6.904,7.024,6.866,6.877,7.004,7.281,6.75,7.09,7.162,7.312,7.41,7.352,7.073,6.77,7.048,7.012,6.883,6.977,7.165,7.035,6.699,6.917,6.96,7.074,7.118,7.106,6.88,6.304,6.335,6.527,6.46,6.298,6.156,6.271,6.213,6.638,6.676,6.507,6.281,6.383,6.164,6.096,6.609,6.613,6.724,6.624,6.58,6.45,6.271,6.491,6.45,6.3,6.473,6.545,6.243,5.939,6.281,6.335,6.061,5.924,5.762,5.592,5.634,6.007,5.772,5.686,5.763,5.972,6.137,5.801,5.87,6.084,6.259,6.398,6.634,6.379,6.187,6.438,6.324,6.597,6.661,6.607,6.441,6.397,6.604,6.656,6.353,6.309,6.505,6.523,6.37,6.521,6.833,6.951,7.016,6.185,6.075,5.888,5.787,5.903,5.81,5.488,5.398,5.317,5.067,5.358,5.595,5.777,6.0,5.816,5.465,5.054,5.211,5.331,5.531,5.606,5.509,5.287,4.907,5.238,5.501,5.58,5.572,5.638,5.56,6.219,6.171,6.435,6.598,6.678,6.748,6.856,6.832,6.936,7.032,7.162,7.205,7.216,7.156,6.925,6.971,6.78,7.028,7.105,7.123,7.028,6.764,6.724,6.571,6.797,7.012,7.034,7.084,6.811,6.906,7.021,7.126,7.08,7.121,6.993,6.77,6.906,6.969,6.995,6.952,6.705,6.292,5.71,5.598,5.987,6.162,6.32,6.409,6.547,6.328,6.467,6.614,6.667,6.759,6.617,6.43,5.993,6.011,6.098,6.118,5.969,6.401,6.284,6.084,6.147,6.108,6.379,6.561,6.668,6.584,6.362,6.686,6.805,6.818,6.752,6.84,6.828,6.48,6.532,6.793,6.94,6.986,7.158,6.978,6.655,6.897,7.033,7.016,6.948,7.083,7.186,6.943
Guntur_162,4.353,4.383,4.466,4.477,4.311,4.335,4.43,4.435,4.347,4.298,4.377,4.378,4.432,4.353,4.226,4.203,4.4,4.38,4.203,4.382,4.414,4.315,4.364,4.469,4.518,4.311,4.45,4.515,4.549,4.58,4.542,4.536,4.319,4.457,4.572,4.573,4.569,4.62,4.461,4.363,4.438,4.458,4.505,4.664,4.656,4.702,4.505,4.616,4.71,4.691,4.589,4.429,4.467,4.35,4.496,4.575,4.625,4.57,4.543,4.491,6.516,6.701,6.775,6.669,6.563,6.604,6.693,6.497,6.448,5.98,6.213,6.591,6.631,6.588,6.335,6.556,6.765,6.736,7.466,7.357,7.097,6.982,6.859,7.137,7.391,7.473,7.443,7.404,7.174,6.986,6.97,8.769,8.963,9.025,8.968,8.62,9.054,9.097,9.051,9.109,9.178,9.007,8.793,9.293,9.123,9.058,8.794,8.729,8.644,8.354,8.877,8.924,8.704,8.842,8.934,8.848,8.675,8.996,9.005,9.021,8.866,8.13,8.149,8.031,8.266,8.234,8.335,8.557,8.547,8.494,8.157,8.026,8.094,8.064,7.999,8.044,7.951,7.976,7.467,7.818,8.053,7.804,7.698,7.9,8.024,7.671,7.853,7.987,8.215,8.193,8.006,7.82,7.046,7.135,7.116,7.31,7.254,7.299,7.162,7.613,7.75,7.85,7.754,7.775,7.548,7.29,7.658,7.651,7.771,7.878,7.716,7.666,7.369,7.792,7.993,7.893,7.892,7.623,7.46,7.234,7.575,7.954,0.0,0.0,0.0,0.0,0.0,0.0,0.0,0.0,0.0,0.0,0.0,0.0,0.0,0.0,0.0,0.0,0.0,0.0,0.0,0.0,0.0,0.0,0.0,0.0,0.0,0.0,0.0,0.0,0.0,0.0,0.0,0.0,0.0,0.0,0.0,0.0,0.0,0.0,0.0,0.0,0.0,0.0,0.0,0.0,0.0,0.0,0.0,0.0,0.0,0.0,0.0,0.0,0.0,0.0,0.0,0.0,0.0,0.0,0.0,0.0,0.0,0.0,5.93,5.951,5.953,6.068,6.115,5.795,5.857,6.02,6.29,6.201,6.12,5.924,5.744,5.807,5.906,5.989,5.876,5.832,5.99,5.726,5.829,5.75,5.648,5.827,5.856,5.595,5.41,5.827,5.951,5.902,8.582,8.528,8.78,8.505,8.665,8.924,9.221,9.349,9.352,9.076,8.575,8.664,8.798,8.421,8.567,8.663,8.857,8.628,8.831,8.84,8.806,8.637,8.42,8.409,7.98,8.141,8.561,8.729,8.925,9.092,9.02,9.468,9.798,9.903,9.87,9.77,9.99,9.845,9.449,9.643,9.61,9.542,9.709,9.532,8.677,8.43,8.492,9.049,9.31,9.469,9.54,9.465,9.305,9.759,9.719,9.453,8.907,8.926,9.101,9.262,9.587,6.887,6.988,6.915,6.983,6.94,6.641,6.773,6.89,6.766,6.875,6.934,6.802,6.619,6.807,6.991,6.997,7.063,7.161,7.04,6.941,7.127,7.304,7.396,7.286,7.275,7.388,7.108,7.321,7.399,7.359,7.359,8.999,8.736,8.433,8.664,8.732,8.766,8.648,8.752,8.582,8.55,8.898,8.946,8.915,8.81,8.827,9.004,8.895,8.989,9.289,9.474,9.636,9.587,9.439,9.108,9.19,8.875,9.109,9.223,9.397,9.378,9.103,6.836,6.92,6.975,6.847,6.873,6.822,6.631,6.704,6.859,6.989,7.021,7.025,6.993,6.827,6.937,6.937,6.912,6.85,6.774,6.776,6.662,6.922,7.035,7.14,7.163,7.21,7.176,7.063,8.685,8.729,8.7,8.668,8.862,8.812,8.468,8.667,8.833,8.926,8.835,8.531,8.376,8.372,8.685,8.749,8.882,9.012,8.985,8.89,8.608,8.699,8.483,8.685,8.824,8.702,8.746,8.418,7.936,8.067,8.443,7.109,7.291,7.349,7.191,7.383,7.381,7.387,7.559,7.486,7.469,7.201,7.433,7.481,7.204,7.235,7.295,7.117,7.068,7.208,7.342,7.109,6.968,6.896,7.005,6.865,7.123,7.23,7.199,7.23,7.187,5.223,5.125,5.156,5.181,5.081,5.139,5.249,5.211,5.099,5.198,5.072,4.906,4.764,4.925,4.889,4.524,4.549,4.444,4.455,4.422,4.484,4.639,4.734,4.842,4.765,4.676,4.694,4.872,4.988,4.704,4.938,8.233,8.864,9.036,9.064,8.848,8.438,8.694,8.555,8.53,8.346,8.07,8.049,7.658,8.349,8.39,8.604,8.661,8.723,8.353,7.929,8.59,8.915,9.404,9.034,8.995,8.747,8.959,9.627,9.952,9.739,6.564,6.338,6.356,6.434,6.8,6.927,6.878,6.747,6.647,6.768,6.315,6.246,6.179,6.096,6.201,6.498,6.556,5.948,5.497,5.503,5.389,5.55,5.844,5.719,5.629,5.813,5.761,5.425,5.53,5.501,5.418,6.552,7.156,7.354,7.474,7.733,7.842,8.098,8.048,8.205,8.218,8.232,8.348,8.419,8.209,8.0,7.522,8.571,8.428,8.206,8.146,7.989,7.647,7.974,8.028,8.066,8.134,8.245,8.172,7.876,8.01,7.958,39.933,40.417,40.193,38.485,37.996,39.224,37.743,36.944,39.307,38.141,36.473,33.884,35.308,36.09,36.998,36.963,37.885,39.709,40.476,40.915,40.084,38.726,38.925,39.29,38.614,38.365,37.807,37.478,37.26,38.597,3.8,3.663,3.574,3.738,3.819,3.895,3.897,3.936,3.879,3.756,3.934,3.976,3.982,3.926,3.804,3.852,3.65,3.564,3.72,3.755,3.732,3.709,3.757,3.53,3.673,3.704,3.695,3.668,3.716,3.678,3.619,4.789,4.788,4.735,4.374,4.237,4.531,4.442,4.683,4.809,4.978,4.842,4.946,4.909,4.829,4.894,4.885,4.941,4.984,4.858,4.861,4.653,4.921,4.996,5.026,4.98,4.943,4.874,4.61,4.696,4.718,4.381,4.257,4.342,4.351,4.258,4.4,4.487,4.475,4.524,4.454,4.415,4.233,4.441,4.588,4.575,4.53,4.507,4.5,4.275,4.582,4.719,4.8,4.848,4.884,4.835,4.69,4.79,4.691,4.577,4.53,4.608,4.198,4.037,4.264,4.382,4.448,4.364,4.346,4.194,4.006,4.139,4.163,4.183,4.266,4.186,4.08,4.079,4.273,4.406,4.409,4.387,4.427,4.191,4.123,4.352,4.378,4.24,4.312,4.374,4.391,4.387,4.467,4.626,4.644,4.466,4.543,4.598,4.532,4.612,4.74,4.655,4.556,4.581,4.57,4.515,4.544,4.575,4.642,4.602,4.625,4.585,4.509,4.625,4.611,4.617,4.747,4.646,4.571,4.4,4.595,5.113,5.009,4.979,5.118,5.201,5.074,5.054,5.09,5.141,5.232,5.3,5.287,5.158,5.274,5.308,5.38,5.36,5.062,5.099,5.198,5.346,5.39,5.42,5.469,5.446,5.409,5.241,5.339,5.389,5.489,5.522,5.649,5.643,5.468,5.663,5.721,5.616,5.705,5.672,5.693,5.514,5.624,5.706,5.718,5.662,5.604,5.685,5.425,5.573,5.671,5.628,5.65,5.663,5.656,5.477,5.668,5.736,5.794,5.756,5.704,5.557,5.08,5.206,5.188,5.311,5.306,5.446,5.413,5.17,5.25,5.169,5.192,5.185,5.136,5.087,4.947,5.147,5.27,5.418,5.366,5.142,4.689,4.357,4.305,4.687,5.036,5.068,4.991,4.948,4.906,5.181,5.256,3.431,3.466,3.461,3.422,3.339,3.431,3.454,3.38,3.348,3.43,3.395,3.297,3.459,3.507,3.413,3.337,3.289,3.21,2.979,2.988,3.013,3.253,3.379,3.34,3.274,3.179,3.364,3.411,3.275,3.049,3.017,3.068,2.99,3.215,3.229,3.225,3.235,3.175,3.042,2.849,2.958,2.965,3.011,2.966,2.973,2.979,2.85,3.066,3.114,3.058,2.871,2.958,2.881,2.678,2.881,3.07,3.106,3.081,3.136,3.034,2.853,3.807,3.904,4.065,4.062,3.92,3.805,3.619,3.708,3.704,3.703,3.49,3.679,3.818,3.56,3.376,3.615,3.824,3.955,3.908,3.858,3.692,3.893,3.991,3.955,4.021,4.152,4.017,3.846,4.124,4.232,4.204,5.021,5.069,5.043,4.746,4.989,5.067,5.088,5.019,4.889,4.765,4.45,4.521,4.54,4.542,4.473,4.25,4.395,4.427,4.676,4.669,4.611,4.419,4.348,4.291,4.305,4.687,4.723,4.707,4.775,4.787,5.1,4.872,5.169,5.325,5.048,5.121,5.096,5.125,4.954,5.112,5.065,5.152,5.157,5.114,5.04,4.866,5.254,5.305,5.314,5.297,5.229,5.091,4.787,4.515,4.42,4.737,4.998,5.101,5.127,4.985,5.038,5.19,5.256,5.211,5.295,5.277,5.168,5.243,5.284,5.285,5.283,5.288,5.13,5.004,5.043,5.176,5.254,5.293,5.339,5.356,5.148,5.337,5.412,5.399,5.397,5.399,5.404,5.285,5.42,5.354,5.36,4.521,4.588,4.595,4.434,4.528,4.633,4.688,4.574,4.54,4.365,4.249,4.473,4.48,4.507,4.591,4.683,4.718,4.613,4.794,4.81,4.772,4.792,4.871,4.839,4.673,4.768,4.858,4.935,4.953,4.896,4.844,4.662,4.789,4.769,4.689,4.748,4.783,4.811,4.767,4.844,4.851,4.895,4.907,4.935,4.76,4.571,4.7,4.795,4.886,4.843,4.903,4.845,4.705,4.74,4.824,4.788,4.475,4.619,4.756,4.635,4.696,4.702,4.572,4.634,4.782,4.768,4.658,4.689,4.77,4.888,4.821,4.829,4.851,4.627,4.847,4.928,4.865,4.854,4.919,4.887,4.759,4.892,4.937,4.921,5.003,5.044,4.945,4.84,5.048,4.995,5.254,5.273,5.382,5.33,5.122,5.226,4.934,4.815,4.997,5.286,5.348,5.212,5.485,5.512,5.497,5.378,5.081,4.806,4.462,4.805,4.991,5.123,5.226,5.256,5.378,5.173,5.37,5.433,5.46,5.434,5.227,5.201,5.133,5.356,5.58,5.599,5.634,5.718,5.59,5.448,5.675,5.788,5.83,5.902,5.843,5.787,5.576,5.723,5.879,5.819,5.745,5.628,5.474,5.03,5.353,5.604,5.61,5.66,5.652,5.44,4.961,4.977,5.169,5.382,5.394,5.565,5.646,5.437,5.659,5.845,5.91,6.001,5.957,5.87,5.56,5.665,5.878,6.031,5.884,6.147,6.081,5.865,6.02,6.062,5.683,5.41,5.183,5.327,5.546,5.814,5.915,5.782,4.607,4.692,4.878,4.522,4.75,4.798,4.899,4.964,4.925,4.738,4.535,4.722,4.698,4.611,4.674,4.8,4.713,4.488,4.634,4.663,4.739,4.768,4.76,4.609,4.223,4.244,4.373,4.328,4.219,4.124,5.112,5.064,5.411,5.442,5.304,5.12,5.203,5.025,4.969,5.387,5.39,5.481,5.399,5.363,5.258,5.112,5.291,5.257,5.136,5.276,5.335,5.089,4.841,5.12,5.164,4.941,4.829,4.696,4.558,4.592,4.896,8.069,7.949,8.056,8.349,8.579,8.11,8.206,8.506,8.75,8.944,9.275,8.918,8.65,9.0,8.841,9.223,9.312,9.237,9.005,8.943,9.232,9.305,8.882,8.821,9.095,9.119,8.906,9.116,9.553,9.717,9.809,5.911,5.806,5.627,5.531,5.641,5.553,5.245,5.159,5.081,4.843,5.121,5.347,5.522,5.734,5.559,5.223,4.83,4.98,5.095,5.287,5.357,5.266,5.053,4.69,5.006,5.257,5.333,5.325,5.388,5.314,4.925,4.887,5.096,5.225,5.289,5.345,5.43,5.411,5.494,5.569,5.673,5.706,5.715,5.667,5.484,5.521,5.37,5.566,5.627,5.641,5.566,5.357,5.326,5.204,5.384,5.553,5.571,5.61,5.394,5.469,5.561,4.938,4.906,4.934,4.846,4.691,4.785,4.829,4.847,4.817,4.646,4.36,3.956,3.879,4.148,4.27,4.379,4.441,4.537,4.385,4.481,4.583,4.619,4.684,4.585,4.455,4.153,4.165,4.226,4.239,4.136,4.066,3.992,3.864,3.905,3.88,4.052,4.168,4.236,4.182,4.041,4.247,4.322,4.331,4.289,4.345,4.337,4.116,4.149,4.315,4.408,4.437,4.547,4.432,4.227,4.381,4.467,4.456,4.413,4.499,4.564,4.41,4.942,5.031,5.161,5.157,5.173,5.039,4.82,4.984,4.979,5.066,5.097,5.171,5.243,5.008,5.052,5.225,5.278,5.282,5.307,5.346,5.231,5.248,5.322,5.29,4.934,4.611,4.76,4.901,4.777,4.839,4.845,4.294,4.352,4.491,4.478,4.375,4.404,4.48,4.591,4.528,4.535,4.556,4.345,4.552,4.628,4.569,4.559,4.62,4.59,4.47,4.594,4.637,4.622,4.699,4.737,4.644,4.545,4.741,4.691,4.144,6.033,6.056,6.18,6.12,5.882,6.001,5.666,5.529,5.738,6.07,6.141,5.985,6.298,6.329,6.313,6.176,5.835,5.519,5.124,5.517,5.731,5.882,6.002,6.035,6.176,5.94,6.166,6.239,6.27,6.24,6.002,5.437,5.367,5.599,5.833,5.854,5.89,5.978,5.844,5.696,5.933,6.051,6.095,6.17,6.109,6.05,5.83,5.983,6.146,6.084,6.007,5.884,5.723,5.259,5.596,5.859,5.865,5.917,5.909,5.687,5.186,4.32,4.487,4.673,4.683,4.831,4.901,4.72,4.913,5.075,5.131,5.21,5.172,5.096,4.827,4.918,5.103,5.236,5.108,5.337,5.279,5.091,5.226,5.262,4.934,4.697,4.5,4.625,4.815,5.047,5.135,5.02,4.607,4.692,4.878,4.522,4.75,4.798,4.899,4.964,4.925,4.738,4.535,4.722,4.698,4.611,4.674,4.8,4.713,4.488,4.634,4.663,4.739,4.768,4.76,4.609,4.223,4.244,4.373,4.328,4.219,4.124,4.585,4.542,4.853,4.881,4.757,4.592,4.667,4.507,4.457,4.832,4.835,4.916,4.843,4.81,4.716,4.585,4.746,4.715,4.606,4.732,4.785,4.564,4.342,4.592,4.632,4.431,4.331,4.212,4.088,4.119,4.392,2.862,2.82,2.858,2.961,3.043,2.876,2.911,3.017,3.104,3.172,3.29,3.163,3.068,3.192,3.136,3.271,3.303,3.276,3.194,3.172,3.275,3.3,3.151,3.129,3.226,3.234,3.159,3.233,3.389,3.447,3.479,6.21,6.1,5.912,5.811,5.927,5.834,5.511,5.421,5.339,5.088,5.38,5.618,5.801,6.025,5.84,5.487,5.075,5.232,5.353,5.554,5.629,5.532,5.309,4.927,5.259,5.523,5.604,5.595,5.661,5.583,4.925,4.887,5.096,5.225,5.289,5.345,5.43,5.411,5.494,5.569,5.673,5.706,5.715,5.667,5.484,5.521,5.37,5.566,5.627,5.641,5.566,5.357,5.326,5.204,5.384,5.553,5.571,5.61,5.394,5.469,5.561,4.938,4.906,4.934,4.846,4.691,4.785,4.829,4.847,4.817,4.646,4.36,3.956,3.879,4.148,4.27,4.379,4.441,4.537,4.385,4.481,4.583,4.619,4.684,4.585,4.455,4.153,4.165,4.226,4.239,4.136,4.066,3.992,3.864,3.905,3.88,4.052,4.168,4.236,4.182,4.041,4.247,4.322,4.331,4.289,4.345,4.337,4.116,4.149,4.315,4.408,4.437,4.547,4.432,4.227,4.381,4.467,4.456,4.413,4.499,4.564,4.41
Guntur_163,5.64,5.679,5.786,5.801,5.585,5.617,5.739,5.747,5.632,5.569,5.671,5.673,5.742,5.64,5.476,5.446,5.7,5.675,5.446,5.677,5.719,5.591,5.654,5.791,5.853,5.586,5.766,5.85,5.894,5.934,5.885,5.748,5.473,5.648,5.794,5.795,5.79,5.854,5.653,5.529,5.624,5.65,5.708,5.91,5.901,5.959,5.709,5.849,5.969,5.944,5.815,5.613,5.661,5.512,5.697,5.798,5.861,5.791,5.757,5.691,5.783,5.947,6.013,5.918,5.825,5.861,5.94,5.766,5.723,5.307,5.514,5.85,5.885,5.847,5.623,5.819,6.004,5.978,6.627,6.53,6.298,6.197,6.087,6.335,6.559,6.632,6.606,6.571,6.367,6.2,6.186,6.704,6.852,6.9,6.856,6.59,6.921,6.955,6.919,6.964,7.016,6.886,6.722,7.105,6.975,6.925,6.723,6.673,6.608,6.387,6.786,6.822,6.654,6.76,6.83,6.764,6.632,6.877,6.884,6.897,6.778,6.338,6.353,6.26,6.443,6.419,6.498,6.67,6.663,6.621,6.359,6.257,6.31,6.286,6.235,6.271,6.198,6.218,5.821,6.095,6.278,6.084,6.001,6.158,6.255,5.98,6.122,6.226,6.404,6.387,6.241,6.096,5.273,5.34,5.325,5.471,5.429,5.463,5.36,5.698,5.8,5.875,5.803,5.818,5.649,5.456,5.731,5.726,5.816,5.895,5.774,5.737,5.515,5.831,5.982,5.907,5.906,5.705,5.583,5.414,5.669,5.953,0.0,0.0,0.0,0.0,0.0,0.0,0.0,0.0,0.0,0.0,0.0,0.0,0.0,0.0,0.0,0.0,0.0,0.0,0.0,0.0,0.0,0.0,0.0,0.0,0.0,0.0,0.0,0.0,0.0,0.0,0.0,0.0,0.0,0.0,0.0,0.0,0.0,0.0,0.0,0.0,0.0,0.0,0.0,0.0,0.0,0.0,0.0,0.0,0.0,0.0,0.0,0.0,0.0,0.0,0.0,0.0,0.0,0.0,0.0,0.0,0.0,0.0,5.93,5.951,5.953,6.068,6.115,5.795,5.857,6.02,6.29,6.201,6.12,5.924,5.744,5.807,5.906,5.989,5.876,5.832,5.99,5.726,5.829,5.75,5.648,5.827,5.856,5.595,5.41,5.827,5.951,5.902,6.755,6.712,6.91,6.695,6.82,7.024,7.258,7.359,7.361,7.143,6.749,6.819,6.925,6.628,6.743,6.819,6.971,6.791,6.951,6.957,6.931,6.798,6.628,6.618,6.281,6.407,6.738,6.87,7.025,7.156,7.1,5.018,5.193,5.249,5.231,5.178,5.295,5.218,5.008,5.111,5.093,5.057,5.146,5.052,4.599,4.468,4.501,4.796,4.935,5.019,5.056,5.016,4.932,5.172,5.151,5.01,4.721,4.731,4.824,4.909,5.081,6.629,6.727,6.657,6.722,6.681,6.392,6.52,6.632,6.513,6.618,6.675,6.547,6.372,6.552,6.729,6.735,6.798,6.893,6.777,6.681,6.861,7.03,7.119,7.013,7.003,7.112,6.842,7.047,7.122,7.084,7.084,6.664,6.47,6.245,6.416,6.467,6.492,6.405,6.482,6.356,6.332,6.59,6.625,6.602,6.525,6.537,6.668,6.587,6.657,6.879,7.016,7.137,7.1,6.99,6.745,6.806,6.572,6.746,6.83,6.96,6.945,6.741,6.538,6.618,6.671,6.549,6.573,6.524,6.342,6.411,6.56,6.684,6.715,6.718,6.687,6.529,6.634,6.634,6.611,6.551,6.478,6.48,6.371,6.62,6.728,6.828,6.851,6.896,6.863,6.754,6.651,6.685,6.663,6.638,6.787,6.748,6.485,6.637,6.764,6.836,6.766,6.533,6.415,6.412,6.651,6.7,6.802,6.902,6.881,6.808,6.593,6.662,6.496,6.652,6.758,6.664,6.698,6.447,6.078,6.178,6.466,6.153,6.31,6.36,6.224,6.39,6.388,6.393,6.542,6.479,6.464,6.232,6.433,6.474,6.234,6.262,6.313,6.16,6.117,6.238,6.355,6.152,6.031,5.968,6.062,5.941,6.165,6.257,6.231,6.257,6.22,5.493,5.39,5.423,5.449,5.344,5.405,5.52,5.48,5.362,5.467,5.334,5.16,5.011,5.18,5.142,4.758,4.784,4.674,4.685,4.651,4.716,4.879,4.979,5.092,5.011,4.917,4.936,5.124,5.246,4.947,5.194,6.467,6.962,7.098,7.119,6.95,6.628,6.829,6.719,6.7,6.556,6.338,6.323,6.015,6.558,6.59,6.758,6.803,6.851,6.561,6.228,6.747,7.002,7.387,7.096,7.065,6.871,7.037,7.562,7.817,7.65,5.094,4.918,4.933,4.993,5.278,5.376,5.338,5.236,5.159,5.253,4.901,4.848,4.795,4.731,4.813,5.043,5.088,4.616,4.266,4.271,4.182,4.307,4.535,4.439,4.369,4.511,4.471,4.21,4.292,4.269,4.205,7.911,8.639,8.878,9.024,9.336,9.467,9.776,9.717,9.905,9.921,9.938,10.078,10.164,9.911,9.658,9.081,10.348,10.176,9.907,9.834,9.645,9.232,9.626,9.693,9.738,9.821,9.954,9.866,9.509,9.67,9.608,39.933,40.417,40.193,38.485,37.996,39.224,37.743,36.944,39.307,38.141,36.473,33.884,35.308,36.09,36.998,36.963,37.885,39.709,40.476,40.915,40.084,38.726,38.925,39.29,38.614,38.365,37.807,37.478,37.26,38.597,4.832,4.658,4.544,4.753,4.856,4.953,4.955,5.004,4.932,4.776,5.003,5.055,5.064,4.992,4.836,4.898,4.642,4.531,4.73,4.775,4.745,4.716,4.777,4.488,4.671,4.71,4.699,4.664,4.725,4.677,4.602,5.329,5.329,5.27,4.868,4.715,5.043,4.944,5.211,5.352,5.54,5.388,5.504,5.463,5.374,5.446,5.437,5.499,5.547,5.407,5.41,5.179,5.477,5.56,5.593,5.543,5.501,5.424,5.13,5.226,5.25,5.445,5.291,5.396,5.408,5.293,5.469,5.577,5.562,5.622,5.536,5.488,5.261,5.519,5.702,5.686,5.631,5.602,5.593,5.314,5.695,5.865,5.966,6.026,6.07,6.01,5.83,5.953,5.831,5.689,5.63,5.728,5.484,5.275,5.571,5.725,5.812,5.701,5.677,5.48,5.233,5.408,5.439,5.465,5.574,5.469,5.331,5.329,5.583,5.756,5.76,5.732,5.784,5.476,5.387,5.686,5.72,5.539,5.633,5.714,5.737,5.732,5.837,5.49,5.512,5.3,5.391,5.456,5.378,5.473,5.625,5.524,5.407,5.437,5.423,5.358,5.393,5.43,5.508,5.461,5.489,5.441,5.35,5.488,5.472,5.479,5.633,5.514,5.424,5.222,5.452,6.112,5.987,5.952,6.118,6.217,6.065,6.041,6.085,6.145,6.254,6.335,6.32,6.166,6.304,6.345,6.432,6.407,6.051,6.095,6.214,6.39,6.442,6.479,6.537,6.51,6.466,6.265,6.382,6.442,6.561,6.601,6.195,6.188,5.996,6.209,6.273,6.158,6.256,6.22,6.243,6.046,6.167,6.257,6.27,6.209,6.145,6.233,5.949,6.111,6.218,6.172,6.195,6.209,6.202,6.005,6.215,6.289,6.353,6.311,6.255,6.093,6.026,6.174,6.153,6.299,6.293,6.46,6.42,6.133,6.227,6.13,6.158,6.15,6.092,6.033,5.867,6.105,6.251,6.426,6.364,6.099,5.562,5.168,5.106,5.559,5.973,6.011,5.92,5.869,5.819,6.145,6.234,4.803,4.852,4.846,4.791,4.674,4.803,4.835,4.732,4.688,4.802,4.754,4.615,4.842,4.91,4.779,4.672,4.604,4.494,4.171,4.183,4.219,4.554,4.731,4.676,4.583,4.45,4.709,4.776,4.585,4.269,4.224,4.295,4.186,4.501,4.52,4.515,4.529,4.444,4.258,3.989,4.141,4.15,4.215,4.152,4.163,4.171,3.99,4.293,4.359,4.282,4.019,4.141,4.034,3.749,4.034,4.299,4.348,4.314,4.39,4.247,3.995,5.421,5.559,5.788,5.784,5.582,5.417,5.153,5.28,5.274,5.272,4.968,5.238,5.437,5.068,4.806,5.148,5.444,5.631,5.564,5.494,5.257,5.543,5.682,5.631,5.725,5.912,5.719,5.476,5.872,6.025,5.986,5.594,5.648,5.619,5.289,5.559,5.646,5.669,5.593,5.447,5.31,4.958,5.037,5.058,5.061,4.984,4.736,4.897,4.933,5.211,5.202,5.138,4.924,4.845,4.781,4.797,5.222,5.263,5.245,5.32,5.334,5.927,5.662,6.008,6.188,5.866,5.951,5.922,5.956,5.758,5.941,5.887,5.987,5.993,5.943,5.858,5.655,6.106,6.165,6.176,6.156,6.077,5.916,5.564,5.247,5.137,5.505,5.808,5.928,5.958,5.794,5.854,6.25,6.33,6.275,6.377,6.355,6.223,6.314,6.363,6.365,6.362,6.368,6.178,6.027,6.073,6.233,6.327,6.374,6.43,6.451,6.2,6.427,6.517,6.502,6.5,6.501,6.507,6.364,6.527,6.447,6.455,5.468,5.549,5.558,5.363,5.477,5.603,5.67,5.532,5.492,5.28,5.139,5.41,5.419,5.452,5.553,5.665,5.706,5.579,5.798,5.817,5.772,5.796,5.891,5.853,5.653,5.767,5.876,5.969,5.99,5.922,5.859,5.042,5.178,5.157,5.071,5.134,5.172,5.202,5.155,5.238,5.246,5.293,5.307,5.337,5.148,4.943,5.083,5.186,5.284,5.237,5.302,5.24,5.088,5.126,5.217,5.178,4.839,4.995,5.143,5.013,5.079,5.085,5.418,5.492,5.667,5.651,5.521,5.557,5.654,5.793,5.714,5.723,5.75,5.483,5.744,5.84,5.766,5.752,5.83,5.792,5.64,5.798,5.851,5.832,5.929,5.978,5.86,5.736,5.983,5.92,6.373,6.397,6.529,6.466,6.213,6.339,5.986,5.841,6.062,6.412,6.487,6.323,6.654,6.686,6.669,6.524,6.164,5.831,5.413,5.829,6.054,6.214,6.34,6.376,6.525,6.275,6.514,6.591,6.624,6.592,6.341,6.236,6.154,6.421,6.69,6.713,6.755,6.855,6.702,6.532,6.804,6.94,6.99,7.076,7.006,6.939,6.686,6.862,7.048,6.977,6.889,6.748,6.563,6.031,6.418,6.719,6.726,6.786,6.777,6.522,5.948,6.087,6.322,6.583,6.598,6.806,6.905,6.65,6.922,7.149,7.229,7.339,7.286,7.18,6.801,6.929,7.19,7.376,7.196,7.519,7.438,7.173,7.363,7.414,6.951,6.617,6.339,6.516,6.784,7.111,7.235,7.072,5.348,5.447,5.662,5.25,5.513,5.569,5.687,5.762,5.717,5.5,5.265,5.481,5.453,5.353,5.425,5.572,5.471,5.209,5.379,5.412,5.501,5.535,5.526,5.35,4.902,4.927,5.076,5.024,4.898,4.787,6.332,6.273,6.703,6.741,6.57,6.342,6.446,6.225,6.155,6.673,6.677,6.79,6.689,6.644,6.513,6.332,6.554,6.512,6.362,6.536,6.609,6.304,5.997,6.343,6.397,6.12,5.982,5.818,5.647,5.689,6.066,8.069,7.949,8.056,8.349,8.579,8.11,8.206,8.506,8.75,8.944,9.275,8.918,8.65,9.0,8.841,9.223,9.312,9.237,9.005,8.943,9.232,9.305,8.882,8.821,9.095,9.119,8.906,9.116,9.553,9.717,9.809,5.49,5.393,5.226,5.137,5.239,5.157,4.872,4.792,4.719,4.497,4.756,4.966,5.128,5.326,5.162,4.851,4.486,4.625,4.732,4.91,4.976,4.89,4.693,4.356,4.649,4.882,4.953,4.946,5.004,4.935,6.263,6.215,6.481,6.645,6.725,6.797,6.905,6.881,6.986,7.082,7.214,7.257,7.268,7.207,6.974,7.021,6.828,7.078,7.156,7.174,7.078,6.812,6.772,6.618,6.846,7.062,7.085,7.135,6.859,6.955,7.071,6.33,6.288,6.325,6.212,6.014,6.134,6.19,6.213,6.175,5.956,5.589,5.072,4.973,5.318,5.473,5.614,5.693,5.815,5.621,5.744,5.874,5.922,6.004,5.877,5.711,5.323,5.339,5.417,5.435,5.302,5.285,5.189,5.024,5.076,5.044,5.267,5.418,5.506,5.437,5.253,5.521,5.619,5.63,5.575,5.648,5.638,5.351,5.393,5.609,5.73,5.768,5.911,5.762,5.495,5.695,5.807,5.793,5.737,5.849,5.933,5.733,6.312,6.426,6.592,6.587,6.608,6.437,6.157,6.367,6.36,6.471,6.51,6.605,6.697,6.397,6.453,6.674,6.742,6.747,6.779,6.828,6.682,6.704,6.798,6.757,6.302,5.89,6.08,6.26,6.101,6.181,6.189,5.275,5.346,5.517,5.501,5.375,5.41,5.504,5.64,5.562,5.571,5.597,5.338,5.592,5.685,5.613,5.6,5.676,5.639,5.491,5.644,5.696,5.678,5.772,5.819,5.705,5.584,5.825,5.763,5.09,6.483,6.507,6.641,6.577,6.32,6.448,6.089,5.941,6.166,6.523,6.599,6.432,6.768,6.801,6.784,6.636,6.27,5.931,5.507,5.929,6.158,6.321,6.449,6.486,6.637,6.383,6.626,6.704,6.738,6.705,6.45,5.897,5.821,6.073,6.327,6.349,6.389,6.484,6.339,6.178,6.435,6.563,6.611,6.692,6.626,6.562,6.323,6.49,6.666,6.599,6.515,6.382,6.207,5.704,6.07,6.355,6.362,6.418,6.41,6.168,5.625,5.285,5.489,5.715,5.728,5.909,5.995,5.773,6.01,6.207,6.276,6.372,6.326,6.234,5.905,6.016,6.242,6.404,6.248,6.528,6.458,6.228,6.393,6.437,6.035,5.745,5.504,5.657,5.89,6.174,6.282,6.14,5.348,5.447,5.662,5.25,5.513,5.569,5.687,5.762,5.717,5.5,5.265,5.481,5.453,5.353,5.425,5.572,5.471,5.209,5.379,5.412,5.501,5.535,5.526,5.35,4.902,4.927,5.076,5.024,4.898,4.787,5.608,5.556,5.936,5.97,5.819,5.617,5.708,5.513,5.451,5.91,5.914,6.013,5.924,5.884,5.768,5.608,5.805,5.768,5.634,5.788,5.853,5.583,5.311,5.617,5.665,5.42,5.297,5.152,5.001,5.038,5.372,5.338,5.259,5.33,5.523,5.675,5.365,5.429,5.627,5.788,5.917,6.135,5.9,5.722,5.954,5.848,6.101,6.16,6.11,5.957,5.916,6.107,6.155,5.876,5.835,6.017,6.032,5.891,6.03,6.32,6.428,6.489,3.172,3.116,3.02,2.968,3.027,2.98,2.815,2.769,2.727,2.599,2.748,2.87,2.963,3.077,2.983,2.803,2.592,2.673,2.734,2.837,2.875,2.826,2.712,2.517,2.686,2.821,2.862,2.858,2.891,2.852,6.263,6.215,6.481,6.645,6.725,6.797,6.905,6.881,6.986,7.082,7.214,7.257,7.268,7.207,6.974,7.021,6.828,7.078,7.156,7.174,7.078,6.812,6.772,6.618,6.846,7.062,7.085,7.135,6.859,6.955,7.071,6.33,6.288,6.325,6.212,6.014,6.134,6.19,6.213,6.175,5.956,5.589,5.072,4.973,5.318,5.473,5.614,5.693,5.815,5.621,5.744,5.874,5.922,6.004,5.877,5.711,5.323,5.339,5.417,5.435,5.302,5.285,5.189,5.024,5.076,5.044,5.267,5.418,5.506,5.437,5.253,5.521,5.619,5.63,5.575,5.648,5.638,5.351,5.393,5.609,5.73,5.768,5.911,5.762,5.495,5.695,5.807,5.793,5.737,5.849,5.933,5.733
Guntur_164,6.89,6.937,7.068,7.085,6.822,6.861,7.01,7.02,6.879,6.802,6.927,6.929,7.014,6.889,6.689,6.652,6.963,6.932,6.652,6.935,6.985,6.829,6.906,7.073,7.15,6.823,7.043,7.146,7.2,7.248,7.189,6.984,6.649,6.862,7.039,7.04,7.034,7.113,6.868,6.717,6.832,6.864,6.935,7.181,7.169,7.239,6.936,7.106,7.252,7.222,7.065,6.819,6.877,6.696,6.921,7.044,7.121,7.035,6.994,6.915,6.805,6.999,7.076,6.965,6.855,6.897,6.99,6.785,6.735,6.245,6.489,6.884,6.926,6.881,6.617,6.847,7.065,7.035,7.798,7.684,7.412,7.293,7.164,7.454,7.719,7.805,7.773,7.733,7.492,7.296,7.28,7.835,8.008,8.064,8.012,7.701,8.089,8.128,8.086,8.139,8.2,8.047,7.856,8.303,8.151,8.093,7.857,7.799,7.723,7.464,7.931,7.973,7.776,7.9,7.982,7.905,7.751,8.037,8.046,8.06,7.921,7.984,8.002,7.886,8.116,8.086,8.185,8.402,8.392,8.341,8.01,7.881,7.948,7.919,7.854,7.899,7.807,7.832,7.332,7.677,7.907,7.663,7.559,7.757,7.879,7.532,7.711,7.843,8.067,8.045,7.861,7.679,5.41,5.478,5.463,5.613,5.57,5.605,5.499,5.845,5.95,6.027,5.953,5.969,5.795,5.597,5.88,5.874,5.967,6.048,5.924,5.886,5.658,5.983,6.137,6.061,6.059,5.853,5.728,5.554,5.816,6.107,0.0,0.0,0.0,0.0,0.0,0.0,0.0,0.0,0.0,0.0,0.0,0.0,0.0,0.0,0.0,0.0,0.0,0.0,0.0,0.0,0.0,0.0,0.0,0.0,0.0,0.0,0.0,0.0,0.0,0.0,0.0,0.0,0.0,0.0,0.0,0.0,0.0,0.0,0.0,0.0,0.0,0.0,0.0,0.0,0.0,0.0,0.0,0.0,0.0,0.0,0.0,0.0,0.0,0.0,0.0,0.0,0.0,0.0,0.0,0.0,0.0,0.0,7.359,7.384,7.387,7.53,7.589,7.191,7.269,7.471,7.805,7.695,7.595,7.352,7.128,7.207,7.328,7.432,7.291,7.238,7.433,7.106,7.233,7.135,7.009,7.231,7.266,6.943,6.714,7.231,7.385,7.324,7.058,7.013,7.22,6.995,7.126,7.339,7.584,7.689,7.691,7.464,7.052,7.125,7.236,6.926,7.046,7.125,7.284,7.096,7.263,7.27,7.242,7.103,6.925,6.915,6.563,6.695,7.041,7.179,7.34,7.477,7.418,6.422,6.647,6.718,6.696,6.628,6.777,6.679,6.41,6.542,6.519,6.473,6.586,6.466,5.886,5.718,5.761,6.139,6.316,6.423,6.472,6.42,6.312,6.62,6.593,6.412,6.042,6.055,6.174,6.283,6.503,7.563,7.674,7.594,7.669,7.622,7.293,7.438,7.566,7.431,7.55,7.615,7.47,7.269,7.475,7.677,7.684,7.756,7.864,7.731,7.622,7.827,8.021,8.122,8.001,7.99,8.114,7.806,8.04,8.125,8.082,8.082,7.329,7.116,6.869,7.056,7.113,7.14,7.044,7.128,6.99,6.964,7.247,7.287,7.261,7.176,7.189,7.334,7.245,7.322,7.566,7.716,7.849,7.808,7.688,7.419,7.486,7.228,7.419,7.512,7.654,7.639,7.414,7.102,7.19,7.247,7.114,7.14,7.087,6.889,6.964,7.126,7.261,7.294,7.298,7.265,7.092,7.206,7.207,7.181,7.117,7.037,7.039,6.921,7.191,7.309,7.417,7.442,7.491,7.456,7.337,7.266,7.303,7.279,7.252,7.415,7.372,7.085,7.251,7.39,7.468,7.392,7.138,7.008,7.005,7.266,7.32,7.431,7.54,7.517,7.438,7.202,7.279,7.097,7.267,7.383,7.281,7.318,7.043,6.64,6.75,7.064,7.395,7.585,7.645,7.481,7.681,7.678,7.685,7.864,7.788,7.77,7.491,7.732,7.782,7.494,7.526,7.588,7.404,7.352,7.498,7.638,7.395,7.249,7.174,7.287,7.141,7.41,7.521,7.489,7.521,7.476,7.008,6.877,6.918,6.952,6.818,6.895,7.042,6.992,6.841,6.975,6.805,6.583,6.393,6.609,6.56,6.071,6.103,5.963,5.977,5.934,6.016,6.224,6.352,6.497,6.393,6.273,6.298,6.538,6.693,6.312,6.626,6.445,6.938,7.073,7.095,6.926,6.605,6.806,6.696,6.677,6.533,6.317,6.301,5.995,6.536,6.567,6.735,6.779,6.828,6.538,6.206,6.724,6.978,7.361,7.072,7.041,6.847,7.012,7.536,7.79,7.623,9.704,9.369,9.396,9.511,10.053,10.241,10.168,9.974,9.826,10.005,9.335,9.234,9.135,9.012,9.168,9.606,9.692,8.793,8.126,8.135,7.967,8.204,8.639,8.455,8.322,8.593,8.516,8.019,8.175,8.133,8.01,13.452,14.691,15.098,15.345,15.876,16.1,16.625,16.524,16.845,16.871,16.901,17.139,17.284,16.854,16.424,15.442,17.596,17.304,16.848,16.724,16.402,15.7,16.37,16.483,16.56,16.7,16.928,16.777,16.17,16.445,16.339,0.0,0.0,0.0,0.0,0.0,0.0,0.0,0.0,0.0,0.0,0.0,0.0,0.0,0.0,0.0,0.0,0.0,0.0,0.0,0.0,0.0,0.0,0.0,0.0,0.0,0.0,0.0,0.0,0.0,0.0,6.114,5.893,5.749,6.014,6.144,6.266,6.269,6.331,6.24,6.043,6.33,6.396,6.407,6.316,6.119,6.198,5.873,5.733,5.984,6.041,6.003,5.966,6.044,5.679,5.909,5.959,5.945,5.901,5.978,5.918,5.822,7.283,7.283,7.202,6.653,6.444,6.892,6.757,7.122,7.314,7.572,7.364,7.522,7.467,7.344,7.443,7.431,7.515,7.581,7.389,7.394,7.078,7.485,7.599,7.644,7.575,7.518,7.413,7.011,7.143,7.176,7.397,7.188,7.331,7.346,7.19,7.429,7.576,7.555,7.638,7.521,7.455,7.146,7.498,7.746,7.724,7.649,7.61,7.598,7.218,7.737,7.967,8.105,8.186,8.246,8.164,7.919,8.087,7.92,7.729,7.649,7.781,7.115,6.843,7.228,7.427,7.539,7.396,7.365,7.109,6.789,7.016,7.056,7.09,7.231,7.094,6.916,6.913,7.243,7.468,7.472,7.436,7.504,7.104,6.989,7.377,7.421,7.186,7.308,7.413,7.443,7.436,7.572,6.963,6.99,6.722,6.838,6.92,6.821,6.942,7.134,7.006,6.858,6.895,6.879,6.795,6.839,6.887,6.986,6.926,6.962,6.901,6.786,6.961,6.94,6.949,7.144,6.993,6.88,6.623,6.915,7.894,7.732,7.686,7.901,8.028,7.832,7.801,7.858,7.936,8.076,8.182,8.162,7.963,8.141,8.194,8.306,8.275,7.814,7.871,8.025,8.252,8.32,8.367,8.443,8.407,8.35,8.091,8.242,8.32,8.473,8.524,8.436,8.427,8.165,8.456,8.543,8.385,8.519,8.47,8.501,8.233,8.398,8.521,8.538,8.455,8.368,8.488,8.101,8.321,8.468,8.404,8.437,8.456,8.445,8.178,8.464,8.564,8.652,8.595,8.518,8.297,7.494,7.678,7.652,7.834,7.826,8.033,7.984,7.627,7.744,7.624,7.658,7.649,7.576,7.503,7.297,7.592,7.774,7.992,7.915,7.584,6.916,6.427,6.35,6.913,7.428,7.475,7.363,7.299,7.237,7.642,7.752,7.989,8.07,8.06,7.97,7.775,7.989,8.042,7.872,7.798,7.987,7.907,7.677,8.054,8.167,7.949,7.772,7.659,7.475,6.938,6.958,7.017,7.575,7.87,7.778,7.624,7.402,7.833,7.944,7.627,7.101,7.026,7.145,6.964,7.486,7.518,7.51,7.534,7.393,7.083,6.635,6.888,6.904,7.011,6.907,6.924,6.938,6.638,7.141,7.251,7.122,6.686,6.888,6.71,6.236,6.71,7.15,7.232,7.176,7.303,7.065,6.644,8.555,8.773,9.135,9.128,8.81,8.55,8.133,8.333,8.324,8.32,7.842,8.267,8.581,7.999,7.586,8.125,8.593,8.888,8.782,8.671,8.297,8.748,8.968,8.887,9.036,9.331,9.026,8.643,9.268,9.51,9.448,8.623,8.706,8.661,8.153,8.569,8.704,8.739,8.621,8.397,8.185,7.643,7.765,7.797,7.802,7.683,7.301,7.549,7.604,8.032,8.019,7.92,7.59,7.469,7.37,7.395,8.05,8.112,8.085,8.201,8.222,6.52,6.228,6.609,6.808,6.454,6.547,6.515,6.553,6.334,6.535,6.476,6.587,6.593,6.538,6.444,6.221,6.718,6.783,6.794,6.772,6.685,6.508,6.121,5.772,5.651,6.056,6.39,6.521,6.554,6.374,6.44,6.836,6.923,6.863,6.974,6.95,6.806,6.906,6.96,6.961,6.958,6.965,6.757,6.591,6.642,6.817,6.92,6.971,7.033,7.055,6.781,7.029,7.128,7.112,7.109,7.11,7.117,6.96,7.139,7.051,7.059,7.131,7.236,7.249,6.995,7.143,7.307,7.394,7.215,7.162,6.885,6.702,7.056,7.067,7.11,7.242,7.388,7.442,7.276,7.561,7.587,7.528,7.559,7.683,7.633,7.372,7.52,7.663,7.784,7.812,7.723,7.641,6.602,6.781,6.753,6.64,6.723,6.773,6.812,6.75,6.859,6.869,6.931,6.949,6.989,6.741,6.472,6.655,6.79,6.919,6.858,6.943,6.861,6.662,6.712,6.831,6.78,6.336,6.541,6.735,6.564,6.65,6.658,6.766,6.858,7.077,7.056,6.894,6.94,7.06,7.234,7.135,7.146,7.18,6.847,7.173,7.292,7.2,7.183,7.28,7.233,7.043,7.24,7.307,7.283,7.404,7.464,7.317,7.162,7.471,7.392,7.824,7.854,8.015,7.938,7.628,7.782,7.349,7.17,7.442,7.872,7.964,7.762,8.168,8.208,8.187,8.009,7.568,7.158,6.646,7.155,7.432,7.629,7.783,7.827,8.01,7.704,7.997,8.091,8.132,8.092,7.784,8.13,8.025,8.373,8.723,8.753,8.807,8.939,8.739,8.517,8.872,9.049,9.115,9.226,9.135,9.047,8.718,8.947,9.19,9.097,8.982,8.799,8.558,7.864,8.368,8.761,8.77,8.848,8.836,8.504,7.755,6.808,7.07,7.363,7.379,7.612,7.723,7.437,7.742,7.996,8.085,8.209,8.149,8.03,7.606,7.75,8.041,8.25,8.049,8.409,8.319,8.022,8.235,8.292,7.774,7.401,7.09,7.288,7.587,7.953,8.092,7.909,10.05,10.235,10.64,9.865,10.36,10.466,10.686,10.828,10.743,10.336,9.893,10.3,10.247,10.059,10.195,10.47,10.28,9.789,10.108,10.17,10.338,10.401,10.384,10.053,9.212,9.258,9.539,9.44,9.203,8.996,6.332,6.273,6.703,6.741,6.57,6.342,6.446,6.225,6.155,6.673,6.677,6.79,6.689,6.644,6.513,6.332,6.554,6.512,6.362,6.536,6.609,6.304,5.997,6.343,6.397,6.12,5.982,5.818,5.647,5.689,6.066,9.182,9.046,9.168,9.501,9.763,9.228,9.339,9.679,9.957,10.178,10.554,10.148,9.843,10.242,10.061,10.495,10.596,10.511,10.247,10.177,10.506,10.589,10.108,10.038,10.35,10.377,10.135,10.374,10.871,11.058,11.162,7.566,7.432,7.203,7.08,7.221,7.108,6.714,6.604,6.504,6.198,6.555,6.844,7.068,7.34,7.115,6.685,6.183,6.375,6.522,6.767,6.857,6.74,6.467,6.003,6.407,6.729,6.827,6.816,6.896,6.801,7.06,7.005,7.305,7.49,7.581,7.661,7.783,7.756,7.875,7.983,8.131,8.179,8.192,8.124,7.861,7.914,7.697,7.978,8.066,8.086,7.978,7.679,7.634,7.459,7.717,7.96,7.985,8.042,7.732,7.84,7.97,8.227,8.174,8.221,8.074,7.817,7.973,8.046,8.076,8.026,7.741,7.264,6.592,6.463,6.912,7.114,7.296,7.399,7.559,7.306,7.467,7.636,7.697,7.804,7.639,7.424,6.919,6.939,7.041,7.064,6.891,7.586,7.448,7.21,7.285,7.239,7.56,7.776,7.903,7.803,7.54,7.924,8.065,8.08,8.002,8.106,8.092,7.68,7.741,8.051,8.225,8.279,8.483,8.27,7.887,8.174,8.335,8.315,8.234,8.395,8.516,8.229,8.368,8.519,8.739,8.732,8.76,8.533,8.163,8.44,8.431,8.579,8.63,8.756,8.878,8.48,8.555,8.848,8.937,8.944,8.987,9.052,8.858,8.887,9.012,8.957,8.354,7.808,8.06,8.299,8.088,8.194,8.204,6.343,6.429,6.635,6.615,6.463,6.506,6.618,6.782,6.689,6.7,6.731,6.419,6.725,6.837,6.75,6.734,6.825,6.781,6.603,6.787,6.85,6.828,6.941,6.998,6.86,6.715,7.004,6.93,6.121,7.758,7.788,7.947,7.871,7.564,7.717,7.287,7.11,7.379,7.806,7.897,7.697,8.1,8.139,8.118,7.942,7.504,7.098,6.59,7.095,7.37,7.565,7.718,7.761,7.942,7.639,7.93,8.023,8.063,8.024,7.719,7.755,7.655,7.986,8.32,8.349,8.401,8.526,8.336,8.124,8.463,8.631,8.694,8.801,8.713,8.63,8.315,8.534,8.766,8.678,8.567,8.393,8.163,7.501,7.982,8.357,8.366,8.44,8.429,8.111,7.398,6.858,7.122,7.417,7.433,7.668,7.78,7.492,7.799,8.055,8.145,8.269,8.209,8.089,7.662,7.807,8.1,8.311,8.108,8.471,8.38,8.082,8.296,8.353,7.831,7.456,7.142,7.341,7.643,8.011,8.151,7.968,10.05,10.235,10.64,9.865,10.36,10.466,10.686,10.828,10.743,10.336,9.893,10.3,10.247,10.059,10.195,10.47,10.28,9.789,10.108,10.17,10.338,10.401,10.384,10.053,9.212,9.258,9.539,9.44,9.203,8.996,7.277,7.209,7.703,7.747,7.551,7.289,7.407,7.153,7.074,7.669,7.674,7.803,7.687,7.635,7.485,7.278,7.533,7.484,7.311,7.511,7.595,7.245,6.892,7.289,7.352,7.034,6.874,6.686,6.489,6.538,6.971,6.624,6.525,6.613,6.853,7.042,6.657,6.736,6.982,7.182,7.342,7.613,7.32,7.1,7.388,7.257,7.57,7.643,7.582,7.392,7.341,7.578,7.638,7.291,7.24,7.466,7.485,7.31,7.483,7.842,7.976,8.051,10.455,10.27,9.953,9.783,9.978,9.822,9.278,9.125,8.988,8.565,9.058,9.458,9.766,10.142,9.831,9.238,8.543,8.809,9.012,9.35,9.476,9.313,8.937,8.295,8.854,9.298,9.433,9.419,9.53,9.398,7.06,7.005,7.305,7.49,7.581,7.661,7.783,7.756,7.875,7.983,8.131,8.179,8.192,8.124,7.861,7.914,7.697,7.978,8.066,8.086,7.978,7.679,7.634,7.459,7.717,7.96,7.985,8.042,7.732,7.84,7.97,8.227,8.174,8.221,8.074,7.817,7.973,8.046,8.076,8.026,7.741,7.264,6.592,6.463,6.912,7.114,7.296,7.399,7.559,7.306,7.467,7.636,7.697,7.804,7.639,7.424,6.919,6.939,7.041,7.064,6.891,7.586,7.448,7.21,7.285,7.239,7.56,7.776,7.903,7.803,7.54,7.924,8.065,8.08,8.002,8.106,8.092,7.68,7.741,8.051,8.225,8.279,8.483,8.27,7.887,8.174,8.335,8.315,8.234,8.395,8.516,8.229
Guntur_165,9.407,9.471,9.65,9.674,9.315,9.368,9.572,9.585,9.393,9.288,9.458,9.461,9.577,9.406,9.133,9.083,9.507,9.465,9.082,9.469,9.537,9.325,9.429,9.657,9.762,9.316,9.616,9.756,9.831,9.897,9.815,9.867,9.394,9.694,9.945,9.947,9.938,10.049,9.703,9.49,9.653,9.698,9.798,10.145,10.128,10.228,9.799,10.04,10.245,10.203,9.981,9.634,9.716,9.461,9.779,9.952,10.061,9.94,9.881,9.769,9.268,9.532,9.637,9.486,9.336,9.394,9.521,9.242,9.173,8.506,8.838,9.376,9.433,9.372,9.012,9.326,9.622,9.582,10.621,10.465,10.095,9.933,9.757,10.153,10.513,10.63,10.587,10.532,10.205,9.937,9.915,11.687,11.946,12.028,11.951,11.487,12.066,12.124,12.062,12.14,12.231,12.004,11.718,12.385,12.159,12.072,11.72,11.634,11.52,11.134,11.83,11.892,11.599,11.784,11.907,11.791,11.562,11.989,12.001,12.023,11.816,9.54,9.562,9.423,9.698,9.662,9.78,10.04,10.028,9.966,9.571,9.417,9.497,9.462,9.385,9.439,9.329,9.359,8.761,9.173,9.449,9.157,9.032,9.269,9.414,9.0,9.214,9.371,9.639,9.613,9.394,9.176,9.4,9.519,9.493,9.753,9.678,9.739,9.555,10.157,10.339,10.473,10.344,10.372,10.07,9.726,10.217,10.208,10.368,10.51,10.294,10.228,9.832,10.395,10.664,10.531,10.529,10.17,9.953,9.651,10.106,10.612,0.0,0.0,0.0,0.0,0.0,0.0,0.0,0.0,0.0,0.0,0.0,0.0,0.0,0.0,0.0,0.0,0.0,0.0,0.0,0.0,0.0,0.0,0.0,0.0,0.0,0.0,0.0,0.0,0.0,0.0,0.0,0.0,0.0,0.0,0.0,0.0,0.0,0.0,0.0,0.0,0.0,0.0,0.0,0.0,0.0,0.0,0.0,0.0,0.0,0.0,0.0,0.0,0.0,0.0,0.0,0.0,0.0,0.0,0.0,0.0,0.0,0.0,9.834,9.868,9.872,10.063,10.141,9.609,9.713,9.983,10.43,10.283,10.149,9.824,9.525,9.63,9.793,9.931,9.743,9.672,9.932,9.496,9.666,9.534,9.366,9.663,9.71,9.278,8.971,9.662,9.868,9.787,8.66,8.605,8.859,8.583,8.744,9.005,9.305,9.434,9.437,9.158,8.653,8.743,8.878,8.498,8.645,8.742,8.938,8.706,8.911,8.92,8.886,8.716,8.497,8.485,8.053,8.214,8.639,8.808,9.006,9.175,9.102,6.665,6.898,6.972,6.949,6.878,7.033,6.931,6.652,6.789,6.765,6.717,6.835,6.71,6.108,5.934,5.978,6.371,6.554,6.666,6.716,6.663,6.551,6.87,6.842,6.655,6.27,6.284,6.407,6.52,6.749,9.088,9.221,9.125,9.214,9.158,8.763,8.938,9.091,8.929,9.072,9.15,8.975,8.735,8.982,9.225,9.233,9.32,9.449,9.29,9.159,9.405,9.638,9.76,9.614,9.6,9.749,9.379,9.66,9.763,9.711,9.711,8.845,8.587,8.289,8.516,8.584,8.617,8.5,8.603,8.436,8.404,8.746,8.794,8.763,8.66,8.676,8.85,8.743,8.836,9.131,9.312,9.472,9.423,9.278,8.953,9.034,8.723,8.953,9.066,9.237,9.218,8.948,8.633,8.739,8.809,8.647,8.679,8.615,8.374,8.465,8.662,8.826,8.866,8.871,8.83,8.621,8.76,8.76,8.729,8.651,8.554,8.556,8.413,8.741,8.884,9.016,9.046,9.105,9.062,8.919,9.141,9.187,9.157,9.123,9.327,9.274,8.913,9.122,9.296,9.395,9.299,8.979,8.816,8.812,9.141,9.208,9.348,9.485,9.457,9.356,9.06,9.156,8.928,9.141,9.288,9.159,9.205,8.86,8.352,8.491,8.886,8.887,9.114,9.186,8.989,9.229,9.226,9.234,9.449,9.358,9.336,9.001,9.291,9.351,9.004,9.044,9.118,8.896,8.835,9.01,9.178,8.886,8.71,8.62,8.756,8.581,8.904,9.037,8.999,9.037,8.984,8.464,8.305,8.355,8.396,8.234,8.328,8.505,8.444,8.262,8.424,8.219,7.95,7.72,7.981,7.923,7.332,7.371,7.201,7.218,7.166,7.266,7.517,7.672,7.846,7.721,7.576,7.606,7.895,8.083,7.623,8.002,8.501,9.153,9.331,9.359,9.136,8.713,8.978,8.833,8.808,8.618,8.333,8.312,7.908,8.621,8.663,8.885,8.943,9.007,8.625,8.187,8.87,9.206,9.711,9.329,9.288,9.032,9.251,9.941,10.276,10.056,8.742,8.44,8.465,8.568,9.057,9.226,9.16,8.986,8.852,9.014,8.41,8.319,8.229,8.119,8.259,8.654,8.731,7.921,7.32,7.328,7.177,7.391,7.783,7.617,7.497,7.741,7.672,7.224,7.365,7.326,7.216,13.452,14.691,15.098,15.345,15.876,16.1,16.625,16.524,16.845,16.871,16.901,17.139,17.284,16.854,16.424,15.442,17.596,17.304,16.848,16.724,16.402,15.7,16.37,16.483,16.56,16.7,16.928,16.777,16.17,16.445,16.339,0.0,0.0,0.0,0.0,0.0,0.0,0.0,0.0,0.0,0.0,0.0,0.0,0.0,0.0,0.0,0.0,0.0,0.0,0.0,0.0,0.0,0.0,0.0,0.0,0.0,0.0,0.0,0.0,0.0,0.0,8.583,8.273,8.071,8.443,8.626,8.797,8.801,8.888,8.76,8.483,8.885,8.978,8.994,8.867,8.59,8.7,8.244,8.048,8.401,8.481,8.427,8.376,8.485,7.972,8.296,8.366,8.345,8.284,8.391,8.307,8.174,8.559,8.558,8.463,7.818,7.572,8.099,7.94,8.369,8.595,8.897,8.653,8.839,8.774,8.63,8.746,8.731,8.831,8.908,8.683,8.688,8.317,8.795,8.929,8.982,8.901,8.834,8.711,8.239,8.393,8.432,8.7,8.454,8.622,8.64,8.456,8.737,8.911,8.886,8.983,8.845,8.768,8.405,8.818,9.11,9.084,8.996,8.95,8.937,8.49,9.1,9.371,9.533,9.628,9.699,9.602,9.314,9.511,9.316,9.09,8.996,9.151,8.146,7.835,8.276,8.503,8.633,8.468,8.433,8.14,7.773,8.033,8.079,8.118,8.28,8.123,7.919,7.915,8.293,8.55,8.556,8.514,8.592,8.134,8.002,8.447,8.497,8.228,8.368,8.488,8.522,8.514,8.67,8.838,8.873,8.533,8.68,8.784,8.658,8.811,9.055,8.893,8.705,8.753,8.731,8.626,8.682,8.741,8.868,8.791,8.837,8.76,8.613,8.835,8.809,8.82,9.069,8.876,8.733,8.407,8.778,9.479,9.285,9.231,9.488,9.641,9.405,9.369,9.437,9.53,9.699,9.825,9.802,9.562,9.776,9.84,9.974,9.937,9.384,9.452,9.637,9.91,9.991,10.047,10.139,10.096,10.028,9.717,9.897,9.991,10.175,10.237,10.063,10.052,9.74,10.087,10.191,10.003,10.162,10.104,10.142,9.822,10.019,10.165,10.186,10.086,9.982,10.126,9.664,9.927,10.101,10.026,10.064,10.087,10.075,9.756,10.097,10.217,10.321,10.253,10.161,9.898,10.261,10.514,10.477,10.726,10.716,11.0,10.932,10.442,10.603,10.439,10.486,10.473,10.374,10.273,9.991,10.396,10.645,10.943,10.837,10.385,9.47,8.8,8.694,9.465,10.17,10.235,10.081,9.994,9.908,10.463,10.615,7.989,8.07,8.06,7.97,7.775,7.989,8.042,7.872,7.798,7.987,7.907,7.677,8.054,8.167,7.949,7.772,7.659,7.475,6.938,6.958,7.017,7.575,7.87,7.778,7.624,7.402,7.833,7.944,7.627,7.101,7.026,7.145,6.964,7.486,7.518,7.51,7.534,7.393,7.083,6.635,6.888,6.904,7.011,6.907,6.924,6.938,6.638,7.141,7.251,7.122,6.686,6.888,6.71,6.236,6.71,7.15,7.232,7.176,7.303,7.065,6.644,11.252,11.538,12.014,12.005,11.587,11.244,10.696,10.959,10.948,10.943,10.313,10.873,11.285,10.52,9.977,10.685,11.301,11.689,11.549,11.403,10.911,11.505,11.794,11.688,11.883,12.271,11.87,11.366,12.188,12.507,12.426,9.99,10.085,10.033,9.444,9.927,10.083,10.124,9.987,9.727,9.482,8.854,8.995,9.033,9.038,8.9,8.457,8.745,8.809,9.305,9.289,9.175,8.792,8.652,8.538,8.567,9.326,9.398,9.366,9.5,9.525,8.887,8.489,9.008,9.279,8.797,8.924,8.88,8.931,8.634,8.908,8.827,8.978,8.987,8.912,8.783,8.48,9.156,9.245,9.26,9.23,9.112,8.871,8.342,7.868,7.703,8.254,8.709,8.888,8.934,8.687,8.778,8.944,9.058,8.98,9.125,9.093,8.905,9.035,9.106,9.108,9.104,9.113,8.84,8.624,8.69,8.92,9.054,9.121,9.201,9.231,8.872,9.197,9.326,9.305,9.301,9.303,9.312,9.107,9.341,9.226,9.236,8.601,8.727,8.742,8.436,8.615,8.813,8.918,8.701,8.638,8.304,8.083,8.51,8.523,8.575,8.734,8.91,8.975,8.775,9.119,9.15,9.079,9.116,9.266,9.206,8.891,9.07,9.241,9.388,9.422,9.314,9.215,9.722,9.985,9.945,9.778,9.901,9.973,10.032,9.94,10.101,10.115,10.207,10.233,10.292,9.927,9.531,9.8,9.999,10.189,10.099,10.224,10.103,9.81,9.884,10.059,9.984,9.33,9.632,9.917,9.666,9.793,9.804,8.72,8.839,9.121,9.095,8.886,8.944,9.099,9.324,9.196,9.211,9.254,8.825,9.245,9.399,9.279,9.258,9.383,9.322,9.078,9.331,9.418,9.387,9.543,9.621,9.431,9.232,9.629,9.528,9.81,9.847,10.049,9.952,9.564,9.758,9.214,8.99,9.331,9.87,9.986,9.733,10.242,10.292,10.265,10.042,9.488,8.975,8.333,8.972,9.319,9.565,9.759,9.814,10.043,9.659,10.027,10.144,10.196,10.147,9.76,9.803,9.676,10.096,10.518,10.554,10.62,10.778,10.538,10.27,10.698,10.911,10.99,11.125,11.014,10.909,10.511,10.788,11.081,10.97,10.83,10.609,10.319,9.482,10.09,10.564,10.575,10.669,10.655,10.254,9.351,8.435,8.76,9.122,9.143,9.431,9.569,9.215,9.592,9.907,10.017,10.17,10.097,9.949,9.424,9.602,9.963,10.222,9.972,10.419,10.307,9.94,10.203,10.274,9.632,9.17,8.784,9.029,9.401,9.853,10.026,9.8,10.838,11.038,11.474,10.638,11.173,11.286,11.524,11.677,11.586,11.146,10.669,11.108,11.05,10.847,10.994,11.291,11.086,10.557,10.9,10.968,11.148,11.217,11.198,10.842,9.934,9.983,10.287,10.18,9.925,9.701,10.068,9.974,10.657,10.718,10.446,10.084,10.248,9.897,9.786,10.61,10.617,10.796,10.635,10.563,10.356,10.068,10.421,10.355,10.115,10.392,10.507,10.023,9.534,10.085,10.171,9.731,9.51,9.25,8.978,9.045,9.644,9.182,9.046,9.168,9.501,9.763,9.228,9.339,9.679,9.957,10.178,10.554,10.148,9.843,10.242,10.061,10.495,10.596,10.511,10.247,10.177,10.506,10.589,10.108,10.038,10.35,10.377,10.135,10.374,10.871,11.058,11.162,9.697,9.525,9.232,9.074,9.255,9.11,8.605,8.464,8.336,7.944,8.401,8.772,9.058,9.407,9.119,8.568,7.924,8.17,8.359,8.673,8.789,8.638,8.289,7.694,8.212,8.624,8.75,8.736,8.839,8.717,10.316,10.236,10.674,10.944,11.077,11.194,11.372,11.333,11.506,11.665,11.881,11.952,11.971,11.87,11.487,11.564,11.246,11.658,11.786,11.815,11.658,11.22,11.154,10.899,11.275,11.631,11.668,11.751,11.297,11.455,11.646,10.471,10.403,10.464,10.276,9.948,10.148,10.24,10.278,10.215,9.853,9.245,8.39,8.226,8.797,9.054,9.286,9.417,9.62,9.298,9.503,9.718,9.796,9.932,9.722,9.448,8.806,8.832,8.961,8.99,8.771,9.525,9.351,9.053,9.147,9.089,9.492,9.763,9.923,9.797,9.466,9.949,10.126,10.145,10.047,10.178,10.16,9.642,9.719,10.108,10.326,10.394,10.651,10.384,9.903,10.263,10.465,10.44,10.339,10.54,10.692,10.332,9.239,9.405,9.649,9.64,9.671,9.421,9.012,9.319,9.309,9.472,9.528,9.668,9.802,9.362,9.445,9.769,9.868,9.875,9.922,9.995,9.78,9.812,9.95,9.89,9.224,8.62,8.899,9.162,8.93,9.047,9.058,8.233,8.345,8.612,8.586,8.389,8.444,8.591,8.803,8.682,8.696,8.737,8.332,8.729,8.874,8.761,8.741,8.859,8.801,8.57,8.81,8.891,8.862,9.01,9.083,8.904,8.716,9.091,8.995,7.945,9.134,9.168,9.356,9.266,8.905,9.085,8.579,8.37,8.687,9.19,9.297,9.061,9.536,9.582,9.557,9.35,8.834,8.356,7.758,8.353,8.676,8.906,9.086,9.137,9.35,8.993,9.336,9.445,9.493,9.447,9.087,8.823,8.709,9.086,9.466,9.499,9.558,9.7,9.484,9.243,9.628,9.82,9.892,10.013,9.913,9.818,9.461,9.71,9.973,9.873,9.747,9.549,9.287,8.534,9.081,9.508,9.518,9.602,9.59,9.229,8.416,7.865,8.169,8.506,8.525,8.795,8.923,8.592,8.944,9.238,9.341,9.484,9.415,9.278,8.788,8.954,9.29,9.532,9.299,9.716,9.611,9.269,9.514,9.58,8.982,8.551,8.191,8.42,8.766,9.188,9.349,9.138,10.838,11.038,11.474,10.638,11.173,11.286,11.524,11.677,11.586,11.146,10.669,11.108,11.05,10.847,10.994,11.291,11.086,10.557,10.9,10.968,11.148,11.217,11.198,10.842,9.934,9.983,10.287,10.18,9.925,9.701,8.346,8.269,8.835,8.885,8.66,8.359,8.496,8.204,8.113,8.796,8.801,8.949,8.816,8.757,8.585,8.347,8.639,8.584,8.385,8.615,8.71,8.309,7.904,8.36,8.432,8.067,7.884,7.668,7.443,7.498,7.995,7.75,7.635,7.738,8.019,8.24,7.789,7.882,8.17,8.404,8.591,8.908,8.566,8.308,8.645,8.492,8.858,8.944,8.872,8.649,8.59,8.867,8.937,8.531,8.472,8.736,8.759,8.554,8.756,9.176,9.333,9.421,13.193,12.959,12.56,12.345,12.591,12.394,11.708,11.515,11.341,10.808,11.43,11.935,12.324,12.798,12.406,11.657,10.781,11.116,11.372,11.799,11.957,11.752,11.277,10.468,11.173,11.734,11.904,11.886,12.026,11.86,10.316,10.236,10.674,10.944,11.077,11.194,11.372,11.333,11.506,11.665,11.881,11.952,11.971,11.87,11.487,11.564,11.246,11.658,11.786,11.815,11.658,11.22,11.154,10.899,11.275,11.631,11.668,11.751,11.297,11.455,11.646,10.471,10.403,10.464,10.276,9.948,10.148,10.24,10.278,10.215,9.853,9.245,8.39,8.226,8.797,9.054,9.286,9.417,9.62,9.298,9.503,9.718,9.796,9.932,9.722,9.448,8.806,8.832,8.961,8.99,8.771,9.525,9.351,9.053,9.147,9.089,9.492,9.763,9.923,9.797,9.466,9.949,10.126,10.145,10.047,10.178,10.16,9.642,9.719,10.108,10.326,10.394,10.651,10.384,9.903,10.263,10.465,10.44,10.339,10.54,10.692,10.332
Guntur_166,11.912,11.993,12.22,12.25,11.795,11.862,12.12,12.137,11.894,11.761,11.976,11.98,12.127,11.911,11.564,11.502,12.038,11.985,11.5,11.99,12.077,11.808,11.94,12.229,12.361,11.797,12.176,12.354,12.448,12.532,12.429,12.58,11.976,12.359,12.679,12.681,12.67,12.811,12.371,12.099,12.306,12.363,12.491,12.933,12.912,13.039,12.493,12.8,13.061,13.008,12.725,12.283,12.387,12.061,12.467,12.688,12.826,12.672,12.598,12.455,10.629,10.932,11.053,10.879,10.707,10.773,10.919,10.599,10.519,9.755,10.136,10.753,10.818,10.748,10.335,10.695,11.036,10.989,12.18,12.002,11.577,11.391,11.189,11.644,12.057,12.191,12.142,12.078,11.703,11.396,11.372,14.047,14.358,14.457,14.365,13.807,14.503,14.573,14.498,14.592,14.702,14.428,14.085,14.887,14.614,14.51,14.087,13.983,13.847,13.383,14.219,14.294,13.942,14.164,14.311,14.173,13.897,14.41,14.425,14.451,14.202,13.214,13.245,13.052,13.434,13.383,13.547,13.907,13.89,13.805,13.257,13.044,13.155,13.106,13.0,13.074,12.922,12.963,12.135,12.706,13.088,12.684,12.511,12.839,13.04,12.467,12.763,12.98,13.352,13.315,13.012,12.71,10.227,10.356,10.328,10.61,10.529,10.595,10.395,11.05,11.248,11.394,11.254,11.284,10.956,10.581,11.115,11.105,11.279,11.434,11.199,11.127,10.696,11.309,11.602,11.457,11.455,11.065,10.828,10.5,10.995,11.545,0.0,0.0,0.0,0.0,0.0,0.0,0.0,0.0,0.0,0.0,0.0,0.0,0.0,0.0,0.0,0.0,0.0,0.0,0.0,0.0,0.0,0.0,0.0,0.0,0.0,0.0,0.0,0.0,0.0,0.0,0.0,0.0,0.0,0.0,0.0,0.0,0.0,0.0,0.0,0.0,0.0,0.0,0.0,0.0,0.0,0.0,0.0,0.0,0.0,0.0,0.0,0.0,0.0,0.0,0.0,0.0,0.0,0.0,0.0,0.0,0.0,0.0,11.338,11.377,11.381,11.601,11.691,11.078,11.198,11.51,12.025,11.855,11.7,11.326,10.981,11.103,11.29,11.45,11.233,11.151,11.451,10.947,11.143,10.992,10.798,11.14,11.195,10.697,10.343,11.14,11.377,11.283,11.942,11.867,12.217,11.836,12.057,12.418,12.832,13.01,13.014,12.629,11.933,12.056,12.243,11.719,11.922,12.055,12.325,12.006,12.288,12.3,12.253,12.019,11.717,11.701,11.105,11.328,11.913,12.146,12.42,12.652,12.552,12.417,12.851,12.988,12.945,12.814,13.103,12.912,12.393,12.647,12.603,12.514,12.734,12.501,11.38,11.056,11.137,11.869,12.211,12.419,12.512,12.413,12.204,12.799,12.747,12.398,11.681,11.707,11.936,12.148,12.573,12.04,12.217,12.09,12.208,12.133,11.61,11.841,12.045,11.829,12.019,12.123,11.891,11.572,11.9,12.221,12.233,12.347,12.519,12.308,12.134,12.46,12.768,12.93,12.737,12.719,12.917,12.426,12.798,12.935,12.865,12.866,12.439,12.077,11.658,11.976,12.072,12.118,11.955,12.098,11.864,11.82,12.3,12.367,12.323,12.179,12.202,12.447,12.296,12.427,12.841,13.096,13.321,13.252,13.048,12.591,12.705,12.268,12.592,12.749,12.991,12.964,12.584,12.667,12.823,12.925,12.688,12.735,12.641,12.287,12.421,12.71,12.951,13.01,13.017,12.957,12.65,12.853,12.854,12.808,12.693,12.551,12.555,12.345,12.825,13.036,13.229,13.273,13.36,13.297,13.087,13.143,13.21,13.166,13.117,13.411,13.335,12.815,13.116,13.367,13.509,13.371,12.911,12.676,12.67,13.143,13.24,13.441,13.638,13.597,13.453,13.027,13.165,12.837,13.144,13.354,13.169,13.236,12.739,12.01,12.208,12.777,12.532,12.853,12.954,12.677,13.015,13.01,13.022,13.325,13.196,13.165,12.693,13.102,13.186,12.698,12.753,12.858,12.545,12.459,12.705,12.943,12.53,12.283,12.156,12.348,12.1,12.556,12.744,12.69,12.744,12.668,12.435,12.202,12.276,12.335,12.098,12.235,12.496,12.406,12.14,12.376,12.075,11.681,11.343,11.727,11.641,10.772,10.829,10.581,10.606,10.529,10.675,11.045,11.272,11.528,11.344,11.132,11.175,11.6,11.876,11.2,11.758,10.474,11.277,11.496,11.531,11.256,10.735,11.061,10.883,10.852,10.618,10.266,10.241,9.743,10.622,10.674,10.946,11.019,11.097,10.627,10.087,10.928,11.342,11.964,11.494,11.443,11.128,11.398,12.248,12.661,12.39,18.899,18.247,18.301,18.525,19.58,19.946,19.804,19.427,19.139,19.487,18.182,17.985,17.791,17.553,17.855,18.709,18.877,17.125,15.826,15.844,15.516,15.979,16.826,16.467,16.208,16.736,16.587,15.619,15.922,15.839,15.6,0.0,0.0,0.0,0.0,0.0,0.0,0.0,0.0,0.0,0.0,0.0,0.0,0.0,0.0,0.0,0.0,0.0,0.0,0.0,0.0,0.0,0.0,0.0,0.0,0.0,0.0,0.0,0.0,0.0,0.0,0.0,0.0,0.0,0.0,0.0,0.0,0.0,0.0,0.0,0.0,0.0,0.0,0.0,0.0,0.0,0.0,0.0,0.0,0.0,0.0,0.0,0.0,0.0,0.0,0.0,0.0,0.0,0.0,0.0,0.0,0.0,12.738,12.278,11.979,12.53,12.802,13.056,13.062,13.191,13.001,12.59,13.187,13.325,13.348,13.159,12.749,12.913,12.235,11.945,12.469,12.587,12.508,12.431,12.593,11.831,12.312,12.416,12.386,12.295,12.454,12.329,12.131,12.453,12.452,12.314,11.375,11.018,11.784,11.553,12.177,12.506,12.946,12.591,12.862,12.766,12.558,12.726,12.705,12.85,12.962,12.634,12.642,12.101,12.798,12.993,13.069,12.952,12.854,12.675,11.988,12.213,12.269,10.859,10.552,10.762,10.784,10.555,10.906,11.123,11.092,11.213,11.041,10.944,10.491,11.007,11.371,11.339,11.229,11.172,11.155,10.597,11.358,11.697,11.899,12.017,12.106,11.985,11.626,11.872,11.628,11.346,11.229,11.423,12.231,11.764,12.426,12.768,12.961,12.715,12.662,12.222,11.672,12.061,12.13,12.189,12.432,12.196,11.89,11.884,12.452,12.838,12.846,12.784,12.9,12.212,12.015,12.682,12.758,12.354,12.564,12.744,12.796,12.783,13.017,12.914,12.965,12.468,12.682,12.835,12.651,12.875,13.231,12.994,12.719,12.789,12.758,12.604,12.685,12.773,12.957,12.846,12.912,12.8,12.586,12.91,12.872,12.888,13.251,12.97,12.76,12.283,12.826,11.833,11.591,11.523,11.845,12.035,11.741,11.695,11.78,11.897,12.107,12.265,12.236,11.937,12.204,12.284,12.451,12.405,11.714,11.799,12.03,12.371,12.472,12.542,12.656,12.603,12.518,12.13,12.355,12.472,12.702,12.779,13.94,13.925,13.493,13.973,14.117,13.857,14.077,13.996,14.049,13.606,13.879,14.081,14.11,13.972,13.828,14.027,13.387,13.751,13.993,13.888,13.942,13.973,13.956,13.514,13.987,14.153,14.297,14.203,14.075,13.711,14.434,14.79,14.739,15.089,15.074,15.474,15.378,14.69,14.915,14.685,14.751,14.732,14.593,14.452,14.054,14.624,14.974,15.393,15.245,14.609,13.322,12.38,12.231,13.315,14.307,14.398,14.181,14.059,13.939,14.719,14.932,15.537,15.694,15.675,15.499,15.121,15.537,15.64,15.308,15.164,15.533,15.377,14.93,15.663,15.883,15.459,15.114,14.894,14.537,13.493,13.532,13.646,14.732,15.304,15.126,14.826,14.395,15.233,15.448,14.832,13.81,13.664,13.895,13.542,14.559,14.621,14.604,14.652,14.377,13.775,12.904,13.394,13.426,13.634,13.432,13.465,13.493,12.908,13.887,14.101,13.85,13.002,13.394,13.05,12.128,13.049,13.905,14.064,13.955,14.202,13.739,12.922,12.256,12.569,13.087,13.077,12.621,12.248,11.651,11.938,11.925,11.92,11.234,11.844,12.293,11.46,10.868,11.639,12.31,12.733,12.58,12.422,11.886,12.533,12.848,12.732,12.944,13.367,12.93,12.382,13.277,13.624,13.535,12.187,12.304,12.241,11.522,12.11,12.301,12.351,12.184,11.867,11.568,10.802,10.974,11.02,11.026,10.858,10.318,10.669,10.746,11.352,11.333,11.193,10.726,10.556,10.417,10.451,11.378,11.465,11.426,11.59,11.62,12.573,12.011,12.745,13.128,12.445,12.625,12.563,12.636,12.214,12.602,12.488,12.701,12.715,12.608,12.426,11.997,12.954,13.079,13.101,13.059,12.891,12.55,11.803,11.131,10.898,11.678,12.322,12.575,12.639,12.291,12.419,11.434,11.58,11.48,11.666,11.625,11.385,11.551,11.641,11.644,11.639,11.65,11.302,11.025,11.109,11.403,11.574,11.66,11.763,11.801,11.342,11.757,11.923,11.895,11.89,11.893,11.905,11.642,11.941,11.795,11.808,11.911,12.086,12.107,11.682,11.93,12.205,12.35,12.05,11.962,11.5,11.194,11.785,11.803,11.875,12.096,12.339,12.429,12.152,12.629,12.671,12.573,12.625,12.831,12.749,12.312,12.56,12.798,13.002,13.048,12.898,12.762,13.583,13.951,13.895,13.661,13.833,13.935,14.016,13.889,14.113,14.133,14.261,14.297,14.379,13.87,13.317,13.693,13.97,14.236,14.11,14.285,14.116,13.707,13.81,14.055,13.949,13.036,13.458,13.856,13.505,13.682,13.698,12.067,12.231,12.622,12.585,12.296,12.377,12.591,12.902,12.725,12.746,12.805,12.212,12.793,13.006,12.841,12.812,12.984,12.9,12.561,12.912,13.032,12.989,13.205,13.313,13.051,12.774,13.325,13.184,13.388,13.438,13.714,13.582,13.052,13.316,12.574,12.269,12.733,13.47,13.627,13.282,13.977,14.045,14.008,13.704,12.949,12.248,11.371,12.243,12.717,13.054,13.318,13.393,13.705,13.182,13.683,13.844,13.914,13.847,13.319,13.345,13.171,13.742,14.317,14.367,14.456,14.671,14.344,13.979,14.562,14.852,14.96,15.143,14.993,14.849,14.308,14.685,15.084,14.932,14.742,14.441,14.046,12.907,13.734,14.38,14.395,14.522,14.503,13.957,12.729,10.355,10.755,11.199,11.224,11.579,11.748,11.313,11.776,12.163,12.298,12.486,12.396,12.215,11.57,11.788,12.231,12.549,12.243,12.791,12.653,12.203,12.526,12.613,11.825,11.258,10.785,11.085,11.541,12.097,12.308,12.031,12.293,12.52,13.014,12.066,12.673,12.801,13.071,13.245,13.141,12.643,12.101,12.599,12.534,12.303,12.47,12.807,12.574,11.974,12.364,12.44,12.645,12.723,12.702,12.297,11.268,11.324,11.667,11.547,11.257,11.004,20.224,20.036,21.408,21.53,20.985,20.257,20.587,19.881,19.659,21.314,21.327,21.686,21.363,21.22,20.803,20.225,20.935,20.8,20.319,20.875,21.107,20.134,19.153,20.258,20.432,19.548,19.105,18.582,18.035,18.17,19.373,15.347,15.119,15.323,15.879,16.317,15.424,15.608,16.177,16.642,17.011,17.64,16.962,16.451,17.118,16.815,17.541,17.71,17.568,17.127,17.01,17.559,17.697,16.894,16.776,17.298,17.343,16.938,17.338,18.17,18.482,18.655,19.364,19.021,18.434,18.119,18.48,18.191,17.183,16.901,16.646,15.863,16.776,17.517,18.088,18.784,18.209,17.109,15.823,16.315,16.691,17.318,17.55,17.249,16.552,15.364,16.398,17.222,17.472,17.445,17.65,17.406,13.075,12.974,13.529,13.871,14.039,14.188,14.414,14.364,14.584,14.784,15.059,15.148,15.172,15.045,14.559,14.657,14.254,14.775,14.938,14.976,14.776,14.221,14.137,13.814,14.291,14.742,14.789,14.893,14.319,14.519,14.761,14.176,14.084,14.166,13.912,13.468,13.738,13.863,13.915,13.829,13.339,12.516,11.359,11.137,11.909,12.258,12.572,12.749,13.024,12.589,12.865,13.157,13.262,13.446,13.163,12.791,11.922,11.957,12.132,12.171,11.874,11.285,11.079,10.726,10.838,10.769,11.246,11.568,11.756,11.608,11.216,11.787,11.997,12.02,11.903,12.059,12.038,11.424,11.515,11.976,12.235,12.315,12.62,12.303,11.733,12.159,12.399,12.369,12.249,12.488,12.668,12.241,12.525,12.751,13.081,13.07,13.112,12.773,12.218,12.634,12.62,12.841,12.918,13.107,13.289,12.693,12.806,13.244,13.378,13.388,13.452,13.55,13.259,13.303,13.49,13.408,12.505,11.687,12.065,12.422,12.107,12.266,12.28,11.797,11.957,12.34,12.304,12.021,12.1,12.31,12.614,12.441,12.461,12.519,11.939,12.508,12.716,12.554,12.525,12.694,12.612,12.281,12.624,12.741,12.699,12.91,13.016,12.759,12.489,13.027,12.89,11.385,10.528,10.567,10.784,10.681,10.264,10.472,9.888,9.648,10.013,10.592,10.716,10.445,10.991,11.045,11.016,10.777,10.183,9.631,8.942,9.628,10.001,10.265,10.473,10.532,10.778,10.366,10.76,10.887,10.942,10.889,10.474,12.954,12.786,13.34,13.898,13.946,14.033,14.241,13.924,13.57,14.136,14.417,14.522,14.7,14.554,14.415,13.889,14.255,14.642,14.495,14.311,14.019,13.635,12.529,13.332,13.959,13.973,14.097,14.079,13.549,12.356,9.982,10.367,10.796,10.82,11.162,11.325,10.905,11.352,11.725,11.856,12.036,11.95,11.775,11.153,11.364,11.791,12.097,11.802,12.331,12.198,11.764,12.075,12.159,11.399,10.852,10.396,10.686,11.125,11.661,11.865,11.598,12.293,12.52,13.014,12.066,12.673,12.801,13.071,13.245,13.141,12.643,12.101,12.599,12.534,12.303,12.47,12.807,12.574,11.974,12.364,12.44,12.645,12.723,12.702,12.297,11.268,11.324,11.667,11.547,11.257,11.004,10.593,10.494,11.213,11.277,10.991,10.61,10.782,10.413,10.297,11.164,11.17,11.358,11.189,11.114,10.896,10.593,10.965,10.894,10.642,10.934,11.055,10.545,10.031,10.61,10.701,10.238,10.006,9.732,9.446,9.517,10.147,12.887,12.696,12.867,13.334,13.702,12.952,13.107,13.585,13.975,14.285,14.813,14.243,13.815,14.375,14.12,14.73,14.872,14.752,14.382,14.284,14.745,14.861,14.186,14.088,14.526,14.564,14.224,14.559,15.258,15.519,15.665,13.193,12.959,12.56,12.345,12.591,12.394,11.708,11.515,11.341,10.808,11.43,11.935,12.324,12.798,12.406,11.657,10.781,11.116,11.372,11.799,11.957,11.752,11.277,10.468,11.173,11.734,11.904,11.886,12.026,11.86,13.075,12.974,13.529,13.871,14.039,14.188,14.414,14.364,14.584,14.784,15.059,15.148,15.172,15.045,14.559,14.657,14.254,14.775,14.938,14.976,14.776,14.221,14.137,13.814,14.291,14.742,14.789,14.893,14.319,14.519,14.761,14.176,14.084,14.166,13.912,13.468,13.738,13.863,13.915,13.829,13.339,12.516,11.359,11.137,11.909,12.258,12.572,12.749,13.024,12.589,12.865,13.157,13.262,13.446,13.163,12.791,11.922,11.957,12.132,12.171,11.874,11.285,11.079,10.726,10.838,10.769,11.246,11.568,11.756,11.608,11.216,11.787,11.997,12.02,11.903,12.059,12.038,11.424,11.515,11.976,12.235,12.315,12.62,12.303,11.733,12.159,12.399,12.369,12.249,12.488,12.668,12.241
Guntur_167,15.748,15.855,16.155,16.195,15.594,15.683,16.024,16.045,15.724,15.548,15.832,15.839,16.032,15.747,15.288,15.206,15.915,15.845,15.204,15.851,15.966,15.61,15.785,16.167,16.342,15.595,16.097,16.333,16.457,16.568,16.432,15.998,15.23,15.717,16.125,16.127,16.113,16.293,15.733,15.387,15.65,15.723,15.886,16.448,16.421,16.583,15.888,16.278,16.611,16.542,16.182,15.621,15.754,15.339,15.854,16.136,16.312,16.116,16.021,15.839,14.823,15.245,15.414,15.171,14.932,15.024,15.227,14.781,14.67,13.604,14.135,14.995,15.086,14.989,14.413,14.915,15.39,15.325,16.986,16.738,16.145,15.885,15.604,16.238,16.814,17.0,16.933,16.844,16.32,15.893,15.858,16.432,16.796,16.911,16.804,16.152,16.965,17.047,16.959,17.07,17.198,16.878,16.476,17.414,17.095,16.973,16.478,16.357,16.198,15.655,16.634,16.721,16.309,16.568,16.741,16.579,16.256,16.856,16.874,16.905,16.613,14.68,14.714,14.5,14.924,14.868,15.05,15.45,15.432,15.336,14.728,14.492,14.615,14.56,14.443,14.525,14.356,14.402,13.482,14.116,14.54,14.091,13.9,14.264,14.488,13.85,14.18,14.421,14.834,14.793,14.456,14.12,13.778,13.953,13.914,14.295,14.186,14.274,14.005,14.888,15.155,15.351,15.162,15.203,14.76,14.256,14.975,14.962,15.196,15.405,15.088,14.991,14.411,15.237,15.63,15.436,15.432,14.907,14.588,14.146,14.813,15.554,0.0,0.0,0.0,0.0,0.0,0.0,0.0,0.0,0.0,0.0,0.0,0.0,0.0,0.0,0.0,0.0,0.0,0.0,0.0,0.0,0.0,0.0,0.0,0.0,0.0,0.0,0.0,0.0,0.0,0.0,0.0,0.0,0.0,0.0,0.0,0.0,0.0,0.0,0.0,0.0,0.0,0.0,0.0,0.0,0.0,0.0,0.0,0.0,0.0,0.0,0.0,0.0,0.0,0.0,0.0,0.0,0.0,0.0,0.0,0.0,0.0,0.0,16.203,16.259,16.266,16.58,16.709,15.832,16.004,16.449,17.186,16.943,16.722,16.187,15.694,15.868,16.136,16.363,16.054,15.936,16.365,15.646,15.926,15.709,15.432,15.921,15.999,15.287,14.782,15.92,16.259,16.125,10.115,10.051,10.348,10.025,10.213,10.518,10.868,11.019,11.023,10.697,10.107,10.212,10.37,9.926,10.098,10.211,10.439,10.169,10.408,10.418,10.378,10.18,9.924,9.911,9.405,9.594,10.09,10.288,10.519,10.716,10.631,14.064,14.555,14.711,14.663,14.514,14.841,14.625,14.037,14.325,14.275,14.174,14.423,14.16,12.889,12.522,12.615,13.443,13.831,14.066,14.172,14.06,13.823,14.497,14.438,14.042,13.231,13.26,13.519,13.759,14.241,15.143,15.365,15.205,15.354,15.26,14.601,14.892,15.149,14.877,15.117,15.247,14.955,14.554,14.966,15.371,15.385,15.529,15.745,15.479,15.261,15.671,16.059,16.262,16.019,15.996,16.245,15.629,16.096,16.268,16.181,16.182,16.59,16.107,15.548,15.972,16.1,16.162,15.944,16.135,15.823,15.763,16.404,16.494,16.435,16.243,16.273,16.6,16.399,16.573,17.126,17.466,17.766,17.675,17.402,16.792,16.944,16.362,16.793,17.004,17.325,17.29,16.782,14.911,15.095,15.215,14.936,14.991,14.88,14.464,14.622,14.962,15.245,15.314,15.323,15.252,14.891,15.13,15.131,15.077,14.942,14.775,14.779,14.532,15.097,15.345,15.573,15.625,15.727,15.653,15.405,16.4,16.483,16.428,16.368,16.735,16.639,15.991,16.366,16.679,16.856,16.684,16.11,15.817,15.809,16.4,16.521,16.772,17.018,16.967,16.787,16.255,16.427,16.018,16.401,16.663,16.433,16.516,15.895,14.986,15.233,15.943,15.649,16.05,16.177,15.83,16.253,16.247,16.261,16.64,16.48,16.441,15.851,16.362,16.467,15.857,15.926,16.057,15.667,15.558,15.866,16.163,15.648,15.339,15.18,15.42,15.111,15.679,15.915,15.847,15.914,15.82,16.196,15.893,15.989,16.066,15.756,15.936,16.275,16.158,15.811,16.119,15.727,15.214,14.774,15.273,15.161,14.03,14.104,13.781,13.813,13.713,13.904,14.385,14.681,15.014,14.775,14.498,14.554,15.109,15.467,14.587,15.313,15.74,16.945,17.275,17.328,16.915,16.131,16.622,16.354,16.307,15.956,15.427,15.388,14.641,15.962,16.039,16.449,16.558,16.675,15.968,15.158,16.422,17.043,17.978,17.271,17.196,16.722,17.127,18.405,19.026,18.618,30.027,28.991,29.076,29.431,31.108,31.689,31.463,30.865,30.407,30.961,28.887,28.574,28.266,27.888,28.368,29.724,29.99,27.208,25.144,25.172,24.652,25.386,26.732,26.163,25.75,26.589,26.353,24.814,25.297,25.165,24.785,0.0,0.0,0.0,0.0,0.0,0.0,0.0,0.0,0.0,0.0,0.0,0.0,0.0,0.0,0.0,0.0,0.0,0.0,0.0,0.0,0.0,0.0,0.0,0.0,0.0,0.0,0.0,0.0,0.0,0.0,0.0,0.0,0.0,0.0,0.0,0.0,0.0,0.0,0.0,0.0,0.0,0.0,0.0,0.0,0.0,0.0,0.0,0.0,0.0,0.0,0.0,0.0,0.0,0.0,0.0,0.0,0.0,0.0,0.0,0.0,0.0,17.748,17.107,16.69,17.458,17.837,18.191,18.199,18.379,18.114,17.542,18.374,18.566,18.598,18.335,17.763,17.991,17.047,16.643,17.372,17.537,17.427,17.32,17.546,16.484,17.154,17.299,17.257,17.131,17.352,17.178,16.902,15.44,15.439,15.267,14.104,13.661,14.611,14.323,15.098,15.506,16.051,15.611,15.947,15.828,15.569,15.778,15.752,15.932,16.071,15.665,15.674,15.004,15.867,16.109,16.204,16.058,15.938,15.715,14.864,15.142,15.212,13.657,13.271,13.535,13.563,13.275,13.716,13.988,13.95,14.101,13.886,13.764,13.194,13.843,14.301,14.261,14.123,14.05,14.029,13.327,14.284,14.71,14.964,15.114,15.225,15.073,14.622,14.931,14.624,14.269,14.122,14.366,15.083,14.507,15.323,15.744,15.983,15.679,15.615,15.072,14.393,14.873,14.958,15.031,15.33,15.04,14.662,14.655,15.355,15.831,15.841,15.765,15.908,15.059,14.816,15.639,15.733,15.234,15.493,15.715,15.779,15.763,16.052,15.878,15.941,15.329,15.593,15.78,15.554,15.83,16.268,15.976,15.638,15.724,15.686,15.496,15.597,15.704,15.931,15.794,15.875,15.737,15.474,15.873,15.826,15.846,16.292,15.947,15.689,15.103,15.77,16.164,15.833,15.74,16.18,16.44,16.038,15.975,16.092,16.251,16.539,16.755,16.714,16.306,16.671,16.78,17.009,16.945,16.002,16.118,16.433,16.898,17.037,17.133,17.289,17.215,17.099,16.569,16.877,17.037,17.351,17.456,15.432,15.415,14.936,15.468,15.627,15.339,15.583,15.493,15.552,15.061,15.363,15.587,15.619,15.467,15.307,15.528,14.819,15.222,15.49,15.374,15.433,15.468,15.449,14.96,15.483,15.667,15.827,15.722,15.581,15.178,16.94,17.357,17.297,17.708,17.691,18.16,18.047,17.24,17.504,17.234,17.312,17.29,17.127,16.96,16.494,17.163,17.574,18.066,17.892,17.144,15.635,14.529,14.354,15.626,16.79,16.897,16.643,16.499,16.358,17.274,17.524,17.959,18.14,18.118,17.914,17.477,17.958,18.077,17.694,17.527,17.954,17.774,17.257,18.104,18.359,17.868,17.47,17.216,16.802,15.596,15.641,15.773,17.028,17.689,17.483,17.137,16.638,17.607,17.856,17.143,15.962,15.793,16.06,15.653,16.828,16.9,16.88,16.935,16.617,15.921,14.915,15.482,15.518,15.759,15.525,15.563,15.595,14.92,16.051,16.298,16.009,15.028,15.482,15.083,14.018,15.083,16.072,16.256,16.129,16.415,15.88,14.935,18.632,19.107,19.895,19.88,19.187,18.62,17.712,18.148,18.129,18.121,17.078,18.005,18.688,17.421,16.521,17.694,18.714,19.357,19.125,18.883,18.069,19.052,19.531,19.355,19.678,20.321,19.657,18.822,20.184,20.711,20.576,17.034,17.197,17.108,16.104,16.926,17.193,17.263,17.029,16.587,16.168,15.098,15.338,15.403,15.411,15.176,14.421,14.911,15.02,15.866,15.839,15.644,14.992,14.754,14.559,14.607,15.902,16.025,15.97,16.199,16.242,14.669,14.012,14.869,15.316,14.519,14.729,14.657,14.742,14.25,14.703,14.569,14.818,14.834,14.71,14.497,13.997,15.113,15.259,15.285,15.235,15.04,14.642,13.77,12.986,12.714,13.624,14.376,14.67,14.746,14.339,14.489,14.584,14.771,14.643,14.879,14.828,14.521,14.733,14.848,14.852,14.845,14.86,14.415,14.062,14.169,14.544,14.763,14.872,15.004,15.051,14.467,14.996,15.207,15.172,15.166,15.17,15.184,14.85,15.231,15.044,15.061,15.635,15.865,15.892,15.335,15.661,16.021,16.212,15.818,15.703,15.095,14.694,15.47,15.494,15.588,15.878,16.197,16.316,15.952,16.578,16.633,16.504,16.572,16.844,16.735,16.162,16.488,16.8,17.067,17.128,16.932,16.753,16.157,16.595,16.528,16.25,16.455,16.576,16.672,16.521,16.787,16.812,16.963,17.007,17.105,16.498,15.841,16.288,16.618,16.934,16.784,16.992,16.791,16.305,16.427,16.718,16.593,15.507,16.008,16.482,16.064,16.275,16.295,16.054,16.272,16.792,16.743,16.359,16.466,16.751,17.165,16.93,16.957,17.036,16.247,17.02,17.304,17.083,17.045,17.275,17.162,16.712,17.179,17.338,17.281,17.568,17.712,17.363,16.995,17.728,17.54,18.501,18.57,18.951,18.769,18.036,18.401,17.376,16.954,17.596,18.614,18.832,18.354,19.314,19.409,19.358,18.938,17.894,16.925,15.714,16.919,17.574,18.039,18.404,18.508,18.939,18.216,18.909,19.131,19.228,19.135,18.406,18.424,18.185,18.974,19.767,19.836,19.959,20.256,19.804,19.301,20.105,20.505,20.655,20.908,20.7,20.502,19.755,20.275,20.826,20.616,20.354,19.939,19.393,17.82,18.963,19.853,19.874,20.05,20.024,19.27,17.575,14.234,14.783,15.394,15.429,15.916,16.148,15.55,16.187,16.72,16.905,17.163,17.04,16.79,15.904,16.204,16.813,17.25,16.829,17.583,17.393,16.774,17.219,17.338,16.255,15.475,14.825,15.238,15.864,16.628,16.919,16.538,16.55,16.856,17.521,16.245,17.061,17.235,17.597,17.832,17.692,17.021,16.292,16.962,16.874,16.564,16.789,17.242,16.929,16.12,16.645,16.748,17.024,17.129,17.1,16.555,15.17,15.245,15.708,15.546,15.156,14.814,20.224,20.036,21.408,21.53,20.985,20.257,20.587,19.881,19.659,21.314,21.327,21.686,21.363,21.22,20.803,20.225,20.935,20.8,20.319,20.875,21.107,20.134,19.153,20.258,20.432,19.548,19.105,18.582,18.035,18.17,19.373,24.934,24.564,24.895,25.798,26.511,25.059,25.358,26.284,27.038,27.638,28.659,27.557,26.729,27.812,27.319,28.499,28.774,28.543,27.826,27.636,28.528,28.753,27.447,27.257,28.104,28.178,27.52,28.169,29.52,30.027,30.309,22.924,22.518,21.823,21.451,21.877,21.535,20.343,20.008,19.707,18.78,19.86,20.737,21.414,22.238,21.557,20.255,18.732,19.314,19.76,20.502,20.777,20.421,19.595,18.188,19.413,20.388,20.684,20.653,20.895,20.607,15.789,15.667,16.337,16.751,16.954,17.134,17.406,17.346,17.611,17.854,18.185,18.293,18.322,18.168,17.581,17.7,17.213,17.843,18.039,18.084,17.844,17.173,17.072,16.682,17.258,17.802,17.859,17.985,17.292,17.533,17.826,18.137,18.019,18.124,17.799,17.232,17.577,17.737,17.803,17.693,17.066,16.014,14.533,14.249,15.237,15.683,16.085,16.312,16.664,16.106,16.46,16.833,16.968,17.204,16.841,16.366,15.254,15.298,15.522,15.573,15.192,15.251,14.973,14.496,14.647,14.554,15.2,15.634,15.889,15.688,15.158,15.931,16.214,16.245,16.087,16.297,16.269,15.44,15.562,16.185,16.535,16.644,17.056,16.627,15.857,16.433,16.757,16.717,16.555,16.877,17.121,16.543,16.317,16.612,17.041,17.027,17.081,16.64,15.917,16.458,16.441,16.729,16.829,17.075,17.312,16.536,16.682,17.254,17.428,17.441,17.525,17.652,17.273,17.33,17.574,17.467,16.291,15.225,15.717,16.183,15.772,15.979,15.998,15.469,15.679,16.181,16.134,15.763,15.867,16.142,16.54,16.313,16.34,16.416,15.655,16.401,16.674,16.462,16.424,16.646,16.537,16.103,16.553,16.707,16.652,16.929,17.067,16.731,16.377,17.082,16.902,14.929,14.223,14.276,14.569,14.429,13.866,14.146,13.358,13.034,13.528,14.31,14.477,14.11,14.848,14.921,14.882,14.559,13.756,13.012,12.08,13.007,13.51,13.868,14.149,14.228,14.56,14.004,14.537,14.707,14.782,14.71,14.15,15.573,15.371,16.037,16.708,16.766,16.87,17.121,16.739,16.314,16.994,17.332,17.458,17.672,17.497,17.329,16.698,17.137,17.603,17.425,17.204,16.853,16.392,15.062,16.028,16.781,16.799,16.947,16.925,16.288,14.855,15.332,15.923,16.581,16.618,17.143,17.394,16.749,17.436,18.009,18.209,18.487,18.354,18.085,17.13,17.454,18.11,18.58,18.126,18.939,18.734,18.068,18.546,18.674,17.508,16.668,15.968,16.413,17.087,17.911,18.224,17.813,16.55,16.856,17.521,16.245,17.061,17.235,17.597,17.832,17.692,17.021,16.292,16.962,16.874,16.564,16.789,17.242,16.929,16.12,16.645,16.748,17.024,17.129,17.1,16.555,15.17,15.245,15.708,15.546,15.156,14.814,16.269,16.118,17.221,17.319,16.881,16.295,16.561,15.993,15.815,17.146,17.156,17.445,17.185,17.07,16.734,16.27,16.84,16.732,16.346,16.793,16.979,16.197,15.407,16.296,16.436,15.725,15.369,14.948,14.508,14.617,15.584,12.887,12.696,12.867,13.334,13.702,12.952,13.107,13.585,13.975,14.285,14.813,14.243,13.815,14.375,14.12,14.73,14.872,14.752,14.382,14.284,14.745,14.861,14.186,14.088,14.526,14.564,14.224,14.559,15.258,15.519,15.665,22.62,22.22,21.534,21.167,21.588,21.25,20.073,19.744,19.446,18.531,19.597,20.463,21.13,21.944,21.271,19.987,18.484,19.059,19.498,20.231,20.502,20.15,19.336,17.948,19.156,20.118,20.41,20.379,20.619,20.334,15.789,15.667,16.337,16.751,16.954,17.134,17.406,17.346,17.611,17.854,18.185,18.293,18.322,18.168,17.581,17.7,17.213,17.843,18.039,18.084,17.844,17.173,17.072,16.682,17.258,17.802,17.859,17.985,17.292,17.533,17.826,18.137,18.019,18.124,17.799,17.232,17.577,17.737,17.803,17.693,17.066,16.014,14.533,14.249,15.237,15.683,16.085,16.312,16.664,16.106,16.46,16.833,16.968,17.204,16.841,16.366,15.254,15.298,15.522,15.573,15.192,15.251,14.973,14.496,14.647,14.554,15.2,15.634,15.889,15.688,15.158,15.931,16.214,16.245,16.087,16.297,16.269,15.44,15.562,16.185,16.535,16.644,17.056,16.627,15.857,16.433,16.757,16.717,16.555,16.877,17.121,16.543
Guntur_168,15.173,15.277,15.566,15.604,15.025,15.111,15.439,15.46,15.151,14.981,15.255,15.261,15.447,15.173,14.731,14.651,15.335,15.267,14.649,15.273,15.384,15.041,15.21,15.577,15.746,15.027,15.51,15.737,15.857,15.963,15.832,15.604,14.855,15.33,15.727,15.729,15.716,15.892,15.345,15.008,15.265,15.336,15.494,16.043,16.017,16.174,15.497,15.877,16.202,16.135,15.784,15.236,15.366,14.961,15.464,15.738,15.91,15.718,15.626,15.449,15.217,15.65,15.823,15.575,15.329,15.423,15.632,15.174,15.06,13.966,14.51,15.394,15.487,15.388,14.796,15.312,15.799,15.732,17.438,17.183,16.574,16.308,16.019,16.67,17.261,17.452,17.383,17.292,16.754,16.316,16.28,16.629,16.997,17.114,17.005,16.345,17.168,17.251,17.162,17.274,17.404,17.08,16.673,17.623,17.3,17.177,16.675,16.553,16.392,15.842,16.833,16.921,16.504,16.767,16.941,16.777,16.451,17.058,17.076,17.107,16.812,14.908,14.943,14.725,15.156,15.099,15.284,15.69,15.672,15.575,14.957,14.717,14.842,14.787,14.667,14.751,14.579,14.626,13.691,14.336,14.766,14.31,14.116,14.486,14.713,14.065,14.4,14.645,15.064,15.023,14.68,14.34,16.201,16.406,16.361,16.808,16.68,16.784,16.468,17.506,17.82,18.05,17.828,17.876,17.356,16.762,17.608,17.592,17.868,18.113,17.741,17.627,16.945,17.916,18.379,18.15,18.146,17.528,17.154,16.634,17.418,18.289,0.0,0.0,0.0,0.0,0.0,0.0,0.0,0.0,0.0,0.0,0.0,0.0,0.0,0.0,0.0,0.0,0.0,0.0,0.0,0.0,0.0,0.0,0.0,0.0,0.0,0.0,0.0,0.0,0.0,0.0,0.0,0.0,0.0,0.0,0.0,0.0,0.0,0.0,0.0,0.0,0.0,0.0,0.0,0.0,0.0,0.0,0.0,0.0,0.0,0.0,0.0,0.0,0.0,0.0,0.0,0.0,0.0,0.0,0.0,0.0,0.0,0.0,13.383,13.429,13.434,13.694,13.8,13.077,13.218,13.586,14.194,13.994,13.811,13.369,12.962,13.106,13.327,13.515,13.259,13.162,13.517,12.922,13.154,12.975,12.745,13.15,13.214,12.626,12.209,13.149,13.429,13.318,11.795,11.72,12.066,11.69,11.909,12.265,12.674,12.849,12.853,12.474,11.786,11.908,12.092,11.574,11.775,11.907,12.173,11.858,12.137,12.149,12.102,11.871,11.573,11.557,10.968,11.188,11.766,11.996,12.266,12.496,12.397,16.439,17.013,17.196,17.138,16.964,17.347,17.095,16.407,16.744,16.686,16.568,16.858,16.551,15.066,14.637,14.745,15.713,16.166,16.441,16.565,16.434,16.157,16.945,16.876,16.413,15.465,15.499,15.802,16.083,16.646,15.395,15.621,15.458,15.609,15.514,14.845,15.14,15.401,15.125,15.368,15.501,15.204,14.797,15.216,15.627,15.642,15.788,16.007,15.737,15.515,15.932,16.326,16.533,16.286,16.263,16.516,15.889,16.364,16.539,16.45,16.451,16.654,16.169,15.608,16.034,16.162,16.224,16.005,16.198,15.884,15.824,16.467,16.557,16.499,16.305,16.336,16.664,16.462,16.637,17.192,17.533,17.835,17.743,17.469,16.857,17.009,16.425,16.858,17.069,17.392,17.357,16.847,16.435,16.638,16.77,16.463,16.523,16.401,15.942,16.117,16.491,16.803,16.88,16.889,16.811,16.413,16.677,16.677,16.618,16.47,16.285,16.289,16.017,16.641,16.913,17.165,17.222,17.335,17.253,16.98,17.392,17.48,17.421,17.357,17.747,17.645,16.957,17.356,17.687,17.875,17.693,17.084,16.774,16.765,17.392,17.52,17.786,18.046,17.992,17.802,17.238,17.421,16.987,17.392,17.671,17.426,17.514,16.856,15.892,16.154,16.907,18.037,18.499,18.645,18.245,18.732,18.726,18.742,19.179,18.994,18.949,18.269,18.858,18.979,18.276,18.355,18.507,18.056,17.932,18.287,18.628,18.035,17.678,17.496,17.772,17.416,18.071,18.342,18.265,18.342,18.234,18.304,17.961,18.07,18.157,17.807,18.01,18.393,18.261,17.868,18.217,17.774,17.194,16.696,17.261,17.134,15.856,15.94,15.574,15.611,15.497,15.714,16.257,16.591,16.968,16.698,16.385,16.448,17.075,17.48,16.486,17.306,16.338,17.589,17.931,17.986,17.557,16.744,17.253,16.976,16.926,16.562,16.013,15.973,15.197,16.568,16.649,17.074,17.187,17.309,16.575,15.734,17.046,17.691,18.661,17.927,17.849,17.357,17.778,19.104,19.749,19.326,29.765,28.738,28.822,29.175,30.837,31.413,31.189,30.596,30.142,30.691,28.635,28.325,28.019,27.645,28.121,29.465,29.729,26.971,24.924,24.953,24.437,25.165,26.499,25.935,25.526,26.358,26.123,24.598,25.076,24.946,24.569,0.0,0.0,0.0,0.0,0.0,0.0,0.0,0.0,0.0,0.0,0.0,0.0,0.0,0.0,0.0,0.0,0.0,0.0,0.0,0.0,0.0,0.0,0.0,0.0,0.0,0.0,0.0,0.0,0.0,0.0,0.0,0.0,0.0,0.0,0.0,0.0,0.0,0.0,0.0,0.0,0.0,0.0,0.0,0.0,0.0,0.0,0.0,0.0,0.0,0.0,0.0,0.0,0.0,0.0,0.0,0.0,0.0,0.0,0.0,0.0,0.0,18.314,17.652,17.222,18.015,18.405,18.771,18.779,18.965,18.692,18.101,18.96,19.158,19.191,18.92,18.329,18.565,17.591,17.174,17.926,18.096,17.982,17.872,18.106,17.01,17.701,17.851,17.808,17.677,17.906,17.726,17.441,15.572,15.571,15.398,14.224,13.777,14.735,14.446,15.227,15.638,16.188,15.744,16.083,15.963,15.702,15.913,15.886,16.068,16.208,15.798,15.808,15.132,16.002,16.246,16.342,16.195,16.073,15.849,14.99,15.271,15.341,15.941,15.49,15.798,15.831,15.495,16.01,16.328,16.283,16.46,16.208,16.065,15.401,16.158,16.693,16.645,16.485,16.4,16.375,15.556,16.673,17.17,17.467,17.641,17.771,17.594,17.067,17.427,17.069,16.656,16.483,16.768,16.696,16.058,16.961,17.428,17.692,17.356,17.284,16.683,15.932,16.464,16.557,16.638,16.969,16.648,16.229,16.222,16.997,17.524,17.535,17.45,17.609,16.67,16.4,17.311,17.415,16.863,17.15,17.396,17.466,17.449,17.768,18.368,18.441,17.734,18.039,18.256,17.994,18.313,18.82,18.481,18.091,18.191,18.146,17.927,18.043,18.167,18.43,18.271,18.365,18.206,17.901,18.363,18.308,18.332,18.847,18.448,18.15,17.471,18.243,17.596,17.236,17.135,17.613,17.897,17.459,17.391,17.517,17.691,18.004,18.239,18.195,17.75,18.148,18.267,18.515,18.446,17.419,17.545,17.889,18.395,18.547,18.651,18.82,18.74,18.614,18.037,18.372,18.546,18.888,19.003,17.818,17.798,17.246,17.859,18.043,17.711,17.993,17.889,17.956,17.389,17.739,17.997,18.034,17.858,17.673,17.929,17.11,17.576,17.885,17.751,17.819,17.859,17.838,17.273,17.877,18.089,18.274,18.153,17.99,17.525,16.993,17.412,17.352,17.765,17.747,18.217,18.105,17.295,17.56,17.289,17.367,17.344,17.181,17.014,16.546,17.217,17.629,18.123,17.949,17.199,15.684,14.575,14.399,15.676,16.844,16.951,16.696,16.551,16.41,17.329,17.58,17.959,18.14,18.118,17.914,17.477,17.958,18.077,17.694,17.527,17.954,17.774,17.257,18.104,18.359,17.868,17.47,17.216,16.802,15.596,15.641,15.773,17.028,17.689,17.483,17.137,16.638,17.607,17.856,17.143,15.962,15.793,16.06,15.653,16.828,16.9,16.88,16.935,16.617,15.921,14.915,15.482,15.518,15.759,15.525,15.563,15.595,14.92,16.051,16.298,16.009,15.028,15.482,15.083,14.018,15.083,16.072,16.256,16.129,16.415,15.88,14.935,18.632,19.107,19.895,19.88,19.187,18.62,17.712,18.148,18.129,18.121,17.078,18.005,18.688,17.421,16.521,17.694,18.714,19.357,19.125,18.883,18.069,19.052,19.531,19.355,19.678,20.321,19.657,18.822,20.184,20.711,20.576,17.885,18.056,17.963,16.908,17.772,18.052,18.125,17.88,17.415,16.975,15.852,16.104,16.172,16.181,15.934,15.141,15.656,15.77,16.659,16.631,16.425,15.741,15.49,15.286,15.337,16.696,16.825,16.768,17.008,17.053,16.96,16.201,17.191,17.709,16.787,17.03,16.947,17.045,16.476,16.999,16.845,17.133,17.151,17.007,16.762,16.183,17.474,17.643,17.672,17.615,17.389,16.929,15.921,15.015,14.7,15.752,16.621,16.962,17.049,16.579,16.752,17.592,17.817,17.663,17.948,17.886,17.516,17.771,17.911,17.915,17.907,17.924,17.388,16.963,17.092,17.544,17.808,17.94,18.098,18.156,17.45,18.089,18.344,18.302,18.294,18.299,18.316,17.912,18.372,18.146,18.167,17.654,17.913,17.944,17.315,17.683,18.089,18.304,17.86,17.73,17.044,16.591,17.466,17.494,17.6,17.928,18.288,18.422,18.011,18.718,18.78,18.634,18.711,19.018,18.896,18.249,18.616,18.969,19.27,19.339,19.117,18.915,17.569,18.045,17.972,17.67,17.892,18.024,18.129,17.964,18.254,18.28,18.446,18.493,18.599,17.94,17.225,17.711,18.07,18.413,18.25,18.477,18.259,17.73,17.863,18.179,18.042,16.862,17.407,17.923,17.468,17.697,17.718,17.685,17.926,18.499,18.445,18.021,18.14,18.454,18.909,18.65,18.68,18.768,17.898,18.75,19.063,18.82,18.777,19.03,18.906,18.41,18.924,19.1,19.037,19.354,19.512,19.128,18.723,19.529,19.323,18.747,18.817,19.203,19.019,18.277,18.647,17.608,17.18,17.831,18.862,19.083,18.599,19.572,19.667,19.616,19.19,18.132,17.151,15.923,17.144,17.808,18.279,18.649,18.754,19.192,18.458,19.161,19.386,19.484,19.39,18.651,19.882,19.624,20.475,21.331,21.406,21.538,21.859,21.371,20.828,21.696,22.128,22.289,22.562,22.338,22.124,21.318,21.88,22.474,22.247,21.965,21.517,20.928,19.23,20.463,21.424,21.447,21.637,21.609,20.795,18.965,15.3,15.89,16.547,16.584,17.108,17.357,16.714,17.399,17.971,18.171,18.448,18.315,18.047,17.095,17.417,18.072,18.541,18.089,18.9,18.695,18.03,18.508,18.635,17.472,16.633,15.934,16.378,17.052,17.873,18.186,17.776,18.012,18.344,19.069,17.679,18.568,18.757,19.151,19.407,19.254,18.524,17.731,18.46,18.365,18.027,18.272,18.765,18.424,17.544,18.115,18.228,18.528,18.642,18.61,18.018,16.51,16.592,17.095,16.918,16.494,16.123,19.122,18.944,20.241,20.357,19.841,19.153,19.465,18.797,18.588,20.153,20.165,20.504,20.199,20.063,19.669,19.123,19.794,19.667,19.212,19.738,19.957,19.037,18.109,19.154,19.318,18.482,18.064,17.569,17.052,17.18,18.317,24.934,24.564,24.895,25.798,26.511,25.059,25.358,26.284,27.038,27.638,28.659,27.557,26.729,27.812,27.319,28.499,28.774,28.543,27.826,27.636,28.528,28.753,27.447,27.257,28.104,28.178,27.52,28.169,29.52,30.027,30.309,22.612,22.212,21.527,21.159,21.58,21.243,20.066,19.737,19.439,18.525,19.59,20.455,21.123,21.936,21.264,19.98,18.478,19.052,19.492,20.224,20.495,20.143,19.329,17.941,19.149,20.111,20.403,20.372,20.611,20.327,16.688,16.559,17.267,17.704,17.918,18.109,18.396,18.333,18.613,18.87,19.22,19.334,19.365,19.202,18.582,18.707,18.193,18.858,19.066,19.113,18.859,18.15,18.044,17.631,18.24,18.815,18.875,19.008,18.275,18.531,18.84,19.73,19.602,19.716,19.362,18.745,19.121,19.295,19.367,19.247,18.565,17.42,15.809,15.5,16.575,17.06,17.498,17.744,18.127,17.521,17.906,18.311,18.458,18.714,18.32,17.803,16.593,16.642,16.885,16.94,16.526,16.59,16.288,15.769,15.933,15.831,16.534,17.006,17.283,17.065,16.489,17.329,17.637,17.671,17.499,17.728,17.697,16.795,16.928,17.606,17.986,18.105,18.553,18.087,17.249,17.875,18.228,18.185,18.008,18.358,18.624,17.996,17.902,18.226,18.697,18.681,18.741,18.256,17.464,18.057,18.038,18.354,18.464,18.734,18.993,18.142,18.303,18.93,19.121,19.135,19.227,19.367,18.951,19.014,19.282,19.164,17.874,16.704,17.244,17.755,17.304,17.532,17.552,17.251,17.486,18.045,17.992,17.579,17.695,18.001,18.445,18.193,18.222,18.307,17.459,18.29,18.595,18.358,18.316,18.563,18.442,17.959,18.46,18.631,18.57,18.879,19.033,18.659,18.263,19.05,18.849,16.649,15.186,15.243,15.555,15.406,14.804,15.104,14.263,13.916,14.443,15.278,15.457,15.065,15.853,15.931,15.889,15.544,14.687,13.892,12.898,13.887,14.425,14.807,15.106,15.191,15.546,14.952,15.521,15.703,15.783,15.706,15.108,16.982,16.761,17.488,18.219,18.283,18.396,18.67,18.254,17.79,18.531,18.9,19.038,19.271,19.08,18.897,18.209,18.688,19.195,19.002,18.761,18.378,17.875,16.425,17.478,18.299,18.319,18.481,18.457,17.762,16.199,17.028,17.686,18.417,18.458,19.041,19.319,18.603,19.365,20.002,20.224,20.533,20.385,20.087,19.026,19.386,20.114,20.636,20.133,21.035,20.808,20.067,20.599,20.741,19.446,18.513,17.735,18.229,18.979,19.893,20.241,19.784,18.012,18.344,19.069,17.679,18.568,18.757,19.151,19.407,19.254,18.524,17.731,18.46,18.365,18.027,18.272,18.765,18.424,17.544,18.115,18.228,18.528,18.642,18.61,18.018,16.51,16.592,17.095,16.918,16.494,16.123,18.07,17.902,19.127,19.236,18.75,18.099,18.394,17.763,17.565,19.044,19.055,19.376,19.087,18.959,18.587,18.071,18.704,18.584,18.155,18.652,18.859,17.989,17.112,18.1,18.255,17.465,17.07,16.602,16.114,16.234,17.309,18.955,18.674,18.925,19.612,20.154,19.05,19.278,19.981,20.555,21.011,21.787,20.95,20.319,21.143,20.768,21.665,21.874,21.699,21.154,21.009,21.687,21.858,20.866,20.721,21.365,21.421,20.921,21.414,22.442,22.827,23.042,22.62,22.22,21.534,21.167,21.588,21.25,20.073,19.744,19.446,18.531,19.597,20.463,21.13,21.944,21.271,19.987,18.484,19.059,19.498,20.231,20.502,20.15,19.336,17.948,19.156,20.118,20.41,20.379,20.619,20.334,16.688,16.559,17.267,17.704,17.918,18.109,18.396,18.333,18.613,18.87,19.22,19.334,19.365,19.202,18.582,18.707,18.193,18.858,19.066,19.113,18.859,18.15,18.044,17.631,18.24,18.815,18.875,19.008,18.275,18.531,18.84,19.73,19.602,19.716,19.362,18.745,19.121,19.295,19.367,19.247,18.565,17.42,15.809,15.5,16.575,17.06,17.498,17.744,18.127,17.521,17.906,18.311,18.458,18.714,18.32,17.803,16.593,16.642,16.885,16.94,16.526,16.59,16.288,15.769,15.933,15.831,16.534,17.006,17.283,17.065,16.489,17.329,17.637,17.671,17.499,17.728,17.697,16.795,16.928,17.606,17.986,18.105,18.553,18.087,17.249,17.875,18.228,18.185,18.008,18.358,18.624,17.996
Guntur_169,15.173,15.277,15.566,15.604,15.025,15.111,15.439,15.46,15.151,14.981,15.255,15.261,15.447,15.173,14.731,14.651,15.335,15.267,14.649,15.273,15.384,15.041,15.21,15.577,15.746,15.027,15.51,15.737,15.857,15.963,15.832,15.604,14.855,15.33,15.727,15.729,15.716,15.892,15.345,15.008,15.265,15.336,15.494,16.043,16.017,16.174,15.497,15.877,16.202,16.135,15.784,15.236,15.366,14.961,15.464,15.738,15.91,15.718,15.626,15.449,15.217,15.65,15.823,15.575,15.329,15.423,15.632,15.174,15.06,13.966,14.51,15.394,15.487,15.388,14.796,15.312,15.799,15.732,17.438,17.183,16.574,16.308,16.019,16.67,17.261,17.452,17.383,17.292,16.754,16.316,16.28,16.629,16.997,17.114,17.005,16.345,17.168,17.251,17.162,17.274,17.404,17.08,16.673,17.623,17.3,17.177,16.675,16.553,16.392,15.842,16.833,16.921,16.504,16.767,16.941,16.777,16.451,17.058,17.076,17.107,16.812,14.908,14.943,14.725,15.156,15.099,15.284,15.69,15.672,15.575,14.957,14.717,14.842,14.787,14.667,14.751,14.579,14.626,13.691,14.336,14.766,14.31,14.116,14.486,14.713,14.065,14.4,14.645,15.064,15.023,14.68,14.34,16.201,16.406,16.361,16.808,16.68,16.784,16.468,17.506,17.82,18.05,17.828,17.876,17.356,16.762,17.608,17.592,17.868,18.113,17.741,17.627,16.945,17.916,18.379,18.15,18.146,17.528,17.154,16.634,17.418,18.289,0.0,0.0,0.0,0.0,0.0,0.0,0.0,0.0,0.0,0.0,0.0,0.0,0.0,0.0,0.0,0.0,0.0,0.0,0.0,0.0,0.0,0.0,0.0,0.0,0.0,0.0,0.0,0.0,0.0,0.0,0.0,0.0,0.0,0.0,0.0,0.0,0.0,0.0,0.0,0.0,0.0,0.0,0.0,0.0,0.0,0.0,0.0,0.0,0.0,0.0,0.0,0.0,0.0,0.0,0.0,0.0,0.0,0.0,0.0,0.0,0.0,0.0,13.383,13.429,13.434,13.694,13.8,13.077,13.218,13.586,14.194,13.994,13.811,13.369,12.962,13.106,13.327,13.515,13.259,13.162,13.517,12.922,13.154,12.975,12.745,13.15,13.214,12.626,12.209,13.149,13.429,13.318,11.795,11.72,12.066,11.69,11.909,12.265,12.674,12.849,12.853,12.474,11.786,11.908,12.092,11.574,11.775,11.907,12.173,11.858,12.137,12.149,12.102,11.871,11.573,11.557,10.968,11.188,11.766,11.996,12.266,12.496,12.397,16.439,17.013,17.196,17.138,16.964,17.347,17.095,16.407,16.744,16.686,16.568,16.858,16.551,15.066,14.637,14.745,15.713,16.166,16.441,16.565,16.434,16.157,16.945,16.876,16.413,15.465,15.499,15.802,16.083,16.646,15.395,15.621,15.458,15.609,15.514,14.845,15.14,15.401,15.125,15.368,15.501,15.204,14.797,15.216,15.627,15.642,15.788,16.007,15.737,15.515,15.932,16.326,16.533,16.286,16.263,16.516,15.889,16.364,16.539,16.45,16.451,16.654,16.169,15.608,16.034,16.162,16.224,16.005,16.198,15.884,15.824,16.467,16.557,16.499,16.305,16.336,16.664,16.462,16.637,17.192,17.533,17.835,17.743,17.469,16.857,17.009,16.425,16.858,17.069,17.392,17.357,16.847,16.435,16.638,16.77,16.463,16.523,16.401,15.942,16.117,16.491,16.803,16.88,16.889,16.811,16.413,16.677,16.677,16.618,16.47,16.285,16.289,16.017,16.641,16.913,17.165,17.222,17.335,17.253,16.98,17.392,17.48,17.421,17.357,17.747,17.645,16.957,17.356,17.687,17.875,17.693,17.084,16.774,16.765,17.392,17.52,17.786,18.046,17.992,17.802,17.238,17.421,16.987,17.392,17.671,17.426,17.514,16.856,15.892,16.154,16.907,18.037,18.499,18.645,18.245,18.732,18.726,18.742,19.179,18.994,18.949,18.269,18.858,18.979,18.276,18.355,18.507,18.056,17.932,18.287,18.628,18.035,17.678,17.496,17.772,17.416,18.071,18.342,18.265,18.342,18.234,18.304,17.961,18.07,18.157,17.807,18.01,18.393,18.261,17.868,18.217,17.774,17.194,16.696,17.261,17.134,15.856,15.94,15.574,15.611,15.497,15.714,16.257,16.591,16.968,16.698,16.385,16.448,17.075,17.48,16.486,17.306,16.338,17.589,17.931,17.986,17.557,16.744,17.253,16.976,16.926,16.562,16.013,15.973,15.197,16.568,16.649,17.074,17.187,17.309,16.575,15.734,17.046,17.691,18.661,17.927,17.849,17.357,17.778,19.104,19.749,19.326,29.765,28.738,28.822,29.175,30.837,31.413,31.189,30.596,30.142,30.691,28.635,28.325,28.019,27.645,28.121,29.465,29.729,26.971,24.924,24.953,24.437,25.165,26.499,25.935,25.526,26.358,26.123,24.598,25.076,24.946,24.569,0.0,0.0,0.0,0.0,0.0,0.0,0.0,0.0,0.0,0.0,0.0,0.0,0.0,0.0,0.0,0.0,0.0,0.0,0.0,0.0,0.0,0.0,0.0,0.0,0.0,0.0,0.0,0.0,0.0,0.0,0.0,0.0,0.0,0.0,0.0,0.0,0.0,0.0,0.0,0.0,0.0,0.0,0.0,0.0,0.0,0.0,0.0,0.0,0.0,0.0,0.0,0.0,0.0,0.0,0.0,0.0,0.0,0.0,0.0,0.0,0.0,18.314,17.652,17.222,18.015,18.405,18.771,18.779,18.965,18.692,18.101,18.96,19.158,19.191,18.92,18.329,18.565,17.591,17.174,17.926,18.096,17.982,17.872,18.106,17.01,17.701,17.851,17.808,17.677,17.906,17.726,17.441,15.572,15.571,15.398,14.224,13.777,14.735,14.446,15.227,15.638,16.188,15.744,16.083,15.963,15.702,15.913,15.886,16.068,16.208,15.798,15.808,15.132,16.002,16.246,16.342,16.195,16.073,15.849,14.99,15.271,15.341,15.941,15.49,15.798,15.831,15.495,16.01,16.328,16.283,16.46,16.208,16.065,15.401,16.158,16.693,16.645,16.485,16.4,16.375,15.556,16.673,17.17,17.467,17.641,17.771,17.594,17.067,17.427,17.069,16.656,16.483,16.768,16.696,16.058,16.961,17.428,17.692,17.356,17.284,16.683,15.932,16.464,16.557,16.638,16.969,16.648,16.229,16.222,16.997,17.524,17.535,17.45,17.609,16.67,16.4,17.311,17.415,16.863,17.15,17.396,17.466,17.449,17.768,18.368,18.441,17.734,18.039,18.256,17.994,18.313,18.82,18.481,18.091,18.191,18.146,17.927,18.043,18.167,18.43,18.271,18.365,18.206,17.901,18.363,18.308,18.332,18.847,18.448,18.15,17.471,18.243,17.596,17.236,17.135,17.613,17.897,17.459,17.391,17.517,17.691,18.004,18.239,18.195,17.75,18.148,18.267,18.515,18.446,17.419,17.545,17.889,18.395,18.547,18.651,18.82,18.74,18.614,18.037,18.372,18.546,18.888,19.003,17.818,17.798,17.246,17.859,18.043,17.711,17.993,17.889,17.956,17.389,17.739,17.997,18.034,17.858,17.673,17.929,17.11,17.576,17.885,17.751,17.819,17.859,17.838,17.273,17.877,18.089,18.274,18.153,17.99,17.525,16.993,17.412,17.352,17.765,17.747,18.217,18.105,17.295,17.56,17.289,17.367,17.344,17.181,17.014,16.546,17.217,17.629,18.123,17.949,17.199,15.684,14.575,14.399,15.676,16.844,16.951,16.696,16.551,16.41,17.329,17.58,17.959,18.14,18.118,17.914,17.477,17.958,18.077,17.694,17.527,17.954,17.774,17.257,18.104,18.359,17.868,17.47,17.216,16.802,15.596,15.641,15.773,17.028,17.689,17.483,17.137,16.638,17.607,17.856,17.143,15.962,15.793,16.06,15.653,16.828,16.9,16.88,16.935,16.617,15.921,14.915,15.482,15.518,15.759,15.525,15.563,15.595,14.92,16.051,16.298,16.009,15.028,15.482,15.083,14.018,15.083,16.072,16.256,16.129,16.415,15.88,14.935,18.632,19.107,19.895,19.88,19.187,18.62,17.712,18.148,18.129,18.121,17.078,18.005,18.688,17.421,16.521,17.694,18.714,19.357,19.125,18.883,18.069,19.052,19.531,19.355,19.678,20.321,19.657,18.822,20.184,20.711,20.576,17.885,18.056,17.963,16.908,17.772,18.052,18.125,17.88,17.415,16.975,15.852,16.104,16.172,16.181,15.934,15.141,15.656,15.77,16.659,16.631,16.425,15.741,15.49,15.286,15.337,16.696,16.825,16.768,17.008,17.053,16.96,16.201,17.191,17.709,16.787,17.03,16.947,17.045,16.476,16.999,16.845,17.133,17.151,17.007,16.762,16.183,17.474,17.643,17.672,17.615,17.389,16.929,15.921,15.015,14.7,15.752,16.621,16.962,17.049,16.579,16.752,17.592,17.817,17.663,17.948,17.886,17.516,17.771,17.911,17.915,17.907,17.924,17.388,16.963,17.092,17.544,17.808,17.94,18.098,18.156,17.45,18.089,18.344,18.302,18.294,18.299,18.316,17.912,18.372,18.146,18.167,17.654,17.913,17.944,17.315,17.683,18.089,18.304,17.86,17.73,17.044,16.591,17.466,17.494,17.6,17.928,18.288,18.422,18.011,18.718,18.78,18.634,18.711,19.018,18.896,18.249,18.616,18.969,19.27,19.339,19.117,18.915,17.569,18.045,17.972,17.67,17.892,18.024,18.129,17.964,18.254,18.28,18.446,18.493,18.599,17.94,17.225,17.711,18.07,18.413,18.25,18.477,18.259,17.73,17.863,18.179,18.042,16.862,17.407,17.923,17.468,17.697,17.718,17.685,17.926,18.499,18.445,18.021,18.14,18.454,18.909,18.65,18.68,18.768,17.898,18.75,19.063,18.82,18.777,19.03,18.906,18.41,18.924,19.1,19.037,19.354,19.512,19.128,18.723,19.529,19.323,18.747,18.817,19.203,19.019,18.277,18.647,17.608,17.18,17.831,18.862,19.083,18.599,19.572,19.667,19.616,19.19,18.132,17.151,15.923,17.144,17.808,18.279,18.649,18.754,19.192,18.458,19.161,19.386,19.484,19.39,18.651,19.882,19.624,20.475,21.331,21.406,21.538,21.859,21.371,20.828,21.696,22.128,22.289,22.562,22.338,22.124,21.318,21.88,22.474,22.247,21.965,21.517,20.928,19.23,20.463,21.424,21.447,21.637,21.609,20.795,18.965,15.3,15.89,16.547,16.584,17.108,17.357,16.714,17.399,17.971,18.171,18.448,18.315,18.047,17.095,17.417,18.072,18.541,18.089,18.9,18.695,18.03,18.508,18.635,17.472,16.633,15.934,16.378,17.052,17.873,18.186,17.776,18.012,18.344,19.069,17.679,18.568,18.757,19.151,19.407,19.254,18.524,17.731,18.46,18.365,18.027,18.272,18.765,18.424,17.544,18.115,18.228,18.528,18.642,18.61,18.018,16.51,16.592,17.095,16.918,16.494,16.123,19.122,18.944,20.241,20.357,19.841,19.153,19.465,18.797,18.588,20.153,20.165,20.504,20.199,20.063,19.669,19.123,19.794,19.667,19.212,19.738,19.957,19.037,18.109,19.154,19.318,18.482,18.064,17.569,17.052,17.18,18.317,24.934,24.564,24.895,25.798,26.511,25.059,25.358,26.284,27.038,27.638,28.659,27.557,26.729,27.812,27.319,28.499,28.774,28.543,27.826,27.636,28.528,28.753,27.447,27.257,28.104,28.178,27.52,28.169,29.52,30.027,30.309,22.612,22.212,21.527,21.159,21.58,21.243,20.066,19.737,19.439,18.525,19.59,20.455,21.123,21.936,21.264,19.98,18.478,19.052,19.492,20.224,20.495,20.143,19.329,17.941,19.149,20.111,20.403,20.372,20.611,20.327,16.688,16.559,17.267,17.704,17.918,18.109,18.396,18.333,18.613,18.87,19.22,19.334,19.365,19.202,18.582,18.707,18.193,18.858,19.066,19.113,18.859,18.15,18.044,17.631,18.24,18.815,18.875,19.008,18.275,18.531,18.84,19.73,19.602,19.716,19.362,18.745,19.121,19.295,19.367,19.247,18.565,17.42,15.809,15.5,16.575,17.06,17.498,17.744,18.127,17.521,17.906,18.311,18.458,18.714,18.32,17.803,16.593,16.642,16.885,16.94,16.526,16.59,16.288,15.769,15.933,15.831,16.534,17.006,17.283,17.065,16.489,17.329,17.637,17.671,17.499,17.728,17.697,16.795,16.928,17.606,17.986,18.105,18.553,18.087,17.249,17.875,18.228,18.185,18.008,18.358,18.624,17.996,17.902,18.226,18.697,18.681,18.741,18.256,17.464,18.057,18.038,18.354,18.464,18.734,18.993,18.142,18.303,18.93,19.121,19.135,19.227,19.367,18.951,19.014,19.282,19.164,17.874,16.704,17.244,17.755,17.304,17.532,17.552,17.251,17.486,18.045,17.992,17.579,17.695,18.001,18.445,18.193,18.222,18.307,17.459,18.29,18.595,18.358,18.316,18.563,18.442,17.959,18.46,18.631,18.57,18.879,19.033,18.659,18.263,19.05,18.849,16.649,15.186,15.243,15.555,15.406,14.804,15.104,14.263,13.916,14.443,15.278,15.457,15.065,15.853,15.931,15.889,15.544,14.687,13.892,12.898,13.887,14.425,14.807,15.106,15.191,15.546,14.952,15.521,15.703,15.783,15.706,15.108,16.982,16.761,17.488,18.219,18.283,18.396,18.67,18.254,17.79,18.531,18.9,19.038,19.271,19.08,18.897,18.209,18.688,19.195,19.002,18.761,18.378,17.875,16.425,17.478,18.299,18.319,18.481,18.457,17.762,16.199,17.028,17.686,18.417,18.458,19.041,19.319,18.603,19.365,20.002,20.224,20.533,20.385,20.087,19.026,19.386,20.114,20.636,20.133,21.035,20.808,20.067,20.599,20.741,19.446,18.513,17.735,18.229,18.979,19.893,20.241,19.784,18.012,18.344,19.069,17.679,18.568,18.757,19.151,19.407,19.254,18.524,17.731,18.46,18.365,18.027,18.272,18.765,18.424,17.544,18.115,18.228,18.528,18.642,18.61,18.018,16.51,16.592,17.095,16.918,16.494,16.123,18.07,17.902,19.127,19.236,18.75,18.099,18.394,17.763,17.565,19.044,19.055,19.376,19.087,18.959,18.587,18.071,18.704,18.584,18.155,18.652,18.859,17.989,17.112,18.1,18.255,17.465,17.07,16.602,16.114,16.234,17.309,18.955,18.674,18.925,19.612,20.154,19.05,19.278,19.981,20.555,21.011,21.787,20.95,20.319,21.143,20.768,21.665,21.874,21.699,21.154,21.009,21.687,21.858,20.866,20.721,21.365,21.421,20.921,21.414,22.442,22.827,23.042,22.62,22.22,21.534,21.167,21.588,21.25,20.073,19.744,19.446,18.531,19.597,20.463,21.13,21.944,21.271,19.987,18.484,19.059,19.498,20.231,20.502,20.15,19.336,17.948,19.156,20.118,20.41,20.379,20.619,20.334,16.688,16.559,17.267,17.704,17.918,18.109,18.396,18.333,18.613,18.87,19.22,19.334,19.365,19.202,18.582,18.707,18.193,18.858,19.066,19.113,18.859,18.15,18.044,17.631,18.24,18.815,18.875,19.008,18.275,18.531,18.84,19.73,19.602,19.716,19.362,18.745,19.121,19.295,19.367,19.247,18.565,17.42,15.809,15.5,16.575,17.06,17.498,17.744,18.127,17.521,17.906,18.311,18.458,18.714,18.32,17.803,16.593,16.642,16.885,16.94,16.526,16.59,16.288,15.769,15.933,15.831,16.534,17.006,17.283,17.065,16.489,17.329,17.637,17.671,17.499,17.728,17.697,16.795,16.928,17.606,17.986,18.105,18.553,18.087,17.249,17.875,18.228,18.185,18.008,18.358,18.624,17.996
Guntur_170,12.782,12.87,13.113,13.145,12.657,12.729,13.006,13.024,12.763,12.621,12.851,12.856,13.013,12.782,12.41,12.342,12.918,12.861,12.341,12.866,12.96,12.671,12.813,13.123,13.265,12.659,13.066,13.257,13.358,13.448,13.337,11.697,11.136,11.492,11.79,11.791,11.781,11.913,11.503,11.25,11.443,11.496,11.615,12.026,12.006,12.125,11.617,11.902,12.145,12.095,11.832,11.421,11.518,11.215,11.592,11.798,11.927,11.783,11.714,11.581,11.048,11.363,11.488,11.308,11.129,11.197,11.349,11.016,10.934,10.14,10.535,11.176,11.244,11.172,10.742,11.117,11.47,11.422,12.66,12.475,12.033,11.84,11.63,12.103,12.532,12.671,12.62,12.554,12.164,11.845,11.82,11.712,11.971,12.053,11.976,11.512,12.091,12.15,12.087,12.166,12.257,12.029,11.743,12.411,12.184,12.097,11.744,11.658,11.545,11.157,11.855,11.918,11.624,11.808,11.932,11.816,11.586,12.014,12.026,12.048,11.841,14.281,14.314,14.106,14.519,14.463,14.641,15.03,15.012,14.919,14.327,14.098,14.218,14.164,14.05,14.13,13.965,14.01,13.115,13.733,14.145,13.708,13.522,13.876,14.094,13.474,13.794,14.029,14.43,14.39,14.062,13.736,11.298,11.441,11.41,11.722,11.633,11.705,11.485,12.208,12.427,12.588,12.433,12.467,12.104,11.69,12.28,12.269,12.461,12.632,12.373,12.293,11.817,12.495,12.817,12.658,12.655,12.224,11.963,11.6,12.147,12.755,0.0,0.0,0.0,0.0,0.0,0.0,0.0,0.0,0.0,0.0,0.0,0.0,0.0,0.0,0.0,0.0,0.0,0.0,0.0,0.0,0.0,0.0,0.0,0.0,0.0,0.0,0.0,0.0,0.0,0.0,0.0,0.0,0.0,0.0,0.0,0.0,0.0,0.0,0.0,0.0,0.0,0.0,0.0,0.0,0.0,0.0,0.0,0.0,0.0,0.0,0.0,0.0,0.0,0.0,0.0,0.0,0.0,0.0,0.0,0.0,0.0,0.0,10.861,10.899,10.903,11.114,11.2,10.613,10.728,11.026,11.52,11.357,11.209,10.85,10.52,10.636,10.816,10.969,10.761,10.682,10.97,10.487,10.675,10.53,10.344,10.672,10.724,10.247,9.909,10.672,10.899,10.809,8.894,8.838,9.099,8.814,8.98,9.248,9.556,9.689,9.692,9.406,8.887,8.979,9.118,8.727,8.879,8.978,9.179,8.942,9.152,9.161,9.126,8.951,8.726,8.714,8.27,8.436,8.872,9.046,9.249,9.423,9.348,14.326,14.826,14.985,14.935,14.784,15.117,14.897,14.298,14.592,14.541,14.438,14.691,14.423,13.129,12.755,12.85,13.693,14.088,14.328,14.436,14.321,14.08,14.767,14.707,14.303,13.477,13.507,13.771,14.015,14.506,12.147,12.326,12.198,12.317,12.241,11.713,11.947,12.152,11.935,12.126,12.231,11.997,11.675,12.006,12.33,12.342,12.457,12.63,12.417,12.242,12.571,12.882,13.045,12.851,12.832,13.032,12.537,12.912,13.05,12.98,12.981,14.051,13.642,13.168,13.528,13.636,13.689,13.504,13.666,13.401,13.351,13.894,13.969,13.92,13.757,13.783,14.06,13.889,14.037,14.505,14.793,15.047,14.97,14.738,14.222,14.351,13.857,14.223,14.401,14.674,14.644,14.214,13.88,14.051,14.163,13.903,13.954,13.851,13.463,13.611,13.927,14.191,14.255,14.263,14.197,13.861,14.084,14.084,14.034,13.909,13.753,13.757,13.527,14.053,14.284,14.496,14.544,14.64,14.571,14.34,14.106,14.177,14.13,14.078,14.394,14.312,13.754,14.077,14.346,14.498,14.35,13.856,13.604,13.598,14.106,14.21,14.426,14.637,14.593,14.438,13.981,14.129,13.778,14.106,14.332,14.134,14.205,13.672,12.889,13.102,13.713,13.925,14.282,14.394,14.086,14.462,14.457,14.469,14.806,14.663,14.629,14.104,14.559,14.652,14.11,14.171,14.288,13.94,13.844,14.118,14.381,13.923,13.648,13.507,13.72,13.446,13.952,14.161,14.101,14.16,14.077,15.155,14.872,14.962,15.034,14.744,14.912,15.229,15.12,14.795,15.084,14.717,14.236,13.824,14.292,14.187,13.128,13.198,12.895,12.926,12.832,13.011,13.461,13.737,14.049,13.825,13.567,13.619,14.138,14.474,13.65,14.329,14.706,15.832,16.14,16.189,15.803,15.071,15.53,15.28,15.235,14.907,14.414,14.377,13.679,14.913,14.985,15.368,15.47,15.58,14.919,14.162,15.343,15.924,16.797,16.136,16.066,15.623,16.002,17.196,17.776,17.395,20.869,20.149,20.208,20.455,21.621,22.025,21.868,21.452,21.134,21.519,20.077,19.86,19.645,19.383,19.716,20.659,20.844,18.91,17.475,17.495,17.134,17.644,18.579,18.184,17.897,18.48,18.316,17.247,17.582,17.49,17.226,0.0,0.0,0.0,0.0,0.0,0.0,0.0,0.0,0.0,0.0,0.0,0.0,0.0,0.0,0.0,0.0,0.0,0.0,0.0,0.0,0.0,0.0,0.0,0.0,0.0,0.0,0.0,0.0,0.0,0.0,0.0,0.0,0.0,0.0,0.0,0.0,0.0,0.0,0.0,0.0,0.0,0.0,0.0,0.0,0.0,0.0,0.0,0.0,0.0,0.0,0.0,0.0,0.0,0.0,0.0,0.0,0.0,0.0,0.0,0.0,0.0,15.817,15.246,14.875,15.559,15.896,16.212,16.219,16.38,16.144,15.633,16.375,16.546,16.574,16.34,15.831,16.034,15.193,14.833,15.482,15.629,15.531,15.436,15.637,14.691,15.288,15.417,15.38,15.268,15.465,15.309,15.063,13.313,13.312,13.164,12.16,11.779,12.598,12.35,13.018,13.369,13.839,13.46,13.749,13.647,13.424,13.604,13.582,13.737,13.857,13.506,13.514,12.936,13.681,13.889,13.971,13.846,13.741,13.55,12.815,13.055,13.116,12.821,12.458,12.707,12.733,12.462,12.876,13.132,13.096,13.239,13.036,12.921,12.387,12.996,13.426,13.388,13.259,13.191,13.17,12.512,13.41,13.81,14.049,14.189,14.293,14.151,13.727,14.017,13.729,13.396,13.257,13.487,14.069,13.532,14.293,14.686,14.909,14.626,14.565,14.059,13.425,13.874,13.953,14.021,14.3,14.029,13.676,13.67,14.323,14.767,14.777,14.705,14.838,14.047,13.82,14.588,14.675,14.21,14.452,14.659,14.718,14.704,14.973,13.535,13.589,13.067,13.292,13.452,13.259,13.494,13.868,13.619,13.331,13.404,13.372,13.21,13.295,13.387,13.58,13.464,13.533,13.415,13.191,13.531,13.491,13.508,13.888,13.594,13.374,12.874,13.443,13.566,13.288,13.21,13.579,13.797,13.46,13.407,13.505,13.639,13.88,14.061,14.027,13.684,13.991,14.083,14.274,14.221,13.429,13.527,13.791,14.182,14.298,14.379,14.509,14.448,14.35,13.906,14.164,14.298,14.562,14.65,13.318,13.304,12.891,13.35,13.487,13.239,13.449,13.372,13.422,12.998,13.259,13.453,13.48,13.349,13.211,13.402,12.79,13.138,13.369,13.268,13.32,13.35,13.333,12.911,13.363,13.521,13.66,13.569,13.447,13.1,14.18,14.53,14.48,14.824,14.809,15.202,15.108,14.432,14.653,14.427,14.492,14.473,14.337,14.198,13.807,14.367,14.711,15.123,14.977,14.352,13.088,12.162,12.016,13.081,14.055,14.145,13.932,13.812,13.694,14.461,14.67,29.371,29.668,29.632,29.299,28.583,29.37,29.565,28.938,28.666,29.363,29.069,28.223,29.608,30.025,29.223,28.571,28.156,27.48,25.507,25.581,25.797,27.849,28.93,28.594,28.027,27.211,28.796,29.203,28.037,26.105,25.829,26.266,25.6,27.521,27.639,27.607,27.697,27.177,26.039,24.393,25.32,25.379,25.774,25.392,25.454,25.506,24.402,26.251,26.656,26.182,24.578,25.32,24.668,22.926,24.668,26.286,26.586,26.379,26.847,25.972,24.426,13.141,13.476,14.032,14.021,13.532,13.132,12.492,12.8,12.786,12.78,12.045,12.698,13.18,12.287,11.652,12.479,13.199,13.652,13.488,13.318,12.744,13.437,13.775,13.651,13.879,14.332,13.864,13.275,14.235,14.607,14.512,14.907,15.05,14.972,14.093,14.813,15.046,15.107,14.903,14.516,14.149,13.213,13.423,13.48,13.487,13.281,12.62,13.049,13.145,13.885,13.862,13.691,13.12,12.912,12.741,12.783,13.917,14.024,13.976,14.177,14.214,12.504,11.944,12.674,13.056,12.376,12.555,12.494,12.566,12.147,12.533,12.419,12.631,12.644,12.539,12.358,11.931,12.883,13.007,13.029,12.987,12.82,12.481,11.738,11.07,10.838,11.613,12.254,12.505,12.569,12.223,12.351,13.357,13.528,13.411,13.628,13.58,13.299,13.494,13.599,13.603,13.596,13.61,13.202,12.88,12.978,13.321,13.521,13.622,13.742,13.785,13.25,13.735,13.928,13.896,13.89,13.894,13.907,13.601,13.95,13.778,13.794,15.291,15.516,15.542,14.998,15.316,15.668,15.854,15.47,15.357,14.763,14.37,15.129,15.152,15.244,15.528,15.84,15.957,15.6,16.213,16.267,16.14,16.207,16.473,16.367,15.806,16.125,16.43,16.691,16.751,16.559,16.384,14.212,14.597,14.538,14.294,14.473,14.58,14.665,14.532,14.766,14.787,14.921,14.959,15.045,14.512,13.934,14.327,14.617,14.895,14.763,14.946,14.77,14.342,14.449,14.705,14.595,13.64,14.081,14.498,14.13,14.316,14.333,13.069,13.247,13.67,13.63,13.317,13.405,13.637,13.973,13.782,13.804,13.869,13.226,13.856,14.087,13.907,13.876,14.063,13.971,13.605,13.985,14.114,14.068,14.302,14.419,14.135,13.836,14.432,14.279,14.494,14.548,14.846,14.704,14.13,14.416,13.613,13.282,13.785,14.582,14.753,14.379,15.131,15.205,15.165,14.836,14.018,13.259,12.31,13.254,13.767,14.132,14.418,14.499,14.837,14.27,14.814,14.987,15.063,14.99,14.419,13.969,13.788,14.386,14.987,15.04,15.133,15.358,15.016,14.634,15.244,15.547,15.661,15.852,15.695,15.545,14.978,15.373,15.79,15.631,15.432,15.118,14.704,13.511,14.377,15.053,15.069,15.202,15.183,14.611,13.325,11.816,12.272,12.779,12.808,13.212,13.405,12.909,13.438,13.879,14.034,14.248,14.145,13.938,13.202,13.452,13.957,14.32,13.97,14.596,14.439,13.925,14.294,14.392,13.494,12.846,12.306,12.649,13.169,13.804,14.045,13.728,11.882,12.101,12.579,11.663,12.249,12.374,12.634,12.802,12.702,12.22,11.697,12.178,12.115,11.892,12.054,12.379,12.154,11.573,11.95,12.024,12.222,12.298,12.277,11.886,10.891,10.945,11.277,11.161,10.881,10.636,12.738,12.62,13.484,13.561,13.217,12.759,12.966,12.522,12.382,13.425,13.433,13.659,13.455,13.365,13.102,12.739,13.186,13.101,12.798,13.148,13.294,12.681,12.063,12.76,12.869,12.312,12.033,11.704,11.36,11.444,12.202,0.0,0.0,0.0,0.0,0.0,0.0,0.0,0.0,0.0,0.0,0.0,0.0,0.0,0.0,0.0,0.0,0.0,0.0,0.0,0.0,0.0,0.0,0.0,0.0,0.0,0.0,0.0,0.0,0.0,0.0,0.0,14.753,14.492,14.045,13.805,14.08,13.86,13.092,12.877,12.683,12.086,12.781,13.346,13.781,14.312,13.874,13.036,12.056,12.43,12.717,13.195,13.372,13.142,12.611,11.706,12.494,13.121,13.312,13.292,13.448,13.262,12.349,12.253,12.777,13.101,13.259,13.4,13.613,13.566,13.773,13.963,14.222,14.307,14.329,14.209,13.75,13.843,13.462,13.954,14.108,14.144,13.955,13.431,13.352,13.047,13.497,13.923,13.967,14.066,13.523,13.713,13.941,14.875,14.779,14.865,14.598,14.133,14.416,14.547,14.602,14.511,13.997,13.134,11.919,11.686,12.497,12.863,13.193,13.378,13.667,13.21,13.5,13.806,13.916,14.11,13.812,13.423,12.51,12.547,12.73,12.772,12.46,12.043,11.824,11.447,11.566,11.492,12.003,12.345,12.547,12.388,11.97,12.58,12.803,12.828,12.703,12.869,12.847,12.192,12.289,12.781,13.057,13.143,13.468,13.13,12.522,12.977,13.232,13.201,13.073,13.327,13.52,13.064,15.76,16.044,16.459,16.445,16.498,16.071,15.373,15.896,15.879,16.157,16.254,16.492,16.72,15.971,16.112,16.664,16.832,16.845,16.926,17.049,16.683,16.738,16.974,16.87,15.734,14.705,15.18,15.63,15.233,15.433,15.452,13.913,14.102,14.553,14.511,14.177,14.271,14.518,14.876,14.672,14.696,14.765,14.081,14.751,14.997,14.806,14.772,14.971,14.874,14.483,14.888,15.026,14.977,15.226,15.35,15.048,14.729,15.364,15.202,13.427,12.772,12.82,13.083,12.958,12.452,12.704,11.996,11.705,12.148,12.85,13.001,12.671,13.334,13.399,13.364,13.074,12.353,11.685,10.849,11.68,12.132,12.454,12.706,12.777,13.075,12.576,13.054,13.208,13.274,13.21,12.707,12.647,12.483,13.024,13.569,13.616,13.7,13.904,13.594,13.249,13.801,14.075,14.178,14.352,14.209,14.073,13.56,13.917,14.295,14.151,13.972,13.687,13.312,12.232,13.017,13.628,13.642,13.763,13.745,13.228,12.064,12.32,12.796,13.324,13.354,13.776,13.977,13.459,14.011,14.471,14.632,14.856,14.749,14.533,13.766,14.026,14.553,14.931,14.566,15.219,15.055,14.519,14.904,15.006,14.069,13.394,12.831,13.189,13.731,14.393,14.644,14.314,11.882,12.101,12.579,11.663,12.249,12.374,12.634,12.802,12.702,12.22,11.697,12.178,12.115,11.892,12.054,12.379,12.154,11.573,11.95,12.024,12.222,12.298,12.277,11.886,10.891,10.945,11.277,11.161,10.881,10.636,13.074,12.952,13.839,13.918,13.565,13.095,13.308,12.852,12.708,13.778,13.787,14.019,13.81,13.717,13.447,13.074,13.533,13.446,13.135,13.495,13.644,13.015,12.381,13.095,13.208,12.636,12.35,12.012,11.659,11.746,12.523,12.628,12.441,12.608,13.066,13.426,12.691,12.843,13.311,13.694,13.998,14.515,13.957,13.537,14.086,13.836,14.433,14.573,14.456,14.093,13.996,14.448,14.562,13.901,13.804,14.233,14.271,13.937,14.266,14.951,15.207,15.35,18.784,18.452,17.882,17.577,17.927,17.647,16.669,16.395,16.148,15.389,16.274,16.992,17.547,18.222,17.664,16.597,15.35,15.827,16.192,16.8,17.025,16.733,16.057,14.904,15.908,16.706,16.949,16.923,17.122,16.886,12.349,12.253,12.777,13.101,13.259,13.4,13.613,13.566,13.773,13.963,14.222,14.307,14.329,14.209,13.75,13.843,13.462,13.954,14.108,14.144,13.955,13.431,13.352,13.047,13.497,13.923,13.967,14.066,13.523,13.713,13.941,14.875,14.779,14.865,14.598,14.133,14.416,14.547,14.602,14.511,13.997,13.134,11.919,11.686,12.497,12.863,13.193,13.378,13.667,13.21,13.5,13.806,13.916,14.11,13.812,13.423,12.51,12.547,12.73,12.772,12.46,12.043,11.824,11.447,11.566,11.492,12.003,12.345,12.547,12.388,11.97,12.58,12.803,12.828,12.703,12.869,12.847,12.192,12.289,12.781,13.057,13.143,13.468,13.13,12.522,12.977,13.232,13.201,13.073,13.327,13.52,13.064
Guntur_171,10.826,10.901,11.107,11.134,10.721,10.782,11.016,11.031,10.81,10.689,10.885,10.889,11.022,10.826,10.511,10.454,10.942,10.893,10.452,10.898,10.977,10.732,10.852,11.115,11.235,10.722,11.067,11.229,11.314,11.39,11.297,10.108,9.623,9.931,10.188,10.19,10.181,10.295,9.941,9.722,9.889,9.935,10.037,10.393,10.376,10.478,10.039,10.285,10.496,10.452,10.225,9.87,9.954,9.692,10.018,10.195,10.307,10.183,10.123,10.008,9.989,10.273,10.387,10.223,10.062,10.124,10.261,9.96,9.886,9.167,9.525,10.105,10.166,10.101,9.712,10.051,10.371,10.327,11.447,11.279,10.88,10.705,10.515,10.942,11.331,11.456,11.41,11.351,10.998,10.71,10.686,10.048,10.27,10.341,10.275,9.876,10.373,10.424,10.37,10.438,10.516,10.32,10.075,10.648,10.453,10.379,10.076,10.002,9.905,9.572,10.171,10.225,9.973,10.131,10.237,10.138,9.94,10.307,10.318,10.337,10.159,9.637,9.66,9.519,9.798,9.761,9.88,10.143,10.131,10.068,9.669,9.514,9.595,9.559,9.481,9.535,9.424,9.455,8.851,9.267,9.545,9.251,9.125,9.364,9.511,9.093,9.309,9.467,9.738,9.711,9.49,9.27,8.197,8.301,8.278,8.505,8.44,8.492,8.332,8.857,9.016,9.133,9.021,9.045,8.782,8.481,8.909,8.901,9.041,9.165,8.977,8.919,8.574,9.065,9.299,9.183,9.181,8.869,8.679,8.416,8.813,9.254,0.0,0.0,0.0,0.0,0.0,0.0,0.0,0.0,0.0,0.0,0.0,0.0,0.0,0.0,0.0,0.0,0.0,0.0,0.0,0.0,0.0,0.0,0.0,0.0,0.0,0.0,0.0,0.0,0.0,0.0,0.0,0.0,0.0,0.0,0.0,0.0,0.0,0.0,0.0,0.0,0.0,0.0,0.0,0.0,0.0,0.0,0.0,0.0,0.0,0.0,0.0,0.0,0.0,0.0,0.0,0.0,0.0,0.0,0.0,0.0,0.0,0.0,10.096,10.13,10.134,10.33,10.411,9.864,9.971,10.249,10.708,10.556,10.418,10.085,9.778,9.886,10.053,10.195,10.002,9.929,10.196,9.748,9.923,9.788,9.615,9.92,9.968,9.525,9.21,9.919,10.13,10.047,6.218,6.179,6.361,6.162,6.278,6.466,6.681,6.774,6.776,6.576,6.213,6.277,6.375,6.101,6.207,6.277,6.417,6.251,6.398,6.404,6.38,6.258,6.101,6.092,5.782,5.898,6.203,6.324,6.466,6.588,6.535,9.621,9.957,10.064,10.03,9.928,10.152,10.005,9.602,9.799,9.765,9.696,9.866,9.686,8.817,8.566,8.629,9.196,9.461,9.622,9.694,9.618,9.456,9.917,9.877,9.606,9.051,9.071,9.248,9.412,9.742,11.197,11.362,11.244,11.353,11.284,10.797,11.012,11.202,11.001,11.178,11.274,11.059,10.762,11.067,11.366,11.377,11.483,11.643,11.446,11.285,11.588,11.875,12.025,11.846,11.829,12.013,11.557,11.902,12.03,11.965,11.966,11.646,11.307,10.914,11.213,11.302,11.346,11.193,11.327,11.108,11.066,11.516,11.579,11.538,11.402,11.424,11.653,11.512,11.634,12.022,12.261,12.472,12.408,12.216,11.788,11.895,11.486,11.789,11.937,12.163,12.138,11.781,10.261,10.387,10.47,10.278,10.316,10.239,9.953,10.062,10.295,10.49,10.538,10.544,10.496,10.247,10.411,10.412,10.375,10.282,10.167,10.17,10.0,10.389,10.559,10.716,10.752,10.822,10.771,10.601,11.421,11.479,11.44,11.398,11.654,11.587,11.136,11.397,11.615,11.738,11.619,11.219,11.015,11.009,11.421,11.505,11.68,11.851,11.815,11.69,11.32,11.44,11.155,11.421,11.604,11.443,11.501,11.069,10.436,10.608,11.103,10.521,10.79,10.875,10.642,10.926,10.923,10.932,11.187,11.079,11.053,10.656,11.0,11.07,10.66,10.707,10.795,10.532,10.46,10.667,10.866,10.52,10.312,10.205,10.366,10.159,10.541,10.699,10.654,10.699,10.636,14.003,13.741,13.824,13.89,13.623,13.778,14.071,13.97,13.67,13.936,13.598,13.154,12.773,13.205,13.108,12.13,12.194,11.915,11.943,11.856,12.021,12.437,12.693,12.981,12.774,12.535,12.583,13.063,13.373,12.612,13.24,13.677,14.725,15.011,15.057,14.698,14.017,14.444,14.211,14.17,13.865,13.406,13.372,12.722,13.87,13.937,14.294,14.388,14.49,13.876,13.172,14.27,14.81,15.622,15.008,14.942,14.531,14.883,15.993,16.533,16.179,7.903,7.63,7.653,7.746,8.188,8.341,8.281,8.124,8.003,8.149,7.603,7.521,7.439,7.34,7.466,7.823,7.893,7.161,6.618,6.625,6.488,6.682,7.036,6.886,6.777,6.998,6.936,6.531,6.658,6.623,6.523,0.0,0.0,0.0,0.0,0.0,0.0,0.0,0.0,0.0,0.0,0.0,0.0,0.0,0.0,0.0,0.0,0.0,0.0,0.0,0.0,0.0,0.0,0.0,0.0,0.0,0.0,0.0,0.0,0.0,0.0,0.0,0.0,0.0,0.0,0.0,0.0,0.0,0.0,0.0,0.0,0.0,0.0,0.0,0.0,0.0,0.0,0.0,0.0,0.0,0.0,0.0,0.0,0.0,0.0,0.0,0.0,0.0,0.0,0.0,0.0,0.0,11.318,10.909,10.643,11.133,11.374,11.6,11.605,11.721,11.551,11.186,11.717,11.84,11.86,11.692,11.327,11.473,10.871,10.613,11.078,11.183,11.113,11.045,11.189,10.512,10.939,11.032,11.005,10.925,11.066,10.954,10.778,12.807,12.806,12.663,11.698,11.331,12.119,11.88,12.523,12.861,13.313,12.948,13.227,13.129,12.914,13.087,13.065,13.215,13.33,12.993,13.001,12.445,13.161,13.361,13.44,13.32,13.219,13.035,12.328,12.559,12.617,11.15,10.834,11.05,11.073,10.838,11.198,11.42,11.389,11.513,11.337,11.237,10.772,11.302,11.676,11.643,11.53,11.471,11.453,10.88,11.662,12.01,12.217,12.339,12.43,12.306,11.937,12.19,11.939,11.65,11.529,11.728,11.952,11.496,12.143,12.477,12.666,12.425,12.374,11.944,11.406,11.786,11.854,11.911,12.149,11.918,11.619,11.614,12.168,12.545,12.554,12.493,12.606,11.934,11.741,12.393,12.467,12.072,12.278,12.454,12.504,12.492,12.721,11.601,11.647,11.2,11.393,11.529,11.364,11.566,11.886,11.672,11.425,11.489,11.46,11.322,11.395,11.474,11.64,11.54,11.599,11.498,11.306,11.597,11.563,11.578,11.903,11.651,11.463,11.034,11.522,11.33,11.098,11.033,11.341,11.524,11.242,11.198,11.28,11.391,11.593,11.744,11.716,11.43,11.685,11.762,11.922,11.878,11.216,11.298,11.519,11.845,11.942,12.009,12.119,12.067,11.986,11.614,11.83,11.942,12.162,12.236,11.563,11.551,11.192,11.59,11.709,11.494,11.677,11.609,11.653,11.285,11.512,11.68,11.703,11.589,11.47,11.635,11.104,11.406,11.607,11.52,11.564,11.59,11.576,11.21,11.602,11.739,11.859,11.781,11.675,11.373,10.176,10.427,10.391,10.638,10.627,10.909,10.842,10.356,10.515,10.353,10.4,10.386,10.288,10.188,9.908,10.31,10.557,10.852,10.748,10.299,9.392,8.728,8.623,9.387,10.086,10.15,9.998,9.911,9.827,10.377,10.527,10.363,10.468,10.455,10.338,10.086,10.363,10.432,10.211,10.115,10.361,10.257,9.958,10.447,10.594,10.311,10.081,9.935,9.696,9.0,9.026,9.102,9.826,10.208,10.089,9.889,9.601,10.161,10.304,9.893,9.211,9.114,9.268,9.033,9.711,9.752,9.741,9.773,9.589,9.188,8.607,8.934,8.955,9.094,8.959,8.981,9.0,8.61,9.262,9.405,9.238,8.672,8.934,8.704,8.089,8.704,9.275,9.381,9.308,9.473,9.164,8.619,11.528,11.821,12.309,12.299,11.871,11.52,10.958,11.228,11.216,11.211,10.566,11.139,11.562,10.778,10.221,10.947,11.578,11.976,11.832,11.683,11.179,11.787,12.084,11.975,12.175,12.572,12.162,11.645,12.487,12.813,12.73,12.4,12.519,12.454,11.723,12.322,12.516,12.567,12.397,12.075,11.77,10.991,11.165,11.213,11.219,11.048,10.498,10.855,10.934,11.55,11.531,11.388,10.914,10.74,10.598,10.634,11.576,11.665,11.626,11.793,11.823,9.253,8.839,9.379,9.662,9.159,9.291,9.246,9.299,8.989,9.275,9.19,9.347,9.357,9.279,9.145,8.829,9.534,9.626,9.642,9.611,9.487,9.236,8.686,8.192,8.02,8.594,9.068,9.254,9.302,9.045,9.14,10.904,11.044,10.948,11.125,11.086,10.857,11.015,11.102,11.104,11.099,11.11,10.778,10.514,10.594,10.874,11.038,11.12,11.218,11.254,10.816,11.212,11.37,11.344,11.339,11.342,11.353,11.103,11.388,11.248,11.261,13.154,13.348,13.37,12.902,13.176,13.479,13.639,13.308,13.211,12.7,12.362,13.015,13.035,13.114,13.358,13.627,13.727,13.42,13.947,13.994,13.885,13.942,14.171,14.08,13.597,13.871,14.134,14.359,14.41,14.245,14.094,10.19,10.466,10.424,10.249,10.378,10.454,10.515,10.42,10.588,10.603,10.699,10.726,10.788,10.405,9.991,10.273,10.481,10.68,10.585,10.717,10.59,10.283,10.361,10.544,10.465,9.78,10.096,10.395,10.132,10.265,10.277,10.647,10.791,11.137,11.104,10.849,10.92,11.109,11.384,11.228,11.246,11.298,10.775,11.288,11.476,11.33,11.304,11.456,11.382,11.083,11.393,11.498,11.461,11.651,11.746,11.515,11.271,11.757,11.633,11.085,11.126,11.355,11.246,10.807,11.025,10.411,10.158,10.543,11.153,11.283,10.997,11.572,11.629,11.599,11.347,10.721,10.141,9.415,10.137,10.53,10.808,11.027,11.089,11.348,10.914,11.33,11.463,11.521,11.465,11.028,9.548,9.424,9.833,10.244,10.28,10.343,10.497,10.263,10.002,10.419,10.627,10.704,10.835,10.728,10.625,10.238,10.507,10.793,10.684,10.548,10.333,10.05,9.235,9.827,10.289,10.3,10.391,10.377,9.987,9.108,8.754,9.091,9.467,9.488,9.788,9.931,9.563,9.955,10.282,10.396,10.555,10.479,10.326,9.781,9.965,10.34,10.608,10.349,10.813,10.696,10.316,10.589,10.662,9.996,9.517,9.117,9.371,9.756,10.226,10.405,10.17,10.394,10.585,11.003,10.202,10.714,10.823,11.051,11.198,11.11,10.689,10.231,10.652,10.597,10.402,10.543,10.828,10.631,10.123,10.453,10.518,10.691,10.757,10.739,10.397,9.527,9.574,9.865,9.763,9.518,9.303,0.0,0.0,0.0,0.0,0.0,0.0,0.0,0.0,0.0,0.0,0.0,0.0,0.0,0.0,0.0,0.0,0.0,0.0,0.0,0.0,0.0,0.0,0.0,0.0,0.0,0.0,0.0,0.0,0.0,0.0,0.0,0.0,0.0,0.0,0.0,0.0,0.0,0.0,0.0,0.0,0.0,0.0,0.0,0.0,0.0,0.0,0.0,0.0,0.0,0.0,0.0,0.0,0.0,0.0,0.0,0.0,0.0,0.0,0.0,0.0,0.0,0.0,9.96,9.783,9.482,9.32,9.505,9.357,8.838,8.693,8.562,8.159,8.629,9.01,9.304,9.662,9.366,8.8,8.139,8.391,8.585,8.908,9.027,8.872,8.514,7.902,8.434,8.858,8.986,8.973,9.078,8.953,10.354,10.274,10.714,10.985,11.118,11.236,11.414,11.375,11.549,11.708,11.925,11.996,12.015,11.914,11.529,11.607,11.288,11.701,11.83,11.859,11.701,11.262,11.195,10.94,11.317,11.674,11.712,11.794,11.339,11.498,11.69,10.685,10.616,10.678,10.487,10.152,10.356,10.45,10.489,10.424,10.055,9.435,8.562,8.395,8.977,9.24,9.477,9.61,9.818,9.489,9.698,9.917,9.997,10.136,9.922,9.642,8.987,9.013,9.145,9.175,8.95,10.085,9.901,9.586,9.685,9.624,10.051,10.338,10.506,10.374,10.023,10.534,10.721,10.742,10.638,10.777,10.758,10.209,10.291,10.703,10.934,11.006,11.278,10.995,10.486,10.866,11.081,11.054,10.947,11.16,11.321,10.939,12.757,12.988,13.324,13.312,13.355,13.01,12.445,12.868,12.855,13.079,13.158,13.35,13.535,12.928,13.043,13.49,13.626,13.636,13.702,13.801,13.505,13.549,13.741,13.657,12.737,11.904,12.288,12.652,12.331,12.493,12.508,10.6,10.745,11.088,11.056,10.802,10.873,11.061,11.334,11.179,11.197,11.249,10.728,11.239,11.426,11.28,11.255,11.407,11.332,11.035,11.343,11.448,11.411,11.601,11.695,11.465,11.222,11.706,11.582,10.23,10.778,10.818,11.04,10.934,10.507,10.72,10.123,9.877,10.251,10.844,10.971,10.693,11.252,11.307,11.278,11.033,10.425,9.86,9.155,9.857,10.238,10.509,10.722,10.782,11.034,10.612,11.016,11.145,11.202,11.148,10.723,9.755,9.628,10.046,10.466,10.502,10.568,10.725,10.486,10.219,10.645,10.857,10.936,11.07,10.96,10.855,10.46,10.735,11.027,10.915,10.777,10.557,10.268,9.435,10.04,10.512,10.523,10.616,10.602,10.203,9.305,8.598,8.93,9.299,9.319,9.614,9.754,9.393,9.778,10.099,10.211,10.367,10.292,10.142,9.606,9.788,10.156,10.419,10.165,10.621,10.506,10.132,10.401,10.472,9.818,9.347,8.954,9.204,9.582,10.044,10.22,9.989,10.394,10.585,11.003,10.202,10.714,10.823,11.051,11.198,11.11,10.689,10.231,10.652,10.597,10.402,10.543,10.828,10.631,10.123,10.453,10.518,10.691,10.757,10.739,10.397,9.527,9.574,9.865,9.763,9.518,9.303,9.124,9.039,9.657,9.713,9.467,9.138,9.287,8.969,8.869,9.615,9.621,9.783,9.637,9.573,9.384,9.124,9.444,9.383,9.166,9.417,9.522,9.083,8.64,9.139,9.217,8.818,8.619,8.383,8.136,8.197,8.74,8.491,8.365,8.478,8.785,9.028,8.534,8.635,8.95,9.207,9.412,9.76,9.384,9.102,9.471,9.303,9.705,9.799,9.72,9.476,9.411,9.715,9.791,9.347,9.282,9.57,9.596,9.371,9.593,10.053,10.225,10.321,18.784,18.452,17.882,17.577,17.927,17.647,16.669,16.395,16.148,15.389,16.274,16.992,17.547,18.222,17.664,16.597,15.35,15.827,16.192,16.8,17.025,16.733,16.057,14.904,15.908,16.706,16.949,16.923,17.122,16.886,10.354,10.274,10.714,10.985,11.118,11.236,11.414,11.375,11.549,11.708,11.925,11.996,12.015,11.914,11.529,11.607,11.288,11.701,11.83,11.859,11.701,11.262,11.195,10.94,11.317,11.674,11.712,11.794,11.339,11.498,11.69,10.685,10.616,10.678,10.487,10.152,10.356,10.45,10.489,10.424,10.055,9.435,8.562,8.395,8.977,9.24,9.477,9.61,9.818,9.489,9.698,9.917,9.997,10.136,9.922,9.642,8.987,9.013,9.145,9.175,8.95,10.085,9.901,9.586,9.685,9.624,10.051,10.338,10.506,10.374,10.023,10.534,10.721,10.742,10.638,10.777,10.758,10.209,10.291,10.703,10.934,11.006,11.278,10.995,10.486,10.866,11.081,11.054,10.947,11.16,11.321,10.939
Guntur_172,6.536,6.581,6.705,6.722,6.472,6.509,6.651,6.66,6.527,6.454,6.571,6.574,6.654,6.536,6.346,6.311,6.606,6.577,6.31,6.579,6.627,6.479,6.552,6.71,6.783,6.473,6.681,6.779,6.831,6.877,6.82,7.39,7.035,7.26,7.449,7.45,7.443,7.526,7.267,7.108,7.229,7.263,7.338,7.598,7.586,7.66,7.339,7.519,7.673,7.642,7.475,7.216,7.277,7.086,7.324,7.454,7.535,7.444,7.401,7.317,7.008,7.208,7.287,7.173,7.06,7.103,7.199,6.988,6.936,6.432,6.683,7.089,7.133,7.087,6.814,7.052,7.276,7.245,8.031,7.913,7.633,7.51,7.377,7.677,7.95,8.038,8.006,7.964,7.716,7.514,7.498,7.95,8.126,8.182,8.129,7.814,8.207,8.247,8.205,8.258,8.32,8.165,7.971,8.425,8.271,8.212,7.972,7.913,7.836,7.574,8.047,8.09,7.89,8.016,8.099,8.021,7.865,8.155,8.164,8.178,8.037,6.859,6.875,6.775,6.974,6.947,7.032,7.219,7.211,7.166,6.882,6.772,6.829,6.803,6.748,6.787,6.708,6.729,6.299,6.596,6.794,6.584,6.495,6.665,6.769,6.472,6.626,6.738,6.931,6.912,6.754,6.598,4.851,4.913,4.899,5.033,4.995,5.026,4.931,5.242,5.336,5.405,5.338,5.353,5.197,5.019,5.272,5.268,5.35,5.424,5.312,5.278,5.074,5.365,5.503,5.435,5.434,5.249,5.136,4.981,5.216,5.476,0.0,0.0,0.0,0.0,0.0,0.0,0.0,0.0,0.0,0.0,0.0,0.0,0.0,0.0,0.0,0.0,0.0,0.0,0.0,0.0,0.0,0.0,0.0,0.0,0.0,0.0,0.0,0.0,0.0,0.0,0.0,0.0,0.0,0.0,0.0,0.0,0.0,0.0,0.0,0.0,0.0,0.0,0.0,0.0,0.0,0.0,0.0,0.0,0.0,0.0,0.0,0.0,0.0,0.0,0.0,0.0,0.0,0.0,0.0,0.0,0.0,0.0,9.078,9.109,9.112,9.288,9.361,8.87,8.966,9.215,9.628,9.492,9.368,9.068,8.792,8.89,9.04,9.167,8.994,8.928,9.168,8.765,8.922,8.801,8.645,8.92,8.963,8.564,8.281,8.919,9.109,9.034,5.43,5.395,5.555,5.381,5.482,5.646,5.834,5.915,5.917,5.742,5.426,5.482,5.567,5.328,5.421,5.481,5.604,5.459,5.587,5.593,5.571,5.465,5.328,5.32,5.049,5.15,5.417,5.523,5.647,5.753,5.707,6.09,6.303,6.371,6.35,6.285,6.427,6.333,6.079,6.203,6.182,6.138,6.246,6.132,5.582,5.423,5.463,5.821,5.989,6.091,6.137,6.089,5.986,6.278,6.252,6.081,5.729,5.742,5.855,5.958,6.167,8.036,8.154,8.069,8.148,8.098,7.748,7.903,8.039,7.895,8.022,8.091,7.936,7.723,7.942,8.157,8.164,8.241,8.355,8.214,8.098,8.316,8.522,8.63,8.501,8.489,8.621,8.293,8.542,8.633,8.586,8.587,8.238,7.998,7.72,7.931,7.994,8.025,7.917,8.012,7.856,7.827,8.145,8.19,8.161,8.065,8.08,8.242,8.143,8.229,8.503,8.672,8.821,8.776,8.64,8.338,8.413,8.124,8.338,8.443,8.603,8.585,8.333,8.347,8.45,8.517,8.361,8.392,8.33,8.097,8.186,8.376,8.534,8.573,8.578,8.538,8.336,8.47,8.47,8.44,8.365,8.271,8.273,8.135,8.452,8.59,8.718,8.747,8.804,8.763,8.624,8.924,8.969,8.939,8.906,9.106,9.054,8.701,8.905,9.076,9.172,9.078,8.766,8.607,8.602,8.924,8.99,9.126,9.26,9.232,9.134,8.845,8.939,8.716,8.924,9.067,8.941,8.987,8.649,8.154,8.289,8.675,9.09,9.323,9.396,9.195,9.44,9.437,9.445,9.665,9.572,9.55,9.207,9.504,9.565,9.211,9.25,9.327,9.1,9.037,9.216,9.388,9.089,8.909,8.817,8.956,8.777,9.107,9.244,9.205,9.244,9.189,8.753,8.589,8.642,8.683,8.516,8.613,8.796,8.733,8.545,8.712,8.5,8.223,7.985,8.255,8.194,7.583,7.623,7.448,7.466,7.411,7.515,7.774,7.934,8.115,7.985,7.836,7.866,8.166,8.36,7.884,8.276,6.439,6.932,7.067,7.089,6.92,6.599,6.8,6.69,6.671,6.527,6.311,6.295,5.989,6.53,6.561,6.729,6.774,6.822,6.533,6.201,6.718,6.972,7.355,7.065,7.035,6.841,7.006,7.529,7.783,7.617,5.04,4.866,4.881,4.94,5.222,5.319,5.282,5.181,5.104,5.197,4.849,4.797,4.745,4.681,4.762,4.99,5.034,4.567,4.221,4.225,4.138,4.261,4.487,4.392,4.323,4.463,4.424,4.165,4.246,4.224,4.16,17.168,18.749,19.269,19.585,20.262,20.547,21.218,21.088,21.498,21.532,21.57,21.874,22.059,21.51,20.962,19.708,22.458,22.084,21.502,21.344,20.933,20.037,20.893,21.036,21.135,21.314,21.604,21.412,20.637,20.987,20.853,0.0,0.0,0.0,0.0,0.0,0.0,0.0,0.0,0.0,0.0,0.0,0.0,0.0,0.0,0.0,0.0,0.0,0.0,0.0,0.0,0.0,0.0,0.0,0.0,0.0,0.0,0.0,0.0,0.0,0.0,8.683,8.369,8.165,8.541,8.726,8.899,8.903,8.991,8.862,8.582,8.989,9.083,9.098,8.97,8.69,8.801,8.34,8.142,8.499,8.579,8.525,8.473,8.584,8.064,8.392,8.463,8.443,8.381,8.489,8.404,8.269,8.129,8.128,8.038,7.425,7.192,7.692,7.541,7.949,8.163,8.45,8.219,8.396,8.333,8.197,8.307,8.293,8.388,8.461,8.247,8.252,7.899,8.354,8.481,8.531,8.454,8.391,8.274,7.825,7.972,8.009,9.141,8.882,9.059,9.078,8.885,9.18,9.363,9.337,9.438,9.294,9.212,8.831,9.265,9.572,9.545,9.453,9.404,9.39,8.92,9.561,9.846,10.016,10.116,10.191,10.089,9.787,9.993,9.788,9.551,9.452,9.615,8.318,8.0,8.451,8.683,8.815,8.647,8.611,8.312,7.938,8.203,8.249,8.289,8.455,8.294,8.086,8.082,8.468,8.731,8.736,8.694,8.773,8.305,8.171,8.625,8.677,8.401,8.544,8.667,8.702,8.693,8.853,8.495,8.529,8.201,8.343,8.443,8.322,8.469,8.704,8.547,8.367,8.413,8.392,8.291,8.344,8.402,8.523,8.45,8.494,8.42,8.279,8.492,8.467,8.478,8.716,8.532,8.394,8.08,8.437,8.445,8.272,8.224,8.453,8.59,8.38,8.347,8.407,8.491,8.641,8.754,8.733,8.519,8.71,8.767,8.887,8.853,8.36,8.421,8.586,8.829,8.902,8.951,9.033,8.995,8.934,8.657,8.818,8.901,9.066,9.12,9.723,9.712,9.41,9.745,9.846,9.664,9.818,9.761,9.798,9.489,9.679,9.821,9.841,9.745,9.644,9.783,9.336,9.591,9.759,9.686,9.723,9.745,9.734,9.425,9.755,9.871,9.972,9.905,9.817,9.563,7.901,8.096,8.068,8.26,8.251,8.47,8.418,8.041,8.164,8.038,8.075,8.064,7.988,7.911,7.693,8.005,8.197,8.426,8.345,7.997,7.292,6.777,6.695,7.289,7.831,7.881,7.763,7.696,7.63,8.057,8.174,7.382,7.457,7.448,7.364,7.184,7.382,7.431,7.273,7.205,7.38,7.306,7.094,7.442,7.547,7.345,7.181,7.077,6.907,6.411,6.43,6.484,7.0,7.271,7.187,7.044,6.839,7.238,7.34,7.047,6.561,6.492,6.602,6.434,6.917,6.947,6.939,6.962,6.831,6.545,6.131,6.364,6.379,6.478,6.382,6.398,6.411,6.133,6.598,6.7,6.581,6.177,6.364,6.2,5.762,6.2,6.607,6.682,6.63,6.748,6.528,6.139,6.135,6.292,6.551,6.546,6.318,6.131,5.832,5.976,5.97,5.967,5.624,5.929,6.153,5.736,5.44,5.826,6.162,6.374,6.297,6.218,5.95,6.274,6.431,6.373,6.48,6.691,6.473,6.198,6.646,6.82,6.775,6.87,6.936,6.9,6.495,6.827,6.934,6.963,6.868,6.69,6.521,6.089,6.186,6.212,6.216,6.121,5.816,6.014,6.058,6.399,6.389,6.31,6.047,5.951,5.872,5.892,6.414,6.463,6.441,6.534,6.551,7.271,6.946,7.37,7.592,7.197,7.301,7.266,7.308,7.064,7.288,7.222,7.345,7.353,7.292,7.186,6.938,7.492,7.564,7.577,7.552,7.455,7.258,6.826,6.437,6.302,6.753,7.126,7.272,7.309,7.108,7.182,7.384,7.479,7.414,7.534,7.508,7.352,7.46,7.518,7.52,7.516,7.524,7.299,7.12,7.175,7.364,7.475,7.531,7.597,7.621,7.325,7.593,7.7,7.682,7.679,7.681,7.688,7.519,7.712,7.617,7.626,9.806,9.951,9.968,9.618,9.822,10.048,10.168,9.921,9.849,9.468,9.216,9.702,9.718,9.777,9.959,10.159,10.233,10.005,10.398,10.432,10.351,10.394,10.564,10.496,10.137,10.341,10.537,10.704,10.743,10.619,10.507,8.417,8.645,8.61,8.465,8.572,8.635,8.685,8.606,8.745,8.758,8.837,8.859,8.91,8.594,8.252,8.485,8.657,8.821,8.743,8.852,8.747,8.494,8.557,8.709,8.644,8.078,8.339,8.586,8.368,8.478,8.488,7.701,7.806,8.055,8.032,7.847,7.899,8.036,8.234,8.121,8.134,8.172,7.794,8.165,8.301,8.195,8.176,8.287,8.233,8.017,8.241,8.317,8.29,8.428,8.497,8.329,8.153,8.504,8.414,7.719,7.748,7.906,7.83,7.525,7.677,7.249,7.073,7.341,7.766,7.857,7.657,8.058,8.097,8.076,7.901,7.465,7.061,6.556,7.059,7.332,7.526,7.678,7.721,7.902,7.6,7.889,7.982,8.022,7.983,7.679,7.411,7.315,7.632,7.951,7.979,8.029,8.148,7.966,7.764,8.088,8.248,8.309,8.41,8.327,8.247,7.947,8.156,8.377,8.293,8.188,8.021,7.801,7.168,7.628,7.986,7.995,8.065,8.055,7.752,7.07,6.993,7.262,7.563,7.58,7.819,7.933,7.639,7.952,8.214,8.305,8.432,8.371,8.248,7.813,7.961,8.26,8.474,8.267,8.638,8.545,8.241,8.459,8.517,7.985,7.602,7.283,7.486,7.793,8.169,8.312,8.124,7.672,7.814,8.122,7.531,7.909,7.989,8.158,8.266,8.201,7.89,7.552,7.863,7.823,7.679,7.783,7.993,7.848,7.473,7.716,7.764,7.892,7.94,7.927,7.675,7.032,7.067,7.282,7.206,7.026,6.868,8.115,8.039,8.59,8.639,8.42,8.128,8.26,7.977,7.888,8.552,8.557,8.701,8.572,8.514,8.347,8.115,8.4,8.346,8.153,8.376,8.469,8.079,7.685,8.128,8.198,7.843,7.666,7.456,7.237,7.291,7.773,0.0,0.0,0.0,0.0,0.0,0.0,0.0,0.0,0.0,0.0,0.0,0.0,0.0,0.0,0.0,0.0,0.0,0.0,0.0,0.0,0.0,0.0,0.0,0.0,0.0,0.0,0.0,0.0,0.0,0.0,0.0,7.963,7.822,7.581,7.451,7.599,7.481,7.066,6.95,6.845,6.523,6.899,7.203,7.438,7.725,7.488,7.036,6.507,6.709,6.864,7.122,7.217,7.093,6.807,6.318,6.743,7.082,7.185,7.174,7.258,7.158,8.264,8.2,8.551,8.768,8.874,8.968,9.11,9.079,9.218,9.345,9.518,9.575,9.59,9.509,9.202,9.264,9.009,9.339,9.442,9.466,9.339,8.989,8.936,8.732,9.033,9.318,9.348,9.414,9.05,9.177,9.33,9.1,9.041,9.093,8.93,8.646,8.819,8.899,8.932,8.877,8.562,8.034,7.291,7.149,7.645,7.868,8.07,8.184,8.36,8.081,8.258,8.445,8.513,8.631,8.449,8.211,7.653,7.675,7.787,7.813,7.622,7.755,7.613,7.371,7.447,7.4,7.728,7.949,8.079,7.977,7.707,8.1,8.244,8.26,8.18,8.286,8.272,7.85,7.913,8.23,8.407,8.463,8.672,8.454,8.063,8.355,8.52,8.5,8.417,8.581,8.705,8.412,8.681,8.838,9.066,9.059,9.088,8.853,8.468,8.756,8.747,8.9,8.953,9.084,9.21,8.797,8.875,9.18,9.272,9.279,9.324,9.391,9.19,9.22,9.35,9.293,8.667,8.1,8.362,8.61,8.391,8.501,8.511,8.084,8.194,8.456,8.431,8.237,8.292,8.435,8.643,8.525,8.539,8.579,8.181,8.571,8.713,8.602,8.583,8.699,8.642,8.415,8.65,8.73,8.702,8.847,8.919,8.743,8.558,8.927,8.833,7.802,8.534,8.566,8.741,8.657,8.319,8.488,8.015,7.82,8.117,8.586,8.686,8.466,8.909,8.953,8.929,8.735,8.254,7.807,7.248,7.804,8.106,8.321,8.489,8.537,8.736,8.402,8.722,8.824,8.869,8.826,8.49,8.335,8.227,8.583,8.942,8.973,9.029,9.163,8.959,8.731,9.095,9.276,9.344,9.458,9.364,9.275,8.937,9.172,9.421,9.326,9.208,9.02,8.773,8.061,8.578,8.981,8.991,9.07,9.059,8.718,7.95,6.712,6.971,7.259,7.276,7.506,7.615,7.333,7.633,7.884,7.972,8.094,8.035,7.918,7.5,7.641,7.929,8.134,7.936,8.292,8.202,7.91,8.12,8.176,7.665,7.297,6.991,7.186,7.481,7.841,7.978,7.799,7.672,7.814,8.122,7.531,7.909,7.989,8.158,8.266,8.201,7.89,7.552,7.863,7.823,7.679,7.783,7.993,7.848,7.473,7.716,7.764,7.892,7.94,7.927,7.675,7.032,7.067,7.282,7.206,7.026,6.868,7.123,7.057,7.54,7.583,7.391,7.134,7.25,7.002,6.924,7.507,7.511,7.638,7.524,7.473,7.326,7.123,7.373,7.326,7.156,7.352,7.434,7.091,6.745,7.135,7.196,6.884,6.728,6.544,6.352,6.399,6.823,8.491,8.365,8.478,8.785,9.028,8.534,8.635,8.95,9.207,9.412,9.76,9.384,9.102,9.471,9.303,9.705,9.799,9.72,9.476,9.411,9.715,9.791,9.347,9.282,9.57,9.596,9.371,9.593,10.053,10.225,10.321,10.716,10.527,10.202,10.028,10.227,10.068,9.51,9.354,9.213,8.779,9.284,9.694,10.011,10.396,10.078,9.469,8.757,9.029,9.238,9.584,9.713,9.546,9.161,8.503,9.075,9.531,9.669,9.655,9.768,9.633,8.264,8.2,8.551,8.768,8.874,8.968,9.11,9.079,9.218,9.345,9.518,9.575,9.59,9.509,9.202,9.264,9.009,9.339,9.442,9.466,9.339,8.989,8.936,8.732,9.033,9.318,9.348,9.414,9.05,9.177,9.33,9.1,9.041,9.093,8.93,8.646,8.819,8.899,8.932,8.877,8.562,8.034,7.291,7.149,7.645,7.868,8.07,8.184,8.36,8.081,8.258,8.445,8.513,8.631,8.449,8.211,7.653,7.675,7.787,7.813,7.622,7.755,7.613,7.371,7.447,7.4,7.728,7.949,8.079,7.977,7.707,8.1,8.244,8.26,8.18,8.286,8.272,7.85,7.913,8.23,8.407,8.463,8.672,8.454,8.063,8.355,8.52,8.5,8.417,8.581,8.705,8.412
Guntur_173,5.464,5.501,5.605,5.619,5.41,5.441,5.559,5.567,5.456,5.395,5.493,5.495,5.562,5.463,5.304,5.276,5.522,5.497,5.275,5.5,5.54,5.416,5.477,5.609,5.67,5.411,5.585,5.667,5.71,5.748,5.701,4.707,4.481,4.624,4.744,4.745,4.741,4.794,4.629,4.527,4.605,4.626,4.674,4.839,4.832,4.879,4.675,4.789,4.887,4.867,4.761,4.596,4.635,4.513,4.665,4.748,4.799,4.742,4.714,4.66,4.822,4.959,5.014,4.935,4.857,4.887,4.953,4.808,4.772,4.425,4.598,4.878,4.908,4.876,4.688,4.852,5.006,4.985,5.526,5.445,5.252,5.168,5.076,5.282,5.47,5.53,5.508,5.479,5.309,5.17,5.159,6.614,6.76,6.807,6.763,6.501,6.828,6.861,6.826,6.87,6.922,6.793,6.632,7.009,6.881,6.832,6.632,6.584,6.52,6.301,6.695,6.73,6.564,6.669,6.738,6.673,6.543,6.785,6.792,6.804,6.687,5.866,5.879,5.794,5.963,5.941,6.013,6.173,6.166,6.128,5.885,5.79,5.84,5.818,5.771,5.803,5.736,5.754,5.387,5.64,5.81,5.63,5.554,5.699,5.789,5.534,5.666,5.762,5.927,5.911,5.776,5.642,4.064,4.116,4.105,4.217,4.185,4.211,4.131,4.392,4.471,4.528,4.473,4.485,4.354,4.205,4.417,4.414,4.483,4.544,4.451,4.422,4.251,4.495,4.611,4.553,4.552,4.397,4.303,4.173,4.37,4.588,0.0,0.0,0.0,0.0,0.0,0.0,0.0,0.0,0.0,0.0,0.0,0.0,0.0,0.0,0.0,0.0,0.0,0.0,0.0,0.0,0.0,0.0,0.0,0.0,0.0,0.0,0.0,0.0,0.0,0.0,0.0,0.0,0.0,0.0,0.0,0.0,0.0,0.0,0.0,0.0,0.0,0.0,0.0,0.0,0.0,0.0,0.0,0.0,0.0,0.0,0.0,0.0,0.0,0.0,0.0,0.0,0.0,0.0,0.0,0.0,0.0,0.0,7.537,7.562,7.566,7.712,7.772,7.364,7.444,7.651,7.994,7.881,7.778,7.529,7.3,7.38,7.505,7.611,7.467,7.412,7.612,7.277,7.408,7.307,7.178,7.405,7.442,7.11,6.876,7.405,7.563,7.5,3.732,3.709,3.818,3.699,3.768,3.881,4.011,4.066,4.067,3.947,3.73,3.768,3.827,3.663,3.726,3.768,3.852,3.752,3.841,3.844,3.83,3.757,3.662,3.657,3.471,3.54,3.723,3.796,3.882,3.954,3.923,5.592,5.788,5.85,5.83,5.771,5.901,5.816,5.582,5.696,5.676,5.636,5.735,5.63,5.125,4.979,5.016,5.345,5.5,5.593,5.635,5.591,5.497,5.764,5.741,5.584,5.261,5.273,5.376,5.471,5.663,5.244,5.321,5.266,5.317,5.285,5.057,5.158,5.246,5.152,5.235,5.28,5.179,5.041,5.183,5.323,5.328,5.378,5.453,5.361,5.285,5.427,5.562,5.632,5.548,5.54,5.626,5.413,5.575,5.634,5.604,5.604,5.104,4.955,4.783,4.914,4.953,4.972,4.905,4.964,4.868,4.849,5.046,5.074,5.056,4.997,5.006,5.107,5.045,5.098,5.268,5.373,5.465,5.437,5.353,5.166,5.212,5.033,5.166,5.231,5.33,5.319,5.163,5.215,5.279,5.321,5.223,5.243,5.204,5.058,5.114,5.232,5.331,5.356,5.359,5.334,5.208,5.291,5.291,5.273,5.226,5.167,5.168,5.082,5.28,5.366,5.446,5.464,5.5,5.474,5.387,6.347,6.379,6.358,6.335,6.477,6.44,6.189,6.334,6.455,6.524,6.457,6.235,6.122,6.119,6.347,6.394,6.491,6.586,6.567,6.497,6.291,6.358,6.2,6.348,6.449,6.36,6.392,6.152,5.8,5.896,6.17,5.874,6.025,6.072,5.942,6.101,6.099,6.104,6.246,6.186,6.171,5.95,6.142,6.181,5.952,5.978,6.027,5.881,5.84,5.956,6.067,5.874,5.758,5.698,5.788,5.672,5.885,5.974,5.949,5.974,5.938,6.725,6.599,6.639,6.671,6.542,6.617,6.758,6.709,6.565,6.693,6.53,6.317,6.134,6.342,6.295,5.825,5.856,5.722,5.735,5.694,5.773,5.973,6.096,6.234,6.135,6.02,6.043,6.273,6.422,6.057,6.358,5.444,5.861,5.975,5.993,5.85,5.579,5.749,5.657,5.64,5.519,5.336,5.323,5.064,5.521,5.548,5.689,5.727,5.768,5.523,5.243,5.68,5.895,6.218,5.974,5.948,5.784,5.924,6.366,6.581,6.44,5.04,4.866,4.881,4.94,5.222,5.319,5.282,5.181,5.104,5.197,4.849,4.797,4.745,4.681,4.762,4.99,5.034,4.567,4.221,4.225,4.138,4.261,4.487,4.392,4.323,4.463,4.424,4.165,4.246,4.224,4.16,8.66,9.458,9.72,9.879,10.221,10.365,10.703,10.638,10.844,10.861,10.88,11.034,11.127,10.85,10.574,9.942,11.328,11.14,10.846,10.766,10.559,10.107,10.539,10.611,10.661,10.751,10.898,10.801,10.41,10.587,10.519,0.0,0.0,0.0,0.0,0.0,0.0,0.0,0.0,0.0,0.0,0.0,0.0,0.0,0.0,0.0,0.0,0.0,0.0,0.0,0.0,0.0,0.0,0.0,0.0,0.0,0.0,0.0,0.0,0.0,0.0,5.099,4.914,4.795,5.015,5.124,5.226,5.228,5.28,5.204,5.039,5.278,5.334,5.343,5.267,5.103,5.168,4.897,4.781,4.991,5.038,5.006,4.976,5.041,4.736,4.928,4.97,4.958,4.921,4.985,4.935,4.856,6.091,6.091,6.023,5.564,5.39,5.764,5.651,5.957,6.117,6.332,6.159,6.291,6.245,6.143,6.225,6.215,6.285,6.34,6.18,6.184,5.919,6.26,6.355,6.393,6.335,6.288,6.2,5.864,5.974,6.001,5.575,5.417,5.525,5.537,5.419,5.599,5.71,5.694,5.756,5.668,5.618,5.386,5.651,5.838,5.821,5.765,5.735,5.727,5.44,5.831,6.005,6.109,6.17,6.215,6.153,5.969,6.095,5.969,5.825,5.765,5.864,5.478,5.269,5.565,5.718,5.805,5.695,5.671,5.474,5.228,5.402,5.433,5.459,5.568,5.463,5.325,5.323,5.577,5.75,5.754,5.726,5.778,5.47,5.381,5.68,5.714,5.533,5.627,5.708,5.731,5.725,5.83,5.602,5.624,5.409,5.502,5.568,5.488,5.585,5.74,5.637,5.518,5.548,5.534,5.468,5.503,5.541,5.621,5.573,5.601,5.553,5.46,5.6,5.584,5.591,5.748,5.627,5.535,5.329,5.564,6.573,6.439,6.401,6.58,6.686,6.522,6.497,6.544,6.609,6.726,6.813,6.797,6.631,6.779,6.824,6.917,6.891,6.507,6.554,6.683,6.872,6.928,6.967,7.031,7.001,6.954,6.738,6.863,6.928,7.056,7.099,7.004,6.997,6.779,7.021,7.093,6.962,7.073,7.032,7.059,6.836,6.973,7.075,7.089,7.02,6.948,7.048,6.726,6.909,7.031,6.978,7.005,7.021,7.012,6.79,7.028,7.111,7.184,7.136,7.072,6.889,6.694,6.859,6.836,6.998,6.991,7.176,7.132,6.813,6.918,6.811,6.841,6.833,6.768,6.703,6.518,6.783,6.945,7.139,7.071,6.775,6.179,5.742,5.673,6.175,6.635,6.677,6.577,6.52,6.465,6.827,6.925,7.382,7.457,7.448,7.364,7.184,7.382,7.431,7.273,7.205,7.38,7.306,7.094,7.442,7.547,7.345,7.181,7.077,6.907,6.411,6.43,6.484,7.0,7.271,7.187,7.044,6.839,7.238,7.34,7.047,6.561,6.492,6.602,6.434,6.917,6.947,6.939,6.962,6.831,6.545,6.131,6.364,6.379,6.478,6.382,6.398,6.411,6.133,6.598,6.7,6.581,6.177,6.364,6.2,5.762,6.2,6.607,6.682,6.63,6.748,6.528,6.139,6.135,6.292,6.551,6.546,6.318,6.131,5.832,5.976,5.97,5.967,5.624,5.929,6.153,5.736,5.44,5.826,6.162,6.374,6.297,6.218,5.95,6.274,6.431,6.373,6.48,6.691,6.473,6.198,6.646,6.82,6.775,5.962,6.019,5.988,5.636,5.924,6.017,6.042,5.96,5.805,5.658,5.284,5.368,5.391,5.394,5.311,5.047,5.219,5.257,5.553,5.544,5.475,5.247,5.163,5.095,5.112,5.565,5.608,5.589,5.669,5.684,4.286,4.094,4.344,4.475,4.242,4.303,4.282,4.307,4.163,4.296,4.257,4.329,4.334,4.298,4.236,4.089,4.416,4.458,4.466,4.451,4.394,4.278,4.023,3.794,3.715,3.981,4.2,4.286,4.308,4.189,4.233,5.196,5.263,5.217,5.302,5.283,5.174,5.249,5.29,5.292,5.289,5.294,5.136,5.01,5.049,5.182,5.26,5.299,5.346,5.363,5.154,5.343,5.418,5.406,5.404,5.405,5.41,5.291,5.427,5.36,5.366,7.261,7.367,7.38,7.121,7.272,7.44,7.528,7.346,7.292,7.01,6.823,7.184,7.195,7.239,7.373,7.521,7.577,7.408,7.698,7.724,7.664,7.696,7.822,7.771,7.505,7.657,7.801,7.925,7.954,7.863,7.779,5.415,5.562,5.54,5.447,5.515,5.556,5.588,5.537,5.627,5.635,5.686,5.7,5.733,5.53,5.309,5.459,5.57,5.676,5.625,5.695,5.628,5.465,5.506,5.603,5.561,5.197,5.365,5.524,5.384,5.455,5.461,5.552,5.627,5.807,5.79,5.657,5.694,5.793,5.936,5.855,5.864,5.891,5.619,5.886,5.984,5.908,5.894,5.974,5.935,5.779,5.941,5.996,5.976,6.075,6.125,6.005,5.877,6.131,6.066,6.43,6.454,6.586,6.523,6.268,6.395,6.039,5.892,6.115,6.469,6.545,6.379,6.713,6.745,6.728,6.582,6.219,5.882,5.461,5.88,6.108,6.269,6.396,6.432,6.582,6.331,6.572,6.649,6.683,6.65,6.397,5.483,5.412,5.646,5.882,5.903,5.94,6.028,5.894,5.744,5.983,6.102,6.147,6.222,6.16,6.101,5.879,6.034,6.198,6.135,6.057,5.934,5.771,5.303,5.643,5.908,5.914,5.967,5.959,5.735,5.23,5.002,5.195,5.41,5.422,5.593,5.675,5.465,5.688,5.875,5.941,6.031,5.988,5.9,5.589,5.694,5.908,6.062,5.914,6.179,6.112,5.895,6.051,6.093,5.712,5.438,5.21,5.355,5.575,5.843,5.946,5.812,5.086,5.179,5.384,4.992,5.243,5.296,5.407,5.479,5.436,5.23,5.006,5.212,5.185,5.09,5.159,5.298,5.202,4.953,5.115,5.147,5.231,5.263,5.255,5.087,4.662,4.685,4.827,4.777,4.657,4.552,5.208,5.159,5.513,5.544,5.404,5.216,5.301,5.119,5.062,5.488,5.492,5.584,5.501,5.464,5.357,5.208,5.391,5.356,5.232,5.375,5.435,5.185,4.932,5.216,5.261,5.033,4.919,4.785,4.644,4.679,4.989,0.0,0.0,0.0,0.0,0.0,0.0,0.0,0.0,0.0,0.0,0.0,0.0,0.0,0.0,0.0,0.0,0.0,0.0,0.0,0.0,0.0,0.0,0.0,0.0,0.0,0.0,0.0,0.0,0.0,0.0,0.0,5.355,5.261,5.098,5.011,5.111,5.031,4.752,4.674,4.604,4.387,4.64,4.845,5.003,5.195,5.036,4.732,4.376,4.512,4.616,4.79,4.854,4.771,4.578,4.249,4.535,4.763,4.832,4.825,4.881,4.814,6.079,6.032,6.29,6.449,6.527,6.596,6.701,6.678,6.78,6.873,7.001,7.043,7.054,6.994,6.769,6.814,6.627,6.869,6.945,6.962,6.87,6.611,6.573,6.422,6.644,6.854,6.876,6.924,6.657,6.75,6.863,6.752,6.708,6.747,6.626,6.415,6.544,6.603,6.628,6.587,6.353,5.962,5.41,5.304,5.672,5.838,5.988,6.073,6.204,5.996,6.128,6.267,6.317,6.405,6.269,6.093,5.679,5.695,5.778,5.797,5.656,6.019,5.909,5.721,5.781,5.744,5.999,6.17,6.271,6.192,5.982,6.287,6.399,6.411,6.349,6.432,6.421,6.094,6.142,6.388,6.526,6.569,6.731,6.562,6.258,6.486,6.614,6.598,6.534,6.661,6.757,6.529,6.091,6.201,6.362,6.356,6.377,6.212,5.942,6.144,6.138,6.245,6.282,6.374,6.463,6.173,6.228,6.441,6.506,6.511,6.542,6.59,6.448,6.469,6.561,6.521,6.082,5.684,5.867,6.041,5.888,5.965,5.972,5.655,5.731,5.915,5.897,5.762,5.8,5.9,6.046,5.963,5.973,6.001,5.723,5.995,6.095,6.017,6.004,6.085,6.045,5.886,6.051,6.107,6.087,6.188,6.239,6.116,5.986,6.244,6.178,5.457,6.708,6.733,6.871,6.805,6.54,6.672,6.3,6.147,6.38,6.749,6.828,6.655,7.003,7.037,7.019,6.867,6.488,6.137,5.698,6.135,6.372,6.541,6.673,6.711,6.867,6.605,6.856,6.937,6.972,6.938,6.674,5.613,5.54,5.781,6.022,6.043,6.081,6.171,6.034,5.88,6.125,6.247,6.293,6.37,6.307,6.246,6.019,6.177,6.345,6.281,6.201,6.075,5.908,5.429,5.777,6.049,6.055,6.109,6.101,5.871,5.354,5.112,5.31,5.529,5.541,5.716,5.8,5.585,5.814,6.005,6.072,6.164,6.12,6.03,5.712,5.82,6.039,6.195,6.044,6.315,6.247,6.025,6.184,6.227,5.838,5.558,5.324,5.473,5.698,5.972,6.077,5.94,5.086,5.179,5.384,4.992,5.243,5.296,5.407,5.479,5.436,5.23,5.006,5.212,5.185,5.09,5.159,5.298,5.202,4.953,5.115,5.147,5.231,5.263,5.255,5.087,4.662,4.685,4.827,4.777,4.657,4.552,5.425,5.375,5.742,5.775,5.629,5.434,5.522,5.333,5.273,5.717,5.721,5.817,5.73,5.692,5.58,5.425,5.615,5.579,5.45,5.6,5.662,5.401,5.138,5.434,5.481,5.243,5.125,4.984,4.838,4.874,5.197,5.026,4.951,5.018,5.2,5.344,5.051,5.111,5.298,5.45,5.571,5.777,5.555,5.388,5.606,5.507,5.744,5.8,5.753,5.609,5.57,5.75,5.796,5.532,5.494,5.665,5.68,5.547,5.678,5.95,6.052,6.109,3.287,3.229,3.129,3.076,3.137,3.088,2.917,2.869,2.826,2.693,2.848,2.974,3.071,3.189,3.091,2.904,2.686,2.77,2.833,2.94,2.979,2.928,2.81,2.608,2.784,2.923,2.966,2.961,2.996,2.955,6.079,6.032,6.29,6.449,6.527,6.596,6.701,6.678,6.78,6.873,7.001,7.043,7.054,6.994,6.769,6.814,6.627,6.869,6.945,6.962,6.87,6.611,6.573,6.422,6.644,6.854,6.876,6.924,6.657,6.75,6.863,6.752,6.708,6.747,6.626,6.415,6.544,6.603,6.628,6.587,6.353,5.962,5.41,5.304,5.672,5.838,5.988,6.073,6.204,5.996,6.128,6.267,6.317,6.405,6.269,6.093,5.679,5.695,5.778,5.797,5.656,6.019,5.909,5.721,5.781,5.744,5.999,6.17,6.271,6.192,5.982,6.287,6.399,6.411,6.349,6.432,6.421,6.094,6.142,6.388,6.526,6.569,6.731,6.562,6.258,6.486,6.614,6.598,6.534,6.661,6.757,6.529
Guntur_174,3.83,3.856,3.929,3.938,3.792,3.814,3.897,3.902,3.824,3.781,3.85,3.852,3.899,3.829,3.718,3.698,3.87,3.853,3.697,3.855,3.883,3.796,3.839,3.932,3.974,3.793,3.915,3.972,4.002,4.029,3.996,3.895,3.708,3.827,3.926,3.926,3.923,3.967,3.83,3.746,3.81,3.828,3.868,4.005,3.998,4.037,3.868,3.963,4.044,4.028,3.94,3.803,3.836,3.735,3.86,3.929,3.972,3.924,3.901,3.856,3.954,4.066,4.111,4.047,3.983,4.007,4.061,3.942,3.913,3.629,3.77,3.999,4.024,3.998,3.844,3.978,4.105,4.088,4.531,4.464,4.306,4.237,4.162,4.331,4.485,4.534,4.516,4.493,4.353,4.239,4.23,4.967,5.076,5.111,5.079,4.882,5.127,5.152,5.126,5.159,5.198,5.101,4.98,5.263,5.167,5.13,4.98,4.944,4.896,4.732,5.027,5.054,4.929,5.008,5.06,5.011,4.913,5.095,5.1,5.109,5.021,4.138,4.148,4.088,4.207,4.191,4.243,4.355,4.35,4.323,4.152,4.085,4.12,4.105,4.072,4.095,4.047,4.06,3.801,3.98,4.099,3.972,3.918,4.021,4.084,3.904,3.997,4.065,4.182,4.17,4.075,3.981,2.896,2.933,2.925,3.004,2.982,3.0,2.944,3.129,3.185,3.226,3.187,3.195,3.102,2.996,3.147,3.145,3.194,3.238,3.171,3.151,3.029,3.202,3.285,3.244,3.244,3.133,3.066,2.973,3.113,3.269,0.0,0.0,0.0,0.0,0.0,0.0,0.0,0.0,0.0,0.0,0.0,0.0,0.0,0.0,0.0,0.0,0.0,0.0,0.0,0.0,0.0,0.0,0.0,0.0,0.0,0.0,0.0,0.0,0.0,0.0,0.0,0.0,0.0,0.0,0.0,0.0,0.0,0.0,0.0,0.0,0.0,0.0,0.0,0.0,0.0,0.0,0.0,0.0,0.0,0.0,0.0,0.0,0.0,0.0,0.0,0.0,0.0,0.0,0.0,0.0,0.0,0.0,4.978,4.995,4.997,5.093,5.133,4.864,4.917,5.053,5.28,5.205,5.137,4.973,4.821,4.875,4.957,5.027,4.932,4.896,5.027,4.806,4.892,4.826,4.741,4.891,4.915,4.696,4.541,4.891,4.995,4.954,4.936,4.905,5.05,4.892,4.984,5.133,5.304,5.377,5.379,5.22,4.932,4.983,5.061,4.844,4.928,4.983,5.094,4.963,5.079,5.084,5.065,4.968,4.843,4.837,4.59,4.682,4.924,5.021,5.134,5.23,5.188,3.415,3.535,3.573,3.561,3.525,3.604,3.552,3.409,3.479,3.467,3.442,3.503,3.439,3.13,3.041,3.064,3.265,3.359,3.416,3.442,3.414,3.357,3.521,3.506,3.41,3.213,3.22,3.283,3.341,3.458,3.854,3.911,3.87,3.908,3.884,3.716,3.79,3.856,3.787,3.847,3.881,3.806,3.704,3.809,3.912,3.916,3.952,4.007,3.94,3.884,3.989,4.087,4.139,4.077,4.071,4.135,3.978,4.097,4.141,4.118,4.119,4.112,3.993,3.854,3.959,3.991,4.006,3.952,4.0,3.922,3.907,4.066,4.088,4.074,4.026,4.034,4.115,4.065,4.108,4.245,4.329,4.404,4.381,4.313,4.162,4.2,4.056,4.163,4.215,4.295,4.286,4.16,3.846,3.893,3.925,3.853,3.867,3.838,3.731,3.772,3.859,3.932,3.95,3.952,3.934,3.841,3.903,3.903,3.889,3.854,3.811,3.812,3.748,3.894,3.958,4.017,4.03,4.057,4.038,3.974,4.69,4.714,4.698,4.681,4.786,4.758,4.573,4.68,4.77,4.82,4.771,4.607,4.523,4.521,4.69,4.724,4.796,4.866,4.852,4.8,4.649,4.698,4.581,4.69,4.765,4.699,4.723,4.546,4.285,4.356,4.559,4.549,4.665,4.702,4.601,4.724,4.722,4.727,4.837,4.79,4.779,4.607,4.756,4.786,4.609,4.629,4.667,4.554,4.522,4.612,4.698,4.548,4.458,4.412,4.482,4.392,4.557,4.626,4.606,4.626,4.598,3.919,3.846,3.869,3.887,3.813,3.856,3.938,3.91,3.826,3.9,3.806,3.681,3.575,3.696,3.668,3.395,3.413,3.335,3.342,3.318,3.364,3.481,3.552,3.633,3.575,3.508,3.522,3.656,3.743,3.53,3.705,3.001,3.231,3.294,3.304,3.226,3.076,3.17,3.119,3.11,3.043,2.942,2.935,2.792,3.044,3.059,3.137,3.157,3.18,3.045,2.891,3.132,3.25,3.428,3.294,3.279,3.189,3.266,3.51,3.628,3.55,3.578,3.455,3.465,3.507,3.707,3.776,3.749,3.678,3.624,3.69,3.442,3.405,3.368,3.323,3.381,3.542,3.574,3.242,2.996,3.0,2.938,3.025,3.186,3.118,3.069,3.169,3.14,2.957,3.015,2.999,2.954,5.39,5.886,6.049,6.148,6.361,6.45,6.661,6.62,6.749,6.759,6.771,6.867,6.925,6.752,6.58,6.187,7.05,6.933,6.75,6.7,6.571,6.29,6.559,6.604,6.635,6.691,6.782,6.722,6.478,6.588,6.546,27.932,28.272,28.115,26.92,26.578,27.437,26.401,25.842,27.495,26.679,25.512,23.701,24.697,25.244,25.88,25.855,26.5,27.776,28.313,28.619,28.039,27.088,27.228,27.483,27.01,26.836,26.446,26.216,26.063,26.998,3.157,3.043,2.969,3.105,3.173,3.236,3.237,3.269,3.222,3.12,3.268,3.302,3.308,3.261,3.159,3.2,3.032,2.96,3.09,3.119,3.1,3.081,3.121,2.932,3.051,3.077,3.07,3.047,3.086,3.055,3.006,3.77,3.77,3.728,3.444,3.336,3.567,3.497,3.686,3.786,3.919,3.812,3.894,3.865,3.802,3.852,3.846,3.89,3.924,3.825,3.827,3.663,3.874,3.933,3.956,3.921,3.891,3.837,3.629,3.697,3.714,3.981,3.869,3.946,3.954,3.87,3.998,4.078,4.067,4.111,4.048,4.012,3.846,4.036,4.169,4.157,4.117,4.096,4.09,3.885,4.164,4.288,4.362,4.406,4.438,4.394,4.263,4.353,4.263,4.16,4.117,4.188,4.186,4.026,4.252,4.369,4.436,4.351,4.333,4.183,3.994,4.128,4.151,4.171,4.254,4.174,4.069,4.067,4.261,4.393,4.396,4.375,4.415,4.179,4.112,4.34,4.366,4.228,4.3,4.361,4.379,4.375,4.455,4.171,4.187,4.026,4.096,4.145,4.086,4.158,4.273,4.196,4.108,4.13,4.12,4.07,4.097,4.125,4.185,4.149,4.17,4.134,4.065,4.169,4.157,4.162,4.279,4.189,4.121,3.967,4.142,4.848,4.749,4.721,4.853,4.931,4.81,4.791,4.826,4.874,4.96,5.025,5.013,4.89,5.0,5.033,5.101,5.082,4.799,4.834,4.928,5.068,5.11,5.138,5.185,5.163,5.128,4.969,5.062,5.11,5.204,5.235,5.905,5.899,5.716,5.919,5.98,5.87,5.963,5.929,5.951,5.763,5.879,5.965,5.977,5.919,5.857,5.942,5.671,5.825,5.927,5.883,5.906,5.919,5.912,5.725,5.925,5.995,6.056,6.016,5.962,5.808,4.758,4.875,4.858,4.973,4.969,5.1,5.069,4.842,4.916,4.84,4.862,4.856,4.81,4.763,4.632,4.82,4.936,5.074,5.025,4.815,4.391,4.081,4.031,4.389,4.716,4.746,4.674,4.634,4.594,4.852,4.922,4.795,4.844,4.838,4.783,4.667,4.795,4.827,4.725,4.68,4.794,4.746,4.608,4.834,4.902,4.771,4.665,4.597,4.486,4.164,4.176,4.212,4.547,4.723,4.668,4.576,4.443,4.701,4.768,4.578,4.262,4.217,4.288,4.18,4.493,4.513,4.507,4.522,4.437,4.251,3.983,4.134,4.144,4.208,4.146,4.156,4.164,3.984,4.286,4.352,4.275,4.013,4.134,4.027,3.743,4.027,4.292,4.341,4.307,4.383,4.24,3.988,3.142,3.222,3.355,3.352,3.235,3.14,2.987,3.06,3.057,3.056,2.88,3.036,3.151,2.938,2.786,2.984,3.156,3.264,3.225,3.184,3.047,3.213,3.293,3.264,3.318,3.427,3.315,3.174,3.404,3.492,3.47,4.376,4.418,4.395,4.137,4.348,4.417,4.435,4.375,4.261,4.154,3.879,3.94,3.957,3.959,3.899,3.705,3.831,3.859,4.076,4.069,4.019,3.852,3.79,3.74,3.753,4.085,4.117,4.103,4.162,4.173,3.964,3.786,4.018,4.139,3.923,3.98,3.961,3.984,3.851,3.973,3.937,4.004,4.008,3.975,3.918,3.782,4.084,4.123,4.13,4.117,4.064,3.957,3.721,3.509,3.436,3.682,3.885,3.964,3.985,3.875,3.915,4.284,4.339,4.301,4.371,4.356,4.265,4.328,4.362,4.363,4.361,4.365,4.234,4.131,4.162,4.272,4.336,4.369,4.407,4.421,4.249,4.405,4.467,4.457,4.455,4.456,4.46,4.362,4.474,4.419,4.424,4.796,4.866,4.874,4.704,4.803,4.914,4.972,4.852,4.816,4.63,4.507,4.745,4.752,4.781,4.87,4.968,5.004,4.893,5.085,5.102,5.062,5.083,5.166,5.133,4.957,5.057,5.153,5.235,5.253,5.193,5.138,4.538,4.661,4.642,4.564,4.621,4.655,4.682,4.64,4.715,4.721,4.764,4.776,4.804,4.633,4.449,4.574,4.667,4.756,4.713,4.772,4.716,4.579,4.613,4.695,4.66,4.355,4.496,4.629,4.511,4.571,4.576,4.75,4.814,4.968,4.954,4.84,4.872,4.956,5.079,5.009,5.017,5.041,4.807,5.036,5.12,5.054,5.043,5.111,5.078,4.945,5.083,5.13,5.113,5.198,5.24,5.137,5.028,5.245,5.19,4.859,4.878,4.978,4.93,4.737,4.833,4.564,4.453,4.622,4.889,4.946,4.821,5.073,5.098,5.085,4.974,4.7,4.446,4.127,4.444,4.616,4.738,4.834,4.861,4.975,4.784,4.967,5.025,5.05,5.026,4.835,4.905,4.841,5.051,5.262,5.281,5.314,5.393,5.272,5.138,5.353,5.459,5.499,5.566,5.511,5.458,5.259,5.398,5.544,5.489,5.419,5.308,5.163,4.744,5.048,5.286,5.291,5.338,5.331,5.13,4.679,4.396,4.566,4.754,4.765,4.915,4.987,4.802,4.999,5.164,5.221,5.301,5.262,5.185,4.912,5.004,5.193,5.327,5.197,5.43,5.372,5.18,5.318,5.354,5.02,4.779,4.578,4.706,4.899,5.135,5.225,5.107,4.661,4.747,4.935,4.575,4.805,4.854,4.956,5.022,4.983,4.794,4.588,4.777,4.753,4.665,4.729,4.856,4.768,4.54,4.688,4.717,4.795,4.824,4.816,4.663,4.273,4.294,4.424,4.378,4.269,4.172,6.443,6.383,6.82,6.859,6.685,6.453,6.559,6.334,6.263,6.79,6.794,6.909,6.806,6.76,6.627,6.443,6.669,6.627,6.473,6.651,6.724,6.414,6.102,6.454,6.509,6.227,6.086,5.92,5.746,5.789,6.172,0.0,0.0,0.0,0.0,0.0,0.0,0.0,0.0,0.0,0.0,0.0,0.0,0.0,0.0,0.0,0.0,0.0,0.0,0.0,0.0,0.0,0.0,0.0,0.0,0.0,0.0,0.0,0.0,0.0,0.0,0.0,3.798,3.731,3.616,3.554,3.625,3.568,3.371,3.315,3.265,3.112,3.291,3.436,3.548,3.685,3.572,3.356,3.104,3.2,3.274,3.397,3.443,3.383,3.247,3.014,3.217,3.378,3.427,3.422,3.462,3.414,4.894,4.856,5.063,5.192,5.254,5.31,5.395,5.376,5.458,5.533,5.636,5.669,5.679,5.631,5.449,5.486,5.335,5.53,5.591,5.605,5.53,5.322,5.291,5.17,5.349,5.517,5.535,5.574,5.359,5.434,5.525,5.72,5.683,5.716,5.614,5.435,5.544,5.594,5.615,5.58,5.382,5.051,4.583,4.494,4.806,4.946,5.073,5.145,5.256,5.08,5.191,5.309,5.351,5.426,5.311,5.162,4.811,4.825,4.895,4.911,4.791,4.2,4.123,3.992,4.033,4.007,4.185,4.305,4.375,4.32,4.174,4.387,4.465,4.473,4.43,4.488,4.48,4.251,4.285,4.457,4.553,4.583,4.696,4.578,4.366,4.525,4.614,4.603,4.558,4.647,4.714,4.555,5.069,5.161,5.294,5.29,5.307,5.17,4.945,5.113,5.108,5.197,5.228,5.305,5.378,5.137,5.183,5.36,5.414,5.418,5.444,5.484,5.366,5.384,5.46,5.427,5.061,4.73,4.883,5.028,4.9,4.964,4.97,4.324,4.383,4.523,4.51,4.407,4.436,4.512,4.624,4.56,4.568,4.589,4.376,4.585,4.661,4.602,4.591,4.653,4.623,4.502,4.627,4.67,4.655,4.732,4.771,4.677,4.578,4.775,4.725,4.173,5.595,5.616,5.732,5.676,5.455,5.565,5.255,5.128,5.322,5.63,5.695,5.551,5.841,5.87,5.855,5.728,5.412,5.119,4.753,5.117,5.315,5.456,5.566,5.597,5.728,5.509,5.719,5.786,5.815,5.787,5.567,4.443,4.385,4.575,4.767,4.783,4.813,4.885,4.776,4.654,4.848,4.945,4.981,5.042,4.992,4.944,4.764,4.889,5.022,4.971,4.908,4.808,4.676,4.297,4.573,4.788,4.793,4.835,4.829,4.647,4.238,4.105,4.263,4.44,4.449,4.59,4.657,4.485,4.668,4.822,4.875,4.95,4.914,4.842,4.587,4.673,4.849,4.975,4.853,5.071,5.016,4.837,4.966,5.0,4.688,4.463,4.275,4.394,4.575,4.795,4.879,4.769,4.661,4.747,4.935,4.575,4.805,4.854,4.956,5.022,4.983,4.794,4.588,4.777,4.753,4.665,4.729,4.856,4.768,4.54,4.688,4.717,4.795,4.824,4.816,4.663,4.273,4.294,4.424,4.378,4.269,4.172,4.356,4.315,4.611,4.637,4.52,4.363,4.434,4.282,4.234,4.591,4.594,4.671,4.601,4.57,4.481,4.356,4.509,4.48,4.376,4.496,4.546,4.337,4.125,4.363,4.401,4.21,4.115,4.002,3.885,3.914,4.173,4.946,4.873,4.939,5.118,5.259,4.971,5.031,5.214,5.364,5.483,5.685,5.467,5.302,5.517,5.42,5.654,5.708,5.662,5.52,5.482,5.659,5.704,5.445,5.407,5.575,5.59,5.459,5.588,5.856,5.957,6.013,3.287,3.229,3.129,3.076,3.137,3.088,2.917,2.869,2.826,2.693,2.848,2.974,3.071,3.189,3.091,2.904,2.686,2.77,2.833,2.94,2.979,2.928,2.81,2.608,2.784,2.923,2.966,2.961,2.996,2.955,4.894,4.856,5.063,5.192,5.254,5.31,5.395,5.376,5.458,5.533,5.636,5.669,5.679,5.631,5.449,5.486,5.335,5.53,5.591,5.605,5.53,5.322,5.291,5.17,5.349,5.517,5.535,5.574,5.359,5.434,5.525,5.72,5.683,5.716,5.614,5.435,5.544,5.594,5.615,5.58,5.382,5.051,4.583,4.494,4.806,4.946,5.073,5.145,5.256,5.08,5.191,5.309,5.351,5.426,5.311,5.162,4.811,4.825,4.895,4.911,4.791,4.2,4.123,3.992,4.033,4.007,4.185,4.305,4.375,4.32,4.174,4.387,4.465,4.473,4.43,4.488,4.48,4.251,4.285,4.457,4.553,4.583,4.696,4.578,4.366,4.525,4.614,4.603,4.558,4.647,4.714,4.555
Guntur_175,4.435,4.466,4.55,4.561,4.392,4.417,4.513,4.519,4.429,4.379,4.459,4.461,4.515,4.435,4.306,4.283,4.482,4.463,4.282,4.464,4.497,4.397,4.446,4.553,4.603,4.392,4.534,4.6,4.635,4.666,4.628,4.972,4.733,4.885,5.011,5.012,5.007,5.063,4.889,4.782,4.864,4.886,4.937,5.112,5.103,5.154,4.938,5.059,5.162,5.141,5.029,4.855,4.896,4.767,4.927,5.015,5.069,5.008,4.979,4.923,5.401,5.555,5.616,5.528,5.441,5.474,5.548,5.385,5.345,4.957,5.15,5.463,5.497,5.461,5.251,5.434,5.607,5.584,6.189,6.098,5.883,5.788,5.685,5.916,6.126,6.194,6.17,6.137,5.946,5.791,5.778,5.786,5.914,5.955,5.917,5.687,5.974,6.003,5.972,6.011,6.056,5.943,5.802,6.132,6.02,5.977,5.802,5.76,5.704,5.512,5.857,5.888,5.743,5.834,5.895,5.838,5.724,5.935,5.942,5.952,5.85,4.758,4.769,4.699,4.837,4.818,4.878,5.007,5.001,4.97,4.773,4.697,4.737,4.719,4.681,4.707,4.652,4.667,4.369,4.575,4.712,4.567,4.505,4.623,4.695,4.489,4.595,4.674,4.807,4.794,4.685,4.576,3.266,3.308,3.299,3.389,3.363,3.384,3.32,3.529,3.593,3.639,3.594,3.604,3.499,3.38,3.55,3.547,3.603,3.652,3.577,3.554,3.416,3.612,3.706,3.659,3.659,3.534,3.458,3.354,3.512,3.687,0.0,0.0,0.0,0.0,0.0,0.0,0.0,0.0,0.0,0.0,0.0,0.0,0.0,0.0,0.0,0.0,0.0,0.0,0.0,0.0,0.0,0.0,0.0,0.0,0.0,0.0,0.0,0.0,0.0,0.0,0.0,0.0,0.0,0.0,0.0,0.0,0.0,0.0,0.0,0.0,0.0,0.0,0.0,0.0,0.0,0.0,0.0,0.0,0.0,0.0,0.0,0.0,0.0,0.0,0.0,0.0,0.0,0.0,0.0,0.0,0.0,0.0,5.94,5.96,5.962,6.078,6.125,5.804,5.867,6.03,6.3,6.211,6.13,5.934,5.753,5.817,5.915,5.998,5.885,5.842,5.999,5.735,5.838,5.759,5.657,5.836,5.865,5.604,5.419,5.836,5.96,5.911,5.153,5.12,5.271,5.107,5.202,5.358,5.537,5.613,5.615,5.449,5.149,5.202,5.283,5.056,5.144,5.201,5.318,5.18,5.302,5.307,5.287,5.186,5.056,5.049,4.791,4.888,5.14,5.241,5.359,5.459,5.416,4.98,5.153,5.209,5.191,5.139,5.255,5.178,4.97,5.072,5.054,5.019,5.107,5.013,4.564,4.434,4.466,4.76,4.897,4.98,5.018,4.978,4.894,5.133,5.112,4.972,4.684,4.695,4.787,4.872,5.042,5.443,5.523,5.465,5.519,5.485,5.248,5.353,5.445,5.348,5.434,5.48,5.376,5.231,5.38,5.525,5.53,5.582,5.659,5.564,5.486,5.633,5.772,5.845,5.758,5.75,5.839,5.618,5.786,5.848,5.816,5.816,4.848,4.707,4.543,4.667,4.704,4.723,4.659,4.715,4.624,4.606,4.794,4.82,4.803,4.746,4.755,4.851,4.792,4.843,5.004,5.104,5.192,5.165,5.085,4.907,4.951,4.781,4.907,4.969,5.063,5.052,4.904,4.397,4.452,4.487,4.405,4.421,4.388,4.266,4.312,4.412,4.496,4.516,4.519,4.498,4.391,4.462,4.462,4.446,4.407,4.357,4.358,4.286,4.452,4.525,4.593,4.608,4.638,4.616,4.543,5.623,5.652,5.633,5.612,5.738,5.706,5.483,5.612,5.719,5.78,5.721,5.524,5.424,5.421,5.624,5.665,5.751,5.835,5.818,5.756,5.574,5.633,5.493,5.624,5.714,5.635,5.663,5.45,5.138,5.223,5.467,5.204,5.337,5.379,5.264,5.405,5.403,5.407,5.533,5.48,5.467,5.271,5.441,5.476,5.273,5.296,5.34,5.21,5.174,5.276,5.375,5.203,5.101,5.048,5.127,5.025,5.214,5.292,5.27,5.292,5.261,6.027,5.914,5.95,5.978,5.863,5.93,6.056,6.013,5.883,5.998,5.852,5.661,5.497,5.683,5.641,5.221,5.248,5.128,5.14,5.103,5.174,5.353,5.463,5.587,5.498,5.395,5.416,5.622,5.755,5.428,5.698,4.304,4.633,4.724,4.738,4.625,4.411,4.545,4.472,4.459,4.363,4.218,4.208,4.003,4.365,4.386,4.498,4.527,4.56,4.366,4.145,4.49,4.66,4.916,4.723,4.702,4.572,4.683,5.033,5.202,5.091,3.578,3.455,3.465,3.507,3.707,3.776,3.749,3.678,3.624,3.69,3.442,3.405,3.368,3.323,3.381,3.542,3.574,3.242,2.996,3.0,2.938,3.025,3.186,3.118,3.069,3.169,3.14,2.957,3.015,2.999,2.954,4.825,5.269,5.415,5.504,5.694,5.774,5.962,5.926,6.041,6.051,6.061,6.147,6.199,6.044,5.891,5.538,6.311,6.206,6.042,5.998,5.882,5.631,5.871,5.911,5.939,5.989,6.071,6.017,5.799,5.898,5.86,0.0,0.0,0.0,0.0,0.0,0.0,0.0,0.0,0.0,0.0,0.0,0.0,0.0,0.0,0.0,0.0,0.0,0.0,0.0,0.0,0.0,0.0,0.0,0.0,0.0,0.0,0.0,0.0,0.0,0.0,3.956,3.813,3.72,3.891,3.975,4.054,4.056,4.096,4.037,3.91,4.095,4.138,4.145,4.087,3.959,4.01,3.8,3.709,3.872,3.909,3.884,3.86,3.911,3.674,3.823,3.856,3.846,3.818,3.868,3.829,3.767,4.56,4.56,4.509,4.165,4.034,4.315,4.23,4.459,4.579,4.74,4.61,4.71,4.675,4.598,4.66,4.652,4.705,4.746,4.626,4.629,4.431,4.686,4.757,4.786,4.743,4.707,4.641,4.39,4.472,4.492,4.874,4.736,4.831,4.841,4.738,4.895,4.992,4.979,5.033,4.956,4.912,4.709,4.941,5.104,5.09,5.04,5.015,5.007,4.756,5.098,5.25,5.341,5.394,5.434,5.379,5.218,5.329,5.219,5.093,5.04,5.127,4.802,4.619,4.879,5.013,5.089,4.992,4.972,4.799,4.583,4.736,4.763,4.786,4.881,4.789,4.668,4.666,4.889,5.041,5.044,5.019,5.065,4.795,4.717,4.979,5.009,4.85,4.933,5.004,5.024,5.019,5.111,7.182,7.21,6.933,7.053,7.138,7.035,7.16,7.358,7.226,7.073,7.112,7.095,7.009,7.054,7.103,7.206,7.144,7.181,7.118,6.999,7.179,7.158,7.167,7.369,7.213,7.096,6.831,7.133,5.4,5.289,5.258,5.405,5.492,5.358,5.337,5.376,5.429,5.525,5.597,5.583,5.447,5.569,5.605,5.682,5.661,5.345,5.384,5.49,5.645,5.691,5.723,5.775,5.751,5.712,5.535,5.638,5.691,5.796,5.831,7.439,7.431,7.2,7.456,7.533,7.394,7.512,7.469,7.497,7.26,7.406,7.514,7.529,7.456,7.379,7.485,7.144,7.338,7.467,7.411,7.44,7.456,7.447,7.212,7.464,7.552,7.629,7.579,7.511,7.317,5.803,5.946,5.925,6.066,6.06,6.221,6.182,5.906,5.996,5.904,5.93,5.923,5.867,5.81,5.65,5.879,6.02,6.189,6.129,5.873,5.356,4.977,4.917,5.353,5.752,5.788,5.701,5.652,5.604,5.917,6.003,4.795,4.844,4.838,4.783,4.667,4.795,4.827,4.725,4.68,4.794,4.746,4.608,4.834,4.902,4.771,4.665,4.597,4.486,4.164,4.176,4.212,4.547,4.723,4.668,4.576,4.443,4.701,4.768,4.578,4.262,4.217,4.288,4.18,4.493,4.513,4.507,4.522,4.437,4.251,3.983,4.134,4.144,4.208,4.146,4.156,4.164,3.984,4.286,4.352,4.275,4.013,4.134,4.027,3.743,4.027,4.292,4.341,4.307,4.383,4.24,3.988,4.77,4.891,5.093,5.089,4.912,4.766,4.534,4.646,4.641,4.639,4.372,4.609,4.784,4.459,4.229,4.529,4.79,4.955,4.896,4.834,4.625,4.877,5.0,4.955,5.037,5.202,5.032,4.818,5.167,5.302,5.267,5.568,5.622,5.593,5.264,5.533,5.62,5.643,5.567,5.422,5.285,4.936,5.014,5.035,5.038,4.961,4.714,4.874,4.91,5.187,5.178,5.114,4.901,4.823,4.759,4.775,5.198,5.239,5.221,5.296,5.309,5.39,5.149,5.464,5.628,5.335,5.412,5.386,5.417,5.237,5.403,5.354,5.445,5.451,5.405,5.327,5.143,5.554,5.607,5.617,5.599,5.527,5.381,5.06,4.772,4.672,5.006,5.283,5.391,5.419,5.269,5.324,5.165,5.231,5.186,5.27,5.252,5.143,5.218,5.259,5.26,5.258,5.263,5.105,4.981,5.019,5.151,5.229,5.268,5.314,5.331,5.124,5.311,5.386,5.374,5.371,5.373,5.378,5.26,5.394,5.328,5.334,5.043,5.117,5.126,4.946,5.051,5.168,5.229,5.102,5.065,4.869,4.739,4.99,4.997,5.028,5.121,5.224,5.263,5.145,5.347,5.365,5.323,5.345,5.433,5.398,5.213,5.318,5.419,5.505,5.525,5.461,5.404,6.074,6.238,6.213,6.109,6.186,6.231,6.267,6.211,6.311,6.32,6.377,6.393,6.43,6.202,5.955,6.123,6.247,6.366,6.309,6.388,6.312,6.129,6.175,6.285,6.237,5.829,6.018,6.196,6.039,6.118,6.125,6.793,6.886,7.106,7.085,6.922,6.968,7.089,7.264,7.164,7.176,7.209,6.875,7.203,7.323,7.229,7.213,7.31,7.262,7.072,7.269,7.337,7.313,7.434,7.495,7.348,7.192,7.502,7.423,6.43,6.454,6.586,6.523,6.268,6.395,6.039,5.892,6.115,6.469,6.545,6.379,6.713,6.745,6.728,6.582,6.219,5.882,5.461,5.88,6.108,6.269,6.396,6.432,6.582,6.331,6.572,6.649,6.683,6.65,6.397,5.866,5.79,6.041,6.293,6.315,6.354,6.449,6.305,6.145,6.401,6.528,6.576,6.657,6.591,6.527,6.29,6.455,6.63,6.564,6.48,6.348,6.174,5.673,6.037,6.321,6.328,6.384,6.375,6.135,5.595,6.176,6.414,6.679,6.694,6.906,7.007,6.747,7.024,7.254,7.335,7.447,7.393,7.285,6.901,7.031,7.295,7.485,7.302,7.629,7.547,7.278,7.471,7.523,7.053,6.714,6.432,6.611,6.883,7.215,7.341,7.176,6.224,6.339,6.589,6.109,6.416,6.481,6.618,6.706,6.653,6.401,6.127,6.379,6.346,6.229,6.314,6.484,6.366,6.062,6.26,6.299,6.402,6.442,6.431,6.226,5.705,5.733,5.907,5.846,5.7,5.571,6.443,6.383,6.82,6.859,6.685,6.453,6.559,6.334,6.263,6.79,6.794,6.909,6.806,6.76,6.627,6.443,6.669,6.627,6.473,6.651,6.724,6.414,6.102,6.454,6.509,6.227,6.086,5.92,5.746,5.789,6.172,6.063,5.973,6.054,6.273,6.447,6.094,6.166,6.391,6.575,6.721,6.969,6.701,6.5,6.763,6.643,6.93,6.997,6.941,6.767,6.72,6.937,6.992,6.674,6.628,6.834,6.852,6.692,6.85,7.179,7.302,7.37,6.589,6.472,6.273,6.166,6.288,6.19,5.847,5.751,5.664,5.398,5.708,5.96,6.155,6.392,6.196,5.822,5.384,5.551,5.68,5.893,5.972,5.869,5.632,5.228,5.58,5.86,5.945,5.936,6.006,5.923,6.015,5.968,6.224,6.381,6.459,6.527,6.631,6.608,6.709,6.801,6.928,6.969,6.98,6.921,6.698,6.743,6.557,6.797,6.872,6.889,6.798,6.542,6.504,6.355,6.574,6.782,6.804,6.851,6.587,6.679,6.791,7.417,7.369,7.412,7.279,7.047,7.188,7.253,7.28,7.235,6.979,6.549,5.943,5.827,6.231,6.413,6.578,6.67,6.814,6.586,6.731,6.884,6.939,7.035,6.887,6.693,6.238,6.256,6.347,6.368,6.212,5.429,5.33,5.16,5.214,5.181,5.411,5.565,5.656,5.585,5.396,5.671,5.772,5.783,5.727,5.802,5.792,5.496,5.54,5.762,5.886,5.925,6.072,5.919,5.645,5.85,5.965,5.951,5.893,6.008,6.095,5.889,5.935,6.042,6.198,6.193,6.213,6.052,5.789,5.986,5.98,6.084,6.121,6.21,6.296,6.014,6.067,6.275,6.339,6.343,6.374,6.42,6.282,6.303,6.392,6.353,5.925,5.537,5.716,5.886,5.736,5.812,5.819,4.833,4.899,5.055,5.04,4.925,4.957,5.043,5.167,5.097,5.105,5.129,4.891,5.124,5.209,5.143,5.131,5.2,5.166,5.031,5.172,5.219,5.202,5.289,5.332,5.227,5.116,5.337,5.28,4.664,7.683,7.712,7.87,7.795,7.491,7.642,7.216,7.041,7.308,7.73,7.821,7.623,8.021,8.061,8.04,7.865,7.431,7.029,6.526,7.027,7.298,7.492,7.643,7.686,7.866,7.565,7.853,7.945,7.985,7.947,7.644,6.392,6.309,6.582,6.857,6.881,6.924,7.027,6.87,6.696,6.975,7.114,7.165,7.253,7.181,7.112,6.853,7.034,7.225,7.152,7.061,6.917,6.728,6.182,6.578,6.887,6.895,6.956,6.947,6.685,6.097,4.541,4.717,4.911,4.922,5.078,5.152,4.961,5.164,5.334,5.394,5.476,5.436,5.357,5.074,5.17,5.364,5.503,5.369,5.61,5.549,5.352,5.494,5.531,5.186,4.937,4.73,4.861,5.061,5.305,5.398,5.276,6.224,6.339,6.589,6.109,6.416,6.481,6.618,6.706,6.653,6.401,6.127,6.379,6.346,6.229,6.314,6.484,6.366,6.062,6.26,6.299,6.402,6.442,6.431,6.226,5.705,5.733,5.907,5.846,5.7,5.571,4.819,4.774,5.101,5.13,5.0,4.827,4.905,4.737,4.684,5.079,5.082,5.167,5.09,5.056,4.957,4.819,4.988,4.956,4.842,4.974,5.029,4.798,4.564,4.827,4.868,4.658,4.552,4.428,4.297,4.33,4.616,4.946,4.873,4.939,5.118,5.259,4.971,5.031,5.214,5.364,5.483,5.685,5.467,5.302,5.517,5.42,5.654,5.708,5.662,5.52,5.482,5.659,5.704,5.445,5.407,5.575,5.59,5.459,5.588,5.856,5.957,6.013,7.257,7.129,6.909,6.791,6.926,6.818,6.44,6.334,6.239,5.945,6.287,6.565,6.779,7.04,6.824,6.412,5.93,6.114,6.256,6.49,6.577,6.465,6.203,5.758,6.146,6.454,6.548,6.538,6.615,6.524,6.015,5.968,6.224,6.381,6.459,6.527,6.631,6.608,6.709,6.801,6.928,6.969,6.98,6.921,6.698,6.743,6.557,6.797,6.872,6.889,6.798,6.542,6.504,6.355,6.574,6.782,6.804,6.851,6.587,6.679,6.791,7.417,7.369,7.412,7.279,7.047,7.188,7.253,7.28,7.235,6.979,6.549,5.943,5.827,6.231,6.413,6.578,6.67,6.814,6.586,6.731,6.884,6.939,7.035,6.887,6.693,6.238,6.256,6.347,6.368,6.212,5.429,5.33,5.16,5.214,5.181,5.411,5.565,5.656,5.585,5.396,5.671,5.772,5.783,5.727,5.802,5.792,5.496,5.54,5.762,5.886,5.925,6.072,5.919,5.645,5.85,5.965,5.951,5.893,6.008,6.095,5.889
Guntur_176,4.934,4.968,5.061,5.074,4.885,4.913,5.02,5.027,4.926,4.871,4.96,4.962,5.023,4.933,4.79,4.764,4.986,4.964,4.763,4.966,5.002,4.891,4.945,5.065,5.12,4.886,5.043,5.117,5.156,5.191,5.148,4.995,4.756,4.908,5.035,5.036,5.031,5.087,4.912,4.805,4.887,4.909,4.96,5.136,5.127,5.178,4.961,5.083,5.187,5.165,5.053,4.878,4.919,4.79,4.951,5.038,5.093,5.032,5.003,4.946,5.475,5.631,5.693,5.603,5.515,5.549,5.624,5.459,5.418,5.025,5.22,5.538,5.572,5.536,5.323,5.509,5.684,5.66,6.274,6.182,5.963,5.867,5.763,5.997,6.21,6.279,6.254,6.221,6.028,5.87,5.857,5.95,6.082,6.124,6.085,5.848,6.143,6.173,6.141,6.181,6.227,6.111,5.966,6.306,6.19,6.146,5.967,5.923,5.865,5.668,6.023,6.055,5.905,5.999,6.062,6.003,5.886,6.104,6.11,6.121,6.016,5.018,5.03,4.957,5.102,5.082,5.145,5.281,5.275,5.243,5.035,4.954,4.996,4.977,4.937,4.965,4.907,4.923,4.609,4.826,4.97,4.817,4.751,4.876,4.952,4.735,4.847,4.93,5.071,5.057,4.942,4.827,4.555,4.612,4.6,4.726,4.689,4.719,4.63,4.922,5.01,5.075,5.012,5.026,4.879,4.713,4.95,4.946,5.024,5.092,4.988,4.956,4.764,5.037,5.167,5.103,5.102,4.928,4.823,4.676,4.897,5.142,0.0,0.0,0.0,0.0,0.0,0.0,0.0,0.0,0.0,0.0,0.0,0.0,0.0,0.0,0.0,0.0,0.0,0.0,0.0,0.0,0.0,0.0,0.0,0.0,0.0,0.0,0.0,0.0,0.0,0.0,0.0,0.0,0.0,0.0,0.0,0.0,0.0,0.0,0.0,0.0,0.0,0.0,0.0,0.0,0.0,0.0,0.0,0.0,0.0,0.0,0.0,0.0,0.0,0.0,0.0,0.0,0.0,0.0,0.0,0.0,0.0,0.0,5.165,5.182,5.184,5.284,5.326,5.046,5.101,5.243,5.478,5.4,5.33,5.159,5.002,5.058,5.143,5.216,5.117,5.079,5.216,4.987,5.076,5.007,4.919,5.075,5.099,4.872,4.711,5.074,5.182,5.14,5.36,5.327,5.484,5.313,5.412,5.574,5.76,5.84,5.842,5.669,5.356,5.412,5.496,5.26,5.351,5.411,5.532,5.389,5.516,5.521,5.5,5.395,5.26,5.252,4.985,5.085,5.347,5.452,5.575,5.679,5.634,5.452,5.642,5.703,5.684,5.626,5.753,5.669,5.441,5.553,5.534,5.495,5.591,5.489,4.997,4.854,4.89,5.211,5.361,5.453,5.494,5.45,5.359,5.62,5.597,5.443,5.129,5.14,5.241,5.334,5.521,5.54,5.621,5.562,5.617,5.582,5.342,5.448,5.542,5.443,5.53,5.578,5.471,5.324,5.475,5.623,5.628,5.681,5.76,5.663,5.583,5.733,5.875,5.949,5.86,5.852,5.943,5.717,5.888,5.951,5.919,5.92,5.884,5.713,5.514,5.665,5.71,5.732,5.655,5.723,5.612,5.591,5.818,5.85,5.829,5.761,5.772,5.887,5.816,5.878,6.074,6.195,6.301,6.269,6.172,5.956,6.009,5.803,5.956,6.031,6.145,6.132,5.952,6.174,6.251,6.3,6.185,6.208,6.162,5.989,6.055,6.196,6.313,6.342,6.345,6.316,6.166,6.265,6.266,6.243,6.187,6.118,6.12,6.017,6.252,6.354,6.449,6.47,6.513,6.482,6.379,6.326,6.358,6.336,6.313,6.455,6.418,6.168,6.312,6.433,6.501,6.435,6.214,6.101,6.098,6.326,6.372,6.469,6.564,6.544,6.475,6.27,6.336,6.178,6.326,6.427,6.338,6.37,6.131,5.78,5.876,6.149,6.303,6.465,6.516,6.376,6.546,6.544,6.55,6.703,6.638,6.622,6.385,6.591,6.633,6.387,6.415,6.468,6.31,6.267,6.391,6.51,6.303,6.178,6.114,6.211,6.087,6.316,6.41,6.383,6.41,6.372,6.54,6.418,6.457,6.488,6.363,6.435,6.572,6.525,6.385,6.509,6.351,6.144,5.966,6.168,6.122,5.666,5.696,5.565,5.578,5.538,5.615,5.809,5.928,6.063,5.966,5.855,5.877,6.101,6.246,5.891,6.184,5.215,5.614,5.724,5.741,5.604,5.345,5.507,5.418,5.403,5.286,5.111,5.098,4.851,5.289,5.314,5.45,5.486,5.525,5.291,5.022,5.441,5.647,5.957,5.722,5.697,5.54,5.674,6.098,6.304,6.169,5.525,5.335,5.35,5.416,5.724,5.831,5.79,5.679,5.595,5.697,5.315,5.258,5.201,5.132,5.22,5.469,5.518,5.006,4.627,4.632,4.536,4.671,4.919,4.814,4.738,4.893,4.849,4.566,4.655,4.631,4.561,8.704,9.505,9.769,9.929,10.272,10.417,10.756,10.691,10.899,10.916,10.935,11.089,11.183,10.905,10.627,9.991,11.385,11.196,10.901,10.82,10.612,10.158,10.592,10.664,10.714,10.805,10.953,10.855,10.462,10.64,10.571,0.0,0.0,0.0,0.0,0.0,0.0,0.0,0.0,0.0,0.0,0.0,0.0,0.0,0.0,0.0,0.0,0.0,0.0,0.0,0.0,0.0,0.0,0.0,0.0,0.0,0.0,0.0,0.0,0.0,0.0,5.714,5.508,5.374,5.621,5.743,5.857,5.86,5.918,5.832,5.648,5.916,5.978,5.988,5.903,5.719,5.793,5.489,5.359,5.593,5.646,5.611,5.577,5.649,5.308,5.523,5.57,5.556,5.516,5.587,5.531,5.442,5.412,5.412,5.352,4.944,4.789,5.122,5.021,5.292,5.435,5.626,5.472,5.59,5.548,5.458,5.531,5.522,5.585,5.634,5.491,5.494,5.259,5.562,5.647,5.68,5.629,5.587,5.509,5.21,5.308,5.332,5.793,5.629,5.741,5.753,5.631,5.818,5.933,5.917,5.981,5.89,5.838,5.597,5.872,6.066,6.049,5.99,5.96,5.951,5.653,6.059,6.24,6.347,6.411,6.458,6.394,6.202,6.333,6.203,6.053,5.99,6.094,5.917,5.691,6.011,6.176,6.27,6.151,6.126,5.913,5.646,5.835,5.868,5.897,6.014,5.9,5.752,5.749,6.024,6.21,6.214,6.184,6.241,5.908,5.812,6.135,6.172,5.976,6.078,6.165,6.19,6.184,6.297,7.59,7.62,7.328,7.454,7.543,7.435,7.567,7.776,7.637,7.475,7.516,7.498,7.407,7.455,7.507,7.615,7.55,7.589,7.523,7.397,7.588,7.565,7.575,7.788,7.623,7.499,7.219,7.538,6.832,6.692,6.653,6.838,6.948,6.779,6.752,6.801,6.868,6.99,7.081,7.064,6.892,7.046,7.092,7.189,7.162,6.763,6.812,6.945,7.142,7.201,7.241,7.307,7.276,7.227,7.003,7.133,7.2,7.333,7.378,7.345,7.337,7.109,7.362,7.438,7.301,7.417,7.375,7.402,7.169,7.313,7.419,7.434,7.362,7.286,7.391,7.053,7.246,7.373,7.318,7.346,7.362,7.353,7.121,7.37,7.457,7.533,7.483,7.416,7.224,6.787,6.954,6.93,7.095,7.088,7.275,7.23,6.907,7.013,6.905,6.936,6.927,6.862,6.795,6.608,6.876,7.041,7.238,7.168,6.869,6.264,5.821,5.751,6.261,6.727,6.769,6.668,6.61,6.554,6.921,7.021,7.556,7.632,7.623,7.537,7.353,7.555,7.606,7.444,7.374,7.554,7.478,7.26,7.617,7.724,7.518,7.35,7.243,7.069,6.562,6.581,6.636,7.164,7.442,7.356,7.21,7.0,7.408,7.512,7.213,6.716,6.645,6.757,6.586,7.08,7.11,7.102,7.125,6.991,6.698,6.275,6.514,6.529,6.63,6.532,6.548,6.561,6.277,6.753,6.857,6.735,6.323,6.514,6.346,5.898,6.346,6.762,6.839,6.786,6.906,6.681,6.284,5.364,5.501,5.728,5.723,5.524,5.36,5.099,5.225,5.219,5.217,4.917,5.183,5.38,5.015,4.756,5.094,5.387,5.573,5.506,5.436,5.202,5.485,5.623,5.572,5.665,5.85,5.659,5.419,5.811,5.962,5.924,6.838,6.903,6.868,6.465,6.795,6.902,6.93,6.836,6.659,6.49,6.061,6.157,6.183,6.187,6.092,5.789,5.986,6.03,6.369,6.359,6.28,6.018,5.923,5.845,5.864,6.384,6.433,6.411,6.503,6.52,5.643,5.39,5.72,5.892,5.585,5.666,5.638,5.671,5.482,5.656,5.605,5.7,5.706,5.659,5.577,5.384,5.814,5.87,5.88,5.861,5.786,5.633,5.297,4.996,4.891,5.241,5.53,5.643,5.672,5.516,5.574,6.318,6.399,6.343,6.446,6.424,6.291,6.383,6.432,6.434,6.431,6.437,6.245,6.092,6.139,6.301,6.396,6.443,6.5,6.521,6.267,6.497,6.588,6.573,6.57,6.572,6.578,6.433,6.598,6.517,6.525,6.615,6.712,6.724,6.488,6.626,6.778,6.859,6.692,6.643,6.386,6.216,6.545,6.555,6.595,6.717,6.852,6.903,6.749,7.014,7.037,6.982,7.011,7.126,7.08,6.838,6.975,7.107,7.22,7.246,7.163,7.087,7.889,8.103,8.07,7.934,8.034,8.093,8.14,8.066,8.196,8.208,8.282,8.304,8.351,8.055,7.734,7.953,8.114,8.268,8.195,8.297,8.198,7.961,8.021,8.163,8.101,7.571,7.816,8.048,7.843,7.946,7.956,8.002,8.111,8.37,8.345,8.154,8.207,8.35,8.556,8.438,8.452,8.491,8.098,8.484,8.625,8.515,8.496,8.61,8.554,8.33,8.562,8.642,8.613,8.757,8.828,8.655,8.471,8.836,8.743,6.838,6.864,7.005,6.937,6.667,6.802,6.423,6.267,6.504,6.88,6.961,6.784,7.139,7.174,7.155,7.0,6.614,6.256,5.808,6.254,6.496,6.668,6.803,6.841,7.0,6.733,6.989,7.071,7.107,7.073,6.803,6.995,6.904,7.203,7.504,7.531,7.577,7.69,7.519,7.327,7.633,7.785,7.842,7.938,7.859,7.784,7.5,7.697,7.906,7.827,7.727,7.57,7.362,6.765,7.199,7.537,7.545,7.612,7.602,7.316,6.672,6.706,6.964,7.252,7.268,7.498,7.607,7.326,7.626,7.876,7.964,8.085,8.027,7.91,7.492,7.634,7.921,8.126,7.928,8.283,8.194,7.902,8.112,8.168,7.658,7.29,6.984,7.178,7.474,7.833,7.97,7.791,7.181,7.313,7.602,7.048,7.402,7.477,7.635,7.737,7.676,7.385,7.068,7.359,7.321,7.187,7.284,7.481,7.345,6.994,7.222,7.266,7.386,7.432,7.419,7.183,6.582,6.614,6.815,6.745,6.576,6.427,6.665,6.603,7.055,7.095,6.916,6.676,6.784,6.552,6.479,7.024,7.028,7.147,7.04,6.993,6.856,6.665,6.899,6.855,6.696,6.88,6.956,6.635,6.312,6.676,6.733,6.442,6.296,6.124,5.944,5.988,6.385,11.023,10.859,11.005,11.404,11.72,11.078,11.21,11.619,11.953,12.218,12.669,12.182,11.816,12.295,12.077,12.598,12.72,12.618,12.301,12.217,12.611,12.711,12.133,12.049,12.424,12.456,12.166,12.453,13.05,13.274,13.399,6.345,6.232,6.04,5.937,6.055,5.96,5.63,5.538,5.454,5.198,5.497,5.739,5.927,6.155,5.966,5.606,5.185,5.346,5.469,5.674,5.75,5.652,5.423,5.034,5.373,5.643,5.725,5.716,5.783,5.703,6.614,6.563,6.844,7.017,7.102,7.177,7.291,7.266,7.377,7.479,7.617,7.663,7.675,7.61,7.365,7.414,7.21,7.474,7.556,7.575,7.474,7.194,7.151,6.988,7.229,7.457,7.481,7.534,7.243,7.345,7.467,7.493,7.444,7.488,7.354,7.119,7.262,7.328,7.355,7.31,7.051,6.616,6.004,5.887,6.295,6.479,6.645,6.739,6.884,6.654,6.8,6.954,7.01,7.107,6.957,6.761,6.302,6.32,6.413,6.434,6.276,6.213,6.099,5.905,5.966,5.928,6.191,6.368,6.472,6.391,6.175,6.489,6.605,6.617,6.553,6.639,6.627,6.289,6.339,6.593,6.736,6.78,6.948,6.773,6.459,6.694,6.826,6.81,6.743,6.875,6.974,6.739,6.689,6.81,6.986,6.98,7.003,6.822,6.525,6.747,6.74,6.858,6.899,7.0,7.097,6.779,6.839,7.073,7.145,7.15,7.184,7.237,7.081,7.105,7.205,7.161,6.679,6.242,6.443,6.634,6.466,6.551,6.559,7.478,7.579,7.822,7.799,7.62,7.67,7.803,7.995,7.886,7.899,7.935,7.568,7.928,8.06,7.957,7.939,8.047,7.994,7.784,8.002,8.076,8.049,8.183,8.25,8.088,7.916,8.258,8.17,7.217,7.39,7.417,7.569,7.497,7.204,7.35,6.94,6.772,7.028,7.435,7.522,7.331,7.715,7.752,7.732,7.564,7.147,6.76,6.277,6.758,7.019,7.205,7.351,7.392,7.565,7.276,7.553,7.641,7.68,7.643,7.352,6.647,6.561,6.846,7.132,7.157,7.201,7.308,7.145,6.964,7.254,7.398,7.452,7.543,7.468,7.397,7.127,7.315,7.514,7.438,7.344,7.194,6.997,6.429,6.842,7.163,7.171,7.234,7.225,6.953,6.341,6.147,6.384,6.648,6.663,6.873,6.973,6.715,6.99,7.22,7.3,7.412,7.358,7.25,6.868,6.997,7.26,7.449,7.267,7.593,7.511,7.244,7.435,7.487,7.019,6.683,6.402,6.58,6.851,7.181,7.306,7.141,7.181,7.313,7.602,7.048,7.402,7.477,7.635,7.737,7.676,7.385,7.068,7.359,7.321,7.187,7.284,7.481,7.345,6.994,7.222,7.266,7.386,7.432,7.419,7.183,6.582,6.614,6.815,6.745,6.576,6.427,6.523,6.462,6.904,6.944,6.768,6.533,6.639,6.412,6.34,6.874,6.878,6.994,6.89,6.844,6.709,6.523,6.752,6.708,6.553,6.733,6.807,6.493,6.177,6.533,6.589,6.304,6.161,5.993,5.817,5.86,6.248,5.386,5.306,5.377,5.572,5.726,5.413,5.477,5.677,5.84,5.97,6.19,5.952,5.773,6.007,5.901,6.156,6.215,6.165,6.01,5.969,6.162,6.21,5.928,5.887,6.07,6.086,5.944,6.084,6.376,6.486,6.547,7.257,7.129,6.909,6.791,6.926,6.818,6.44,6.334,6.239,5.945,6.287,6.565,6.779,7.04,6.824,6.412,5.93,6.114,6.256,6.49,6.577,6.465,6.203,5.758,6.146,6.454,6.548,6.538,6.615,6.524,6.614,6.563,6.844,7.017,7.102,7.177,7.291,7.266,7.377,7.479,7.617,7.663,7.675,7.61,7.365,7.414,7.21,7.474,7.556,7.575,7.474,7.194,7.151,6.988,7.229,7.457,7.481,7.534,7.243,7.345,7.467,7.493,7.444,7.488,7.354,7.119,7.262,7.328,7.355,7.31,7.051,6.616,6.004,5.887,6.295,6.479,6.645,6.739,6.884,6.654,6.8,6.954,7.01,7.107,6.957,6.761,6.302,6.32,6.413,6.434,6.276,6.213,6.099,5.905,5.966,5.928,6.191,6.368,6.472,6.391,6.175,6.489,6.605,6.617,6.553,6.639,6.627,6.289,6.339,6.593,6.736,6.78,6.948,6.773,6.459,6.694,6.826,6.81,6.743,6.875,6.974,6.739
Guntur_177,6.227,6.27,6.388,6.404,6.166,6.201,6.336,6.345,6.218,6.148,6.261,6.263,6.339,6.227,6.046,6.013,6.293,6.266,6.012,6.268,6.314,6.173,6.242,6.393,6.462,6.167,6.365,6.458,6.508,6.551,6.498,6.154,5.859,6.047,6.203,6.204,6.199,6.268,6.052,5.919,6.021,6.049,6.111,6.328,6.317,6.379,6.112,6.262,6.39,6.364,6.225,6.009,6.06,5.901,6.099,6.207,6.275,6.2,6.163,6.093,7.205,7.41,7.492,7.374,7.258,7.303,7.402,7.185,7.131,6.613,6.871,7.289,7.333,7.286,7.006,7.25,7.481,7.449,8.257,8.136,7.848,7.722,7.585,7.893,8.173,8.264,8.231,8.188,7.933,7.725,7.708,6.466,6.609,6.655,6.613,6.356,6.676,6.708,6.674,6.717,6.768,6.642,6.484,6.853,6.727,6.679,6.484,6.437,6.374,6.16,6.546,6.58,6.418,6.52,6.588,6.524,6.397,6.633,6.64,6.652,6.538,6.631,6.647,6.55,6.742,6.716,6.798,6.979,6.971,6.928,6.653,6.546,6.602,6.577,6.524,6.561,6.485,6.506,6.09,6.377,6.568,6.365,6.279,6.443,6.544,6.256,6.405,6.514,6.701,6.682,6.53,6.378,8.676,8.786,8.762,9.002,8.933,8.989,8.819,9.375,9.543,9.666,9.548,9.574,9.295,8.977,9.43,9.421,9.569,9.7,9.501,9.44,9.075,9.595,9.843,9.72,9.718,9.387,9.186,8.908,9.328,9.794,0.0,0.0,0.0,0.0,0.0,0.0,0.0,0.0,0.0,0.0,0.0,0.0,0.0,0.0,0.0,0.0,0.0,0.0,0.0,0.0,0.0,0.0,0.0,0.0,0.0,0.0,0.0,0.0,0.0,0.0,0.0,0.0,0.0,0.0,0.0,0.0,0.0,0.0,0.0,0.0,0.0,0.0,0.0,0.0,0.0,0.0,0.0,0.0,0.0,0.0,0.0,0.0,0.0,0.0,0.0,0.0,0.0,0.0,0.0,0.0,0.0,0.0,5.93,5.951,5.953,6.068,6.115,5.795,5.857,6.02,6.29,6.201,6.12,5.924,5.744,5.807,5.906,5.989,5.876,5.832,5.99,5.726,5.829,5.75,5.648,5.827,5.856,5.595,5.41,5.827,5.951,5.902,7.612,7.564,7.787,7.544,7.686,7.916,8.179,8.293,8.295,8.05,7.606,7.685,7.804,7.47,7.599,7.684,7.856,7.653,7.833,7.841,7.81,7.661,7.469,7.458,7.078,7.221,7.593,7.742,7.916,8.065,8.001,6.027,6.237,6.304,6.283,6.219,6.359,6.267,6.015,6.138,6.117,6.074,6.18,6.068,5.523,5.366,5.406,5.76,5.926,6.027,6.073,6.025,5.923,6.212,6.187,6.017,5.669,5.682,5.793,5.896,6.102,5.969,6.057,5.994,6.052,6.015,5.756,5.87,5.971,5.864,5.959,6.01,5.895,5.737,5.9,6.059,6.065,6.121,6.206,6.102,6.016,6.177,6.33,6.41,6.315,6.306,6.404,6.161,6.345,6.413,6.378,6.379,7.719,7.495,7.234,7.432,7.491,7.52,7.419,7.508,7.362,7.335,7.633,7.675,7.647,7.558,7.572,7.724,7.631,7.712,7.969,8.127,8.267,8.224,8.097,7.813,7.884,7.613,7.814,7.912,8.062,8.045,7.809,6.855,6.94,6.995,6.867,6.892,6.841,6.65,6.723,6.879,7.009,7.041,7.045,7.012,6.846,6.956,6.957,6.932,6.87,6.793,6.795,6.681,6.941,7.055,7.16,7.184,7.231,7.197,7.083,5.522,5.55,5.532,5.511,5.635,5.603,5.384,5.511,5.616,5.676,5.618,5.424,5.326,5.323,5.522,5.563,5.647,5.73,5.713,5.652,5.473,5.531,5.394,5.522,5.611,5.533,5.561,5.352,5.046,5.129,5.368,4.745,4.866,4.904,4.799,4.927,4.926,4.93,5.045,4.996,4.985,4.806,4.961,4.992,4.807,4.828,4.868,4.75,4.717,4.81,4.9,4.744,4.65,4.602,4.675,4.581,4.754,4.825,4.805,4.825,4.796,5.006,4.912,4.942,4.966,4.87,4.925,5.03,4.994,4.887,4.982,4.861,4.702,4.566,4.721,4.686,4.336,4.359,4.259,4.269,4.238,4.297,4.446,4.537,4.64,4.566,4.481,4.498,4.67,4.781,4.509,4.733,3.342,3.598,3.669,3.68,3.592,3.426,3.53,3.473,3.463,3.388,3.276,3.268,3.109,3.39,3.406,3.493,3.516,3.541,3.391,3.219,3.487,3.619,3.818,3.668,3.652,3.551,3.637,3.908,4.04,3.954,4.702,4.54,4.553,4.608,4.871,4.962,4.927,4.833,4.761,4.848,4.523,4.474,4.426,4.367,4.442,4.654,4.696,4.26,3.937,3.942,3.86,3.975,4.186,4.097,4.032,4.164,4.127,3.886,3.961,3.941,3.881,6.552,7.156,7.354,7.474,7.733,7.842,8.098,8.048,8.205,8.218,8.232,8.348,8.419,8.209,8.0,7.522,8.571,8.428,8.206,8.146,7.989,7.647,7.974,8.028,8.066,8.134,8.245,8.172,7.876,8.01,7.958,39.933,40.417,40.193,38.485,37.996,39.224,37.743,36.944,39.307,38.141,36.473,33.884,35.308,36.09,36.998,36.963,37.885,39.709,40.476,40.915,40.084,38.726,38.925,39.29,38.614,38.365,37.807,37.478,37.26,38.597,4.594,4.428,4.32,4.519,4.617,4.708,4.71,4.757,4.689,4.54,4.756,4.805,4.814,4.746,4.598,4.657,4.412,4.308,4.496,4.539,4.511,4.483,4.541,4.267,4.44,4.478,4.467,4.434,4.491,4.446,4.375,5.052,5.052,4.996,4.615,4.47,4.781,4.687,4.94,5.073,5.252,5.108,5.218,5.179,5.094,5.163,5.154,5.213,5.258,5.125,5.128,4.909,5.192,5.271,5.302,5.254,5.215,5.142,4.863,4.954,4.977,4.412,4.287,4.373,4.382,4.289,4.431,4.519,4.507,4.556,4.486,4.447,4.263,4.472,4.62,4.607,4.563,4.539,4.532,4.306,4.615,4.752,4.835,4.883,4.919,4.87,4.724,4.824,4.724,4.61,4.562,4.641,4.097,3.94,4.162,4.276,4.341,4.259,4.241,4.094,3.909,4.04,4.063,4.083,4.164,4.085,3.982,3.981,4.171,4.3,4.303,4.282,4.321,4.09,4.024,4.248,4.273,4.138,4.208,4.269,4.286,4.282,4.36,4.833,4.852,4.666,4.746,4.803,4.735,4.818,4.952,4.863,4.76,4.786,4.775,4.717,4.748,4.78,4.849,4.808,4.832,4.79,4.71,4.832,4.817,4.824,4.959,4.854,4.776,4.597,4.8,5.637,5.522,5.489,5.643,5.734,5.593,5.571,5.612,5.667,5.768,5.843,5.829,5.687,5.814,5.852,5.932,5.909,5.581,5.621,5.731,5.893,5.942,5.975,6.029,6.004,5.963,5.779,5.886,5.941,6.051,6.088,6.425,6.418,6.219,6.44,6.506,6.386,6.488,6.451,6.475,6.271,6.396,6.49,6.503,6.44,6.373,6.465,6.17,6.338,6.449,6.401,6.425,6.44,6.432,6.229,6.446,6.523,6.589,6.546,6.487,6.319,4.55,4.662,4.646,4.756,4.752,4.878,4.848,4.631,4.702,4.629,4.65,4.644,4.6,4.556,4.43,4.61,4.72,4.852,4.806,4.605,4.2,3.903,3.855,4.197,4.51,4.539,4.47,4.432,4.394,4.64,4.707,4.369,4.414,4.408,4.359,4.252,4.369,4.398,4.305,4.264,4.368,4.324,4.199,4.405,4.467,4.347,4.25,4.189,4.088,3.795,3.806,3.838,4.143,4.304,4.254,4.169,4.048,4.284,4.344,4.171,3.884,3.842,3.908,3.808,4.094,4.112,4.107,4.12,4.043,3.874,3.629,3.767,3.776,3.834,3.777,3.787,3.794,3.63,3.905,3.965,3.895,3.656,3.767,3.67,3.411,3.67,3.91,3.955,3.924,3.994,3.864,3.634,4.005,4.107,4.277,4.273,4.125,4.003,3.808,3.901,3.897,3.895,3.671,3.87,4.017,3.745,3.551,3.804,4.023,4.161,4.111,4.059,3.884,4.096,4.198,4.161,4.23,4.368,4.226,4.046,4.339,4.452,4.423,5.059,5.108,5.081,4.783,5.027,5.107,5.127,5.058,4.926,4.802,4.484,4.556,4.575,4.577,4.508,4.283,4.429,4.461,4.713,4.704,4.646,4.453,4.382,4.324,4.339,4.723,4.76,4.743,4.811,4.824,5.22,4.986,5.291,5.45,5.167,5.241,5.216,5.246,5.071,5.232,5.185,5.273,5.279,5.234,5.159,4.981,5.378,5.43,5.439,5.422,5.352,5.21,4.9,4.621,4.524,4.848,5.116,5.221,5.247,5.103,5.156,4.894,4.957,4.914,4.993,4.976,4.873,4.944,4.983,4.984,4.982,4.987,4.837,4.719,4.755,4.881,4.954,4.991,5.035,5.051,4.855,5.032,5.103,5.092,5.089,5.091,5.096,4.983,5.111,5.048,5.054,4.72,4.79,4.798,4.63,4.728,4.837,4.894,4.775,4.74,4.557,4.436,4.67,4.677,4.706,4.793,4.89,4.926,4.816,5.005,5.021,4.982,5.003,5.085,5.052,4.879,4.978,5.072,5.152,5.171,5.112,5.058,4.443,4.563,4.545,4.468,4.524,4.558,4.584,4.543,4.616,4.623,4.664,4.676,4.703,4.536,4.356,4.479,4.569,4.656,4.615,4.672,4.617,4.483,4.517,4.597,4.562,4.264,4.402,4.532,4.417,4.475,4.48,4.555,4.617,4.764,4.751,4.641,4.672,4.753,4.87,4.804,4.811,4.834,4.61,4.829,4.91,4.847,4.836,4.901,4.869,4.742,4.874,4.919,4.903,4.985,5.025,4.927,4.822,5.03,4.977,5.162,5.182,5.288,5.237,5.033,5.134,4.848,4.731,4.91,5.194,5.255,5.121,5.389,5.416,5.401,5.284,4.993,4.723,4.385,4.721,4.904,5.033,5.135,5.164,5.285,5.083,5.276,5.338,5.365,5.339,5.136,5.261,5.193,5.418,5.645,5.664,5.699,5.784,5.655,5.511,5.741,5.855,5.898,5.97,5.911,5.854,5.641,5.79,5.947,5.887,5.812,5.694,5.538,5.089,5.415,5.669,5.675,5.725,5.718,5.503,5.019,4.689,4.87,5.072,5.083,5.244,5.32,5.123,5.333,5.508,5.569,5.654,5.614,5.532,5.24,5.339,5.539,5.683,5.544,5.793,5.73,5.526,5.673,5.712,5.355,5.098,4.884,5.02,5.226,5.478,5.574,5.448,4.735,4.823,5.013,4.648,4.882,4.931,5.035,5.102,5.062,4.87,4.661,4.853,4.828,4.739,4.804,4.933,4.844,4.612,4.763,4.792,4.871,4.901,4.893,4.737,4.34,4.362,4.494,4.448,4.336,4.239,5.163,5.115,5.466,5.497,5.358,5.172,5.256,5.076,5.019,5.442,5.445,5.537,5.454,5.417,5.311,5.164,5.345,5.31,5.188,5.33,5.389,5.14,4.89,5.172,5.216,4.991,4.878,4.744,4.605,4.639,4.946,6.542,6.445,6.531,6.768,6.955,6.575,6.653,6.896,7.094,7.251,7.519,7.23,7.013,7.297,7.167,7.477,7.549,7.489,7.3,7.251,7.485,7.544,7.201,7.151,7.373,7.393,7.22,7.39,7.745,7.878,7.952,4.598,4.517,4.377,4.303,4.388,4.32,4.08,4.013,3.953,3.767,3.984,4.16,4.295,4.461,4.324,4.063,3.757,3.874,3.964,4.112,4.168,4.096,3.931,3.648,3.894,4.089,4.149,4.143,4.191,4.133,4.983,4.944,5.156,5.286,5.35,5.407,5.493,5.474,5.558,5.634,5.739,5.773,5.782,5.733,5.548,5.586,5.432,5.631,5.693,5.707,5.631,5.419,5.388,5.265,5.446,5.618,5.636,5.676,5.457,5.533,5.625,5.595,5.559,5.592,5.491,5.316,5.423,5.472,5.493,5.459,5.265,4.94,4.484,4.396,4.701,4.838,4.963,5.032,5.141,4.969,5.078,5.193,5.235,5.308,5.196,5.049,4.706,4.72,4.789,4.804,4.687,4.135,4.06,3.93,3.971,3.946,4.121,4.239,4.308,4.254,4.11,4.319,4.396,4.405,4.362,4.419,4.411,4.186,4.219,4.388,4.483,4.513,4.624,4.508,4.299,4.456,4.543,4.533,4.488,4.576,4.642,4.485,4.86,4.948,5.076,5.072,5.088,4.956,4.741,4.902,4.897,4.983,5.013,5.086,5.156,4.925,4.969,5.139,5.191,5.195,5.22,5.258,5.145,5.162,5.235,5.203,4.852,4.535,4.681,4.82,4.698,4.76,4.765,4.658,4.722,4.873,4.858,4.747,4.778,4.861,4.981,4.912,4.92,4.943,4.714,4.939,5.021,4.957,4.946,5.013,4.98,4.849,4.985,5.031,5.014,5.098,5.139,5.038,4.931,5.144,5.09,4.496,5.733,5.754,5.872,5.816,5.589,5.702,5.384,5.254,5.453,5.768,5.835,5.687,5.985,6.014,5.999,5.868,5.545,5.245,4.869,5.243,5.446,5.59,5.703,5.735,5.869,5.645,5.859,5.928,5.958,5.929,5.704,5.329,5.26,5.488,5.718,5.738,5.773,5.859,5.728,5.583,5.815,5.931,5.974,6.048,5.988,5.93,5.714,5.865,6.024,5.963,5.887,5.767,5.609,5.154,5.485,5.743,5.749,5.8,5.792,5.574,5.083,4.676,4.856,5.057,5.068,5.229,5.305,5.108,5.318,5.492,5.554,5.638,5.598,5.516,5.225,5.323,5.523,5.667,5.528,5.776,5.714,5.51,5.656,5.695,5.34,5.084,4.87,5.006,5.211,5.463,5.558,5.433,4.735,4.823,5.013,4.648,4.882,4.931,5.035,5.102,5.062,4.87,4.661,4.853,4.828,4.739,4.804,4.933,4.844,4.612,4.763,4.792,4.871,4.901,4.893,4.737,4.34,4.362,4.494,4.448,4.336,4.239,4.962,4.916,5.252,5.282,5.149,4.97,5.051,4.878,4.823,5.229,5.233,5.321,5.241,5.206,5.104,4.962,5.136,5.103,4.985,5.122,5.179,4.94,4.699,4.97,5.013,4.796,4.687,4.559,4.425,4.458,4.753,2.195,2.163,2.192,2.272,2.334,2.207,2.233,2.314,2.381,2.434,2.523,2.426,2.353,2.449,2.405,2.509,2.534,2.513,2.45,2.433,2.512,2.532,2.417,2.4,2.475,2.481,2.423,2.48,2.599,2.644,2.669,2.815,2.765,2.68,2.634,2.686,2.644,2.498,2.457,2.42,2.306,2.439,2.546,2.629,2.731,2.647,2.487,2.3,2.372,2.426,2.517,2.551,2.507,2.406,2.233,2.384,2.503,2.54,2.536,2.566,2.53,4.983,4.944,5.156,5.286,5.35,5.407,5.493,5.474,5.558,5.634,5.739,5.773,5.782,5.733,5.548,5.586,5.432,5.631,5.693,5.707,5.631,5.419,5.388,5.265,5.446,5.618,5.636,5.676,5.457,5.533,5.625,5.595,5.559,5.592,5.491,5.316,5.423,5.472,5.493,5.459,5.265,4.94,4.484,4.396,4.701,4.838,4.963,5.032,5.141,4.969,5.078,5.193,5.235,5.308,5.196,5.049,4.706,4.72,4.789,4.804,4.687,4.135,4.06,3.93,3.971,3.946,4.121,4.239,4.308,4.254,4.11,4.319,4.396,4.405,4.362,4.419,4.411,4.186,4.219,4.388,4.483,4.513,4.624,4.508,4.299,4.456,4.543,4.533,4.488,4.576,4.642,4.485
Guntur_178,5.426,5.463,5.566,5.58,5.373,5.403,5.521,5.528,5.418,5.357,5.455,5.457,5.524,5.426,5.268,5.239,5.484,5.459,5.238,5.461,5.501,5.378,5.439,5.57,5.631,5.373,5.546,5.627,5.67,5.708,5.662,6.325,6.022,6.214,6.375,6.376,6.37,6.442,6.22,6.083,6.188,6.216,6.281,6.503,6.492,6.556,6.282,6.436,6.567,6.54,6.398,6.176,6.229,6.065,6.268,6.38,6.449,6.372,6.334,6.262,6.165,6.34,6.41,6.309,6.21,6.248,6.333,6.147,6.101,5.658,5.878,6.236,6.274,6.234,5.994,6.203,6.4,6.373,7.064,6.961,6.714,6.606,6.489,6.753,6.993,7.07,7.042,7.005,6.787,6.609,6.595,6.86,7.012,7.06,7.015,6.743,7.082,7.116,7.08,7.126,7.179,7.046,6.878,7.27,7.137,7.086,6.879,6.828,6.762,6.535,6.944,6.98,6.808,6.917,6.989,6.921,6.786,7.037,7.044,7.057,6.935,6.094,6.108,6.019,6.195,6.172,6.247,6.413,6.406,6.366,6.113,6.016,6.067,6.044,5.995,6.029,5.959,5.978,5.596,5.86,6.036,5.849,5.77,5.921,6.014,5.749,5.886,5.986,6.157,6.14,6.0,5.861,6.065,6.142,6.125,6.293,6.245,6.284,6.165,6.554,6.671,6.758,6.675,6.693,6.498,6.276,6.592,6.586,6.69,6.781,6.642,6.599,6.344,6.708,6.881,6.795,6.794,6.562,6.422,6.227,6.521,6.847,0.0,0.0,0.0,0.0,0.0,0.0,0.0,0.0,0.0,0.0,0.0,0.0,0.0,0.0,0.0,0.0,0.0,0.0,0.0,0.0,0.0,0.0,0.0,0.0,0.0,0.0,0.0,0.0,0.0,0.0,0.0,0.0,0.0,0.0,0.0,0.0,0.0,0.0,0.0,0.0,0.0,0.0,0.0,0.0,0.0,0.0,0.0,0.0,0.0,0.0,0.0,0.0,0.0,0.0,0.0,0.0,0.0,0.0,0.0,0.0,0.0,0.0,5.93,5.951,5.953,6.068,6.115,5.795,5.857,6.02,6.29,6.201,6.12,5.924,5.744,5.807,5.906,5.989,5.876,5.832,5.99,5.726,5.829,5.75,5.648,5.827,5.856,5.595,5.41,5.827,5.951,5.902,6.625,6.583,6.777,6.566,6.689,6.889,7.118,7.217,7.219,7.006,6.62,6.688,6.792,6.501,6.614,6.688,6.837,6.66,6.817,6.824,6.798,6.668,6.5,6.491,6.16,6.284,6.609,6.738,6.89,7.019,6.963,4.877,5.048,5.102,5.085,5.033,5.147,5.072,4.868,4.968,4.951,4.916,5.002,4.911,4.47,4.343,4.375,4.662,4.796,4.878,4.915,4.876,4.794,5.027,5.007,4.87,4.588,4.599,4.689,4.772,4.939,6.151,6.242,6.177,6.237,6.199,5.932,6.05,6.154,6.044,6.141,6.194,6.075,5.912,6.08,6.244,6.25,6.308,6.396,6.288,6.2,6.366,6.524,6.606,6.508,6.498,6.599,6.349,6.539,6.609,6.573,6.574,6.325,6.141,5.928,6.09,6.138,6.162,6.079,6.152,6.033,6.01,6.254,6.288,6.266,6.193,6.204,6.329,6.252,6.319,6.529,6.659,6.774,6.739,6.635,6.402,6.46,6.238,6.403,6.483,6.606,6.592,6.399,6.343,6.421,6.472,6.354,6.377,6.33,6.153,6.22,6.365,6.485,6.515,6.518,6.488,6.335,6.436,6.437,6.414,6.356,6.285,6.287,6.182,6.423,6.528,6.625,6.647,6.69,6.659,6.553,5.783,5.812,5.793,5.771,5.901,5.867,5.638,5.771,5.881,5.944,5.883,5.68,5.577,5.574,5.783,5.825,5.914,6.0,5.982,5.919,5.732,5.792,5.648,5.783,5.876,5.794,5.823,5.605,5.284,5.371,5.622,6.002,6.156,6.204,6.072,6.234,6.231,6.237,6.382,6.321,6.306,6.079,6.276,6.316,6.082,6.108,6.159,6.009,5.967,6.085,6.199,6.002,5.883,5.822,5.914,5.796,6.014,6.104,6.078,6.104,6.068,4.894,4.802,4.831,4.854,4.761,4.815,4.918,4.882,4.777,4.871,4.752,4.597,4.464,4.615,4.581,4.239,4.262,4.164,4.174,4.143,4.201,4.346,4.436,4.537,4.464,4.381,4.398,4.565,4.674,4.408,4.627,5.662,6.096,6.214,6.233,6.085,5.803,5.979,5.883,5.866,5.74,5.55,5.536,5.267,5.742,5.77,5.917,5.956,5.999,5.744,5.453,5.907,6.131,6.467,6.213,6.186,6.015,6.161,6.621,6.844,6.698,4.448,4.294,4.307,4.36,4.608,4.694,4.661,4.572,4.504,4.586,4.279,4.233,4.187,4.131,4.202,4.403,4.442,4.03,3.724,3.729,3.652,3.76,3.96,3.875,3.814,3.939,3.904,3.676,3.747,3.728,3.671,8.019,8.758,9.0,9.148,9.464,9.597,9.91,9.85,10.041,10.057,10.075,10.217,10.304,10.047,9.791,9.206,10.49,10.315,10.043,9.969,9.777,9.359,9.759,9.826,9.872,9.956,10.091,10.001,9.639,9.803,9.74,39.933,40.417,40.193,38.485,37.996,39.224,37.743,36.944,39.307,38.141,36.473,33.884,35.308,36.09,36.998,36.963,37.885,39.709,40.476,40.915,40.084,38.726,38.925,39.29,38.614,38.365,37.807,37.478,37.26,38.597,5.043,4.861,4.743,4.961,5.068,5.169,5.171,5.223,5.147,4.984,5.221,5.276,5.285,5.21,5.047,5.112,4.844,4.729,4.936,4.983,4.952,4.921,4.986,4.684,4.874,4.916,4.904,4.868,4.931,4.881,4.803,5.599,5.599,5.537,5.115,4.954,5.299,5.194,5.475,5.623,5.821,5.661,5.783,5.74,5.646,5.722,5.713,5.778,5.828,5.681,5.684,5.441,5.754,5.842,5.877,5.824,5.78,5.699,5.39,5.491,5.517,5.237,5.089,5.191,5.201,5.091,5.26,5.365,5.35,5.408,5.325,5.278,5.06,5.309,5.485,5.469,5.416,5.388,5.38,5.111,5.478,5.641,5.739,5.796,5.839,5.781,5.607,5.726,5.608,5.472,5.416,5.509,5.318,5.115,5.403,5.551,5.636,5.528,5.506,5.314,5.075,5.244,5.274,5.3,5.405,5.303,5.17,5.167,5.414,5.582,5.586,5.559,5.609,5.31,5.224,5.514,5.547,5.371,5.463,5.541,5.564,5.558,5.66,5.377,5.399,5.192,5.281,5.344,5.268,5.361,5.509,5.411,5.296,5.325,5.312,5.248,5.282,5.318,5.395,5.349,5.377,5.33,5.241,5.376,5.36,5.367,5.518,5.401,5.313,5.115,5.341,6.147,6.021,5.986,6.153,6.252,6.099,6.075,6.12,6.18,6.29,6.372,6.356,6.201,6.34,6.381,6.468,6.444,6.085,6.129,6.249,6.426,6.479,6.516,6.575,6.547,6.503,6.301,6.418,6.479,6.599,6.638,6.859,6.852,6.639,6.876,6.946,6.818,6.927,6.887,6.913,6.695,6.829,6.929,6.943,6.875,6.804,6.902,6.587,6.766,6.885,6.834,6.86,6.876,6.867,6.65,6.882,6.964,7.035,6.989,6.926,6.747,6.018,6.166,6.145,6.291,6.285,6.451,6.412,6.125,6.219,6.123,6.15,6.142,6.085,6.025,5.86,6.097,6.243,6.418,6.356,6.091,5.554,5.162,5.099,5.551,5.965,6.003,5.913,5.862,5.811,6.137,6.226,4.369,4.414,4.408,4.359,4.252,4.369,4.398,4.305,4.264,4.368,4.324,4.199,4.405,4.467,4.347,4.25,4.189,4.088,3.795,3.806,3.838,4.143,4.304,4.254,4.169,4.048,4.284,4.344,4.171,3.884,3.842,3.908,3.808,4.094,4.112,4.107,4.12,4.043,3.874,3.629,3.767,3.776,3.834,3.777,3.787,3.794,3.63,3.905,3.965,3.895,3.656,3.767,3.67,3.411,3.67,3.91,3.955,3.924,3.994,3.864,3.634,5.017,5.145,5.357,5.353,5.167,5.014,4.77,4.887,4.882,4.879,4.599,4.848,5.032,4.691,4.449,4.765,5.039,5.212,5.15,5.085,4.865,5.13,5.259,5.212,5.299,5.472,5.293,5.068,5.435,5.577,5.541,5.794,5.849,5.819,5.478,5.757,5.848,5.872,5.792,5.642,5.499,5.136,5.217,5.239,5.242,5.162,4.905,5.072,5.109,5.397,5.388,5.321,5.099,5.018,4.952,4.969,5.409,5.451,5.432,5.51,5.524,5.485,5.24,5.56,5.727,5.429,5.508,5.481,5.512,5.329,5.498,5.448,5.541,5.547,5.5,5.421,5.234,5.651,5.706,5.715,5.697,5.624,5.475,5.149,4.856,4.754,5.094,5.375,5.486,5.514,5.362,5.418,6.01,6.087,6.034,6.132,6.11,5.984,6.071,6.119,6.12,6.117,6.123,5.94,5.795,5.839,5.994,6.084,6.129,6.183,6.202,5.962,6.18,6.267,6.252,6.25,6.251,6.257,6.119,6.276,6.199,6.206,5.587,5.669,5.679,5.48,5.596,5.725,5.793,5.652,5.611,5.394,5.25,5.527,5.536,5.57,5.673,5.787,5.83,5.7,5.924,5.943,5.897,5.922,6.019,5.98,5.775,5.891,6.003,6.098,6.12,6.05,5.986,5.41,5.556,5.534,5.441,5.509,5.55,5.582,5.531,5.62,5.629,5.679,5.694,5.727,5.524,5.304,5.453,5.564,5.669,5.619,5.689,5.622,5.459,5.5,5.597,5.555,5.192,5.36,5.518,5.378,5.449,5.455,5.468,5.542,5.72,5.703,5.572,5.609,5.706,5.847,5.767,5.776,5.803,5.534,5.797,5.894,5.819,5.806,5.884,5.846,5.692,5.851,5.906,5.886,5.984,6.033,5.914,5.789,6.038,5.975,6.176,6.199,6.327,6.266,6.021,6.143,5.801,5.66,5.874,6.214,6.287,6.127,6.448,6.479,6.463,6.322,5.974,5.65,5.246,5.648,5.867,6.022,6.144,6.179,6.323,6.081,6.313,6.387,6.419,6.388,6.145,5.893,5.816,6.068,6.322,6.344,6.384,6.479,6.334,6.173,6.43,6.558,6.606,6.687,6.621,6.557,6.318,6.485,6.661,6.594,6.51,6.377,6.203,5.699,6.065,6.35,6.357,6.413,6.405,6.163,5.621,6.163,6.401,6.666,6.681,6.892,6.992,6.733,7.009,7.239,7.32,7.432,7.378,7.27,6.886,7.016,7.28,7.469,7.287,7.613,7.531,7.263,7.456,7.507,7.038,6.701,6.419,6.598,6.869,7.2,7.326,7.161,5.806,5.913,6.147,5.699,5.986,6.046,6.174,6.256,6.207,5.971,5.716,5.951,5.92,5.811,5.89,6.049,5.939,5.656,5.84,5.876,5.973,6.009,5.999,5.808,5.322,5.349,5.511,5.454,5.317,5.197,6.547,6.486,6.93,6.969,6.793,6.557,6.664,6.435,6.364,6.899,6.904,7.02,6.915,6.869,6.734,6.547,6.777,6.733,6.577,6.757,6.832,6.517,6.2,6.558,6.614,6.328,6.184,6.015,5.838,5.882,6.271,6.542,6.445,6.531,6.768,6.955,6.575,6.653,6.896,7.094,7.251,7.519,7.23,7.013,7.297,7.167,7.477,7.549,7.489,7.3,7.251,7.485,7.544,7.201,7.151,7.373,7.393,7.22,7.39,7.745,7.878,7.952,6.937,6.814,6.604,6.491,6.62,6.517,6.156,6.055,5.963,5.683,6.01,6.275,6.48,6.729,6.523,6.129,5.669,5.845,5.98,6.204,6.287,6.179,5.93,5.504,5.875,6.17,6.259,6.25,6.323,6.236,6.563,6.512,6.791,6.963,7.047,7.122,7.235,7.21,7.32,7.421,7.559,7.604,7.616,7.552,7.308,7.357,7.155,7.416,7.498,7.517,7.417,7.138,7.096,6.934,7.173,7.4,7.423,7.476,7.187,7.288,7.409,6.267,6.227,6.263,6.151,5.954,6.074,6.129,6.152,6.114,5.897,5.534,5.022,4.924,5.265,5.419,5.558,5.637,5.758,5.566,5.688,5.817,5.863,5.945,5.819,5.655,5.271,5.286,5.364,5.381,5.25,5.191,5.097,4.934,4.986,4.954,5.174,5.321,5.408,5.34,5.159,5.422,5.519,5.529,5.476,5.547,5.538,5.255,5.297,5.509,5.628,5.665,5.805,5.659,5.398,5.593,5.704,5.69,5.635,5.745,5.828,5.631,5.673,5.776,5.925,5.92,5.939,5.785,5.534,5.722,5.716,5.816,5.851,5.937,6.019,5.749,5.8,5.999,6.059,6.064,6.093,6.137,6.006,6.025,6.11,6.073,5.664,5.294,5.465,5.626,5.484,5.556,5.562,5.084,5.154,5.318,5.303,5.181,5.215,5.305,5.436,5.362,5.371,5.396,5.146,5.391,5.481,5.411,5.398,5.471,5.436,5.293,5.441,5.491,5.473,5.564,5.61,5.499,5.383,5.615,5.555,4.907,6.621,6.645,6.782,6.717,6.454,6.585,6.218,6.067,6.297,6.661,6.739,6.568,6.912,6.946,6.927,6.777,6.403,6.057,5.623,6.055,6.289,6.455,6.586,6.623,6.778,6.519,6.767,6.846,6.881,6.848,6.587,6.295,6.213,6.483,6.754,6.777,6.819,6.921,6.767,6.594,6.869,7.006,7.057,7.144,7.073,7.005,6.75,6.927,7.116,7.044,6.954,6.813,6.626,6.089,6.479,6.783,6.791,6.851,6.842,6.584,6.005,5.732,5.953,6.199,6.213,6.409,6.503,6.262,6.518,6.733,6.808,6.911,6.862,6.761,6.404,6.525,6.771,6.946,6.777,7.081,7.004,6.755,6.934,6.982,6.546,6.232,5.97,6.136,6.388,6.696,6.813,6.659,5.806,5.913,6.147,5.699,5.986,6.046,6.174,6.256,6.207,5.971,5.716,5.951,5.92,5.811,5.89,6.049,5.939,5.656,5.84,5.876,5.973,6.009,5.999,5.808,5.322,5.349,5.511,5.454,5.317,5.197,6.082,6.026,6.438,6.475,6.311,6.092,6.191,5.979,5.912,6.41,6.414,6.522,6.425,6.382,6.256,6.083,6.296,6.256,6.111,6.278,6.348,6.055,5.76,6.093,6.145,5.879,5.746,5.588,5.424,5.465,5.826,4.544,4.477,4.537,4.702,4.832,4.567,4.622,4.79,4.928,5.037,5.223,5.023,4.871,5.069,4.979,5.194,5.244,5.202,5.071,5.037,5.199,5.24,5.002,4.968,5.122,5.136,5.016,5.134,5.38,5.473,5.524,10.455,10.27,9.953,9.783,9.978,9.822,9.278,9.125,8.988,8.565,9.058,9.458,9.766,10.142,9.831,9.238,8.543,8.809,9.012,9.35,9.476,9.313,8.937,8.295,8.854,9.298,9.433,9.419,9.53,9.398,6.563,6.512,6.791,6.963,7.047,7.122,7.235,7.21,7.32,7.421,7.559,7.604,7.616,7.552,7.308,7.357,7.155,7.416,7.498,7.517,7.417,7.138,7.096,6.934,7.173,7.4,7.423,7.476,7.187,7.288,7.409,6.267,6.227,6.263,6.151,5.954,6.074,6.129,6.152,6.114,5.897,5.534,5.022,4.924,5.265,5.419,5.558,5.637,5.758,5.566,5.688,5.817,5.863,5.945,5.819,5.655,5.271,5.286,5.364,5.381,5.25,5.191,5.097,4.934,4.986,4.954,5.174,5.321,5.408,5.34,5.159,5.422,5.519,5.529,5.476,5.547,5.538,5.255,5.297,5.509,5.628,5.665,5.805,5.659,5.398,5.593,5.704,5.69,5.635,5.745,5.828,5.631
Guntur_179,6.852,6.899,7.029,7.046,6.785,6.823,6.972,6.981,6.842,6.765,6.889,6.891,6.975,6.851,6.652,6.616,6.925,6.894,6.615,6.897,6.947,6.792,6.868,7.034,7.11,6.786,7.004,7.106,7.16,7.208,7.149,8.231,7.836,8.087,8.297,8.298,8.291,8.383,8.095,7.917,8.053,8.09,8.174,8.463,8.449,8.532,8.175,8.375,8.547,8.512,8.326,8.037,8.106,7.892,8.158,8.302,8.393,8.292,8.243,8.15,8.123,8.354,8.446,8.314,8.182,8.233,8.344,8.1,8.039,7.455,7.746,8.217,8.267,8.214,7.898,8.173,8.433,8.398,9.308,9.172,8.847,8.705,8.551,8.898,9.214,9.316,9.279,9.23,8.943,8.709,8.69,9.589,9.801,9.869,9.806,9.425,9.9,9.948,9.896,9.961,10.036,9.849,9.614,10.162,9.976,9.905,9.616,9.545,9.452,9.135,9.706,9.758,9.517,9.668,9.769,9.675,9.486,9.836,9.847,9.865,9.695,8.701,8.721,8.594,8.845,8.812,8.92,9.157,9.146,9.09,8.729,8.589,8.662,8.63,8.56,8.609,8.508,8.536,7.99,8.366,8.618,8.352,8.238,8.454,8.586,8.209,8.404,8.547,8.792,8.767,8.567,8.369,7.069,7.158,7.139,7.334,7.278,7.323,7.185,7.638,7.775,7.875,7.779,7.8,7.572,7.314,7.683,7.676,7.796,7.903,7.741,7.691,7.393,7.817,8.019,7.919,7.917,7.648,7.484,7.257,7.6,7.98,0.0,0.0,0.0,0.0,0.0,0.0,0.0,0.0,0.0,0.0,0.0,0.0,0.0,0.0,0.0,0.0,0.0,0.0,0.0,0.0,0.0,0.0,0.0,0.0,0.0,0.0,0.0,0.0,0.0,0.0,0.0,0.0,0.0,0.0,0.0,0.0,0.0,0.0,0.0,0.0,0.0,0.0,0.0,0.0,0.0,0.0,0.0,0.0,0.0,0.0,0.0,0.0,0.0,0.0,0.0,0.0,0.0,0.0,0.0,0.0,0.0,0.0,7.359,7.384,7.387,7.53,7.589,7.191,7.269,7.471,7.805,7.695,7.595,7.352,7.128,7.207,7.328,7.432,7.291,7.238,7.433,7.106,7.233,7.135,7.009,7.231,7.266,6.943,6.714,7.231,7.385,7.324,6.625,6.583,6.777,6.566,6.689,6.889,7.118,7.217,7.219,7.006,6.62,6.688,6.792,6.501,6.614,6.688,6.837,6.66,6.817,6.824,6.798,6.668,6.5,6.491,6.16,6.284,6.609,6.738,6.89,7.019,6.963,8.912,9.223,9.322,9.291,9.197,9.404,9.268,8.895,9.078,9.046,8.982,9.14,8.973,8.168,7.935,7.994,8.519,8.764,8.913,8.98,8.909,8.759,9.186,9.149,8.898,8.384,8.403,8.567,8.719,9.024,7.585,7.696,7.616,7.69,7.643,7.314,7.459,7.588,7.452,7.572,7.637,7.491,7.29,7.496,7.699,7.706,7.778,7.886,7.753,7.644,7.85,8.044,8.145,8.024,8.012,8.137,7.828,8.062,8.149,8.105,8.105,7.464,7.246,6.995,7.186,7.243,7.271,7.173,7.259,7.118,7.092,7.38,7.42,7.394,7.307,7.321,7.468,7.378,7.456,7.705,7.858,7.993,7.951,7.829,7.555,7.623,7.361,7.555,7.65,7.794,7.779,7.55,7.524,7.616,7.677,7.536,7.564,7.508,7.298,7.378,7.549,7.692,7.727,7.731,7.696,7.513,7.634,7.634,7.607,7.539,7.455,7.457,7.332,7.618,7.743,7.858,7.884,7.935,7.898,7.773,8.359,8.402,8.374,8.343,8.53,8.481,8.151,8.342,8.501,8.592,8.504,8.211,8.062,8.058,8.359,8.421,8.549,8.674,8.648,8.556,8.286,8.373,8.165,8.36,8.493,8.376,8.418,8.102,7.638,7.765,8.126,8.013,8.218,8.283,8.106,8.322,8.319,8.326,8.52,8.438,8.418,8.116,8.378,8.432,8.119,8.155,8.222,8.022,7.966,8.124,8.276,8.012,7.854,7.773,7.895,7.737,8.028,8.149,8.114,8.149,8.101,7.66,7.517,7.562,7.599,7.452,7.537,7.697,7.642,7.478,7.624,7.438,7.195,6.987,7.224,7.171,6.635,6.671,6.518,6.533,6.486,6.576,6.803,6.943,7.101,6.988,6.857,6.883,7.146,7.315,6.899,7.243,6.696,7.209,7.349,7.372,7.196,6.863,7.071,6.958,6.937,6.788,6.563,6.547,6.229,6.791,6.823,6.998,7.044,7.094,6.793,6.449,6.986,7.251,7.648,7.348,7.316,7.114,7.286,7.83,8.094,7.921,7.803,7.534,7.556,7.648,8.084,8.235,8.176,8.021,7.902,8.046,7.507,7.425,7.345,7.247,7.372,7.724,7.794,7.07,6.534,6.541,6.406,6.597,6.947,6.799,6.692,6.91,6.848,6.448,6.574,6.54,6.441,0.0,0.0,0.0,0.0,0.0,0.0,0.0,0.0,0.0,0.0,0.0,0.0,0.0,0.0,0.0,0.0,0.0,0.0,0.0,0.0,0.0,0.0,0.0,0.0,0.0,0.0,0.0,0.0,0.0,0.0,0.0,0.0,0.0,0.0,0.0,0.0,0.0,0.0,0.0,0.0,0.0,0.0,0.0,0.0,0.0,0.0,0.0,0.0,0.0,0.0,0.0,0.0,0.0,0.0,0.0,0.0,0.0,0.0,0.0,0.0,0.0,7.945,7.658,7.471,7.815,7.984,8.143,8.146,8.227,8.109,7.852,8.225,8.311,8.325,8.207,7.951,8.054,7.631,7.45,7.777,7.85,7.801,7.753,7.854,7.379,7.679,7.744,7.725,7.669,7.768,7.69,7.566,7.505,7.505,7.421,6.856,6.64,7.102,6.962,7.339,7.537,7.802,7.588,7.751,7.694,7.568,7.67,7.657,7.744,7.812,7.614,7.619,7.293,7.713,7.83,7.877,7.806,7.747,7.639,7.225,7.36,7.394,8.144,7.914,8.072,8.088,7.916,8.179,8.342,8.319,8.409,8.281,8.208,7.868,8.255,8.529,8.504,8.422,8.379,8.366,7.948,8.519,8.772,8.924,9.013,9.08,8.989,8.72,8.904,8.721,8.509,8.421,8.567,7.636,7.345,7.758,7.971,8.092,7.938,7.906,7.631,7.287,7.53,7.573,7.61,7.762,7.615,7.423,7.42,7.774,8.015,8.02,7.982,8.054,7.624,7.501,7.918,7.965,7.713,7.844,7.957,7.989,7.981,8.127,7.744,7.774,7.476,7.605,7.696,7.586,7.72,7.934,7.791,7.627,7.669,7.65,7.558,7.606,7.659,7.77,7.703,7.742,7.675,7.547,7.741,7.718,7.728,7.946,7.777,7.651,7.366,7.691,8.704,8.526,8.475,8.712,8.853,8.636,8.602,8.665,8.751,8.905,9.022,9.0,8.78,8.977,9.036,9.158,9.124,8.616,8.679,8.849,9.099,9.174,9.225,9.309,9.27,9.207,8.922,9.088,9.174,9.343,9.4,8.828,8.818,8.544,8.849,8.94,8.775,8.915,8.863,8.896,8.616,8.789,8.917,8.935,8.848,8.756,8.883,8.477,8.708,8.861,8.795,8.829,8.849,8.838,8.558,8.857,8.962,9.054,8.994,8.913,8.683,9.039,9.261,9.23,9.449,9.439,9.689,9.63,9.199,9.34,9.196,9.237,9.225,9.138,9.05,8.801,9.158,9.377,9.639,9.547,9.148,8.342,7.752,7.659,8.338,8.959,9.016,8.88,8.803,8.728,9.217,9.351,9.583,9.68,9.668,9.559,9.326,9.582,9.646,9.442,9.353,9.58,9.484,9.208,9.66,9.796,9.534,9.322,9.186,8.966,8.322,8.346,8.416,9.086,9.439,9.329,9.144,8.878,9.395,9.528,9.148,8.517,8.427,8.57,8.352,8.979,9.018,9.007,9.037,8.867,8.495,7.959,8.261,8.28,8.409,8.284,8.305,8.322,7.961,8.565,8.697,8.542,8.019,8.261,8.048,7.48,8.048,8.576,8.674,8.607,8.759,8.474,7.969,8.555,8.773,9.135,9.128,8.81,8.55,8.133,8.333,8.324,8.32,7.842,8.267,8.581,7.999,7.586,8.125,8.593,8.888,8.782,8.671,8.297,8.748,8.968,8.887,9.036,9.331,9.026,8.643,9.268,9.51,9.448,9.216,9.304,9.257,8.713,9.158,9.302,9.34,9.214,8.974,8.748,8.169,8.299,8.334,8.338,8.211,7.802,8.068,8.127,8.585,8.57,8.464,8.112,7.982,7.877,7.903,8.604,8.67,8.641,8.765,8.788,8.155,7.79,8.266,8.515,8.072,8.188,8.149,8.196,7.922,8.174,8.1,8.238,8.247,8.178,8.06,7.781,8.402,8.483,8.497,8.47,8.361,8.14,7.655,7.22,7.068,7.574,7.992,8.156,8.198,7.972,8.055,7.169,7.26,7.198,7.314,7.288,7.138,7.242,7.299,7.3,7.297,7.304,7.086,6.912,6.965,7.149,7.257,7.311,7.375,7.398,7.111,7.371,7.475,7.458,7.455,7.457,7.464,7.299,7.487,7.395,7.403,7.869,7.985,7.998,7.718,7.882,8.063,8.159,7.961,7.903,7.597,7.395,7.785,7.798,7.845,7.991,8.151,8.211,8.028,8.343,8.371,8.306,8.34,8.477,8.422,8.134,8.298,8.455,8.589,8.62,8.521,8.431,6.928,7.116,7.087,6.968,7.055,7.107,7.149,7.084,7.198,7.208,7.274,7.292,7.334,7.074,6.792,6.984,7.125,7.261,7.197,7.286,7.2,6.991,7.044,7.168,7.115,6.649,6.864,7.067,6.888,6.979,6.987,7.924,8.031,8.288,8.264,8.074,8.127,8.268,8.472,8.356,8.37,8.409,8.019,8.401,8.541,8.432,8.413,8.526,8.471,8.249,8.479,8.558,8.529,8.671,8.742,8.57,8.389,8.75,8.658,9.55,9.585,9.782,9.688,9.31,9.498,8.969,8.751,9.083,9.608,9.72,9.474,9.97,10.018,9.992,9.775,9.236,8.736,8.111,8.733,9.071,9.311,9.5,9.553,9.776,9.403,9.761,9.875,9.925,9.877,9.501,8.271,8.164,8.518,8.874,8.905,8.96,9.094,8.891,8.665,9.026,9.206,9.273,9.386,9.293,9.204,8.869,9.102,9.349,9.255,9.138,8.951,8.706,8.0,8.513,8.913,8.922,9.001,8.99,8.651,7.89,7.618,7.912,8.239,8.257,8.518,8.642,8.322,8.663,8.948,9.048,9.186,9.119,8.986,8.512,8.672,8.998,9.232,9.007,9.41,9.309,8.977,9.215,9.279,8.699,8.282,7.934,8.155,8.49,8.899,9.055,8.851,9.72,9.899,10.29,9.541,10.02,10.122,10.335,10.473,10.39,9.996,9.568,9.962,9.91,9.728,9.86,10.126,9.942,9.467,9.776,9.836,9.998,10.06,10.043,9.723,8.909,8.953,9.225,9.13,8.901,8.701,10.615,10.517,11.236,11.3,11.014,10.632,10.805,10.435,10.319,11.187,11.194,11.383,11.213,11.138,10.919,10.616,10.988,10.917,10.665,10.957,11.079,10.568,10.053,10.633,10.724,10.26,10.028,9.753,9.466,9.537,10.168,12.596,12.409,12.576,13.032,13.392,12.659,12.81,13.278,13.659,13.962,14.478,13.921,13.502,14.05,13.801,14.397,14.536,14.419,14.057,13.961,14.411,14.525,13.865,13.769,14.197,14.234,13.902,14.23,14.913,15.169,15.311,9.569,9.399,9.109,8.954,9.132,8.989,8.491,8.352,8.226,7.839,8.29,8.656,8.939,9.283,8.998,8.455,7.819,8.062,8.248,8.558,8.673,8.524,8.179,7.592,8.103,8.51,8.634,8.621,8.722,8.602,8.647,8.58,8.947,9.173,9.284,9.383,9.532,9.499,9.644,9.777,9.959,10.018,10.034,9.949,9.628,9.693,9.426,9.771,9.879,9.903,9.771,9.404,9.349,9.135,9.451,9.749,9.78,9.849,9.469,9.602,9.762,9.266,9.206,9.259,9.093,8.803,8.98,9.062,9.095,9.039,8.719,8.181,7.424,7.279,7.784,8.012,8.218,8.333,8.513,8.228,8.409,8.6,8.669,8.789,8.604,8.361,7.793,7.816,7.93,7.956,7.761,8.117,7.969,7.715,7.795,7.745,8.089,8.32,8.456,8.349,8.067,8.478,8.629,8.645,8.561,8.673,8.658,8.217,8.282,8.614,8.8,8.858,9.077,8.849,8.439,8.745,8.918,8.897,8.81,8.982,9.112,8.804,8.368,8.519,8.739,8.732,8.76,8.533,8.163,8.44,8.431,8.579,8.63,8.756,8.878,8.48,8.555,8.848,8.937,8.944,8.987,9.052,8.858,8.887,9.012,8.957,8.354,7.808,8.06,8.299,8.088,8.194,8.204,7.483,7.585,7.827,7.804,7.625,7.675,7.808,8.001,7.891,7.904,7.941,7.573,7.934,8.066,7.963,7.945,8.052,8.0,7.79,8.007,8.081,8.055,8.189,8.256,8.093,7.922,8.263,8.176,7.222,9.909,9.946,10.15,10.053,9.66,9.856,9.307,9.081,9.425,9.97,10.086,9.831,10.345,10.395,10.368,10.143,9.584,9.065,8.417,9.062,9.413,9.662,9.857,9.913,10.144,9.756,10.128,10.247,10.299,10.249,9.858,8.471,8.361,8.724,9.088,9.12,9.177,9.313,9.106,8.874,9.244,9.428,9.497,9.613,9.517,9.426,9.083,9.322,9.575,9.479,9.358,9.167,8.916,8.193,8.719,9.128,9.138,9.219,9.207,8.86,8.08,7.784,8.085,8.419,8.438,8.704,8.831,8.504,8.853,9.144,9.245,9.386,9.319,9.182,8.698,8.862,9.195,9.434,9.203,9.616,9.512,9.173,9.417,9.482,8.89,8.463,8.107,8.333,8.676,9.094,9.253,9.044,9.72,9.899,10.29,9.541,10.02,10.122,10.335,10.473,10.39,9.996,9.568,9.962,9.91,9.728,9.86,10.126,9.942,9.467,9.776,9.836,9.998,10.06,10.043,9.723,8.909,8.953,9.225,9.13,8.901,8.701,8.26,8.184,8.744,8.794,8.571,8.274,8.408,8.12,8.03,8.706,8.711,8.857,8.725,8.667,8.497,8.261,8.55,8.496,8.299,8.526,8.621,8.224,7.823,8.274,8.345,7.984,7.803,7.589,7.366,7.421,7.913,8.644,8.516,8.631,8.944,9.191,8.688,8.791,9.112,9.374,9.582,9.936,9.554,9.267,9.642,9.471,9.88,9.976,9.895,9.647,9.581,9.89,9.968,9.516,9.45,9.743,9.769,9.541,9.766,10.234,10.41,10.508,10.455,10.27,9.953,9.783,9.978,9.822,9.278,9.125,8.988,8.565,9.058,9.458,9.766,10.142,9.831,9.238,8.543,8.809,9.012,9.35,9.476,9.313,8.937,8.295,8.854,9.298,9.433,9.419,9.53,9.398,8.647,8.58,8.947,9.173,9.284,9.383,9.532,9.499,9.644,9.777,9.959,10.018,10.034,9.949,9.628,9.693,9.426,9.771,9.879,9.903,9.771,9.404,9.349,9.135,9.451,9.749,9.78,9.849,9.469,9.602,9.762,9.266,9.206,9.259,9.093,8.803,8.98,9.062,9.095,9.039,8.719,8.181,7.424,7.279,7.784,8.012,8.218,8.333,8.513,8.228,8.409,8.6,8.669,8.789,8.604,8.361,7.793,7.816,7.93,7.956,7.761,8.117,7.969,7.715,7.795,7.745,8.089,8.32,8.456,8.349,8.067,8.478,8.629,8.645,8.561,8.673,8.658,8.217,8.282,8.614,8.8,8.858,9.077,8.849,8.439,8.745,8.918,8.897,8.81,8.982,9.112,8.804
Guntur_180,9.495,9.56,9.741,9.765,9.402,9.456,9.662,9.675,9.481,9.375,9.546,9.55,9.667,9.495,9.218,9.168,9.596,9.554,9.167,9.558,9.627,9.412,9.518,9.748,9.854,9.404,9.706,9.848,9.923,9.99,9.908,10.014,9.534,9.839,10.093,10.095,10.086,10.199,9.848,9.632,9.797,9.842,9.944,10.296,10.279,10.38,9.945,10.189,10.398,10.355,10.13,9.778,9.861,9.602,9.924,10.1,10.211,10.088,10.029,9.915,9.841,10.121,10.233,10.072,9.913,9.974,10.109,9.813,9.739,9.032,9.384,9.955,10.016,9.951,9.568,9.902,10.217,10.174,11.277,11.112,10.719,10.546,10.36,10.78,11.163,11.287,11.242,11.183,10.835,10.551,10.528,11.908,12.172,12.256,12.177,11.705,12.294,12.354,12.29,12.37,12.463,12.231,11.94,12.62,12.389,12.3,11.942,11.854,11.739,11.345,12.054,12.118,11.819,12.007,12.132,12.015,11.781,12.216,12.228,12.251,12.039,11.193,11.22,11.056,11.38,11.336,11.476,11.78,11.767,11.694,11.23,11.05,11.144,11.102,11.012,11.075,10.946,10.981,10.28,10.764,11.087,10.744,10.598,10.876,11.047,10.561,10.812,10.996,11.311,11.279,11.022,10.766,8.465,8.572,8.549,8.783,8.716,8.77,8.605,9.147,9.311,9.431,9.316,9.341,9.069,8.759,9.2,9.192,9.337,9.465,9.27,9.21,8.854,9.362,9.603,9.484,9.482,9.159,8.963,8.691,9.101,9.556,0.0,0.0,0.0,0.0,0.0,0.0,0.0,0.0,0.0,0.0,0.0,0.0,0.0,0.0,0.0,0.0,0.0,0.0,0.0,0.0,0.0,0.0,0.0,0.0,0.0,0.0,0.0,0.0,0.0,0.0,0.0,0.0,0.0,0.0,0.0,0.0,0.0,0.0,0.0,0.0,0.0,0.0,0.0,0.0,0.0,0.0,0.0,0.0,0.0,0.0,0.0,0.0,0.0,0.0,0.0,0.0,0.0,0.0,0.0,0.0,0.0,0.0,9.834,9.868,9.872,10.063,10.141,9.609,9.713,9.983,10.43,10.283,10.149,9.824,9.525,9.63,9.793,9.931,9.743,9.672,9.932,9.496,9.666,9.534,9.366,9.663,9.71,9.278,8.971,9.662,9.868,9.787,8.383,8.33,8.576,8.308,8.464,8.717,9.007,9.132,9.135,8.865,8.376,8.463,8.594,8.226,8.369,8.462,8.652,8.428,8.626,8.634,8.601,8.437,8.225,8.214,7.795,7.952,8.362,8.526,8.718,8.881,8.811,8.574,8.873,8.968,8.939,8.848,9.047,8.916,8.557,8.733,8.703,8.641,8.793,8.632,7.858,7.634,7.69,8.195,8.431,8.575,8.639,8.571,8.427,8.838,8.802,8.56,8.066,8.084,8.242,8.388,8.682,9.297,9.434,9.335,9.427,9.369,8.965,9.143,9.301,9.134,9.281,9.361,9.182,8.936,9.189,9.437,9.446,9.534,9.667,9.504,9.37,9.622,9.86,9.984,9.835,9.821,9.974,9.595,9.882,9.988,9.934,9.935,9.465,9.19,8.871,9.113,9.186,9.221,9.097,9.206,9.028,8.994,9.359,9.41,9.377,9.267,9.285,9.471,9.356,9.456,9.771,9.965,10.136,10.084,9.928,9.581,9.667,9.335,9.581,9.701,9.885,9.865,9.575,8.937,9.048,9.12,8.952,8.985,8.919,8.669,8.764,8.968,9.138,9.179,9.184,9.142,8.925,9.069,9.069,9.037,8.956,8.856,8.858,8.71,9.049,9.198,9.334,9.365,9.427,9.382,9.234,9.503,9.551,9.519,9.484,9.697,9.641,9.266,9.483,9.664,9.767,9.667,9.335,9.165,9.16,9.503,9.573,9.718,9.861,9.831,9.727,9.419,9.519,9.282,9.503,9.655,9.522,9.57,9.21,8.683,8.827,9.238,8.977,9.207,9.279,9.081,9.323,9.32,9.328,9.545,9.453,9.431,9.092,9.386,9.446,9.096,9.136,9.211,8.987,8.925,9.101,9.271,8.976,8.799,8.708,8.845,8.668,8.994,9.129,9.091,9.129,9.075,9.287,9.113,9.168,9.212,9.035,9.138,9.332,9.265,9.066,9.243,9.018,8.724,8.471,8.758,8.693,8.045,8.087,7.902,7.921,7.863,7.973,8.248,8.418,8.609,8.472,8.313,8.345,8.663,8.869,8.364,8.781,9.334,10.049,10.245,10.276,10.031,9.566,9.857,9.699,9.67,9.462,9.149,9.126,8.683,9.466,9.512,9.755,9.819,9.889,9.47,8.989,9.739,10.107,10.662,10.242,10.198,9.917,10.157,10.915,11.283,11.041,7.241,6.991,7.012,7.098,7.502,7.642,7.588,7.443,7.333,7.466,6.966,6.891,6.817,6.725,6.841,7.168,7.232,6.561,6.064,6.07,5.945,6.122,6.447,6.309,6.21,6.412,6.355,5.984,6.1,6.069,5.977,0.0,0.0,0.0,0.0,0.0,0.0,0.0,0.0,0.0,0.0,0.0,0.0,0.0,0.0,0.0,0.0,0.0,0.0,0.0,0.0,0.0,0.0,0.0,0.0,0.0,0.0,0.0,0.0,0.0,0.0,0.0,0.0,0.0,0.0,0.0,0.0,0.0,0.0,0.0,0.0,0.0,0.0,0.0,0.0,0.0,0.0,0.0,0.0,0.0,0.0,0.0,0.0,0.0,0.0,0.0,0.0,0.0,0.0,0.0,0.0,0.0,8.755,8.438,8.233,8.612,8.798,8.973,8.977,9.066,8.935,8.653,9.064,9.158,9.174,9.044,8.762,8.875,8.409,8.21,8.569,8.651,8.596,8.544,8.655,8.131,8.462,8.533,8.513,8.45,8.56,8.474,8.337,9.501,9.5,9.395,8.679,8.406,8.991,8.814,9.291,9.541,9.877,9.606,9.813,9.74,9.581,9.709,9.693,9.804,9.889,9.639,9.645,9.232,9.764,9.913,9.971,9.882,9.807,9.67,9.146,9.317,9.36,9.151,8.892,9.07,9.088,8.895,9.191,9.373,9.348,9.449,9.305,9.223,8.841,9.276,9.583,9.556,9.463,9.415,9.4,8.93,9.572,9.857,10.027,10.127,10.202,10.1,9.798,10.005,9.799,9.562,9.463,9.626,9.03,8.685,9.173,9.426,9.569,9.387,9.348,9.023,8.616,8.904,8.955,8.998,9.178,9.004,8.777,8.774,9.192,9.478,9.484,9.438,9.523,9.016,8.87,9.363,9.419,9.12,9.275,9.408,9.446,9.437,9.61,9.211,9.247,8.892,9.046,9.154,9.023,9.183,9.437,9.268,9.072,9.122,9.099,8.989,9.048,9.11,9.242,9.162,9.209,9.129,8.977,9.208,9.181,9.192,9.451,9.251,9.101,8.761,9.148,10.129,9.921,9.863,10.139,10.302,10.05,10.011,10.083,10.183,10.364,10.499,10.474,10.218,10.446,10.515,10.658,10.618,10.027,10.1,10.297,10.589,10.676,10.736,10.833,10.788,10.715,10.383,10.575,10.675,10.873,10.938,10.779,10.767,10.433,10.804,10.916,10.715,10.885,10.822,10.863,10.52,10.731,10.888,10.91,10.804,10.692,10.846,10.351,10.633,10.82,10.739,10.78,10.804,10.791,10.45,10.815,10.943,11.055,10.982,10.883,10.602,10.368,10.624,10.587,10.839,10.828,11.115,11.046,10.552,10.714,10.548,10.596,10.582,10.483,10.381,10.096,10.505,10.756,11.057,10.951,10.494,9.57,8.893,8.786,9.564,10.277,10.342,10.187,10.099,10.012,10.573,10.726,7.989,8.07,8.06,7.97,7.775,7.989,8.042,7.872,7.798,7.987,7.907,7.677,8.054,8.167,7.949,7.772,7.659,7.475,6.938,6.958,7.017,7.575,7.87,7.778,7.624,7.402,7.833,7.944,7.627,7.101,7.026,7.145,6.964,7.486,7.518,7.51,7.534,7.393,7.083,6.635,6.888,6.904,7.011,6.907,6.924,6.938,6.638,7.141,7.251,7.122,6.686,6.888,6.71,6.236,6.71,7.15,7.232,7.176,7.303,7.065,6.644,9.617,9.862,10.269,10.261,9.903,9.611,9.142,9.367,9.357,9.353,8.815,9.293,9.645,8.992,8.527,9.133,9.659,9.991,9.871,9.746,9.326,9.834,10.081,9.99,10.157,10.489,10.146,9.715,10.418,10.69,10.62,11.292,11.399,11.341,10.675,11.22,11.397,11.443,11.288,10.995,10.717,10.008,10.167,10.21,10.216,10.06,9.559,9.884,9.957,10.518,10.5,10.37,9.938,9.78,9.651,9.683,10.541,10.623,10.587,10.738,10.766,8.95,8.55,9.072,9.345,8.859,8.987,8.943,8.995,8.695,8.971,8.89,9.041,9.051,8.975,8.846,8.54,9.221,9.311,9.326,9.296,9.177,8.934,8.402,7.924,7.758,8.313,8.771,8.951,8.997,8.749,8.841,8.814,8.927,8.85,8.993,8.962,8.776,8.904,8.974,8.976,8.972,8.981,8.712,8.499,8.564,8.791,8.923,8.989,9.068,9.097,8.744,9.064,9.191,9.17,9.166,9.168,9.177,8.975,9.205,9.092,9.103,9.392,9.53,9.546,9.212,9.407,9.624,9.738,9.502,9.432,9.068,8.826,9.292,9.307,9.363,9.538,9.729,9.801,9.582,9.958,9.991,9.914,9.955,10.118,10.053,9.709,9.904,10.092,10.252,10.289,10.171,10.063,9.704,9.967,9.927,9.76,9.882,9.955,10.013,9.922,10.082,10.097,10.188,10.214,10.273,9.909,9.514,9.782,9.981,10.17,10.08,10.205,10.085,9.793,9.866,10.041,9.965,9.313,9.614,9.899,9.648,9.775,9.786,9.082,9.205,9.5,9.472,9.255,9.315,9.477,9.711,9.578,9.593,9.638,9.191,9.629,9.789,9.665,9.643,9.773,9.709,9.454,9.718,9.808,9.776,9.939,10.02,9.823,9.615,10.029,9.923,10.141,10.179,10.388,10.288,9.887,10.087,9.525,9.293,9.645,10.203,10.323,10.061,10.587,10.639,10.611,10.381,9.809,9.278,8.614,9.274,9.633,9.888,10.088,10.145,10.382,9.985,10.365,10.487,10.54,10.489,10.089,9.494,9.371,9.777,10.186,10.222,10.285,10.438,10.205,9.946,10.361,10.567,10.644,10.774,10.667,10.565,10.18,10.448,10.732,10.624,10.489,10.275,9.993,9.183,9.772,10.231,10.242,10.332,10.319,9.93,9.056,8.792,9.131,9.508,9.53,9.831,9.974,9.605,9.998,10.327,10.442,10.601,10.525,10.371,9.823,10.009,10.385,10.655,10.395,10.861,10.743,10.361,10.635,10.709,10.04,9.558,9.157,9.412,9.799,10.271,10.45,10.215,10.299,10.489,10.903,10.109,10.617,10.725,10.951,11.097,11.01,10.592,10.138,10.555,10.501,10.308,10.448,10.73,10.535,10.032,10.358,10.423,10.594,10.659,10.641,10.303,9.44,9.487,9.775,9.674,9.432,9.219,10.615,10.517,11.236,11.3,11.014,10.632,10.805,10.435,10.319,11.187,11.194,11.383,11.213,11.138,10.919,10.616,10.988,10.917,10.665,10.957,11.079,10.568,10.053,10.633,10.724,10.26,10.028,9.753,9.466,9.537,10.168,12.596,12.409,12.576,13.032,13.392,12.659,12.81,13.278,13.659,13.962,14.478,13.921,13.502,14.05,13.801,14.397,14.536,14.419,14.057,13.961,14.411,14.525,13.865,13.769,14.197,14.234,13.902,14.23,14.913,15.169,15.311,11.737,11.529,11.173,10.982,11.201,11.026,10.415,10.244,10.089,9.615,10.168,10.617,10.964,11.386,11.037,10.37,9.591,9.889,10.117,10.497,10.637,10.455,10.033,9.312,9.939,10.438,10.59,10.574,10.698,10.55,9.577,9.503,9.909,10.16,10.283,10.392,10.557,10.521,10.682,10.829,11.03,11.095,11.113,11.02,10.664,10.736,10.44,10.822,10.941,10.969,10.823,10.416,10.355,10.118,10.468,10.798,10.832,10.909,10.488,10.635,10.812,10.471,10.403,10.464,10.276,9.948,10.148,10.24,10.278,10.215,9.853,9.245,8.39,8.226,8.797,9.054,9.286,9.417,9.62,9.298,9.503,9.718,9.796,9.932,9.722,9.448,8.806,8.832,8.961,8.99,8.771,9.669,9.492,9.19,9.285,9.226,9.636,9.911,10.072,9.945,9.609,10.099,10.278,10.298,10.198,10.332,10.314,9.788,9.866,10.261,10.482,10.551,10.812,10.541,10.053,10.418,10.623,10.598,10.495,10.699,10.854,10.488,9.151,9.317,9.558,9.55,9.58,9.333,8.927,9.231,9.221,9.382,9.439,9.577,9.709,9.274,9.356,9.677,9.774,9.782,9.829,9.9,9.688,9.72,9.857,9.796,9.137,8.539,8.815,9.076,8.846,8.962,8.973,9.07,9.193,9.487,9.46,9.242,9.303,9.464,9.698,9.565,9.58,9.625,9.179,9.616,9.776,9.652,9.63,9.76,9.696,9.442,9.706,9.795,9.763,9.926,10.007,9.81,9.602,10.016,9.91,8.753,11.635,11.678,11.918,11.803,11.342,11.572,10.927,10.662,11.066,11.706,11.843,11.542,12.146,12.206,12.174,11.909,11.253,10.644,9.882,10.64,11.052,11.344,11.574,11.639,11.91,11.455,11.891,12.031,12.092,12.033,11.575,9.301,9.18,9.578,9.978,10.013,10.075,10.225,9.997,9.743,10.149,10.351,10.427,10.554,10.449,10.349,9.972,10.235,10.513,10.407,10.275,10.065,9.79,8.995,9.572,10.022,10.033,10.121,10.108,9.728,8.872,8.323,8.644,9.001,9.022,9.307,9.442,9.093,9.465,9.776,9.885,10.036,9.964,9.818,9.3,9.475,9.831,10.086,9.84,10.281,10.17,9.808,10.068,10.138,9.505,9.049,8.668,8.91,9.276,9.723,9.893,9.67,10.299,10.489,10.903,10.109,10.617,10.725,10.951,11.097,11.01,10.592,10.138,10.555,10.501,10.308,10.448,10.73,10.535,10.032,10.358,10.423,10.594,10.659,10.641,10.303,9.44,9.487,9.775,9.674,9.432,9.219,8.832,8.75,9.349,9.402,9.164,8.846,8.99,8.682,8.585,9.308,9.314,9.47,9.329,9.267,9.085,8.832,9.142,9.084,8.873,9.116,9.218,8.793,8.364,8.847,8.923,8.536,8.343,8.115,7.876,7.935,8.46,8.644,8.516,8.631,8.944,9.191,8.688,8.791,9.112,9.374,9.582,9.936,9.554,9.267,9.642,9.471,9.88,9.976,9.895,9.647,9.581,9.89,9.968,9.516,9.45,9.743,9.769,9.541,9.766,10.234,10.41,10.508,13.193,12.959,12.56,12.345,12.591,12.394,11.708,11.515,11.341,10.808,11.43,11.935,12.324,12.798,12.406,11.657,10.781,11.116,11.372,11.799,11.957,11.752,11.277,10.468,11.173,11.734,11.904,11.886,12.026,11.86,9.577,9.503,9.909,10.16,10.283,10.392,10.557,10.521,10.682,10.829,11.03,11.095,11.113,11.02,10.664,10.736,10.44,10.822,10.941,10.969,10.823,10.416,10.355,10.118,10.468,10.798,10.832,10.909,10.488,10.635,10.812,10.471,10.403,10.464,10.276,9.948,10.148,10.24,10.278,10.215,9.853,9.245,8.39,8.226,8.797,9.054,9.286,9.417,9.62,9.298,9.503,9.718,9.796,9.932,9.722,9.448,8.806,8.832,8.961,8.99,8.771,9.669,9.492,9.19,9.285,9.226,9.636,9.911,10.072,9.945,9.609,10.099,10.278,10.298,10.198,10.332,10.314,9.788,9.866,10.261,10.482,10.551,10.812,10.541,10.053,10.418,10.623,10.598,10.495,10.699,10.854,10.488
Guntur_181,11.337,11.415,11.631,11.659,11.227,11.291,11.536,11.552,11.321,11.194,11.399,11.403,11.542,11.337,11.007,10.947,11.458,11.407,10.946,11.412,11.495,11.238,11.365,11.639,11.766,11.228,11.589,11.759,11.848,11.928,11.83,11.509,10.956,11.307,11.6,11.601,11.591,11.721,11.318,11.069,11.259,11.311,11.428,11.832,11.813,11.929,11.43,11.71,11.95,11.9,11.641,11.237,11.333,11.035,11.405,11.608,11.735,11.593,11.525,11.395,11.664,11.996,12.128,11.938,11.75,11.822,11.982,11.63,11.543,10.705,11.122,11.799,11.871,11.795,11.341,11.736,12.11,12.059,13.366,13.17,12.704,12.5,12.279,12.777,13.231,13.377,13.324,13.254,12.842,12.506,12.478,13.252,13.546,13.639,13.552,13.026,13.682,13.748,13.677,13.766,13.87,13.612,13.288,14.044,13.787,13.689,13.289,13.192,13.063,12.625,13.415,13.485,13.153,13.362,13.501,13.371,13.11,13.594,13.609,13.633,13.398,12.692,12.722,12.537,12.904,12.855,13.012,13.358,13.342,13.26,12.734,12.53,12.636,12.589,12.487,12.558,12.412,12.452,11.656,12.205,12.571,12.183,12.018,12.333,12.526,11.975,12.26,12.468,12.825,12.79,12.498,12.208,10.227,10.356,10.328,10.61,10.529,10.595,10.395,11.05,11.248,11.394,11.254,11.284,10.956,10.581,11.115,11.105,11.279,11.434,11.199,11.127,10.696,11.309,11.602,11.457,11.455,11.065,10.828,10.5,10.995,11.545,0.0,0.0,0.0,0.0,0.0,0.0,0.0,0.0,0.0,0.0,0.0,0.0,0.0,0.0,0.0,0.0,0.0,0.0,0.0,0.0,0.0,0.0,0.0,0.0,0.0,0.0,0.0,0.0,0.0,0.0,0.0,0.0,0.0,0.0,0.0,0.0,0.0,0.0,0.0,0.0,0.0,0.0,0.0,0.0,0.0,0.0,0.0,0.0,0.0,0.0,0.0,0.0,0.0,0.0,0.0,0.0,0.0,0.0,0.0,0.0,0.0,0.0,9.834,9.868,9.872,10.063,10.141,9.609,9.713,9.983,10.43,10.283,10.149,9.824,9.525,9.63,9.793,9.931,9.743,9.672,9.932,9.496,9.666,9.534,9.366,9.663,9.71,9.278,8.971,9.662,9.868,9.787,10.842,10.774,11.092,10.746,10.947,11.275,11.65,11.812,11.815,11.466,10.834,10.946,11.116,10.639,10.824,10.945,11.19,10.901,11.157,11.168,11.125,10.912,10.638,10.623,10.082,10.284,10.816,11.028,11.276,11.487,11.396,10.546,10.915,11.032,10.995,10.884,11.129,10.967,10.526,10.742,10.705,10.629,10.816,10.618,9.666,9.39,9.46,10.081,10.371,10.548,10.627,10.543,10.366,10.871,10.827,10.53,9.921,9.943,10.138,10.318,10.679,11.197,11.362,11.244,11.353,11.284,10.797,11.012,11.202,11.001,11.178,11.274,11.059,10.762,11.067,11.366,11.377,11.483,11.643,11.446,11.285,11.588,11.875,12.025,11.846,11.829,12.013,11.557,11.902,12.03,11.965,11.966,10.335,10.034,9.686,9.95,10.03,10.069,9.933,10.052,9.857,9.82,10.219,10.275,10.239,10.119,10.138,10.341,10.216,10.325,10.669,10.881,11.068,11.011,10.841,10.461,10.556,10.193,10.462,10.593,10.793,10.771,10.455,11.117,11.254,11.343,11.135,11.176,11.094,10.783,10.901,11.155,11.366,11.418,11.424,11.371,11.102,11.28,11.281,11.241,11.14,11.015,11.018,10.834,11.256,11.44,11.61,11.649,11.725,11.67,11.485,11.884,11.944,11.904,11.861,12.126,12.057,11.587,11.859,12.086,12.214,12.09,11.674,11.462,11.456,11.884,11.972,12.153,12.331,12.294,12.164,11.779,11.904,11.607,11.884,12.075,11.907,11.968,11.518,10.859,11.039,11.553,11.056,11.339,11.428,11.183,11.482,11.478,11.488,11.755,11.642,11.615,11.198,11.559,11.633,11.202,11.251,11.344,11.068,10.991,11.209,11.418,11.054,10.836,10.724,10.893,10.675,11.077,11.243,11.195,11.242,11.176,11.506,11.291,11.359,11.414,11.194,11.322,11.563,11.48,11.233,11.452,11.174,10.809,10.496,10.851,10.771,9.968,10.02,9.791,9.814,9.742,9.878,10.22,10.43,10.667,10.497,10.3,10.34,10.734,10.989,10.364,10.879,10.011,10.777,10.987,11.02,10.758,10.259,10.571,10.401,10.371,10.148,9.812,9.787,9.312,10.152,10.201,10.462,10.531,10.606,10.156,9.641,10.444,10.84,11.434,10.984,10.937,10.635,10.893,11.706,12.101,11.841,17.822,17.207,17.258,17.469,18.464,18.809,18.675,18.319,18.048,18.376,17.146,16.96,16.777,16.553,16.837,17.642,17.801,16.149,14.924,14.941,14.632,15.068,15.866,15.529,15.284,15.782,15.642,14.728,15.015,14.937,14.711,0.0,0.0,0.0,0.0,0.0,0.0,0.0,0.0,0.0,0.0,0.0,0.0,0.0,0.0,0.0,0.0,0.0,0.0,0.0,0.0,0.0,0.0,0.0,0.0,0.0,0.0,0.0,0.0,0.0,0.0,0.0,0.0,0.0,0.0,0.0,0.0,0.0,0.0,0.0,0.0,0.0,0.0,0.0,0.0,0.0,0.0,0.0,0.0,0.0,0.0,0.0,0.0,0.0,0.0,0.0,0.0,0.0,0.0,0.0,0.0,0.0,10.425,10.048,9.803,10.254,10.477,10.685,10.689,10.796,10.64,10.303,10.792,10.905,10.924,10.769,10.433,10.567,10.013,9.776,10.204,10.301,10.236,10.173,10.306,9.682,10.076,10.161,10.136,10.062,10.192,10.09,9.928,10.256,10.256,10.142,9.369,9.075,9.706,9.515,10.029,10.3,10.662,10.37,10.593,10.514,10.342,10.481,10.464,10.583,10.676,10.406,10.412,9.966,10.54,10.701,10.764,10.667,10.587,10.439,9.873,10.058,10.105,10.091,9.805,10.001,10.021,9.808,10.134,10.336,10.307,10.419,10.26,10.17,9.749,10.228,10.567,10.537,10.435,10.382,10.366,9.847,10.555,10.869,11.057,11.167,11.25,11.137,10.804,11.032,10.805,10.543,10.434,10.615,11.188,10.76,11.366,11.678,11.856,11.63,11.582,11.179,10.676,11.032,11.095,11.149,11.371,11.156,10.875,10.87,11.39,11.743,11.75,11.693,11.799,11.17,10.99,11.6,11.67,11.3,11.492,11.657,11.704,11.692,11.907,11.707,11.754,11.303,11.497,11.635,11.469,11.672,11.995,11.779,11.53,11.594,11.566,11.426,11.5,11.579,11.746,11.645,11.705,11.604,11.41,11.704,11.669,11.684,12.012,11.758,11.568,11.136,11.628,11.68,11.44,11.373,11.691,11.879,11.589,11.543,11.627,11.742,11.95,12.106,12.077,11.782,12.046,12.125,12.29,12.244,11.562,11.646,11.874,12.21,12.311,12.38,12.492,12.439,12.355,11.972,12.195,12.31,12.537,12.613,13.148,13.134,12.726,13.179,13.314,13.069,13.277,13.201,13.25,12.832,13.09,13.281,13.308,13.178,13.042,13.23,12.626,12.97,13.197,13.099,13.149,13.179,13.163,12.746,13.192,13.348,13.485,13.395,13.275,12.932,14.242,14.593,14.543,14.888,14.873,15.268,15.173,14.494,14.717,14.489,14.555,14.536,14.399,14.259,13.867,14.429,14.775,15.189,15.042,14.414,13.145,12.215,12.068,13.138,14.116,14.206,13.993,13.871,13.753,14.523,14.734,15.537,15.694,15.675,15.499,15.121,15.537,15.64,15.308,15.164,15.533,15.377,14.93,15.663,15.883,15.459,15.114,14.894,14.537,13.493,13.532,13.646,14.732,15.304,15.126,14.826,14.395,15.233,15.448,14.832,13.81,13.664,13.895,13.542,14.559,14.621,14.604,14.652,14.377,13.775,12.904,13.394,13.426,13.634,13.432,13.465,13.493,12.908,13.887,14.101,13.85,13.002,13.394,13.05,12.128,13.049,13.905,14.064,13.955,14.202,13.739,12.922,10.013,10.268,10.692,10.684,10.311,10.007,9.519,9.753,9.743,9.738,9.178,9.676,10.043,9.362,8.879,9.509,10.057,10.403,10.278,10.148,9.71,10.239,10.496,10.402,10.575,10.921,10.564,10.115,10.847,11.13,11.058,10.608,10.71,10.655,10.029,10.541,10.707,10.751,10.605,10.33,10.069,9.403,9.552,9.592,9.598,9.451,8.981,9.286,9.354,9.881,9.864,9.743,9.337,9.188,9.067,9.097,9.903,9.98,9.946,10.089,10.115,11.506,10.992,11.663,12.014,11.389,11.554,11.498,11.564,11.178,11.533,11.429,11.624,11.636,11.539,11.372,10.979,11.855,11.97,11.99,11.951,11.798,11.486,10.801,10.187,9.973,10.687,11.277,11.508,11.567,11.248,11.366,10.516,10.65,10.558,10.729,10.691,10.47,10.623,10.706,10.709,10.704,10.714,10.394,10.14,10.217,10.487,10.645,10.724,10.818,10.853,10.431,10.813,10.965,10.94,10.935,10.938,10.948,10.707,10.982,10.847,10.86,10.479,10.633,10.651,10.278,10.496,10.738,10.865,10.602,10.524,10.117,9.848,10.368,10.384,10.447,10.642,10.855,10.935,10.691,11.111,11.148,11.061,11.107,11.289,11.216,10.832,11.051,11.26,11.439,11.48,11.348,11.228,11.323,11.63,11.583,11.388,11.531,11.616,11.684,11.578,11.765,11.782,11.888,11.919,11.987,11.562,11.101,11.415,11.646,11.867,11.762,11.908,11.768,11.427,11.512,11.716,11.628,10.867,11.219,11.551,11.258,11.406,11.419,10.457,10.6,10.938,10.907,10.656,10.726,10.912,11.181,11.028,11.046,11.097,10.583,11.087,11.272,11.128,11.103,11.253,11.179,10.886,11.19,11.294,11.257,11.444,11.538,11.31,11.071,11.548,11.426,10.74,10.78,11.001,10.896,10.47,10.682,10.087,9.842,10.215,10.805,10.932,10.655,11.212,11.267,11.238,10.994,10.388,9.825,9.122,9.822,10.202,10.472,10.684,10.744,10.994,10.574,10.977,11.106,11.162,11.108,10.685,12.928,12.76,13.313,13.87,13.918,14.005,14.213,13.896,13.543,14.107,14.388,14.493,14.67,14.525,14.386,13.862,14.227,14.613,14.466,14.282,13.991,13.608,12.504,13.306,13.931,13.945,14.069,14.051,13.522,12.332,9.845,10.224,10.647,10.671,11.008,11.169,10.755,11.196,11.564,11.692,11.87,11.785,11.613,11.0,11.207,11.629,11.93,11.639,12.161,12.03,11.601,11.909,11.991,11.242,10.703,10.253,10.539,10.972,11.501,11.702,11.438,11.33,11.539,11.995,11.121,11.68,11.798,12.047,12.207,12.111,11.652,11.153,11.612,11.552,11.339,11.493,11.804,11.589,11.035,11.395,11.466,11.654,11.726,11.706,11.333,10.385,10.436,10.753,10.642,10.375,10.142,10.194,10.099,10.79,10.852,10.577,10.21,10.376,10.02,9.909,10.743,10.749,10.93,10.767,10.695,10.485,10.194,10.552,10.484,10.241,10.522,10.639,10.148,9.653,10.211,10.298,9.852,9.629,9.366,9.09,9.158,9.765,13.084,12.89,13.063,13.537,13.911,13.149,13.306,13.792,14.188,14.502,15.038,14.46,14.025,14.594,14.335,14.954,15.098,14.977,14.601,14.501,14.969,15.087,14.402,14.302,14.747,14.786,14.44,14.781,15.49,15.756,15.904,14.423,14.168,13.731,13.497,13.765,13.55,12.799,12.589,12.399,11.816,12.496,13.048,13.473,13.992,13.563,12.744,11.786,12.152,12.433,12.9,13.073,12.849,12.329,11.444,12.215,12.828,13.014,12.994,13.147,12.966,10.883,10.799,11.261,11.546,11.686,11.81,11.997,11.956,12.139,12.306,12.534,12.609,12.629,12.523,12.118,12.2,11.864,12.298,12.434,12.465,12.299,11.837,11.767,11.498,11.895,12.27,12.31,12.397,11.918,12.085,12.287,12.396,12.316,12.387,12.165,11.777,12.013,12.123,12.168,12.093,11.664,10.945,9.933,9.738,10.414,10.719,10.994,11.149,11.389,11.008,11.25,11.505,11.597,11.758,11.51,11.186,10.425,10.456,10.608,10.643,10.383,10.169,9.984,9.666,9.766,9.704,10.135,10.424,10.594,10.46,10.107,10.622,10.811,10.832,10.726,10.867,10.848,10.295,10.377,10.792,11.025,11.098,11.372,11.087,10.573,10.957,11.173,11.147,11.038,11.253,11.416,11.031,10.754,10.948,11.231,11.222,11.258,10.967,10.491,10.847,10.836,11.026,11.092,11.254,11.41,10.898,10.995,11.372,11.486,11.495,11.55,11.634,11.384,11.422,11.583,11.512,10.737,10.034,10.359,10.666,10.395,10.531,10.544,9.306,9.433,9.734,9.706,9.483,9.545,9.711,9.95,9.814,9.83,9.876,9.418,9.867,10.031,9.903,9.881,10.014,9.949,9.688,9.958,10.051,10.018,10.184,10.267,10.065,9.852,10.277,10.168,8.981,10.816,10.856,11.079,10.972,10.544,10.758,10.158,9.911,10.287,10.882,11.009,10.73,11.291,11.346,11.317,11.071,10.461,9.895,9.186,9.891,10.274,10.546,10.759,10.82,11.072,10.649,11.054,11.184,11.241,11.186,10.76,11.227,11.081,11.561,12.045,12.087,12.162,12.343,12.067,11.761,12.251,12.495,12.586,12.74,12.613,12.493,12.037,12.354,12.69,12.562,12.402,12.149,11.817,10.858,11.555,12.097,12.11,12.217,12.202,11.742,10.709,8.608,8.941,9.31,9.331,9.626,9.766,9.405,9.79,10.112,10.224,10.38,10.305,10.154,9.619,9.8,10.168,10.432,10.178,10.634,10.519,10.145,10.414,10.485,9.831,9.359,8.966,9.215,9.594,10.057,10.232,10.002,11.33,11.539,11.995,11.121,11.68,11.798,12.047,12.207,12.111,11.652,11.153,11.612,11.552,11.339,11.493,11.804,11.589,11.035,11.395,11.466,11.654,11.726,11.706,11.333,10.385,10.436,10.753,10.642,10.375,10.142,9.135,9.05,9.67,9.725,9.479,9.15,9.299,8.98,8.88,9.627,9.633,9.795,9.649,9.585,9.396,9.135,9.456,9.395,9.178,9.429,9.534,9.094,8.651,9.15,9.229,8.829,8.629,8.393,8.146,8.207,8.751,10.406,10.252,10.39,10.767,11.064,10.458,10.583,10.969,11.284,11.535,11.961,11.501,11.155,11.607,11.401,11.894,12.009,11.912,11.613,11.534,11.906,12.0,11.455,11.375,11.729,11.76,11.485,11.756,12.32,12.532,12.649,13.193,12.959,12.56,12.345,12.591,12.394,11.708,11.515,11.341,10.808,11.43,11.935,12.324,12.798,12.406,11.657,10.781,11.116,11.372,11.799,11.957,11.752,11.277,10.468,11.173,11.734,11.904,11.886,12.026,11.86,10.883,10.799,11.261,11.546,11.686,11.81,11.997,11.956,12.139,12.306,12.534,12.609,12.629,12.523,12.118,12.2,11.864,12.298,12.434,12.465,12.299,11.837,11.767,11.498,11.895,12.27,12.31,12.397,11.918,12.085,12.287,12.396,12.316,12.387,12.165,11.777,12.013,12.123,12.168,12.093,11.664,10.945,9.933,9.738,10.414,10.719,10.994,11.149,11.389,11.008,11.25,11.505,11.597,11.758,11.51,11.186,10.425,10.456,10.608,10.643,10.383,10.169,9.984,9.666,9.766,9.704,10.135,10.424,10.594,10.46,10.107,10.622,10.811,10.832,10.726,10.867,10.848,10.295,10.377,10.792,11.025,11.098,11.372,11.087,10.573,10.957,11.173,11.147,11.038,11.253,11.416,11.031
Guntur_182,15.602,15.709,16.006,16.046,15.45,15.538,15.876,15.897,15.579,15.405,15.687,15.693,15.884,15.602,15.148,15.065,15.768,15.699,15.064,15.705,15.819,15.466,15.64,16.018,16.192,15.452,15.949,16.182,16.305,16.415,16.28,15.127,14.401,14.862,15.247,15.249,15.236,15.406,14.876,14.549,14.799,14.867,15.021,15.553,15.527,15.68,15.023,15.392,15.707,15.642,15.302,14.77,14.896,14.504,14.991,15.257,15.424,15.238,15.149,14.977,14.946,15.372,15.542,15.297,15.056,15.148,15.354,14.903,14.792,13.717,14.252,15.12,15.212,15.114,14.532,15.039,15.517,15.452,17.127,16.877,16.279,16.017,15.734,16.373,16.954,17.142,17.073,16.984,16.456,16.025,15.99,16.006,16.36,16.473,16.368,15.733,16.525,16.605,16.519,16.627,16.752,16.44,16.049,16.963,16.652,16.533,16.051,15.933,15.778,15.249,16.202,16.288,15.886,16.139,16.307,16.149,15.834,16.419,16.436,16.466,16.182,13.784,13.816,13.615,14.013,13.96,14.131,14.507,14.49,14.4,13.829,13.607,13.723,13.672,13.561,13.638,13.479,13.523,12.659,13.255,13.653,13.231,13.051,13.393,13.603,13.005,13.314,13.541,13.928,13.89,13.573,13.258,13.789,13.964,13.926,14.307,14.198,14.286,14.017,14.9,15.167,15.363,15.175,15.216,14.772,14.267,14.987,14.974,15.209,15.417,15.101,15.003,14.423,15.25,15.643,15.448,15.445,14.919,14.6,14.158,14.826,15.567,0.0,0.0,0.0,0.0,0.0,0.0,0.0,0.0,0.0,0.0,0.0,0.0,0.0,0.0,0.0,0.0,0.0,0.0,0.0,0.0,0.0,0.0,0.0,0.0,0.0,0.0,0.0,0.0,0.0,0.0,0.0,0.0,0.0,0.0,0.0,0.0,0.0,0.0,0.0,0.0,0.0,0.0,0.0,0.0,0.0,0.0,0.0,0.0,0.0,0.0,0.0,0.0,0.0,0.0,0.0,0.0,0.0,0.0,0.0,0.0,0.0,0.0,13.785,13.832,13.837,14.105,14.215,13.469,13.615,13.994,14.62,14.414,14.225,13.77,13.351,13.499,13.727,13.921,13.657,13.557,13.922,13.31,13.548,13.364,13.128,13.545,13.611,13.005,12.575,13.544,13.832,13.718,10.037,9.973,10.268,9.947,10.134,10.437,10.785,10.934,10.938,10.614,10.029,10.133,10.29,9.849,10.02,10.132,10.359,10.091,10.328,10.338,10.298,10.102,9.848,9.834,9.333,9.521,10.012,10.208,10.438,10.634,10.549,15.309,15.844,16.014,15.96,15.798,16.155,15.92,15.279,15.593,15.539,15.429,15.7,15.413,14.03,13.631,13.731,14.633,15.055,15.311,15.426,15.304,15.047,15.78,15.716,15.285,14.402,14.434,14.716,14.977,15.502,13.049,13.241,13.103,13.231,13.15,12.583,12.833,13.054,12.821,13.027,13.139,12.888,12.542,12.897,13.246,13.258,13.382,13.568,13.339,13.151,13.505,13.839,14.014,13.805,13.785,13.999,13.468,13.871,14.019,13.944,13.945,14.569,14.145,13.654,14.027,14.138,14.193,14.001,14.17,13.895,13.843,14.406,14.484,14.433,14.264,14.291,14.578,14.401,14.554,15.04,15.338,15.602,15.521,15.282,14.747,14.88,14.368,14.747,14.932,15.215,15.184,14.738,13.49,13.657,13.766,13.513,13.563,13.463,13.086,13.229,13.536,13.793,13.856,13.863,13.799,13.472,13.689,13.689,13.641,13.519,13.367,13.371,13.147,13.659,13.883,14.089,14.136,14.229,14.162,13.938,15.141,15.218,15.167,15.111,15.45,15.362,14.763,15.109,15.398,15.562,15.403,14.873,14.603,14.595,15.141,15.252,15.484,15.711,15.664,15.498,15.007,15.166,14.788,15.141,15.384,15.171,15.247,14.675,13.835,14.064,14.719,14.414,14.784,14.9,14.581,14.97,14.965,14.978,15.327,15.179,15.143,14.6,15.071,15.167,14.606,14.669,14.79,14.43,14.33,14.614,14.887,14.413,14.128,13.982,14.203,13.918,14.442,14.659,14.597,14.658,14.572,16.637,16.326,16.425,16.504,16.186,16.37,16.718,16.598,16.242,16.559,16.156,15.628,15.176,15.69,15.574,14.412,14.489,14.156,14.19,14.087,14.283,14.777,15.081,15.423,15.177,14.893,14.951,15.521,15.889,14.985,15.731,14.633,15.754,16.06,16.109,15.725,14.997,15.453,15.204,15.16,14.834,14.342,14.306,13.611,14.84,14.911,15.292,15.393,15.503,14.846,14.092,15.267,15.845,16.714,16.057,15.987,15.546,15.923,17.111,17.688,17.309,29.765,28.738,28.822,29.175,30.837,31.413,31.189,30.596,30.142,30.691,28.635,28.325,28.019,27.645,28.121,29.465,29.729,26.971,24.924,24.953,24.437,25.165,26.499,25.935,25.526,26.358,26.123,24.598,25.076,24.946,24.569,0.0,0.0,0.0,0.0,0.0,0.0,0.0,0.0,0.0,0.0,0.0,0.0,0.0,0.0,0.0,0.0,0.0,0.0,0.0,0.0,0.0,0.0,0.0,0.0,0.0,0.0,0.0,0.0,0.0,0.0,0.0,0.0,0.0,0.0,0.0,0.0,0.0,0.0,0.0,0.0,0.0,0.0,0.0,0.0,0.0,0.0,0.0,0.0,0.0,0.0,0.0,0.0,0.0,0.0,0.0,0.0,0.0,0.0,0.0,0.0,0.0,14.286,13.77,13.435,14.053,14.357,14.642,14.649,14.794,14.581,14.12,14.79,14.945,14.97,14.759,14.298,14.482,13.722,13.397,13.984,14.116,14.028,13.941,14.124,13.269,13.808,13.925,13.891,13.79,13.968,13.827,13.605,13.68,13.679,13.527,12.496,12.103,12.945,12.69,13.377,13.738,14.221,13.831,14.129,14.024,13.794,13.979,13.956,14.115,14.239,13.879,13.887,13.293,14.058,14.272,14.357,14.228,14.121,13.924,13.169,13.415,13.477,14.321,13.916,14.193,14.223,13.92,14.383,14.669,14.628,14.788,14.561,14.433,13.836,14.516,14.997,14.954,14.81,14.734,14.711,13.975,14.979,15.426,15.692,15.849,15.966,15.806,15.333,15.657,15.335,14.963,14.809,15.065,15.118,14.541,15.359,15.782,16.021,15.716,15.651,15.107,14.427,14.908,14.993,15.066,15.366,15.075,14.696,14.69,15.391,15.868,15.879,15.802,15.945,15.095,14.851,15.676,15.77,15.27,15.53,15.752,15.816,15.801,16.09,17.771,17.842,17.157,17.452,17.662,17.409,17.717,18.207,17.88,17.502,17.599,17.556,17.344,17.456,17.576,17.83,17.677,17.768,17.613,17.319,17.765,17.713,17.735,18.234,17.848,17.559,16.903,17.65,16.814,16.47,16.373,16.83,17.101,16.683,16.618,16.739,16.904,17.203,17.428,17.386,16.961,17.341,17.455,17.692,17.626,16.645,16.765,17.094,17.577,17.722,17.822,17.984,17.907,17.787,17.235,17.555,17.721,18.049,18.158,14.75,14.734,14.276,14.785,14.937,14.662,14.895,14.809,14.865,14.396,14.685,14.899,14.929,14.784,14.631,14.842,14.164,14.55,14.805,14.695,14.751,14.785,14.767,14.299,14.799,14.975,15.128,15.027,14.893,14.508,18.946,19.413,19.346,19.805,19.786,20.31,20.185,19.281,19.577,19.275,19.362,19.337,19.155,18.969,18.447,19.195,19.655,20.205,20.01,19.175,17.486,16.25,16.054,17.477,18.779,18.898,18.614,18.453,18.295,19.32,19.6,17.959,18.14,18.118,17.914,17.477,17.958,18.077,17.694,17.527,17.954,17.774,17.257,18.104,18.359,17.868,17.47,17.216,16.802,15.596,15.641,15.773,17.028,17.689,17.483,17.137,16.638,17.607,17.856,17.143,15.962,15.793,16.06,15.653,16.828,16.9,16.88,16.935,16.617,15.921,14.915,15.482,15.518,15.759,15.525,15.563,15.595,14.92,16.051,16.298,16.009,15.028,15.482,15.083,14.018,15.083,16.072,16.256,16.129,16.415,15.88,14.935,18.519,18.991,19.774,19.759,19.07,18.507,17.605,18.038,18.019,18.011,16.974,17.895,18.574,17.315,16.421,17.587,18.6,19.24,19.009,18.769,17.959,18.937,19.412,19.237,19.559,20.198,19.538,18.708,20.061,20.585,20.451,16.216,16.371,16.286,15.33,16.113,16.367,16.433,16.211,15.79,15.391,14.373,14.601,14.663,14.671,14.447,13.728,14.195,14.298,15.104,15.078,14.892,14.272,14.045,13.86,13.905,15.138,15.255,15.203,15.421,15.461,14.164,13.53,14.357,14.789,14.02,14.222,14.153,14.235,13.76,14.197,14.068,14.308,14.323,14.203,13.998,13.515,14.593,14.734,14.758,14.711,14.522,14.138,13.296,12.539,12.277,13.155,13.881,14.165,14.238,13.846,13.991,15.551,15.751,15.614,15.867,15.811,15.484,15.71,15.833,15.837,15.83,15.846,15.371,14.996,15.11,15.51,15.742,15.859,15.999,16.05,15.427,15.991,16.216,16.179,16.172,16.176,16.192,15.835,16.241,16.042,16.06,14.618,14.833,14.858,14.338,14.642,14.979,15.157,14.789,14.681,14.113,13.738,14.463,14.486,14.574,14.845,15.143,15.254,14.914,15.5,15.551,15.43,15.494,15.748,15.646,15.111,15.415,15.707,15.957,16.014,15.83,15.663,15.76,16.187,16.122,15.851,16.05,16.168,16.262,16.115,16.374,16.398,16.546,16.589,16.684,16.092,15.451,15.888,16.209,16.517,16.371,16.574,16.378,15.904,16.023,16.307,16.185,15.126,15.614,16.077,15.669,15.875,15.894,16.148,16.368,16.891,16.842,16.455,16.563,16.85,17.266,17.03,17.057,17.137,16.343,17.121,17.406,17.184,17.145,17.376,17.263,16.81,17.28,17.44,17.383,17.672,17.816,17.466,17.096,17.832,17.644,16.127,16.188,16.52,16.361,15.722,16.041,15.147,14.779,15.339,16.226,16.416,16.0,16.837,16.919,16.875,16.508,15.598,14.754,13.698,14.749,15.319,15.725,16.043,16.133,16.51,15.879,16.483,16.677,16.761,16.68,16.045,18.559,18.318,19.112,19.911,19.98,20.104,20.403,19.949,19.441,20.252,20.655,20.805,21.06,20.851,20.651,19.899,20.423,20.977,20.766,20.502,20.084,19.534,17.95,19.101,19.998,20.019,20.196,20.17,19.411,17.703,13.079,13.584,14.145,14.177,14.625,14.838,14.289,14.874,15.363,15.534,15.771,15.657,15.428,14.614,14.89,15.449,15.85,15.464,16.157,15.982,15.413,15.822,15.931,14.936,14.22,13.622,14.002,14.577,15.279,15.546,15.196,21.852,22.255,23.133,21.448,22.526,22.755,23.234,23.543,23.358,22.473,21.51,22.395,22.28,21.87,22.167,22.765,22.351,21.284,21.977,22.113,22.477,22.615,22.577,21.858,20.029,20.128,20.739,20.525,20.01,19.56,10.194,10.099,10.79,10.852,10.577,10.21,10.376,10.02,9.909,10.743,10.749,10.93,10.767,10.695,10.485,10.194,10.552,10.484,10.241,10.522,10.639,10.148,9.653,10.211,10.298,9.852,9.629,9.366,9.09,9.158,9.765,22.008,21.682,21.974,22.771,23.4,22.119,22.383,23.199,23.865,24.395,25.296,24.324,23.592,24.548,24.113,25.155,25.397,25.193,24.561,24.393,25.18,25.379,24.226,24.058,24.806,24.871,24.29,24.863,26.056,26.504,26.753,21.733,21.348,20.69,20.336,20.741,20.417,19.286,18.969,18.683,17.804,18.828,19.66,20.301,21.083,20.437,19.203,17.759,18.311,18.734,19.437,19.698,19.36,18.577,17.244,18.405,19.329,19.609,19.58,19.81,19.536,14.184,14.074,14.676,15.048,15.23,15.391,15.636,15.582,15.82,16.038,16.336,16.433,16.459,16.32,15.793,15.9,15.463,16.028,16.205,16.245,16.029,15.427,15.336,14.986,15.503,15.992,16.043,16.156,15.533,15.75,16.013,16.752,16.643,16.74,16.44,15.916,16.235,16.383,16.444,16.342,15.763,14.791,13.423,13.16,14.073,14.485,14.857,15.066,15.391,14.876,15.203,15.547,15.672,15.89,15.555,15.116,14.089,14.13,14.336,14.383,14.032,14.582,14.316,13.86,14.004,13.915,14.532,14.948,15.191,15.0,14.493,15.231,15.502,15.532,15.381,15.582,15.555,14.762,14.879,15.475,15.809,15.914,16.307,15.897,15.161,15.712,16.022,15.984,15.828,16.136,16.37,15.817,15.55,15.831,16.241,16.227,16.279,15.858,15.169,15.685,15.669,15.943,16.038,16.273,16.498,15.759,15.899,16.443,16.609,16.621,16.701,16.823,16.461,16.516,16.749,16.646,15.526,14.51,14.979,15.422,15.031,15.229,15.247,14.863,15.065,15.547,15.502,15.146,15.245,15.509,15.892,15.674,15.7,15.773,15.042,15.758,16.021,15.817,15.781,15.994,15.889,15.473,15.905,16.052,15.999,16.265,16.398,16.076,15.735,16.413,16.24,14.344,14.235,14.289,14.582,14.442,13.878,14.159,13.37,13.045,13.539,14.322,14.49,14.123,14.861,14.934,14.895,14.572,13.768,13.023,12.091,13.018,13.522,13.88,14.161,14.241,14.573,14.016,14.55,14.72,14.795,14.723,14.163,16.647,16.431,17.143,17.86,17.922,18.033,18.302,17.894,17.439,18.166,18.527,18.662,18.891,18.703,18.524,17.849,18.319,18.816,18.627,18.39,18.015,17.522,16.1,17.133,17.938,17.957,18.116,18.092,17.411,15.879,15.402,15.996,16.657,16.694,17.222,17.473,16.826,17.515,18.091,18.292,18.571,18.437,18.168,17.209,17.533,18.193,18.665,18.209,19.026,18.82,18.15,18.631,18.76,17.588,16.744,16.04,16.488,17.166,17.992,18.307,17.894,21.852,22.255,23.133,21.448,22.526,22.755,23.234,23.543,23.358,22.473,21.51,22.395,22.28,21.87,22.167,22.765,22.351,21.284,21.977,22.113,22.477,22.615,22.577,21.858,20.029,20.128,20.739,20.525,20.01,19.56,16.343,16.192,17.3,17.399,16.958,16.37,16.636,16.066,15.887,17.224,17.235,17.525,17.264,17.148,16.811,16.344,16.917,16.809,16.42,16.87,17.057,16.271,15.478,16.371,16.511,15.797,15.439,15.016,14.575,14.683,15.656,12.887,12.696,12.867,13.334,13.702,12.952,13.107,13.585,13.975,14.285,14.813,14.243,13.815,14.375,14.12,14.73,14.872,14.752,14.382,14.284,14.745,14.861,14.186,14.088,14.526,14.564,14.224,14.559,15.258,15.519,15.665,17.137,16.834,16.315,16.036,16.355,16.1,15.208,14.958,14.732,14.04,14.847,15.503,16.009,16.625,16.116,15.142,14.004,14.439,14.772,15.327,15.533,15.266,14.649,13.597,14.513,15.242,15.463,15.44,15.621,15.405,14.184,14.074,14.676,15.048,15.23,15.391,15.636,15.582,15.82,16.038,16.336,16.433,16.459,16.32,15.793,15.9,15.463,16.028,16.205,16.245,16.029,15.427,15.336,14.986,15.503,15.992,16.043,16.156,15.533,15.75,16.013,16.752,16.643,16.74,16.44,15.916,16.235,16.383,16.444,16.342,15.763,14.791,13.423,13.16,14.073,14.485,14.857,15.066,15.391,14.876,15.203,15.547,15.672,15.89,15.555,15.116,14.089,14.13,14.336,14.383,14.032,14.582,14.316,13.86,14.004,13.915,14.532,14.948,15.191,15.0,14.493,15.231,15.502,15.532,15.381,15.582,15.555,14.762,14.879,15.475,15.809,15.914,16.307,15.897,15.161,15.712,16.022,15.984,15.828,16.136,16.37,15.817
Guntur_183,15.091,15.195,15.482,15.52,14.944,15.029,15.356,15.376,15.069,14.9,15.173,15.179,15.364,15.091,14.651,14.572,15.252,15.185,14.57,15.191,15.301,14.96,15.127,15.493,15.661,14.946,15.426,15.652,15.771,15.877,15.747,16.469,15.678,16.18,16.599,16.601,16.587,16.772,16.195,15.84,16.111,16.186,16.353,16.932,16.904,17.071,16.356,16.757,17.1,17.029,16.659,16.08,16.217,15.79,16.321,16.61,16.792,16.59,16.493,16.305,14.558,14.973,15.138,14.9,14.665,14.755,14.955,14.517,14.408,13.361,13.882,14.727,14.817,14.721,14.155,14.649,15.115,15.051,16.683,16.439,15.857,15.602,15.325,15.948,16.514,16.697,16.63,16.543,16.029,15.609,15.575,14.629,14.953,15.056,14.96,14.379,15.103,15.176,15.098,15.197,15.311,15.026,14.668,15.503,15.219,15.111,14.67,14.562,14.421,13.937,14.808,14.886,14.52,14.75,14.904,14.76,14.472,15.007,15.023,15.05,14.79,14.754,14.788,14.573,14.999,14.942,15.125,15.527,15.509,15.413,14.801,14.564,14.688,14.633,14.515,14.597,14.427,14.474,13.549,14.187,14.613,14.162,13.969,14.335,14.56,13.919,14.251,14.493,14.908,14.867,14.528,14.191,16.212,16.417,16.373,16.82,16.692,16.796,16.479,17.518,17.832,18.062,17.841,17.889,17.368,16.774,17.62,17.605,17.881,18.126,17.754,17.639,16.957,17.929,18.392,18.163,18.159,17.54,17.166,16.645,17.43,18.302,0.0,0.0,0.0,0.0,0.0,0.0,0.0,0.0,0.0,0.0,0.0,0.0,0.0,0.0,0.0,0.0,0.0,0.0,0.0,0.0,0.0,0.0,0.0,0.0,0.0,0.0,0.0,0.0,0.0,0.0,0.0,0.0,0.0,0.0,0.0,0.0,0.0,0.0,0.0,0.0,0.0,0.0,0.0,0.0,0.0,0.0,0.0,0.0,0.0,0.0,0.0,0.0,0.0,0.0,0.0,0.0,0.0,0.0,0.0,0.0,0.0,0.0,11.412,11.452,11.456,11.677,11.768,11.151,11.272,11.585,12.104,11.933,11.777,11.401,11.054,11.176,11.365,11.525,11.307,11.224,11.526,11.02,11.217,11.064,10.869,11.214,11.269,10.767,10.411,11.213,11.452,11.357,11.509,11.436,11.774,11.406,11.62,11.968,12.367,12.538,12.542,12.171,11.5,11.619,11.799,11.294,11.489,11.618,11.878,11.571,11.843,11.854,11.809,11.583,11.292,11.277,10.702,10.917,11.481,11.706,11.969,12.193,12.097,16.573,17.152,17.336,17.278,17.103,17.488,17.234,16.541,16.881,16.822,16.703,16.996,16.686,15.189,14.756,14.865,15.841,16.298,16.575,16.7,16.568,16.289,17.083,17.014,16.547,15.591,15.625,15.931,16.214,16.782,15.604,15.833,15.669,15.822,15.725,15.047,15.346,15.611,15.331,15.577,15.712,15.411,14.998,15.423,15.839,15.854,16.002,16.225,15.951,15.726,16.149,16.548,16.758,16.508,16.484,16.74,16.105,16.587,16.764,16.674,16.675,16.494,16.014,15.458,15.88,16.006,16.069,15.851,16.042,15.731,15.672,16.309,16.398,16.34,16.149,16.179,16.504,16.304,16.477,17.027,17.365,17.663,17.572,17.301,16.695,16.846,16.267,16.696,16.905,17.225,17.19,16.685,17.084,17.294,17.432,17.112,17.175,17.048,16.571,16.753,17.142,17.466,17.546,17.555,17.475,17.061,17.335,17.336,17.274,17.119,16.928,16.932,16.649,17.297,17.581,17.842,17.901,18.019,17.934,17.65,17.232,17.32,17.262,17.198,17.584,17.484,16.802,17.197,17.526,17.712,17.531,16.927,16.62,16.612,17.232,17.36,17.623,17.881,17.828,17.639,17.08,17.261,16.831,17.233,17.509,17.267,17.354,16.702,15.746,16.007,16.752,16.749,17.178,17.313,16.943,17.395,17.389,17.404,17.809,17.637,17.596,16.964,17.512,17.624,16.971,17.045,17.186,16.767,16.652,16.981,17.298,16.747,16.416,16.247,16.503,16.173,16.781,17.033,16.961,17.032,16.932,18.844,18.491,18.603,18.693,18.332,18.541,18.936,18.8,18.396,18.755,18.299,17.701,17.189,17.77,17.64,16.323,16.41,16.034,16.072,15.955,16.177,16.736,17.081,17.469,17.19,16.868,16.933,17.579,17.996,16.972,17.817,16.131,17.366,17.705,17.758,17.335,16.532,17.035,16.761,16.712,16.352,15.811,15.771,15.005,16.359,16.438,16.858,16.969,17.09,16.365,15.535,16.83,17.467,18.425,17.7,17.623,17.138,17.552,18.862,19.499,19.081,29.765,28.738,28.822,29.175,30.837,31.413,31.189,30.596,30.142,30.691,28.635,28.325,28.019,27.645,28.121,29.465,29.729,26.971,24.924,24.953,24.437,25.165,26.499,25.935,25.526,26.358,26.123,24.598,25.076,24.946,24.569,0.0,0.0,0.0,0.0,0.0,0.0,0.0,0.0,0.0,0.0,0.0,0.0,0.0,0.0,0.0,0.0,0.0,0.0,0.0,0.0,0.0,0.0,0.0,0.0,0.0,0.0,0.0,0.0,0.0,0.0,0.0,0.0,0.0,0.0,0.0,0.0,0.0,0.0,0.0,0.0,0.0,0.0,0.0,0.0,0.0,0.0,0.0,0.0,0.0,0.0,0.0,0.0,0.0,0.0,0.0,0.0,0.0,0.0,0.0,0.0,0.0,19.568,18.861,18.402,19.248,19.666,20.056,20.065,20.264,19.972,19.34,20.258,20.47,20.504,20.215,19.584,19.836,18.795,18.35,19.154,19.335,19.214,19.096,19.345,18.174,18.913,19.073,19.027,18.888,19.132,18.939,18.635,15.482,15.481,15.309,14.142,13.698,14.65,14.362,15.139,15.547,16.094,15.653,15.989,15.871,15.611,15.821,15.794,15.975,16.114,15.707,15.716,15.044,15.91,16.152,16.248,16.102,15.98,15.758,14.904,15.182,15.253,17.897,17.391,17.738,17.775,17.397,17.975,18.332,18.282,18.48,18.198,18.038,17.291,18.142,18.742,18.689,18.508,18.413,18.385,17.465,18.72,19.278,19.611,19.807,19.953,19.753,19.162,19.567,19.165,18.7,18.507,18.827,18.29,17.592,18.582,19.093,19.382,19.014,18.935,18.277,17.454,18.036,18.139,18.227,18.59,18.238,17.78,17.772,18.62,19.198,19.21,19.117,19.291,18.262,17.967,18.965,19.078,18.474,18.788,19.057,19.135,19.116,19.466,20.261,20.342,19.561,19.898,20.137,19.849,20.2,20.759,20.386,19.955,20.065,20.016,19.774,19.902,20.039,20.329,20.155,20.258,20.082,19.746,20.255,20.195,20.221,20.79,20.349,20.02,19.272,20.124,18.323,17.948,17.842,18.34,18.636,18.18,18.109,18.241,18.421,18.747,18.992,18.946,18.483,18.897,19.021,19.28,19.208,18.138,18.27,18.627,19.155,19.312,19.421,19.597,19.514,19.383,18.782,19.13,19.312,19.668,19.787,18.405,18.386,17.815,18.449,18.638,18.295,18.586,18.479,18.548,17.963,18.324,18.591,18.629,18.447,18.257,18.52,17.675,18.156,18.475,18.336,18.407,18.449,18.426,17.843,18.467,18.686,18.877,18.752,18.584,18.103,19.007,19.476,19.409,19.87,19.85,20.376,20.25,19.344,19.641,19.337,19.425,19.4,19.217,19.03,18.507,19.257,19.718,20.271,20.075,19.237,17.543,16.302,16.106,17.534,18.839,18.959,18.674,18.513,18.355,19.383,19.663,17.959,18.14,18.118,17.914,17.477,17.958,18.077,17.694,17.527,17.954,17.774,17.257,18.104,18.359,17.868,17.47,17.216,16.802,15.596,15.641,15.773,17.028,17.689,17.483,17.137,16.638,17.607,17.856,17.143,15.962,15.793,16.06,15.653,16.828,16.9,16.88,16.935,16.617,15.921,14.915,15.482,15.518,15.759,15.525,15.563,15.595,14.92,16.051,16.298,16.009,15.028,15.482,15.083,14.018,15.083,16.072,16.256,16.129,16.415,15.88,14.935,18.519,18.991,19.774,19.759,19.07,18.507,17.605,18.038,18.019,18.011,16.974,17.895,18.574,17.315,16.421,17.587,18.6,19.24,19.009,18.769,17.959,18.937,19.412,19.237,19.559,20.198,19.538,18.708,20.061,20.585,20.451,17.021,17.184,17.095,16.092,16.913,17.18,17.25,17.016,16.574,16.156,15.087,15.326,15.391,15.4,15.165,14.41,14.9,15.009,15.854,15.827,15.632,14.981,14.742,14.548,14.596,15.89,16.013,15.958,16.187,16.229,17.238,16.466,17.473,17.999,17.062,17.309,17.224,17.324,16.746,17.278,17.121,17.413,17.432,17.286,17.036,16.448,17.76,17.932,17.961,17.904,17.674,17.206,16.181,15.261,14.941,16.01,16.893,17.24,17.328,16.851,17.027,18.96,19.203,19.037,19.345,19.277,18.878,19.154,19.304,19.309,19.299,19.319,18.74,18.282,18.422,18.909,19.193,19.335,19.506,19.568,18.808,19.496,19.771,19.725,19.717,19.722,19.74,19.306,19.801,19.558,19.58,18.671,18.946,18.978,18.313,18.701,19.132,19.359,18.889,18.751,18.026,17.547,18.473,18.502,18.614,18.961,19.341,19.484,19.049,19.797,19.863,19.708,19.79,20.114,19.984,19.3,19.689,20.062,20.381,20.453,20.219,20.005,18.785,19.294,19.216,18.893,19.131,19.271,19.384,19.208,19.518,19.546,19.722,19.773,19.886,19.181,18.417,18.937,19.321,19.688,19.513,19.756,19.522,18.957,19.099,19.437,19.291,18.029,18.611,19.163,18.677,18.922,18.945,18.899,19.156,19.769,19.711,19.258,19.385,19.72,20.207,19.931,19.963,20.056,19.127,20.037,20.371,20.111,20.066,20.336,20.204,19.674,20.223,20.411,20.344,20.682,20.851,20.441,20.008,20.87,20.649,18.761,18.832,19.218,19.033,18.29,18.661,17.621,17.193,17.844,18.876,19.097,18.613,19.586,19.682,19.631,19.204,18.146,17.164,15.935,17.157,17.821,18.293,18.663,18.768,19.206,18.472,19.176,19.4,19.499,19.404,18.665,20.655,20.387,21.271,22.16,22.237,22.375,22.708,22.202,21.637,22.539,22.988,23.156,23.439,23.206,22.984,22.147,22.73,23.347,23.112,22.818,22.353,21.741,19.977,21.258,22.257,22.281,22.478,22.449,21.604,19.702,16.639,17.282,17.996,18.036,18.606,18.877,18.178,18.923,19.545,19.762,20.064,19.919,19.628,18.592,18.943,19.655,20.165,19.673,20.555,20.333,19.609,20.128,20.267,19.002,18.09,17.33,17.813,18.545,19.438,19.778,19.332,21.973,22.378,23.262,21.567,22.651,22.881,23.363,23.674,23.488,22.597,21.63,22.519,22.403,21.991,22.29,22.892,22.475,21.402,22.099,22.236,22.602,22.741,22.703,21.98,20.14,20.24,20.854,20.639,20.121,19.668,19.122,18.944,20.241,20.357,19.841,19.153,19.465,18.797,18.588,20.153,20.165,20.504,20.199,20.063,19.669,19.123,19.794,19.667,19.212,19.738,19.957,19.037,18.109,19.154,19.318,18.482,18.064,17.569,17.052,17.18,18.317,24.953,24.583,24.913,25.817,26.53,25.078,25.377,26.303,27.058,27.659,28.68,27.578,26.748,27.833,27.339,28.52,28.795,28.564,27.846,27.656,28.549,28.774,27.467,27.277,28.125,28.199,27.54,28.19,29.542,30.049,30.332,29.61,29.086,28.189,27.708,28.259,27.817,26.276,25.845,25.455,24.258,25.653,26.786,27.66,28.725,27.845,26.163,24.196,24.948,25.524,26.482,26.837,26.377,25.311,23.494,25.076,26.335,26.717,26.677,26.99,26.617,16.853,16.723,17.438,17.88,18.096,18.288,18.579,18.515,18.798,19.057,19.411,19.526,19.557,19.392,18.766,18.893,18.373,19.045,19.255,19.303,19.046,18.33,18.223,17.806,18.421,19.002,19.063,19.197,18.457,18.715,19.027,18.559,18.439,18.547,18.214,17.633,17.987,18.15,18.218,18.105,17.464,16.387,14.871,14.58,15.592,16.048,16.46,16.692,17.052,16.481,16.844,17.225,17.363,17.604,17.233,16.747,15.609,15.655,15.883,15.935,15.546,17.076,16.765,16.231,16.4,16.295,17.018,17.504,17.789,17.565,16.971,17.837,18.153,18.189,18.012,18.247,18.216,17.287,17.424,18.122,18.513,18.635,19.096,18.616,17.755,18.399,18.762,18.717,18.535,18.896,19.17,18.523,17.908,18.231,18.703,18.687,18.747,18.262,17.469,18.063,18.044,18.36,18.47,18.74,19.0,18.148,18.309,18.936,19.127,19.141,19.233,19.373,18.957,19.02,19.288,19.17,17.879,16.71,17.249,17.761,17.31,17.537,17.558,18.566,18.819,19.42,19.364,18.919,19.043,19.373,19.851,19.579,19.611,19.702,18.79,19.684,20.012,19.757,19.712,19.978,19.848,19.327,19.867,20.051,19.985,20.318,20.484,20.081,19.655,20.502,20.286,17.918,17.024,17.087,17.438,17.27,16.596,16.932,15.989,15.601,16.191,17.128,17.328,16.889,17.772,17.859,17.813,17.426,16.465,15.574,14.459,15.568,16.171,16.599,16.935,17.03,17.427,16.761,17.399,17.604,17.693,17.607,16.937,19.8,19.543,20.39,21.243,21.317,21.449,21.768,21.283,20.742,21.606,22.036,22.197,22.469,22.246,22.033,21.23,21.789,22.381,22.155,21.874,21.428,20.841,19.15,20.378,21.336,21.358,21.547,21.52,20.709,18.887,18.456,19.168,19.96,20.005,20.637,20.938,20.163,20.989,21.679,21.92,22.254,22.094,21.771,20.621,21.011,21.801,22.366,21.82,22.799,22.552,21.75,22.326,22.48,21.076,20.065,19.222,19.757,20.57,21.561,21.937,21.443,21.973,22.378,23.262,21.567,22.651,22.881,23.363,23.674,23.488,22.597,21.63,22.519,22.403,21.991,22.29,22.892,22.475,21.402,22.099,22.236,22.602,22.741,22.703,21.98,20.14,20.24,20.854,20.639,20.121,19.668,19.585,19.403,20.731,20.849,20.321,19.616,19.936,19.252,19.038,20.64,20.653,21.0,20.687,20.549,20.145,19.586,20.272,20.142,19.677,20.215,20.44,19.497,18.547,19.617,19.786,18.929,18.501,17.994,17.465,17.595,18.76,19.744,19.451,19.713,20.428,20.992,19.843,20.079,20.812,21.41,21.885,22.693,21.821,21.164,22.022,21.632,22.566,22.784,22.601,22.033,21.883,22.589,22.767,21.733,21.583,22.253,22.312,21.791,22.305,23.375,23.776,24.0,21.069,20.696,20.058,19.715,20.108,19.793,18.697,18.39,18.112,17.261,18.253,19.059,19.681,20.439,19.813,18.616,17.217,17.752,18.161,18.843,19.096,18.769,18.01,16.717,17.843,18.738,19.01,18.982,19.205,18.94,16.853,16.723,17.438,17.88,18.096,18.288,18.579,18.515,18.798,19.057,19.411,19.526,19.557,19.392,18.766,18.893,18.373,19.045,19.255,19.303,19.046,18.33,18.223,17.806,18.421,19.002,19.063,19.197,18.457,18.715,19.027,18.559,18.439,18.547,18.214,17.633,17.987,18.15,18.218,18.105,17.464,16.387,14.871,14.58,15.592,16.048,16.46,16.692,17.052,16.481,16.844,17.225,17.363,17.604,17.233,16.747,15.609,15.655,15.883,15.935,15.546,17.076,16.765,16.231,16.4,16.295,17.018,17.504,17.789,17.565,16.971,17.837,18.153,18.189,18.012,18.247,18.216,17.287,17.424,18.122,18.513,18.635,19.096,18.616,17.755,18.399,18.762,18.717,18.535,18.896,19.17,18.523
Guntur_184,15.091,15.195,15.482,15.52,14.944,15.029,15.356,15.376,15.069,14.9,15.173,15.179,15.364,15.091,14.651,14.572,15.252,15.185,14.57,15.191,15.301,14.96,15.127,15.493,15.661,14.946,15.426,15.652,15.771,15.877,15.747,16.469,15.678,16.18,16.599,16.601,16.587,16.772,16.195,15.84,16.111,16.186,16.353,16.932,16.904,17.071,16.356,16.757,17.1,17.029,16.659,16.08,16.217,15.79,16.321,16.61,16.792,16.59,16.493,16.305,14.558,14.973,15.138,14.9,14.665,14.755,14.955,14.517,14.408,13.361,13.882,14.727,14.817,14.721,14.155,14.649,15.115,15.051,16.683,16.439,15.857,15.602,15.325,15.948,16.514,16.697,16.63,16.543,16.029,15.609,15.575,14.629,14.953,15.056,14.96,14.379,15.103,15.176,15.098,15.197,15.311,15.026,14.668,15.503,15.219,15.111,14.67,14.562,14.421,13.937,14.808,14.886,14.52,14.75,14.904,14.76,14.472,15.007,15.023,15.05,14.79,14.754,14.788,14.573,14.999,14.942,15.125,15.527,15.509,15.413,14.801,14.564,14.688,14.633,14.515,14.597,14.427,14.474,13.549,14.187,14.613,14.162,13.969,14.335,14.56,13.919,14.251,14.493,14.908,14.867,14.528,14.191,16.212,16.417,16.373,16.82,16.692,16.796,16.479,17.518,17.832,18.062,17.841,17.889,17.368,16.774,17.62,17.605,17.881,18.126,17.754,17.639,16.957,17.929,18.392,18.163,18.159,17.54,17.166,16.645,17.43,18.302,0.0,0.0,0.0,0.0,0.0,0.0,0.0,0.0,0.0,0.0,0.0,0.0,0.0,0.0,0.0,0.0,0.0,0.0,0.0,0.0,0.0,0.0,0.0,0.0,0.0,0.0,0.0,0.0,0.0,0.0,0.0,0.0,0.0,0.0,0.0,0.0,0.0,0.0,0.0,0.0,0.0,0.0,0.0,0.0,0.0,0.0,0.0,0.0,0.0,0.0,0.0,0.0,0.0,0.0,0.0,0.0,0.0,0.0,0.0,0.0,0.0,0.0,11.412,11.452,11.456,11.677,11.768,11.151,11.272,11.585,12.104,11.933,11.777,11.401,11.054,11.176,11.365,11.525,11.307,11.224,11.526,11.02,11.217,11.064,10.869,11.214,11.269,10.767,10.411,11.213,11.452,11.357,11.509,11.436,11.774,11.406,11.62,11.968,12.367,12.538,12.542,12.171,11.5,11.619,11.799,11.294,11.489,11.618,11.878,11.571,11.843,11.854,11.809,11.583,11.292,11.277,10.702,10.917,11.481,11.706,11.969,12.193,12.097,16.573,17.152,17.336,17.278,17.103,17.488,17.234,16.541,16.881,16.822,16.703,16.996,16.686,15.189,14.756,14.865,15.841,16.298,16.575,16.7,16.568,16.289,17.083,17.014,16.547,15.591,15.625,15.931,16.214,16.782,15.604,15.833,15.669,15.822,15.725,15.047,15.346,15.611,15.331,15.577,15.712,15.411,14.998,15.423,15.839,15.854,16.002,16.225,15.951,15.726,16.149,16.548,16.758,16.508,16.484,16.74,16.105,16.587,16.764,16.674,16.675,16.494,16.014,15.458,15.88,16.006,16.069,15.851,16.042,15.731,15.672,16.309,16.398,16.34,16.149,16.179,16.504,16.304,16.477,17.027,17.365,17.663,17.572,17.301,16.695,16.846,16.267,16.696,16.905,17.225,17.19,16.685,17.084,17.294,17.432,17.112,17.175,17.048,16.571,16.753,17.142,17.466,17.546,17.555,17.475,17.061,17.335,17.336,17.274,17.119,16.928,16.932,16.649,17.297,17.581,17.842,17.901,18.019,17.934,17.65,17.232,17.32,17.262,17.198,17.584,17.484,16.802,17.197,17.526,17.712,17.531,16.927,16.62,16.612,17.232,17.36,17.623,17.881,17.828,17.639,17.08,17.261,16.831,17.233,17.509,17.267,17.354,16.702,15.746,16.007,16.752,16.749,17.178,17.313,16.943,17.395,17.389,17.404,17.809,17.637,17.596,16.964,17.512,17.624,16.971,17.045,17.186,16.767,16.652,16.981,17.298,16.747,16.416,16.247,16.503,16.173,16.781,17.033,16.961,17.032,16.932,18.844,18.491,18.603,18.693,18.332,18.541,18.936,18.8,18.396,18.755,18.299,17.701,17.189,17.77,17.64,16.323,16.41,16.034,16.072,15.955,16.177,16.736,17.081,17.469,17.19,16.868,16.933,17.579,17.996,16.972,17.817,16.131,17.366,17.705,17.758,17.335,16.532,17.035,16.761,16.712,16.352,15.811,15.771,15.005,16.359,16.438,16.858,16.969,17.09,16.365,15.535,16.83,17.467,18.425,17.7,17.623,17.138,17.552,18.862,19.499,19.081,29.765,28.738,28.822,29.175,30.837,31.413,31.189,30.596,30.142,30.691,28.635,28.325,28.019,27.645,28.121,29.465,29.729,26.971,24.924,24.953,24.437,25.165,26.499,25.935,25.526,26.358,26.123,24.598,25.076,24.946,24.569,0.0,0.0,0.0,0.0,0.0,0.0,0.0,0.0,0.0,0.0,0.0,0.0,0.0,0.0,0.0,0.0,0.0,0.0,0.0,0.0,0.0,0.0,0.0,0.0,0.0,0.0,0.0,0.0,0.0,0.0,0.0,0.0,0.0,0.0,0.0,0.0,0.0,0.0,0.0,0.0,0.0,0.0,0.0,0.0,0.0,0.0,0.0,0.0,0.0,0.0,0.0,0.0,0.0,0.0,0.0,0.0,0.0,0.0,0.0,0.0,0.0,19.568,18.861,18.402,19.248,19.666,20.056,20.065,20.264,19.972,19.34,20.258,20.47,20.504,20.215,19.584,19.836,18.795,18.35,19.154,19.335,19.214,19.096,19.345,18.174,18.913,19.073,19.027,18.888,19.132,18.939,18.635,15.482,15.481,15.309,14.142,13.698,14.65,14.362,15.139,15.547,16.094,15.653,15.989,15.871,15.611,15.821,15.794,15.975,16.114,15.707,15.716,15.044,15.91,16.152,16.248,16.102,15.98,15.758,14.904,15.182,15.253,17.897,17.391,17.738,17.775,17.397,17.975,18.332,18.282,18.48,18.198,18.038,17.291,18.142,18.742,18.689,18.508,18.413,18.385,17.465,18.72,19.278,19.611,19.807,19.953,19.753,19.162,19.567,19.165,18.7,18.507,18.827,18.29,17.592,18.582,19.093,19.382,19.014,18.935,18.277,17.454,18.036,18.139,18.227,18.59,18.238,17.78,17.772,18.62,19.198,19.21,19.117,19.291,18.262,17.967,18.965,19.078,18.474,18.788,19.057,19.135,19.116,19.466,20.261,20.342,19.561,19.898,20.137,19.849,20.2,20.759,20.386,19.955,20.065,20.016,19.774,19.902,20.039,20.329,20.155,20.258,20.082,19.746,20.255,20.195,20.221,20.79,20.349,20.02,19.272,20.124,18.323,17.948,17.842,18.34,18.636,18.18,18.109,18.241,18.421,18.747,18.992,18.946,18.483,18.897,19.021,19.28,19.208,18.138,18.27,18.627,19.155,19.312,19.421,19.597,19.514,19.383,18.782,19.13,19.312,19.668,19.787,18.405,18.386,17.815,18.449,18.638,18.295,18.586,18.479,18.548,17.963,18.324,18.591,18.629,18.447,18.257,18.52,17.675,18.156,18.475,18.336,18.407,18.449,18.426,17.843,18.467,18.686,18.877,18.752,18.584,18.103,19.007,19.476,19.409,19.87,19.85,20.376,20.25,19.344,19.641,19.337,19.425,19.4,19.217,19.03,18.507,19.257,19.718,20.271,20.075,19.237,17.543,16.302,16.106,17.534,18.839,18.959,18.674,18.513,18.355,19.383,19.663,17.959,18.14,18.118,17.914,17.477,17.958,18.077,17.694,17.527,17.954,17.774,17.257,18.104,18.359,17.868,17.47,17.216,16.802,15.596,15.641,15.773,17.028,17.689,17.483,17.137,16.638,17.607,17.856,17.143,15.962,15.793,16.06,15.653,16.828,16.9,16.88,16.935,16.617,15.921,14.915,15.482,15.518,15.759,15.525,15.563,15.595,14.92,16.051,16.298,16.009,15.028,15.482,15.083,14.018,15.083,16.072,16.256,16.129,16.415,15.88,14.935,18.519,18.991,19.774,19.759,19.07,18.507,17.605,18.038,18.019,18.011,16.974,17.895,18.574,17.315,16.421,17.587,18.6,19.24,19.009,18.769,17.959,18.937,19.412,19.237,19.559,20.198,19.538,18.708,20.061,20.585,20.451,17.021,17.184,17.095,16.092,16.913,17.18,17.25,17.016,16.574,16.156,15.087,15.326,15.391,15.4,15.165,14.41,14.9,15.009,15.854,15.827,15.632,14.981,14.742,14.548,14.596,15.89,16.013,15.958,16.187,16.229,17.238,16.466,17.473,17.999,17.062,17.309,17.224,17.324,16.746,17.278,17.121,17.413,17.432,17.286,17.036,16.448,17.76,17.932,17.961,17.904,17.674,17.206,16.181,15.261,14.941,16.01,16.893,17.24,17.328,16.851,17.027,18.96,19.203,19.037,19.345,19.277,18.878,19.154,19.304,19.309,19.299,19.319,18.74,18.282,18.422,18.909,19.193,19.335,19.506,19.568,18.808,19.496,19.771,19.725,19.717,19.722,19.74,19.306,19.801,19.558,19.58,18.671,18.946,18.978,18.313,18.701,19.132,19.359,18.889,18.751,18.026,17.547,18.473,18.502,18.614,18.961,19.341,19.484,19.049,19.797,19.863,19.708,19.79,20.114,19.984,19.3,19.689,20.062,20.381,20.453,20.219,20.005,18.785,19.294,19.216,18.893,19.131,19.271,19.384,19.208,19.518,19.546,19.722,19.773,19.886,19.181,18.417,18.937,19.321,19.688,19.513,19.756,19.522,18.957,19.099,19.437,19.291,18.029,18.611,19.163,18.677,18.922,18.945,18.899,19.156,19.769,19.711,19.258,19.385,19.72,20.207,19.931,19.963,20.056,19.127,20.037,20.371,20.111,20.066,20.336,20.204,19.674,20.223,20.411,20.344,20.682,20.851,20.441,20.008,20.87,20.649,18.761,18.832,19.218,19.033,18.29,18.661,17.621,17.193,17.844,18.876,19.097,18.613,19.586,19.682,19.631,19.204,18.146,17.164,15.935,17.157,17.821,18.293,18.663,18.768,19.206,18.472,19.176,19.4,19.499,19.404,18.665,20.655,20.387,21.271,22.16,22.237,22.375,22.708,22.202,21.637,22.539,22.988,23.156,23.439,23.206,22.984,22.147,22.73,23.347,23.112,22.818,22.353,21.741,19.977,21.258,22.257,22.281,22.478,22.449,21.604,19.702,16.639,17.282,17.996,18.036,18.606,18.877,18.178,18.923,19.545,19.762,20.064,19.919,19.628,18.592,18.943,19.655,20.165,19.673,20.555,20.333,19.609,20.128,20.267,19.002,18.09,17.33,17.813,18.545,19.438,19.778,19.332,21.973,22.378,23.262,21.567,22.651,22.881,23.363,23.674,23.488,22.597,21.63,22.519,22.403,21.991,22.29,22.892,22.475,21.402,22.099,22.236,22.602,22.741,22.703,21.98,20.14,20.24,20.854,20.639,20.121,19.668,19.122,18.944,20.241,20.357,19.841,19.153,19.465,18.797,18.588,20.153,20.165,20.504,20.199,20.063,19.669,19.123,19.794,19.667,19.212,19.738,19.957,19.037,18.109,19.154,19.318,18.482,18.064,17.569,17.052,17.18,18.317,24.953,24.583,24.913,25.817,26.53,25.078,25.377,26.303,27.058,27.659,28.68,27.578,26.748,27.833,27.339,28.52,28.795,28.564,27.846,27.656,28.549,28.774,27.467,27.277,28.125,28.199,27.54,28.19,29.542,30.049,30.332,29.61,29.086,28.189,27.708,28.259,27.817,26.276,25.845,25.455,24.258,25.653,26.786,27.66,28.725,27.845,26.163,24.196,24.948,25.524,26.482,26.837,26.377,25.311,23.494,25.076,26.335,26.717,26.677,26.99,26.617,16.853,16.723,17.438,17.88,18.096,18.288,18.579,18.515,18.798,19.057,19.411,19.526,19.557,19.392,18.766,18.893,18.373,19.045,19.255,19.303,19.046,18.33,18.223,17.806,18.421,19.002,19.063,19.197,18.457,18.715,19.027,18.559,18.439,18.547,18.214,17.633,17.987,18.15,18.218,18.105,17.464,16.387,14.871,14.58,15.592,16.048,16.46,16.692,17.052,16.481,16.844,17.225,17.363,17.604,17.233,16.747,15.609,15.655,15.883,15.935,15.546,17.076,16.765,16.231,16.4,16.295,17.018,17.504,17.789,17.565,16.971,17.837,18.153,18.189,18.012,18.247,18.216,17.287,17.424,18.122,18.513,18.635,19.096,18.616,17.755,18.399,18.762,18.717,18.535,18.896,19.17,18.523,17.908,18.231,18.703,18.687,18.747,18.262,17.469,18.063,18.044,18.36,18.47,18.74,19.0,18.148,18.309,18.936,19.127,19.141,19.233,19.373,18.957,19.02,19.288,19.17,17.879,16.71,17.249,17.761,17.31,17.537,17.558,18.566,18.819,19.42,19.364,18.919,19.043,19.373,19.851,19.579,19.611,19.702,18.79,19.684,20.012,19.757,19.712,19.978,19.848,19.327,19.867,20.051,19.985,20.318,20.484,20.081,19.655,20.502,20.286,17.918,17.024,17.087,17.438,17.27,16.596,16.932,15.989,15.601,16.191,17.128,17.328,16.889,17.772,17.859,17.813,17.426,16.465,15.574,14.459,15.568,16.171,16.599,16.935,17.03,17.427,16.761,17.399,17.604,17.693,17.607,16.937,19.8,19.543,20.39,21.243,21.317,21.449,21.768,21.283,20.742,21.606,22.036,22.197,22.469,22.246,22.033,21.23,21.789,22.381,22.155,21.874,21.428,20.841,19.15,20.378,21.336,21.358,21.547,21.52,20.709,18.887,18.456,19.168,19.96,20.005,20.637,20.938,20.163,20.989,21.679,21.92,22.254,22.094,21.771,20.621,21.011,21.801,22.366,21.82,22.799,22.552,21.75,22.326,22.48,21.076,20.065,19.222,19.757,20.57,21.561,21.937,21.443,21.973,22.378,23.262,21.567,22.651,22.881,23.363,23.674,23.488,22.597,21.63,22.519,22.403,21.991,22.29,22.892,22.475,21.402,22.099,22.236,22.602,22.741,22.703,21.98,20.14,20.24,20.854,20.639,20.121,19.668,19.585,19.403,20.731,20.849,20.321,19.616,19.936,19.252,19.038,20.64,20.653,21.0,20.687,20.549,20.145,19.586,20.272,20.142,19.677,20.215,20.44,19.497,18.547,19.617,19.786,18.929,18.501,17.994,17.465,17.595,18.76,19.744,19.451,19.713,20.428,20.992,19.843,20.079,20.812,21.41,21.885,22.693,21.821,21.164,22.022,21.632,22.566,22.784,22.601,22.033,21.883,22.589,22.767,21.733,21.583,22.253,22.312,21.791,22.305,23.375,23.776,24.0,21.069,20.696,20.058,19.715,20.108,19.793,18.697,18.39,18.112,17.261,18.253,19.059,19.681,20.439,19.813,18.616,17.217,17.752,18.161,18.843,19.096,18.769,18.01,16.717,17.843,18.738,19.01,18.982,19.205,18.94,16.853,16.723,17.438,17.88,18.096,18.288,18.579,18.515,18.798,19.057,19.411,19.526,19.557,19.392,18.766,18.893,18.373,19.045,19.255,19.303,19.046,18.33,18.223,17.806,18.421,19.002,19.063,19.197,18.457,18.715,19.027,18.559,18.439,18.547,18.214,17.633,17.987,18.15,18.218,18.105,17.464,16.387,14.871,14.58,15.592,16.048,16.46,16.692,17.052,16.481,16.844,17.225,17.363,17.604,17.233,16.747,15.609,15.655,15.883,15.935,15.546,17.076,16.765,16.231,16.4,16.295,17.018,17.504,17.789,17.565,16.971,17.837,18.153,18.189,18.012,18.247,18.216,17.287,17.424,18.122,18.513,18.635,19.096,18.616,17.755,18.399,18.762,18.717,18.535,18.896,19.17,18.523
Guntur_185,9.729,9.795,9.98,10.005,9.634,9.688,9.899,9.912,9.714,9.606,9.781,9.785,9.904,9.728,9.445,9.394,9.832,9.789,9.393,9.793,9.864,9.644,9.752,9.988,10.096,9.635,9.945,10.09,10.167,10.235,10.151,10.526,10.021,10.342,10.609,10.611,10.602,10.72,10.351,10.124,10.297,10.345,10.452,10.822,10.805,10.911,10.454,10.71,10.929,10.884,10.647,10.278,10.365,10.093,10.432,10.617,10.733,10.603,10.541,10.422,9.305,9.57,9.676,9.524,9.374,9.431,9.559,9.279,9.209,8.54,8.873,9.413,9.47,9.409,9.048,9.363,9.661,9.62,10.663,10.507,10.135,9.972,9.796,10.193,10.555,10.672,10.63,10.574,10.245,9.977,9.955,10.359,10.589,10.661,10.593,10.182,10.695,10.747,10.692,10.761,10.842,10.64,10.387,10.978,10.777,10.7,10.388,10.312,10.212,9.869,10.486,10.541,10.282,10.445,10.554,10.452,10.248,10.627,10.638,10.657,10.473,10.558,10.583,10.429,10.734,10.693,10.824,11.112,11.099,11.03,10.592,10.423,10.511,10.472,10.387,10.446,10.325,10.358,9.696,10.153,10.457,10.134,9.997,10.259,10.419,9.961,10.198,10.372,10.668,10.639,10.396,10.155,9.155,9.271,9.246,9.498,9.426,9.485,9.306,9.892,10.07,10.2,10.075,10.102,9.808,9.472,9.95,9.941,10.097,10.236,10.025,9.961,9.575,10.124,10.386,10.256,10.254,9.905,9.693,9.4,9.843,10.335,0.0,0.0,0.0,0.0,0.0,0.0,0.0,0.0,0.0,0.0,0.0,0.0,0.0,0.0,0.0,0.0,0.0,0.0,0.0,0.0,0.0,0.0,0.0,0.0,0.0,0.0,0.0,0.0,0.0,0.0,0.0,0.0,0.0,0.0,0.0,0.0,0.0,0.0,0.0,0.0,0.0,0.0,0.0,0.0,0.0,0.0,0.0,0.0,0.0,0.0,0.0,0.0,0.0,0.0,0.0,0.0,0.0,0.0,0.0,0.0,0.0,0.0,9.759,9.793,9.797,9.986,10.064,9.536,9.639,9.907,10.351,10.205,10.072,9.749,9.453,9.557,9.719,9.856,9.669,9.598,9.857,9.423,9.592,9.462,9.295,9.589,9.636,9.207,8.903,9.589,9.793,9.712,8.695,8.64,8.895,8.617,8.779,9.041,9.342,9.472,9.475,9.195,8.688,8.778,8.914,8.532,8.68,8.777,8.973,8.741,8.947,8.956,8.921,8.751,8.531,8.519,8.085,8.247,8.673,8.843,9.042,9.211,9.138,10.24,10.598,10.711,10.676,10.567,10.806,10.649,10.22,10.43,10.394,10.32,10.501,10.31,9.385,9.118,9.185,9.788,10.07,10.241,10.318,10.237,10.065,10.555,10.512,10.224,9.633,9.655,9.843,10.018,10.369,10.977,11.138,11.023,11.13,11.062,10.585,10.796,10.982,10.785,10.958,11.053,10.841,10.551,10.849,11.142,11.153,11.257,11.414,11.221,11.063,11.36,11.641,11.789,11.613,11.596,11.776,11.329,11.668,11.793,11.73,11.73,12.184,11.829,11.418,11.73,11.823,11.869,11.709,11.85,11.62,11.576,12.047,12.113,12.07,11.928,11.951,12.191,12.043,12.171,12.577,12.827,13.047,12.98,12.779,12.332,12.443,12.016,12.333,12.487,12.724,12.698,12.325,11.558,11.7,11.793,11.577,11.62,11.534,11.211,11.334,11.597,11.817,11.871,11.877,11.822,11.542,11.728,11.728,11.686,11.582,11.452,11.455,11.264,11.702,11.894,12.071,12.111,12.191,12.133,11.941,12.506,12.57,12.528,12.482,12.762,12.689,12.194,12.48,12.719,12.854,12.723,12.285,12.062,12.056,12.506,12.599,12.79,12.977,12.938,12.801,12.396,12.527,12.215,12.507,12.707,12.531,12.594,12.121,11.428,11.617,12.158,12.682,13.007,13.11,12.829,13.171,13.167,13.178,13.485,13.355,13.324,12.845,13.26,13.345,12.85,12.906,13.013,12.696,12.608,12.858,13.098,12.681,12.43,12.302,12.496,12.246,12.707,12.897,12.843,12.897,12.821,12.521,12.286,12.361,12.42,12.181,12.32,12.582,12.492,12.223,12.462,12.159,11.762,11.421,11.808,11.721,10.846,10.904,10.654,10.679,10.601,10.749,11.121,11.349,11.607,11.422,11.208,11.252,11.68,11.958,11.277,11.838,10.351,11.144,11.361,11.396,11.124,10.609,10.932,10.756,10.724,10.493,10.146,10.12,9.629,10.498,10.548,10.818,10.889,10.967,10.502,9.969,10.8,11.209,11.824,11.359,11.309,10.998,11.264,12.104,12.513,12.245,14.267,13.775,13.815,13.984,14.781,15.057,14.95,14.665,14.447,14.711,13.725,13.577,13.43,13.251,13.479,14.123,14.25,12.928,11.947,11.96,11.713,12.062,12.701,12.431,12.235,12.634,12.521,11.79,12.019,11.957,11.776,21.548,23.531,24.184,24.58,25.43,25.788,26.629,26.467,26.981,27.024,27.071,27.453,27.685,26.996,26.308,24.735,28.186,27.717,26.986,26.788,26.272,25.148,26.222,26.401,26.525,26.75,27.115,26.873,25.901,26.341,26.171,0.0,0.0,0.0,0.0,0.0,0.0,0.0,0.0,0.0,0.0,0.0,0.0,0.0,0.0,0.0,0.0,0.0,0.0,0.0,0.0,0.0,0.0,0.0,0.0,0.0,0.0,0.0,0.0,0.0,0.0,13.615,13.123,12.803,13.393,13.683,13.954,13.961,14.099,13.896,13.456,14.095,14.242,14.266,14.065,13.626,13.801,13.077,12.767,13.327,13.453,13.368,13.286,13.46,12.645,13.159,13.27,13.238,13.142,13.311,13.177,12.966,11.92,11.919,11.786,10.888,10.546,11.279,11.058,11.656,11.97,12.391,12.052,12.311,12.219,12.019,12.181,12.16,12.299,12.407,12.093,12.1,11.583,12.249,12.436,12.509,12.397,12.304,12.132,11.475,11.689,11.743,11.477,11.152,11.374,11.398,11.155,11.526,11.755,11.723,11.85,11.669,11.566,11.088,11.633,12.018,11.984,11.868,11.807,11.789,11.2,12.004,12.362,12.575,12.701,12.795,12.667,12.287,12.547,12.289,11.991,11.867,12.072,12.972,12.477,13.179,13.541,13.747,13.485,13.43,12.963,12.379,12.792,12.865,12.928,13.185,12.935,12.61,12.604,13.206,13.616,13.625,13.559,13.682,12.952,12.743,13.451,13.531,13.102,13.325,13.516,13.571,13.557,13.806,11.837,11.884,11.428,11.625,11.765,11.596,11.801,12.128,11.91,11.659,11.723,11.694,11.553,11.628,11.708,11.877,11.775,11.835,11.733,11.537,11.834,11.799,11.814,12.146,11.889,11.696,11.259,11.757,11.386,11.153,11.088,11.397,11.581,11.298,11.253,11.335,11.447,11.65,11.802,11.774,11.486,11.743,11.82,11.981,11.936,11.272,11.353,11.576,11.903,12.001,12.069,12.178,12.127,12.045,11.672,11.888,12.001,12.222,12.296,12.475,12.461,12.074,12.504,12.633,12.4,12.597,12.525,12.572,12.175,12.42,12.601,12.626,12.503,12.374,12.553,11.979,12.306,12.522,12.428,12.476,12.504,12.489,12.094,12.516,12.665,12.794,12.71,12.596,12.27,11.782,12.073,12.031,12.317,12.305,12.631,12.553,11.991,12.175,11.987,12.041,12.026,11.913,11.797,11.473,11.938,12.223,12.566,12.445,11.925,10.875,10.106,9.984,10.869,11.679,11.753,11.576,11.476,11.378,12.015,12.189,13.258,13.392,13.376,13.225,12.902,13.257,13.346,13.063,12.94,13.254,13.121,12.74,13.365,13.553,13.191,12.897,12.709,12.404,11.514,11.547,11.645,12.571,13.059,12.907,12.651,12.283,12.999,13.182,12.656,11.784,11.659,11.857,11.556,12.423,12.476,12.462,12.503,12.267,11.754,11.011,11.429,11.456,11.634,11.462,11.49,11.513,11.015,11.85,12.032,11.818,11.094,11.429,11.135,10.349,11.135,11.865,12.001,11.908,12.118,11.724,11.026,11.464,11.756,12.241,12.232,11.805,11.456,10.898,11.166,11.154,11.149,10.508,11.078,11.498,10.719,10.165,10.887,11.514,11.91,11.767,11.618,11.117,11.722,12.017,11.908,12.107,12.503,12.094,11.581,12.418,12.743,12.66,12.052,12.167,12.105,11.394,11.976,12.165,12.214,12.049,11.736,11.439,10.682,10.852,10.898,10.904,10.738,10.203,10.55,10.627,11.226,11.207,11.069,10.607,10.439,10.301,10.335,11.251,11.338,11.3,11.462,11.491,11.342,10.835,11.497,11.843,11.227,11.389,11.334,11.399,11.019,11.369,11.266,11.458,11.47,11.374,11.21,10.823,11.686,11.799,11.819,11.781,11.629,11.322,10.647,10.042,9.831,10.535,11.116,11.344,11.402,11.088,11.204,13.03,13.197,13.083,13.295,13.248,12.974,13.164,13.267,13.27,13.264,13.277,12.879,12.565,12.66,12.995,13.19,13.288,13.406,13.448,12.926,13.399,13.587,13.556,13.55,13.554,13.567,13.268,13.609,13.441,13.457,13.45,13.648,13.671,13.192,13.472,13.782,13.946,13.608,13.508,12.986,12.64,13.308,13.328,13.409,13.659,13.933,14.036,13.722,14.261,14.309,14.197,14.256,14.49,14.396,13.903,14.184,14.452,14.682,14.734,14.565,14.411,13.263,13.622,13.567,13.339,13.507,13.606,13.686,13.561,13.78,13.8,13.924,13.96,14.04,13.542,13.003,13.37,13.641,13.9,13.777,13.948,13.783,13.384,13.485,13.723,13.62,12.729,13.14,13.53,13.186,13.36,13.375,11.398,11.553,11.923,11.888,11.615,11.691,11.894,12.187,12.021,12.04,12.096,11.536,12.085,12.286,12.13,12.102,12.265,12.185,11.866,12.197,12.31,12.27,12.474,12.576,12.328,12.067,12.587,12.454,12.648,12.696,12.956,12.832,12.331,12.58,11.88,11.591,12.03,12.726,12.875,12.548,13.205,13.269,13.235,12.947,12.233,11.571,10.743,11.567,12.015,12.333,12.582,12.653,12.948,12.454,12.928,13.079,13.146,13.082,12.584,11.248,11.102,11.583,12.068,12.11,12.185,12.366,12.09,11.783,12.274,12.519,12.61,12.764,12.637,12.516,12.06,12.378,12.714,12.586,12.426,12.173,11.839,10.879,11.577,12.121,12.133,12.241,12.225,11.765,10.729,10.591,11.0,11.454,11.48,11.843,12.015,11.57,12.044,12.44,12.579,12.771,12.679,12.493,11.834,12.057,12.51,12.835,12.522,13.083,12.942,12.481,12.812,12.9,12.095,11.514,11.03,11.338,11.804,12.373,12.589,12.305,11.889,12.108,12.586,11.67,12.256,12.381,12.641,12.81,12.709,12.227,11.703,12.185,12.122,11.899,12.06,12.386,12.161,11.58,11.957,12.031,12.229,12.305,12.284,11.893,10.898,10.951,11.284,11.167,10.887,10.642,12.738,12.62,13.484,13.561,13.217,12.759,12.966,12.522,12.382,13.425,13.433,13.659,13.455,13.365,13.102,12.739,13.186,13.101,12.798,13.148,13.294,12.681,12.063,12.76,12.869,12.312,12.033,11.704,11.36,11.444,12.202,0.0,0.0,0.0,0.0,0.0,0.0,0.0,0.0,0.0,0.0,0.0,0.0,0.0,0.0,0.0,0.0,0.0,0.0,0.0,0.0,0.0,0.0,0.0,0.0,0.0,0.0,0.0,0.0,0.0,0.0,0.0,11.59,11.385,11.034,10.845,11.061,10.888,10.285,10.116,9.964,9.495,10.041,10.485,10.827,11.243,10.899,10.241,9.471,9.765,9.991,10.366,10.505,10.325,9.907,9.196,9.815,10.308,10.458,10.442,10.564,10.419,11.163,11.077,11.551,11.843,11.987,12.114,12.306,12.264,12.451,12.623,12.857,12.934,12.954,12.845,12.43,12.514,12.17,12.615,12.754,12.786,12.616,12.142,12.07,11.795,12.202,12.587,12.627,12.716,12.225,12.397,12.603,12.396,12.316,12.387,12.165,11.777,12.013,12.123,12.168,12.093,11.664,10.945,9.933,9.738,10.414,10.719,10.994,11.149,11.389,11.008,11.25,11.505,11.597,11.758,11.51,11.186,10.425,10.456,10.608,10.643,10.383,11.706,11.493,11.127,11.243,11.171,11.666,12.0,12.195,12.041,11.635,12.228,12.445,12.469,12.348,12.509,12.488,11.851,11.945,12.423,12.692,12.775,13.091,12.762,12.171,12.613,12.862,12.831,12.707,12.954,13.142,12.698,15.835,16.121,16.538,16.524,16.577,16.148,15.447,15.972,15.956,16.235,16.332,16.571,16.8,16.047,16.189,16.744,16.913,16.926,17.007,17.131,16.763,16.818,17.055,16.951,15.81,14.775,15.253,15.705,15.306,15.507,15.526,12.228,12.395,12.791,12.754,12.461,12.543,12.76,13.075,12.896,12.917,12.977,12.376,12.965,13.181,13.013,12.983,13.159,13.073,12.73,13.085,13.207,13.163,13.382,13.492,13.226,12.946,13.504,13.361,11.801,11.71,11.753,11.995,11.879,11.416,11.647,10.998,10.731,11.137,11.781,11.919,11.617,12.225,12.284,12.252,11.986,11.325,10.712,9.946,10.709,11.123,11.417,11.649,11.714,11.987,11.529,11.968,12.109,12.17,12.111,11.65,11.068,10.924,11.398,11.874,11.915,11.989,12.168,11.896,11.594,12.077,12.318,12.407,12.559,12.435,12.316,11.867,12.179,12.51,12.384,12.227,11.977,11.649,10.704,11.391,11.926,11.939,12.044,12.029,11.576,10.557,10.602,11.011,11.466,11.492,11.855,12.028,11.582,12.057,12.453,12.591,12.783,12.691,12.506,11.846,12.069,12.523,12.848,12.534,13.096,12.955,12.494,12.825,12.913,12.107,11.526,11.041,11.349,11.816,12.385,12.602,12.318,11.889,12.108,12.586,11.67,12.256,12.381,12.641,12.81,12.709,12.227,11.703,12.185,12.122,11.899,12.06,12.386,12.161,11.58,11.957,12.031,12.229,12.305,12.284,11.893,10.898,10.951,11.284,11.167,10.887,10.642,11.25,11.146,11.908,11.976,11.673,11.268,11.452,11.059,10.936,11.856,11.864,12.063,11.883,11.804,11.572,11.251,11.645,11.57,11.303,11.612,11.741,11.2,10.654,11.269,11.366,10.874,10.627,10.336,10.032,10.107,10.777,10.787,10.627,10.77,11.161,11.469,10.841,10.971,11.371,11.697,11.957,12.399,11.922,11.563,12.032,11.819,12.329,12.448,12.348,12.038,11.956,12.342,12.439,11.874,11.792,12.158,12.19,11.906,12.186,12.771,12.99,13.112,15.638,15.361,14.887,14.633,14.924,14.691,13.877,13.649,13.443,12.811,13.548,14.146,14.608,15.17,14.705,13.817,12.778,13.175,13.479,13.986,14.173,13.93,13.367,12.407,13.243,13.908,14.11,14.088,14.254,14.057,11.163,11.077,11.551,11.843,11.987,12.114,12.306,12.264,12.451,12.623,12.857,12.934,12.954,12.845,12.43,12.514,12.17,12.615,12.754,12.786,12.616,12.142,12.07,11.795,12.202,12.587,12.627,12.716,12.225,12.397,12.603,12.396,12.316,12.387,12.165,11.777,12.013,12.123,12.168,12.093,11.664,10.945,9.933,9.738,10.414,10.719,10.994,11.149,11.389,11.008,11.25,11.505,11.597,11.758,11.51,11.186,10.425,10.456,10.608,10.643,10.383,11.706,11.493,11.127,11.243,11.171,11.666,12.0,12.195,12.041,11.635,12.228,12.445,12.469,12.348,12.509,12.488,11.851,11.945,12.423,12.692,12.775,13.091,12.762,12.171,12.613,12.862,12.831,12.707,12.954,13.142,12.698
Guntur_186,10.233,10.304,10.498,10.524,10.133,10.191,10.413,10.427,10.218,10.104,10.289,10.293,10.418,10.233,9.935,9.881,10.342,10.297,9.88,10.301,10.375,10.144,10.258,10.506,10.62,10.135,10.461,10.614,10.694,10.766,10.678,9.032,8.598,8.873,9.103,9.104,9.096,9.198,8.882,8.687,8.835,8.876,8.968,9.286,9.271,9.362,8.97,9.19,9.378,9.339,9.136,8.819,8.894,8.66,8.951,9.109,9.209,9.098,9.045,8.942,8.653,8.899,8.997,8.856,8.716,8.769,8.888,8.628,8.563,7.941,8.251,8.753,8.806,8.749,8.413,8.706,8.983,8.945,9.915,9.77,9.424,9.273,9.108,9.478,9.815,9.923,9.884,9.832,9.526,9.277,9.257,9.581,9.793,9.86,9.797,9.417,9.891,9.939,9.888,9.952,10.027,9.84,9.606,10.153,9.967,9.896,9.607,9.537,9.444,9.127,9.698,9.749,9.509,9.66,9.761,9.666,9.478,9.828,9.838,9.856,9.686,10.069,10.093,9.946,10.237,10.198,10.323,10.597,10.585,10.519,10.102,9.94,10.025,9.987,9.906,9.963,9.847,9.878,9.247,9.682,9.973,9.665,9.534,9.784,9.937,9.5,9.726,9.891,10.175,10.146,9.915,9.685,8.055,8.157,8.135,8.357,8.293,8.345,8.188,8.703,8.86,8.974,8.864,8.888,8.629,8.334,8.754,8.747,8.884,9.006,8.821,8.764,8.425,8.908,9.138,9.024,9.022,8.715,8.528,8.27,8.66,9.093,0.0,0.0,0.0,0.0,0.0,0.0,0.0,0.0,0.0,0.0,0.0,0.0,0.0,0.0,0.0,0.0,0.0,0.0,0.0,0.0,0.0,0.0,0.0,0.0,0.0,0.0,0.0,0.0,0.0,0.0,0.0,0.0,0.0,0.0,0.0,0.0,0.0,0.0,0.0,0.0,0.0,0.0,0.0,0.0,0.0,0.0,0.0,0.0,0.0,0.0,0.0,0.0,0.0,0.0,0.0,0.0,0.0,0.0,0.0,0.0,0.0,0.0,9.545,9.577,9.581,9.766,9.842,9.326,9.427,9.689,10.123,9.98,9.85,9.535,9.245,9.347,9.505,9.639,9.456,9.387,9.64,9.216,9.381,9.254,9.09,9.378,9.424,9.005,8.707,9.378,9.578,9.499,8.703,8.648,8.904,8.626,8.787,9.05,9.352,9.481,9.484,9.204,8.696,8.787,8.923,8.54,8.688,8.786,8.982,8.75,8.956,8.964,8.93,8.759,8.539,8.528,8.093,8.256,8.682,8.852,9.051,9.221,9.147,9.512,9.844,9.95,9.917,9.816,10.038,9.892,9.494,9.689,9.655,9.587,9.755,9.577,8.718,8.47,8.532,9.092,9.354,9.513,9.585,9.509,9.349,9.805,9.765,9.497,8.949,8.968,9.144,9.306,9.632,10.961,11.122,11.006,11.114,11.046,10.569,10.78,10.966,10.769,10.942,11.036,10.825,10.535,10.834,11.126,11.137,11.241,11.397,11.205,11.047,11.344,11.624,11.771,11.596,11.579,11.759,11.313,11.651,11.776,11.712,11.713,11.186,10.86,10.483,10.769,10.855,10.897,10.75,10.879,10.668,10.628,11.061,11.121,11.082,10.952,10.972,11.193,11.057,11.174,11.547,11.776,11.979,11.917,11.733,11.322,11.424,11.032,11.323,11.465,11.682,11.658,11.315,10.157,10.282,10.364,10.174,10.211,10.136,9.852,9.96,10.191,10.384,10.432,10.437,10.389,10.143,10.306,10.307,10.27,10.178,10.064,10.067,9.898,10.284,10.452,10.608,10.643,10.713,10.662,10.493,11.479,11.537,11.498,11.456,11.713,11.646,11.192,11.455,11.674,11.798,11.677,11.275,11.071,11.065,11.479,11.563,11.739,11.911,11.875,11.749,11.377,11.498,11.211,11.479,11.663,11.501,11.56,11.125,10.489,10.662,11.159,10.724,10.999,11.086,10.848,11.138,11.134,11.143,11.403,11.293,11.267,10.862,11.213,11.284,10.866,10.914,11.004,10.736,10.662,10.873,11.076,10.723,10.511,10.403,10.567,10.355,10.745,10.906,10.86,10.906,10.841,13.272,13.023,13.102,13.165,12.911,13.058,13.336,13.241,12.956,13.209,12.888,12.467,12.106,12.516,12.424,11.497,11.558,11.292,11.319,11.237,11.394,11.787,12.03,12.303,12.107,11.88,11.926,12.381,12.675,11.953,12.548,10.787,11.614,11.84,11.876,11.593,11.056,11.392,11.209,11.176,10.935,10.573,10.547,10.034,10.94,10.993,11.274,11.348,11.429,10.944,10.389,11.255,11.681,12.322,11.837,11.785,11.461,11.738,12.614,13.04,12.76,12.181,11.761,11.796,11.94,12.62,12.856,12.764,12.521,12.336,12.56,11.719,11.592,11.467,11.314,11.509,12.059,12.167,11.038,10.2,10.212,10.001,10.299,10.845,10.614,10.447,10.787,10.691,10.067,10.263,10.209,10.055,14.028,15.32,15.744,16.002,16.556,16.789,17.337,17.231,17.566,17.593,17.624,17.873,18.024,17.575,17.128,16.104,18.35,18.045,17.569,17.44,17.104,16.372,17.071,17.188,17.269,17.415,17.653,17.495,16.862,17.149,17.038,0.0,0.0,0.0,0.0,0.0,0.0,0.0,0.0,0.0,0.0,0.0,0.0,0.0,0.0,0.0,0.0,0.0,0.0,0.0,0.0,0.0,0.0,0.0,0.0,0.0,0.0,0.0,0.0,0.0,0.0,10.452,10.075,9.829,10.282,10.505,10.713,10.718,10.824,10.668,10.331,10.821,10.934,10.953,10.798,10.461,10.596,10.04,9.802,10.231,10.328,10.263,10.2,10.334,9.708,10.103,10.188,10.163,10.089,10.219,10.117,9.954,12.342,12.342,12.204,11.274,10.92,11.679,11.45,12.069,12.395,12.831,12.479,12.747,12.653,12.446,12.613,12.592,12.735,12.847,12.522,12.529,11.993,12.684,12.877,12.953,12.837,12.74,12.562,11.881,12.104,12.16,10.599,10.3,10.505,10.527,10.303,10.645,10.857,10.827,10.945,10.777,10.682,10.24,10.744,11.1,11.068,10.961,10.905,10.888,10.344,11.087,11.417,11.614,11.73,11.817,11.699,11.348,11.588,11.35,11.075,10.96,11.15,12.089,11.627,12.281,12.619,12.811,12.567,12.515,12.08,11.536,11.921,11.989,12.047,12.287,12.054,11.751,11.746,12.307,12.689,12.697,12.635,12.75,12.07,11.875,12.535,12.61,12.21,12.418,12.596,12.647,12.634,12.866,11.293,11.338,10.903,11.091,11.224,11.063,11.259,11.571,11.363,11.123,11.184,11.157,11.022,11.093,11.169,11.331,11.234,11.291,11.193,11.006,11.29,11.256,11.271,11.588,11.342,11.159,10.742,11.216,11.254,11.023,10.958,11.264,11.446,11.166,11.122,11.203,11.314,11.514,11.664,11.636,11.352,11.606,11.682,11.841,11.797,11.14,11.221,11.441,11.764,11.861,11.928,12.036,11.985,11.905,11.536,11.75,11.861,12.08,12.153,12.066,12.053,11.679,12.094,12.219,11.994,12.184,12.114,12.16,11.776,12.012,12.188,12.212,12.093,11.968,12.141,11.587,11.902,12.111,12.02,12.067,12.094,12.079,11.697,12.106,12.25,12.375,12.293,12.183,11.868,11.144,11.419,11.38,11.65,11.639,11.947,11.873,11.342,11.516,11.338,11.389,11.375,11.268,11.158,10.851,11.291,11.562,11.885,11.771,11.279,10.286,9.559,9.443,10.281,11.046,11.116,10.949,10.855,10.762,11.365,11.529,13.258,13.392,13.376,13.225,12.902,13.257,13.346,13.063,12.94,13.254,13.121,12.74,13.365,13.553,13.191,12.897,12.709,12.404,11.514,11.547,11.645,12.571,13.059,12.907,12.651,12.283,12.999,13.182,12.656,11.784,11.659,11.857,11.556,12.423,12.476,12.462,12.503,12.267,11.754,11.011,11.429,11.456,11.634,11.462,11.49,11.513,11.015,11.85,12.032,11.818,11.094,11.429,11.135,10.349,11.135,11.865,12.001,11.908,12.118,11.724,11.026,11.464,11.756,12.241,12.232,11.805,11.456,10.898,11.166,11.154,11.149,10.508,11.078,11.498,10.719,10.165,10.887,11.514,11.91,11.767,11.618,11.117,11.722,12.017,11.908,12.107,12.503,12.094,11.581,12.418,12.743,12.66,12.497,12.616,12.551,11.814,12.418,12.613,12.665,12.493,12.169,11.861,11.076,11.253,11.3,11.306,11.134,10.58,10.939,11.019,11.64,11.62,11.477,10.999,10.824,10.681,10.716,11.666,11.756,11.717,11.884,11.915,9.386,8.966,9.514,9.8,9.29,9.424,9.378,9.433,9.118,9.408,9.322,9.481,9.491,9.412,9.276,8.956,9.67,9.764,9.78,9.748,9.623,9.369,8.811,8.309,8.135,8.717,9.198,9.387,9.435,9.175,9.271,11.483,11.63,11.53,11.716,11.675,11.434,11.601,11.691,11.694,11.689,11.7,11.35,11.073,11.157,11.452,11.624,11.711,11.814,11.852,11.391,11.808,11.974,11.947,11.942,11.945,11.956,11.693,11.993,11.845,11.859,13.127,13.32,13.343,12.875,13.149,13.451,13.611,13.281,13.184,12.674,12.337,12.988,13.008,13.087,13.331,13.599,13.699,13.393,13.919,13.965,13.857,13.914,14.142,14.051,13.57,13.843,14.105,14.329,14.381,14.216,14.065,12.005,12.331,12.281,12.074,12.226,12.316,12.388,12.275,12.473,12.491,12.604,12.637,12.709,12.258,11.77,12.102,12.348,12.582,12.471,12.626,12.476,12.115,12.206,12.422,12.329,11.522,11.894,12.247,11.936,12.093,12.107,10.535,10.679,11.02,10.988,10.735,10.806,10.993,11.265,11.11,11.128,11.18,10.662,11.17,11.356,11.211,11.186,11.337,11.263,10.967,11.274,11.378,11.341,11.529,11.624,11.395,11.153,11.634,11.511,11.409,11.452,11.687,11.574,11.122,11.348,10.715,10.455,10.851,11.479,11.613,11.318,11.911,11.969,11.938,11.678,11.035,10.437,9.69,10.434,10.837,11.124,11.349,11.413,11.679,11.233,11.661,11.798,11.857,11.8,11.351,10.072,9.941,10.372,10.806,10.844,10.911,11.073,10.827,10.551,10.991,11.21,11.292,11.43,11.316,11.208,10.8,11.084,11.385,11.27,11.127,10.9,10.602,9.742,10.366,10.853,10.865,10.961,10.947,10.535,9.608,8.811,9.151,9.529,9.551,9.852,9.996,9.626,10.02,10.349,10.465,10.624,10.548,10.393,9.845,10.031,10.408,10.678,10.417,10.884,10.767,10.383,10.658,10.732,10.062,9.579,9.176,9.432,9.82,10.293,10.473,10.237,10.394,10.585,11.003,10.202,10.714,10.823,11.051,11.198,11.11,10.689,10.231,10.652,10.597,10.402,10.543,10.828,10.631,10.123,10.453,10.518,10.691,10.757,10.739,10.397,9.527,9.574,9.865,9.763,9.518,9.303,9.409,9.322,9.96,10.017,9.763,9.424,9.578,9.25,9.147,9.917,9.923,10.09,9.939,9.873,9.678,9.41,9.74,9.677,9.454,9.712,9.82,9.367,8.911,9.425,9.506,9.095,8.889,8.645,8.391,8.454,9.013,0.0,0.0,0.0,0.0,0.0,0.0,0.0,0.0,0.0,0.0,0.0,0.0,0.0,0.0,0.0,0.0,0.0,0.0,0.0,0.0,0.0,0.0,0.0,0.0,0.0,0.0,0.0,0.0,0.0,0.0,0.0,9.923,9.747,9.447,9.285,9.47,9.322,8.806,8.661,8.53,8.129,8.597,8.976,9.269,9.626,9.331,8.768,8.109,8.361,8.554,8.875,8.994,8.839,8.482,7.873,8.403,8.825,8.953,8.94,9.045,8.92,9.959,9.882,10.305,10.566,10.694,10.807,10.979,10.941,11.108,11.261,11.47,11.538,11.557,11.46,11.09,11.164,10.857,11.254,11.378,11.407,11.255,10.832,10.768,10.522,10.885,11.229,11.265,11.344,10.907,11.059,11.244,10.637,10.568,10.63,10.439,10.106,10.309,10.403,10.441,10.377,10.009,9.392,8.523,8.357,8.936,9.198,9.434,9.567,9.773,9.446,9.654,9.872,9.951,10.09,9.877,9.598,8.946,8.972,9.103,9.133,8.91,10.67,10.475,10.142,10.247,10.182,10.634,10.937,11.116,10.976,10.605,11.145,11.343,11.365,11.255,11.402,11.382,10.802,10.888,11.324,11.568,11.644,11.932,11.632,11.094,11.497,11.723,11.696,11.582,11.807,11.978,11.574,13.396,13.638,13.991,13.979,14.024,13.661,13.068,13.512,13.498,13.734,13.816,14.019,14.213,13.576,13.696,14.165,14.308,14.319,14.388,14.492,14.181,14.228,14.428,14.34,13.375,12.5,12.903,13.286,12.949,13.119,13.134,11.022,11.171,11.529,11.495,11.231,11.305,11.501,11.784,11.623,11.642,11.696,11.154,11.685,11.88,11.729,11.702,11.86,11.782,11.473,11.794,11.903,11.864,12.061,12.16,11.921,11.668,12.171,12.042,10.637,10.384,10.423,10.637,10.535,10.124,10.328,9.753,9.516,9.877,10.448,10.57,10.302,10.841,10.894,10.865,10.63,10.044,9.5,8.82,9.496,9.864,10.125,10.33,10.388,10.63,10.224,10.613,10.738,10.792,10.74,10.331,10.011,9.881,10.309,10.74,10.778,10.845,11.006,10.761,10.487,10.924,11.142,11.223,11.36,11.247,11.14,10.734,11.016,11.316,11.202,11.059,10.834,10.537,9.682,10.303,10.787,10.799,10.894,10.88,10.471,9.549,9.637,10.009,10.423,10.446,10.776,10.934,10.529,10.96,11.32,11.446,11.621,11.537,11.368,10.768,10.971,11.384,11.679,11.394,11.905,11.777,11.357,11.658,11.739,11.006,10.478,10.037,10.317,10.741,11.259,11.455,11.197,10.394,10.585,11.003,10.202,10.714,10.823,11.051,11.198,11.11,10.689,10.231,10.652,10.597,10.402,10.543,10.828,10.631,10.123,10.453,10.518,10.691,10.757,10.739,10.397,9.527,9.574,9.865,9.763,9.518,9.303,10.227,10.132,10.825,10.887,10.611,10.243,10.41,10.053,9.941,10.778,10.785,10.966,10.803,10.73,10.519,10.227,10.586,10.518,10.275,10.556,10.673,10.181,9.685,10.244,10.332,9.885,9.661,9.396,9.12,9.188,9.796,10.586,10.429,10.569,10.953,11.255,10.639,10.766,11.159,11.479,11.734,12.167,11.7,11.348,11.808,11.598,12.099,12.216,12.118,11.814,11.733,12.112,12.207,11.653,11.572,11.932,11.963,11.684,11.959,12.533,12.748,12.868,15.638,15.361,14.887,14.633,14.924,14.691,13.877,13.649,13.443,12.811,13.548,14.146,14.608,15.17,14.705,13.817,12.778,13.175,13.479,13.986,14.173,13.93,13.367,12.407,13.243,13.908,14.11,14.088,14.254,14.057,9.959,9.882,10.305,10.566,10.694,10.807,10.979,10.941,11.108,11.261,11.47,11.538,11.557,11.46,11.09,11.164,10.857,11.254,11.378,11.407,11.255,10.832,10.768,10.522,10.885,11.229,11.265,11.344,10.907,11.059,11.244,10.637,10.568,10.63,10.439,10.106,10.309,10.403,10.441,10.377,10.009,9.392,8.523,8.357,8.936,9.198,9.434,9.567,9.773,9.446,9.654,9.872,9.951,10.09,9.877,9.598,8.946,8.972,9.103,9.133,8.91,10.67,10.475,10.142,10.247,10.182,10.634,10.937,11.116,10.976,10.605,11.145,11.343,11.365,11.255,11.402,11.382,10.802,10.888,11.324,11.568,11.644,11.932,11.632,11.094,11.497,11.723,11.696,11.582,11.807,11.978,11.574
Guntur_187,7.237,7.286,7.424,7.442,7.166,7.207,7.363,7.373,7.226,7.145,7.276,7.278,7.367,7.236,7.026,6.988,7.314,7.281,6.987,7.284,7.337,7.173,7.254,7.429,7.51,7.167,7.397,7.505,7.563,7.613,7.551,7.266,6.918,7.139,7.324,7.325,7.319,7.4,7.146,6.989,7.109,7.142,7.215,7.471,7.459,7.532,7.217,7.394,7.545,7.514,7.35,7.095,7.156,6.967,7.201,7.329,7.409,7.32,7.277,7.194,6.879,7.075,7.153,7.04,6.929,6.972,7.066,6.859,6.808,6.313,6.559,6.959,7.001,6.956,6.688,6.922,7.142,7.112,7.883,7.767,7.492,7.372,7.241,7.535,7.803,7.889,7.858,7.817,7.574,7.375,7.359,7.368,7.531,7.583,7.534,7.242,7.607,7.643,7.604,7.654,7.711,7.568,7.388,7.808,7.665,7.611,7.388,7.334,7.263,7.019,7.458,7.497,7.313,7.429,7.506,7.434,7.289,7.558,7.566,7.58,7.449,7.715,7.733,7.62,7.843,7.813,7.909,8.119,8.11,8.06,7.74,7.616,7.681,7.652,7.59,7.633,7.544,7.569,7.085,7.419,7.641,7.405,7.305,7.496,7.614,7.279,7.452,7.579,7.796,7.774,7.597,7.421,5.37,5.438,5.423,5.571,5.529,5.563,5.458,5.802,5.906,5.983,5.909,5.925,5.753,5.556,5.836,5.831,5.923,6.004,5.88,5.843,5.616,5.938,6.092,6.016,6.015,5.81,5.686,5.513,5.773,6.062,0.0,0.0,0.0,0.0,0.0,0.0,0.0,0.0,0.0,0.0,0.0,0.0,0.0,0.0,0.0,0.0,0.0,0.0,0.0,0.0,0.0,0.0,0.0,0.0,0.0,0.0,0.0,0.0,0.0,0.0,0.0,0.0,0.0,0.0,0.0,0.0,0.0,0.0,0.0,0.0,0.0,0.0,0.0,0.0,0.0,0.0,0.0,0.0,0.0,0.0,0.0,0.0,0.0,0.0,0.0,0.0,0.0,0.0,0.0,0.0,0.0,0.0,7.537,7.562,7.566,7.712,7.772,7.364,7.444,7.651,7.994,7.881,7.778,7.529,7.3,7.38,7.505,7.611,7.467,7.412,7.612,7.277,7.408,7.307,7.178,7.405,7.442,7.11,6.876,7.405,7.563,7.5,7.474,7.426,7.646,7.407,7.546,7.772,8.03,8.142,8.144,7.904,7.468,7.545,7.662,7.334,7.461,7.544,7.713,7.514,7.69,7.698,7.668,7.522,7.333,7.323,6.949,7.089,7.455,7.601,7.772,7.918,7.855,6.454,6.68,6.751,6.729,6.661,6.811,6.712,6.442,6.574,6.551,6.505,6.619,6.498,5.915,5.747,5.789,6.169,6.347,6.455,6.504,6.452,6.344,6.653,6.626,6.444,6.072,6.085,6.204,6.314,6.536,8.621,8.747,8.656,8.741,8.687,8.313,8.478,8.624,8.47,8.606,8.68,8.514,8.286,8.52,8.751,8.759,8.841,8.964,8.812,8.688,8.922,9.142,9.258,9.12,9.107,9.248,8.897,9.164,9.262,9.212,9.212,7.892,7.662,7.396,7.598,7.659,7.689,7.585,7.676,7.527,7.499,7.804,7.846,7.819,7.727,7.741,7.897,7.801,7.884,8.147,8.309,8.452,8.408,8.278,7.988,8.06,7.783,7.989,8.089,8.242,8.225,7.984,7.984,8.082,8.147,7.997,8.027,7.968,7.745,7.829,8.011,8.163,8.2,8.205,8.167,7.973,8.101,8.102,8.073,8.001,7.911,7.913,7.781,8.084,8.216,8.339,8.366,8.421,8.382,8.249,8.736,8.78,8.751,8.718,8.914,8.863,8.518,8.717,8.884,8.979,8.887,8.581,8.425,8.421,8.736,8.8,8.934,9.064,9.037,8.942,8.659,8.75,8.532,8.736,8.876,8.753,8.797,8.467,7.982,8.114,8.492,8.043,8.249,8.314,8.136,8.353,8.35,8.358,8.552,8.47,8.45,8.147,8.409,8.463,8.15,8.185,8.253,8.052,7.996,8.155,8.307,8.042,7.883,7.802,7.925,7.766,8.059,8.179,8.145,8.179,8.131,7.298,7.161,7.205,7.239,7.1,7.181,7.333,7.281,7.124,7.263,7.087,6.855,6.657,6.882,6.831,6.322,6.355,6.209,6.224,6.179,6.265,6.482,6.615,6.765,6.657,6.533,6.558,6.808,6.969,6.573,6.9,6.456,6.95,7.085,7.107,6.938,6.616,6.817,6.708,6.688,6.544,6.328,6.312,6.005,6.547,6.579,6.747,6.791,6.839,6.55,6.217,6.736,6.99,7.374,7.084,7.053,6.859,7.025,7.549,7.804,7.636,5.448,5.26,5.276,5.34,5.644,5.75,5.709,5.6,5.517,5.618,5.241,5.185,5.129,5.06,5.147,5.393,5.442,4.937,4.562,4.567,4.473,4.606,4.85,4.747,4.672,4.825,4.782,4.502,4.59,4.566,4.497,14.028,15.32,15.744,16.002,16.556,16.789,17.337,17.231,17.566,17.593,17.624,17.873,18.024,17.575,17.128,16.104,18.35,18.045,17.569,17.44,17.104,16.372,17.071,17.188,17.269,17.415,17.653,17.495,16.862,17.149,17.038,0.0,0.0,0.0,0.0,0.0,0.0,0.0,0.0,0.0,0.0,0.0,0.0,0.0,0.0,0.0,0.0,0.0,0.0,0.0,0.0,0.0,0.0,0.0,0.0,0.0,0.0,0.0,0.0,0.0,0.0,6.713,6.47,6.313,6.603,6.747,6.881,6.884,6.952,6.852,6.635,6.95,7.022,7.034,6.935,6.719,6.805,6.448,6.295,6.571,6.633,6.592,6.551,6.637,6.235,6.489,6.543,6.527,6.48,6.563,6.497,6.393,7.734,7.733,7.647,7.064,6.843,7.318,7.175,7.563,7.767,8.04,7.819,7.988,7.928,7.799,7.903,7.89,7.98,8.05,7.846,7.851,7.515,7.948,8.069,8.117,8.044,7.983,7.872,7.445,7.584,7.619,9.011,8.756,8.931,8.949,8.759,9.05,9.23,9.204,9.304,9.162,9.082,8.706,9.134,9.436,9.409,9.319,9.271,9.257,8.794,9.425,9.706,9.874,9.972,10.046,9.945,9.648,9.852,9.649,9.415,9.318,9.479,8.389,8.069,8.523,8.757,8.89,8.721,8.685,8.383,8.005,8.273,8.32,8.36,8.527,8.365,8.155,8.151,8.541,8.805,8.811,8.769,8.848,8.376,8.241,8.699,8.751,8.473,8.618,8.741,8.776,8.768,8.928,7.909,7.941,7.636,7.767,7.861,7.748,7.885,8.104,7.958,7.79,7.833,7.814,7.719,7.769,7.823,7.936,7.868,7.908,7.839,7.708,7.907,7.884,7.894,8.116,7.944,7.815,7.523,7.856,8.487,8.313,8.265,8.495,8.632,8.421,8.388,8.449,8.533,8.684,8.797,8.776,8.562,8.753,8.811,8.931,8.897,8.402,8.463,8.628,8.873,8.946,8.996,9.078,9.039,8.978,8.7,8.861,8.945,9.111,9.166,10.174,10.163,9.848,10.198,10.303,10.113,10.274,10.215,10.253,9.93,10.129,10.277,10.298,10.197,10.092,10.238,9.77,10.036,10.212,10.136,10.175,10.198,10.186,9.863,10.208,10.329,10.435,10.366,10.273,10.007,7.578,7.765,7.738,7.922,7.914,8.124,8.074,7.713,7.831,7.71,7.745,7.735,7.662,7.587,7.379,7.678,7.862,8.082,8.004,7.67,6.994,6.5,6.421,6.991,7.511,7.559,7.446,7.381,7.318,7.728,7.84,7.721,7.799,7.79,7.702,7.514,7.721,7.772,7.608,7.536,7.719,7.642,7.419,7.784,7.893,7.682,7.511,7.402,7.224,6.705,6.725,6.782,7.321,7.605,7.517,7.368,7.153,7.57,7.677,7.371,6.863,6.79,6.905,6.73,7.235,7.266,7.258,7.281,7.144,6.845,6.413,6.656,6.672,6.776,6.675,6.691,6.705,6.415,6.901,7.008,6.883,6.461,6.656,6.485,6.027,6.485,6.91,6.989,6.935,7.058,6.828,6.421,5.711,5.856,6.098,6.093,5.881,5.707,5.429,5.562,5.556,5.554,5.234,5.518,5.728,5.339,5.064,5.423,5.736,5.933,5.862,5.788,5.538,5.839,5.986,5.932,6.031,6.228,6.025,5.769,6.186,6.348,6.307,7.012,7.079,7.043,6.629,6.968,7.078,7.106,7.01,6.828,6.656,6.215,6.314,6.341,6.344,6.247,5.936,6.138,6.183,6.531,6.52,6.44,6.172,6.073,5.993,6.013,6.546,6.597,6.574,6.669,6.686,8.25,7.88,8.362,8.614,8.166,8.284,8.243,8.291,8.014,8.269,8.194,8.334,8.342,8.273,8.153,7.872,8.5,8.582,8.596,8.568,8.458,8.235,7.744,7.303,7.15,7.662,8.085,8.251,8.293,8.064,8.149,7.366,7.46,7.396,7.515,7.489,7.334,7.441,7.499,7.501,7.498,7.505,7.28,7.103,7.157,7.346,7.456,7.512,7.578,7.602,7.307,7.574,7.681,7.663,7.66,7.662,7.669,7.5,7.693,7.598,7.607,10.296,10.448,10.465,10.099,10.313,10.55,10.676,10.417,10.34,9.941,9.676,10.187,10.203,10.265,10.456,10.666,10.744,10.505,10.917,10.953,10.868,10.913,11.092,11.021,10.643,10.858,11.063,11.239,11.279,11.15,11.032,9.407,9.662,9.623,9.461,9.58,9.651,9.707,9.619,9.774,9.788,9.877,9.902,9.959,9.606,9.223,9.483,9.676,9.859,9.772,9.893,9.777,9.493,9.565,9.734,9.661,9.029,9.32,9.597,9.353,9.476,9.487,7.467,7.569,7.811,7.788,7.609,7.659,7.792,7.984,7.875,7.887,7.924,7.557,7.917,8.049,7.946,7.928,8.035,7.983,7.773,7.99,8.064,8.038,8.172,8.239,8.076,7.905,8.246,8.159,7.81,7.839,8.0,7.923,7.614,7.768,7.335,7.157,7.428,7.858,7.95,7.748,8.154,8.193,8.172,7.995,7.554,7.145,6.634,7.142,7.419,7.615,7.769,7.813,7.995,7.69,7.983,8.076,8.117,8.078,7.77,8.292,8.184,8.539,8.896,8.927,8.982,9.116,8.913,8.686,9.048,9.228,9.295,9.409,9.316,9.227,8.89,9.125,9.372,9.278,9.16,8.973,8.727,8.019,8.534,8.935,8.944,9.023,9.012,8.672,7.909,7.184,7.461,7.77,7.787,8.033,8.15,7.848,8.17,8.438,8.532,8.662,8.6,8.474,8.027,8.178,8.486,8.706,8.494,8.874,8.779,8.466,8.69,8.75,8.204,7.81,7.482,7.691,8.007,8.392,8.539,8.347,7.558,7.697,8.001,7.418,7.791,7.87,8.036,8.143,8.079,7.773,7.44,7.746,7.706,7.564,7.667,7.874,7.731,7.361,7.601,7.648,7.774,7.822,7.809,7.56,6.927,6.962,7.173,7.099,6.921,6.765,9.409,9.322,9.96,10.017,9.763,9.424,9.578,9.25,9.147,9.917,9.923,10.09,9.939,9.873,9.678,9.41,9.74,9.677,9.454,9.712,9.82,9.367,8.911,9.425,9.506,9.095,8.889,8.645,8.391,8.454,9.013,0.0,0.0,0.0,0.0,0.0,0.0,0.0,0.0,0.0,0.0,0.0,0.0,0.0,0.0,0.0,0.0,0.0,0.0,0.0,0.0,0.0,0.0,0.0,0.0,0.0,0.0,0.0,0.0,0.0,0.0,0.0,7.963,7.822,7.581,7.451,7.599,7.481,7.066,6.95,6.845,6.523,6.899,7.203,7.438,7.725,7.488,7.036,6.507,6.709,6.864,7.122,7.217,7.093,6.807,6.318,6.743,7.082,7.185,7.174,7.258,7.158,8.29,8.226,8.577,8.795,8.901,8.996,9.138,9.107,9.246,9.374,9.548,9.604,9.619,9.539,9.231,9.293,9.037,9.368,9.471,9.495,9.368,9.016,8.963,8.758,9.061,9.347,9.376,9.443,9.078,9.205,9.359,8.698,8.642,8.692,8.536,8.264,8.43,8.506,8.538,8.485,8.184,7.68,6.969,6.833,7.307,7.521,7.714,7.823,7.991,7.724,7.894,8.073,8.137,8.25,8.076,7.849,7.315,7.337,7.444,7.468,7.286,7.938,7.793,7.545,7.624,7.575,7.911,8.137,8.27,8.165,7.889,8.292,8.439,8.455,8.373,8.483,8.468,8.036,8.1,8.424,8.606,8.663,8.877,8.654,8.253,8.553,8.722,8.701,8.616,8.784,8.911,8.611,9.407,9.577,9.824,9.816,9.848,9.593,9.176,9.488,9.479,9.644,9.702,9.844,9.98,9.533,9.617,9.947,10.047,10.055,10.103,10.177,9.958,9.991,10.132,10.07,9.392,8.777,9.061,9.329,9.093,9.212,9.223,8.567,8.683,8.961,8.935,8.729,8.787,8.939,9.16,9.034,9.049,9.091,8.67,9.083,9.234,9.116,9.095,9.218,9.158,8.918,9.167,9.252,9.221,9.375,9.452,9.265,9.069,9.46,9.36,8.267,9.046,9.08,9.266,9.177,8.819,8.998,8.497,8.29,8.604,9.102,9.208,8.975,9.444,9.49,9.466,9.26,8.75,8.276,7.684,8.273,8.593,8.821,8.999,9.05,9.261,8.907,9.246,9.355,9.402,9.356,9.0,7.886,7.783,8.121,8.461,8.49,8.543,8.67,8.477,8.261,8.605,8.777,8.841,8.949,8.86,8.775,8.455,8.678,8.914,8.824,8.712,8.534,8.3,7.627,8.116,8.498,8.507,8.582,8.571,8.248,7.522,7.402,7.687,8.005,8.023,8.277,8.397,8.086,8.418,8.694,8.791,8.925,8.861,8.731,8.27,8.426,8.743,8.97,8.751,9.143,9.045,8.723,8.954,9.016,8.453,8.047,7.709,7.924,8.25,8.647,8.798,8.6,7.558,7.697,8.001,7.418,7.791,7.87,8.036,8.143,8.079,7.773,7.44,7.746,7.706,7.564,7.667,7.874,7.731,7.361,7.601,7.648,7.774,7.822,7.809,7.56,6.927,6.962,7.173,7.099,6.921,6.765,7.854,7.781,8.314,8.362,8.15,7.867,7.995,7.721,7.635,8.278,8.283,8.422,8.297,8.241,8.079,7.855,8.13,8.078,7.891,8.107,8.197,7.819,7.438,7.868,7.935,7.592,7.42,7.217,7.004,7.057,7.524,10.586,10.429,10.569,10.953,11.255,10.639,10.766,11.159,11.479,11.734,12.167,11.7,11.348,11.808,11.598,12.099,12.216,12.118,11.814,11.733,12.112,12.207,11.653,11.572,11.932,11.963,11.684,11.959,12.533,12.748,12.868,9.746,9.574,9.278,9.12,9.302,9.156,8.649,8.507,8.379,7.985,8.444,8.817,9.104,9.455,9.165,8.612,7.964,8.212,8.401,8.717,8.834,8.682,8.331,7.733,8.254,8.668,8.794,8.781,8.884,8.761,8.29,8.226,8.577,8.795,8.901,8.996,9.138,9.107,9.246,9.374,9.548,9.604,9.619,9.539,9.231,9.293,9.037,9.368,9.471,9.495,9.368,9.016,8.963,8.758,9.061,9.347,9.376,9.443,9.078,9.205,9.359,8.698,8.642,8.692,8.536,8.264,8.43,8.506,8.538,8.485,8.184,7.68,6.969,6.833,7.307,7.521,7.714,7.823,7.991,7.724,7.894,8.073,8.137,8.25,8.076,7.849,7.315,7.337,7.444,7.468,7.286,7.938,7.793,7.545,7.624,7.575,7.911,8.137,8.27,8.165,7.889,8.292,8.439,8.455,8.373,8.483,8.468,8.036,8.1,8.424,8.606,8.663,8.877,8.654,8.253,8.553,8.722,8.701,8.616,8.784,8.911,8.611
Guntur_188,5.085,5.12,5.217,5.23,5.035,5.064,5.174,5.181,5.078,5.021,5.113,5.115,5.177,5.085,4.937,4.91,5.139,5.117,4.909,5.119,5.156,5.041,5.097,5.221,5.277,5.036,5.198,5.274,5.314,5.35,5.306,4.789,4.56,4.705,4.827,4.828,4.824,4.878,4.71,4.606,4.685,4.707,4.756,4.924,4.916,4.964,4.757,4.873,4.973,4.952,4.845,4.676,4.716,4.592,4.746,4.831,4.883,4.825,4.796,4.742,4.865,5.004,5.059,4.979,4.901,4.931,4.998,4.851,4.815,4.465,4.639,4.921,4.951,4.92,4.73,4.895,5.051,5.03,5.575,5.493,5.299,5.214,5.121,5.329,5.519,5.58,5.557,5.528,5.357,5.216,5.205,5.909,6.04,6.081,6.043,5.808,6.101,6.13,6.099,6.138,6.184,6.069,5.925,6.262,6.147,6.104,5.926,5.882,5.825,5.629,5.981,6.013,5.865,5.958,6.02,5.962,5.846,6.062,6.068,6.079,5.974,6.452,6.467,6.373,6.559,6.535,6.615,6.79,6.782,6.741,6.473,6.369,6.424,6.399,6.348,6.384,6.31,6.33,5.925,6.204,6.391,6.193,6.109,6.269,6.367,6.087,6.232,6.338,6.52,6.502,6.353,6.206,4.059,4.11,4.099,4.211,4.179,4.205,4.126,4.386,4.464,4.522,4.466,4.479,4.348,4.199,4.411,4.407,4.477,4.538,4.445,4.416,4.245,4.488,4.604,4.547,4.546,4.391,4.297,4.167,4.364,4.582,0.0,0.0,0.0,0.0,0.0,0.0,0.0,0.0,0.0,0.0,0.0,0.0,0.0,0.0,0.0,0.0,0.0,0.0,0.0,0.0,0.0,0.0,0.0,0.0,0.0,0.0,0.0,0.0,0.0,0.0,0.0,0.0,0.0,0.0,0.0,0.0,0.0,0.0,0.0,0.0,0.0,0.0,0.0,0.0,0.0,0.0,0.0,0.0,0.0,0.0,0.0,0.0,0.0,0.0,0.0,0.0,0.0,0.0,0.0,0.0,0.0,0.0,5.762,5.782,5.784,5.896,5.942,5.63,5.691,5.85,6.112,6.025,5.947,5.756,5.581,5.643,5.738,5.819,5.709,5.667,5.82,5.564,5.663,5.587,5.488,5.662,5.69,5.436,5.257,5.662,5.782,5.734,5.144,5.111,5.262,5.098,5.194,5.349,5.527,5.604,5.606,5.44,5.14,5.193,5.274,5.048,5.135,5.193,5.309,5.172,5.293,5.298,5.278,5.177,5.047,5.04,4.783,4.879,5.131,5.232,5.35,5.45,5.407,5.414,5.603,5.663,5.644,5.587,5.713,5.63,5.403,5.514,5.495,5.456,5.552,5.45,4.962,4.82,4.856,5.175,5.324,5.414,5.455,5.412,5.321,5.58,5.558,5.405,5.093,5.104,5.204,5.296,5.482,5.427,5.507,5.449,5.503,5.469,5.233,5.337,5.429,5.332,5.418,5.464,5.36,5.216,5.364,5.509,5.514,5.565,5.643,5.548,5.469,5.616,5.755,5.828,5.741,5.733,5.822,5.601,5.769,5.83,5.799,5.799,5.673,5.508,5.316,5.462,5.505,5.527,5.452,5.517,5.41,5.39,5.609,5.64,5.62,5.554,5.565,5.676,5.608,5.667,5.856,5.972,6.075,6.044,5.95,5.742,5.794,5.595,5.742,5.814,5.924,5.912,5.739,5.669,5.738,5.784,5.678,5.699,5.657,5.499,5.559,5.688,5.796,5.822,5.825,5.798,5.661,5.752,5.752,5.732,5.68,5.617,5.618,5.524,5.74,5.834,5.92,5.94,5.979,5.951,5.856,5.985,6.016,5.996,5.974,6.108,6.073,5.836,5.973,6.087,6.152,6.089,5.879,5.773,5.77,5.985,6.03,6.121,6.211,6.192,6.126,5.933,5.995,5.846,5.986,6.081,5.997,6.028,5.801,5.469,5.56,5.819,6.273,6.434,6.485,6.346,6.515,6.513,6.519,6.671,6.606,6.591,6.354,6.559,6.601,6.357,6.384,6.437,6.28,6.237,6.36,6.479,6.273,6.149,6.085,6.181,6.057,6.285,6.38,6.353,6.379,6.342,4.874,4.783,4.812,4.835,4.742,4.796,4.898,4.863,4.758,4.851,4.733,4.578,4.446,4.596,4.563,4.222,4.245,4.147,4.157,4.127,4.184,4.329,4.418,4.518,4.446,4.363,4.38,4.547,4.655,4.39,4.608,4.606,4.958,5.055,5.07,4.949,4.72,4.864,4.785,4.772,4.669,4.514,4.503,4.284,4.671,4.693,4.813,4.845,4.879,4.673,4.435,4.805,4.987,5.261,5.054,5.032,4.893,5.012,5.385,5.567,5.448,5.448,5.26,5.276,5.34,5.644,5.75,5.709,5.6,5.517,5.618,5.241,5.185,5.129,5.06,5.147,5.393,5.442,4.937,4.562,4.567,4.473,4.606,4.85,4.747,4.672,4.825,4.782,4.502,4.59,4.566,4.497,8.66,9.458,9.72,9.879,10.221,10.365,10.703,10.638,10.844,10.861,10.88,11.034,11.127,10.85,10.574,9.942,11.328,11.14,10.846,10.766,10.559,10.107,10.539,10.611,10.661,10.751,10.898,10.801,10.41,10.587,10.519,36.204,36.643,36.44,34.892,34.448,35.561,34.219,33.494,35.637,34.579,33.067,30.72,32.011,32.72,33.543,33.511,34.347,36.001,36.697,37.094,36.341,35.11,35.29,35.621,35.009,34.782,34.277,33.978,33.781,34.992,4.505,4.342,4.236,4.431,4.527,4.617,4.619,4.665,4.598,4.453,4.664,4.713,4.721,4.654,4.509,4.567,4.327,4.225,4.41,4.451,4.423,4.396,4.454,4.184,4.354,4.391,4.38,4.348,4.405,4.36,4.29,5.918,5.918,5.852,5.406,5.236,5.6,5.49,5.787,5.943,6.152,5.984,6.112,6.067,5.968,6.048,6.038,6.107,6.16,6.004,6.008,5.751,6.082,6.175,6.211,6.155,6.109,6.024,5.697,5.804,5.831,5.476,5.321,5.427,5.439,5.323,5.5,5.609,5.594,5.655,5.568,5.519,5.291,5.551,5.735,5.718,5.663,5.634,5.625,5.344,5.728,5.899,6.001,6.06,6.105,6.044,5.863,5.987,5.864,5.722,5.663,5.761,5.597,5.383,5.686,5.842,5.931,5.818,5.794,5.593,5.341,5.519,5.55,5.578,5.689,5.581,5.44,5.438,5.698,5.874,5.878,5.85,5.903,5.588,5.498,5.803,5.838,5.653,5.749,5.831,5.855,5.849,5.956,5.531,5.553,5.34,5.432,5.497,5.419,5.514,5.667,5.565,5.448,5.478,5.464,5.398,5.433,5.471,5.55,5.502,5.53,5.482,5.391,5.529,5.513,5.52,5.675,5.555,5.465,5.261,5.494,6.007,5.884,5.85,6.013,6.11,5.961,5.937,5.981,6.04,6.147,6.227,6.212,6.06,6.196,6.236,6.321,6.298,5.947,5.99,6.107,6.28,6.332,6.367,6.425,6.398,6.355,6.158,6.272,6.332,6.449,6.488,7.098,7.09,6.87,7.115,7.188,7.056,7.168,7.126,7.153,6.928,7.067,7.17,7.184,7.114,7.041,7.142,6.816,7.002,7.125,7.071,7.099,7.115,7.106,6.881,7.122,7.206,7.28,7.232,7.167,6.981,7.478,7.663,7.636,7.818,7.81,8.017,7.967,7.611,7.728,7.608,7.643,7.633,7.561,7.487,7.282,7.577,7.758,7.975,7.899,7.569,6.902,6.414,6.337,6.899,7.412,7.459,7.347,7.284,7.222,7.626,7.737,7.721,7.799,7.79,7.702,7.514,7.721,7.772,7.608,7.536,7.719,7.642,7.419,7.784,7.893,7.682,7.511,7.402,7.224,6.705,6.725,6.782,7.321,7.605,7.517,7.368,7.153,7.57,7.677,7.371,6.863,6.79,6.905,6.73,7.235,7.266,7.258,7.281,7.144,6.845,6.413,6.656,6.672,6.776,6.675,6.691,6.705,6.415,6.901,7.008,6.883,6.461,6.656,6.485,6.027,6.485,6.91,6.989,6.935,7.058,6.828,6.421,5.711,5.856,6.098,6.093,5.881,5.707,5.429,5.562,5.556,5.554,5.234,5.518,5.728,5.339,5.064,5.423,5.736,5.933,5.862,5.788,5.538,5.839,5.986,5.932,6.031,6.228,6.025,5.769,6.186,6.348,6.307,5.414,5.466,5.437,5.118,5.38,5.464,5.486,5.412,5.272,5.139,4.798,4.875,4.895,4.898,4.823,4.583,4.739,4.774,5.043,5.034,4.972,4.765,4.689,4.627,4.642,5.054,5.093,5.076,5.148,5.162,4.683,4.474,4.747,4.89,4.636,4.703,4.68,4.707,4.55,4.694,4.652,4.731,4.736,4.696,4.629,4.469,4.825,4.872,4.88,4.864,4.802,4.675,4.396,4.146,4.059,4.35,4.59,4.684,4.708,4.578,4.626,5.381,5.45,5.403,5.49,5.471,5.358,5.436,5.479,5.48,5.477,5.483,5.319,5.189,5.228,5.367,5.447,5.488,5.536,5.554,5.338,5.533,5.611,5.598,5.596,5.597,5.603,5.479,5.62,5.551,5.557,6.981,7.083,7.096,6.847,6.992,7.153,7.238,7.062,7.011,6.74,6.56,6.907,6.918,6.96,7.089,7.231,7.285,7.122,7.402,7.426,7.369,7.399,7.52,7.472,7.216,7.361,7.501,7.62,7.647,7.559,7.48,5.362,5.507,5.485,5.393,5.461,5.501,5.533,5.483,5.571,5.579,5.63,5.644,5.676,5.475,5.257,5.405,5.515,5.62,5.57,5.639,5.572,5.411,5.452,5.548,5.507,5.146,5.313,5.47,5.331,5.401,5.408,5.702,5.78,5.964,5.947,5.81,5.849,5.95,6.097,6.013,6.023,6.051,5.771,6.045,6.146,6.068,6.054,6.136,6.096,5.936,6.102,6.158,6.138,6.24,6.291,6.167,6.036,6.297,6.23,6.021,6.044,6.168,6.109,5.87,5.989,5.655,5.518,5.727,6.058,6.129,5.974,6.286,6.317,6.3,6.164,5.824,5.509,5.114,5.507,5.72,5.871,5.99,6.024,6.164,5.929,6.154,6.227,6.258,6.228,5.991,5.832,5.757,6.006,6.257,6.279,6.318,6.412,6.269,6.11,6.364,6.491,6.538,6.618,6.553,6.49,6.254,6.418,6.592,6.526,6.443,6.312,6.139,5.641,6.003,6.285,6.291,6.347,6.339,6.1,5.563,4.938,5.129,5.341,5.353,5.522,5.602,5.395,5.616,5.801,5.865,5.954,5.912,5.825,5.518,5.622,5.833,5.985,5.838,6.1,6.034,5.82,5.974,6.015,5.639,5.369,5.143,5.286,5.504,5.769,5.87,5.737,5.773,5.879,6.111,5.666,5.951,6.011,6.138,6.22,6.171,5.937,5.683,5.916,5.886,5.778,5.856,6.014,5.905,5.623,5.806,5.842,5.938,5.975,5.964,5.775,5.291,5.317,5.479,5.422,5.286,5.167,5.467,5.416,5.787,5.82,5.672,5.475,5.565,5.374,5.314,5.761,5.765,5.862,5.774,5.736,5.623,5.467,5.659,5.622,5.492,5.643,5.705,5.442,5.177,5.476,5.523,5.284,5.164,5.023,4.875,4.911,5.237,0.0,0.0,0.0,0.0,0.0,0.0,0.0,0.0,0.0,0.0,0.0,0.0,0.0,0.0,0.0,0.0,0.0,0.0,0.0,0.0,0.0,0.0,0.0,0.0,0.0,0.0,0.0,0.0,0.0,0.0,0.0,5.6,5.5,5.331,5.24,5.344,5.261,4.969,4.888,4.814,4.587,4.851,5.065,5.231,5.432,5.266,4.948,4.576,4.718,4.827,5.008,5.075,4.988,4.787,4.443,4.742,4.98,5.052,5.045,5.104,5.034,5.919,5.874,6.125,6.28,6.356,6.423,6.525,6.503,6.602,6.693,6.818,6.858,6.869,6.811,6.591,6.636,6.453,6.689,6.763,6.78,6.69,6.438,6.4,6.254,6.47,6.674,6.695,6.743,6.483,6.573,6.683,6.717,6.674,6.713,6.592,6.382,6.51,6.569,6.594,6.553,6.321,5.931,5.382,5.277,5.643,5.809,5.958,6.041,6.172,5.965,6.096,6.234,6.284,6.372,6.237,6.061,5.649,5.666,5.749,5.768,5.627,5.955,5.846,5.66,5.719,5.682,5.935,6.104,6.204,6.125,5.918,6.22,6.33,6.343,6.281,6.363,6.352,6.028,6.076,6.319,6.456,6.499,6.659,6.492,6.191,6.416,6.543,6.527,6.464,6.59,6.685,6.459,6.37,6.485,6.653,6.647,6.668,6.496,6.214,6.425,6.418,6.531,6.57,6.666,6.758,6.455,6.513,6.736,6.804,6.809,6.841,6.891,6.743,6.765,6.861,6.819,6.36,5.944,6.136,6.318,6.157,6.238,6.246,6.43,6.518,6.726,6.706,6.552,6.595,6.71,6.875,6.781,6.792,6.824,6.508,6.817,6.931,6.843,6.827,6.919,6.874,6.694,6.881,6.944,6.922,7.037,7.094,6.955,6.807,7.101,7.026,6.206,6.596,6.62,6.756,6.691,6.43,6.56,6.195,6.044,6.273,6.636,6.714,6.543,6.886,6.919,6.901,6.751,6.379,6.034,5.602,6.032,6.265,6.431,6.561,6.598,6.752,6.494,6.741,6.82,6.855,6.822,6.562,5.346,5.277,5.506,5.736,5.756,5.792,5.878,5.747,5.601,5.834,5.95,5.994,6.067,6.007,5.949,5.732,5.883,6.043,5.982,5.906,5.786,5.627,5.171,5.502,5.761,5.767,5.818,5.811,5.592,5.1,6.044,6.278,6.537,6.552,6.759,6.857,6.603,6.874,7.1,7.179,7.288,7.236,7.13,6.753,6.881,7.14,7.325,7.146,7.466,7.386,7.123,7.312,7.362,6.902,6.571,6.295,6.47,6.737,7.061,7.184,7.022,5.773,5.879,6.111,5.666,5.951,6.011,6.138,6.22,6.171,5.937,5.683,5.916,5.886,5.778,5.856,6.014,5.905,5.623,5.806,5.842,5.938,5.975,5.964,5.775,5.291,5.317,5.479,5.422,5.286,5.167,6.414,6.354,6.789,6.828,6.655,6.424,6.529,6.305,6.235,6.76,6.764,6.878,6.775,6.73,6.597,6.414,6.639,6.597,6.444,6.62,6.694,6.385,6.074,6.425,6.48,6.199,6.059,5.893,5.72,5.762,6.144,5.872,5.785,5.863,6.076,6.244,5.902,5.972,6.19,6.368,6.509,6.75,6.49,6.295,6.55,6.434,6.712,6.777,6.722,6.553,6.509,6.719,6.772,6.464,6.419,6.619,6.636,6.481,6.634,6.952,7.072,7.138,3.287,3.229,3.129,3.076,3.137,3.088,2.917,2.869,2.826,2.693,2.848,2.974,3.071,3.189,3.091,2.904,2.686,2.77,2.833,2.94,2.979,2.928,2.81,2.608,2.784,2.923,2.966,2.961,2.996,2.955,5.919,5.874,6.125,6.28,6.356,6.423,6.525,6.503,6.602,6.693,6.818,6.858,6.869,6.811,6.591,6.636,6.453,6.689,6.763,6.78,6.69,6.438,6.4,6.254,6.47,6.674,6.695,6.743,6.483,6.573,6.683,6.717,6.674,6.713,6.592,6.382,6.51,6.569,6.594,6.553,6.321,5.931,5.382,5.277,5.643,5.809,5.958,6.041,6.172,5.965,6.096,6.234,6.284,6.372,6.237,6.061,5.649,5.666,5.749,5.768,5.627,5.955,5.846,5.66,5.719,5.682,5.935,6.104,6.204,6.125,5.918,6.22,6.33,6.343,6.281,6.363,6.352,6.028,6.076,6.319,6.456,6.499,6.659,6.492,6.191,6.416,6.543,6.527,6.464,6.59,6.685,6.459
Guntur_189,3.533,3.557,3.625,3.633,3.499,3.519,3.595,3.6,3.528,3.488,3.552,3.554,3.597,3.533,3.43,3.412,3.571,3.555,3.411,3.556,3.582,3.502,3.542,3.627,3.667,3.499,3.612,3.664,3.692,3.717,3.687,4.113,3.915,4.041,4.145,4.146,4.142,4.189,4.045,3.956,4.023,4.042,4.084,4.228,4.222,4.263,4.085,4.185,4.27,4.253,4.16,4.016,4.05,3.943,4.076,4.148,4.193,4.143,4.119,4.072,4.015,4.13,4.175,4.11,4.045,4.07,4.125,4.004,3.974,3.685,3.829,4.062,4.087,4.06,3.904,4.04,4.169,4.151,4.601,4.534,4.373,4.303,4.227,4.398,4.555,4.605,4.587,4.563,4.421,4.305,4.296,4.991,5.102,5.137,5.104,4.906,5.153,5.178,5.151,5.185,5.224,5.126,5.004,5.289,5.193,5.156,5.005,4.968,4.92,4.755,5.052,5.079,4.954,5.032,5.085,5.036,4.938,5.12,5.125,5.135,5.046,4.358,4.369,4.305,4.431,4.414,4.468,4.587,4.582,4.553,4.373,4.303,4.339,4.323,4.288,4.312,4.262,4.276,4.003,4.191,4.317,4.184,4.127,4.235,4.301,4.112,4.21,4.281,4.404,4.392,4.292,4.192,2.896,2.933,2.925,3.004,2.982,3.0,2.944,3.129,3.185,3.226,3.187,3.195,3.102,2.996,3.147,3.145,3.194,3.238,3.171,3.151,3.029,3.202,3.285,3.244,3.244,3.133,3.066,2.973,3.113,3.269,0.0,0.0,0.0,0.0,0.0,0.0,0.0,0.0,0.0,0.0,0.0,0.0,0.0,0.0,0.0,0.0,0.0,0.0,0.0,0.0,0.0,0.0,0.0,0.0,0.0,0.0,0.0,0.0,0.0,0.0,0.0,0.0,0.0,0.0,0.0,0.0,0.0,0.0,0.0,0.0,0.0,0.0,0.0,0.0,0.0,0.0,0.0,0.0,0.0,0.0,0.0,0.0,0.0,0.0,0.0,0.0,0.0,0.0,0.0,0.0,0.0,0.0,4.978,4.995,4.997,5.093,5.133,4.864,4.917,5.053,5.28,5.205,5.137,4.973,4.821,4.875,4.957,5.027,4.932,4.896,5.027,4.806,4.892,4.826,4.741,4.891,4.915,4.696,4.541,4.891,4.995,4.954,4.668,4.638,4.775,4.626,4.713,4.854,5.015,5.085,5.087,4.936,4.664,4.712,4.785,4.58,4.66,4.712,4.817,4.693,4.803,4.808,4.789,4.698,4.58,4.573,4.34,4.428,4.656,4.748,4.854,4.945,4.906,3.339,3.455,3.493,3.481,3.446,3.523,3.472,3.332,3.401,3.389,3.365,3.424,3.362,3.06,2.973,2.995,3.191,3.283,3.339,3.364,3.338,3.282,3.442,3.428,3.334,3.141,3.148,3.21,3.266,3.381,3.817,3.873,3.832,3.87,3.846,3.68,3.753,3.818,3.75,3.81,3.843,3.769,3.668,3.772,3.874,3.878,3.914,3.968,3.901,3.846,3.95,4.047,4.099,4.037,4.032,4.094,3.939,4.057,4.1,4.078,4.078,4.566,4.433,4.279,4.396,4.431,4.449,4.388,4.441,4.355,4.339,4.515,4.54,4.524,4.471,4.479,4.569,4.514,4.562,4.714,4.807,4.89,4.865,4.79,4.622,4.664,4.504,4.622,4.68,4.769,4.759,4.619,4.008,4.058,4.09,4.015,4.03,4.0,3.888,3.931,4.022,4.098,4.117,4.119,4.1,4.003,4.067,4.067,4.053,4.017,3.972,3.973,3.906,4.058,4.125,4.186,4.2,4.228,4.208,4.141,4.769,4.794,4.778,4.76,4.867,4.839,4.65,4.76,4.851,4.902,4.852,4.685,4.6,4.598,4.769,4.805,4.878,4.949,4.934,4.882,4.727,4.777,4.658,4.77,4.846,4.779,4.803,4.623,4.358,4.43,4.637,4.76,4.882,4.92,4.815,4.943,4.941,4.946,5.061,5.012,5.0,4.821,4.976,5.008,4.823,4.844,4.884,4.765,4.732,4.826,4.916,4.759,4.665,4.617,4.69,4.596,4.769,4.84,4.82,4.84,4.812,4.11,4.033,4.057,4.077,3.998,4.044,4.13,4.1,4.012,4.09,3.991,3.861,3.749,3.876,3.847,3.56,3.579,3.497,3.505,3.48,3.528,3.65,3.725,3.81,3.749,3.679,3.693,3.834,3.925,3.702,3.886,3.136,3.376,3.442,3.452,3.37,3.214,3.311,3.258,3.249,3.179,3.073,3.066,2.917,3.18,3.195,3.277,3.299,3.322,3.181,3.02,3.272,3.395,3.582,3.441,3.426,3.331,3.412,3.667,3.79,3.709,3.032,2.927,2.936,2.972,3.141,3.2,3.177,3.117,3.07,3.126,2.917,2.885,2.854,2.816,2.864,3.001,3.028,2.747,2.539,2.542,2.489,2.563,2.699,2.642,2.6,2.685,2.661,2.506,2.554,2.541,2.503,5.39,5.886,6.049,6.148,6.361,6.45,6.661,6.62,6.749,6.759,6.771,6.867,6.925,6.752,6.58,6.187,7.05,6.933,6.75,6.7,6.571,6.29,6.559,6.604,6.635,6.691,6.782,6.722,6.478,6.588,6.546,33.288,33.693,33.506,32.082,31.674,32.698,31.464,30.797,32.767,31.795,30.404,28.246,29.433,30.085,30.842,30.813,31.582,33.102,33.742,34.107,33.415,32.282,32.449,32.752,32.189,31.981,31.517,31.242,31.06,32.175,3.384,3.262,3.183,3.329,3.401,3.469,3.47,3.505,3.454,3.345,3.504,3.54,3.546,3.496,3.387,3.431,3.251,3.174,3.313,3.344,3.323,3.303,3.346,3.143,3.271,3.299,3.291,3.267,3.309,3.276,3.223,4.227,4.227,4.18,3.861,3.74,4.0,3.922,4.134,4.245,4.395,4.274,4.366,4.334,4.263,4.32,4.313,4.362,4.4,4.289,4.291,4.108,4.344,4.41,4.436,4.397,4.364,4.303,4.069,4.146,4.165,4.023,3.909,3.987,3.995,3.91,4.04,4.12,4.109,4.154,4.09,4.054,3.886,4.078,4.213,4.201,4.16,4.139,4.132,3.926,4.208,4.333,4.408,4.452,4.485,4.44,4.307,4.398,4.308,4.203,4.16,4.232,4.435,4.265,4.505,4.629,4.7,4.61,4.591,4.431,4.232,4.373,4.398,4.419,4.507,4.422,4.311,4.309,4.515,4.655,4.658,4.635,4.677,4.428,4.356,4.598,4.626,4.479,4.555,4.621,4.639,4.635,4.72,4.289,4.306,4.141,4.212,4.263,4.202,4.276,4.394,4.315,4.224,4.247,4.237,4.186,4.213,4.242,4.303,4.266,4.288,4.251,4.18,4.288,4.275,4.28,4.401,4.308,4.238,4.079,4.26,5.302,5.193,5.163,5.307,5.393,5.261,5.24,5.278,5.33,5.425,5.496,5.482,5.348,5.468,5.504,5.579,5.558,5.249,5.287,5.39,5.543,5.588,5.62,5.671,5.647,5.609,5.435,5.536,5.588,5.691,5.726,6.348,6.341,6.144,6.363,6.429,6.31,6.411,6.374,6.398,6.196,6.32,6.412,6.425,6.363,6.297,6.388,6.096,6.262,6.372,6.324,6.349,6.363,6.355,6.154,6.369,6.445,6.511,6.468,6.41,6.244,5.334,5.465,5.447,5.576,5.571,5.718,5.683,5.429,5.512,5.427,5.451,5.444,5.393,5.34,5.194,5.404,5.534,5.689,5.634,5.398,4.923,4.575,4.52,4.92,5.287,5.321,5.241,5.195,5.151,5.439,5.518,4.89,4.939,4.933,4.878,4.759,4.89,4.922,4.818,4.772,4.889,4.84,4.699,4.929,4.999,4.865,4.757,4.688,4.575,4.247,4.259,4.295,4.637,4.817,4.76,4.666,4.53,4.794,4.862,4.668,4.346,4.3,4.373,4.262,4.582,4.602,4.596,4.611,4.525,4.335,4.061,4.215,4.225,4.291,4.227,4.238,4.246,4.063,4.37,4.438,4.359,4.092,4.215,4.107,3.817,4.107,4.376,4.426,4.392,4.47,4.324,4.067,3.135,3.215,3.347,3.345,3.228,3.133,2.98,3.053,3.05,3.049,2.873,3.029,3.144,2.931,2.78,2.977,3.149,3.257,3.218,3.177,3.04,3.206,3.286,3.256,3.311,3.419,3.307,3.167,3.396,3.485,3.462,4.466,4.509,4.486,4.222,4.438,4.508,4.526,4.465,4.349,4.239,3.959,4.022,4.039,4.041,3.979,3.781,3.91,3.938,4.16,4.153,4.102,3.931,3.868,3.817,3.83,4.17,4.202,4.187,4.248,4.259,4.374,4.178,4.434,4.567,4.33,4.392,4.371,4.396,4.249,4.384,4.344,4.419,4.423,4.386,4.323,4.174,4.507,4.55,4.558,4.543,4.485,4.366,4.106,3.872,3.791,4.063,4.287,4.375,4.397,4.276,4.321,4.364,4.42,4.382,4.453,4.437,4.345,4.409,4.443,4.444,4.442,4.447,4.313,4.208,4.24,4.352,4.418,4.45,4.49,4.504,4.329,4.487,4.551,4.54,4.538,4.539,4.544,4.444,4.558,4.502,4.507,4.467,4.533,4.541,4.382,4.475,4.577,4.632,4.52,4.486,4.313,4.198,4.42,4.427,4.454,4.537,4.628,4.662,4.558,4.737,4.752,4.715,4.735,4.813,4.782,4.618,4.711,4.8,4.876,4.894,4.838,4.786,4.686,4.813,4.793,4.713,4.772,4.807,4.835,4.791,4.869,4.876,4.92,4.932,4.961,4.785,4.594,4.724,4.819,4.911,4.868,4.928,4.87,4.729,4.764,4.849,4.812,4.497,4.643,4.78,4.659,4.72,4.726,4.633,4.696,4.846,4.832,4.721,4.752,4.834,4.954,4.886,4.894,4.916,4.689,4.912,4.994,4.93,4.919,4.985,4.953,4.823,4.958,5.003,4.987,5.07,5.111,5.011,4.905,5.116,5.062,5.042,5.061,5.165,5.116,4.916,5.015,4.736,4.621,4.796,5.073,5.133,5.002,5.264,5.29,5.276,5.162,4.877,4.613,4.283,4.611,4.79,4.917,5.016,5.044,5.162,4.965,5.154,5.214,5.241,5.215,5.017,5.026,4.961,5.176,5.392,5.411,5.445,5.526,5.402,5.265,5.485,5.594,5.634,5.703,5.647,5.593,5.389,5.531,5.681,5.624,5.552,5.439,5.29,4.861,5.173,5.416,5.422,5.47,5.462,5.257,4.794,4.555,4.731,4.927,4.938,5.094,5.168,4.977,5.181,5.351,5.41,5.493,5.453,5.374,5.09,5.186,5.381,5.521,5.386,5.627,5.567,5.368,5.511,5.549,5.202,4.953,4.744,4.877,5.077,5.322,5.415,5.293,5.018,5.111,5.313,4.926,5.173,5.226,5.336,5.407,5.364,5.161,4.94,5.143,5.117,5.023,5.091,5.228,5.133,4.888,5.047,5.078,5.162,5.194,5.185,5.02,4.6,4.623,4.763,4.714,4.595,4.492,5.548,5.496,5.873,5.906,5.757,5.557,5.647,5.454,5.393,5.847,5.851,5.949,5.86,5.821,5.707,5.548,5.743,5.706,5.574,5.727,5.79,5.523,5.254,5.557,5.605,5.362,5.241,5.097,4.948,4.984,5.315,0.0,0.0,0.0,0.0,0.0,0.0,0.0,0.0,0.0,0.0,0.0,0.0,0.0,0.0,0.0,0.0,0.0,0.0,0.0,0.0,0.0,0.0,0.0,0.0,0.0,0.0,0.0,0.0,0.0,0.0,0.0,5.3,5.207,5.046,4.96,5.059,4.979,4.704,4.626,4.557,4.342,4.592,4.795,4.951,5.142,4.984,4.683,4.331,4.466,4.569,4.74,4.804,4.722,4.531,4.206,4.489,4.714,4.782,4.775,4.831,4.765,5.199,5.159,5.38,5.516,5.583,5.642,5.732,5.712,5.799,5.879,5.988,6.024,6.033,5.983,5.79,5.829,5.668,5.876,5.94,5.955,5.876,5.655,5.622,5.493,5.683,5.862,5.881,5.922,5.694,5.774,5.87,5.589,5.552,5.585,5.485,5.31,5.416,5.465,5.486,5.452,5.259,4.934,4.478,4.39,4.695,4.832,4.956,5.026,5.135,4.963,5.072,5.187,5.228,5.301,5.189,5.043,4.7,4.714,4.783,4.798,4.681,4.472,4.391,4.251,4.295,4.268,4.457,4.584,4.659,4.6,4.445,4.671,4.754,4.764,4.717,4.779,4.771,4.528,4.564,4.746,4.849,4.881,5.001,4.876,4.65,4.819,4.914,4.902,4.854,4.949,5.021,4.851,5.162,5.255,5.391,5.387,5.404,5.264,5.036,5.207,5.201,5.292,5.324,5.402,5.477,5.231,5.278,5.459,5.514,5.518,5.544,5.585,5.465,5.483,5.56,5.526,5.154,4.817,4.972,5.12,4.99,5.055,5.061,4.864,4.93,5.087,5.073,4.956,4.989,5.075,5.2,5.129,5.137,5.161,4.922,5.157,5.242,5.176,5.164,5.234,5.199,5.063,5.204,5.253,5.235,5.323,5.366,5.26,5.149,5.371,5.314,4.694,5.677,5.698,5.815,5.759,5.534,5.646,5.332,5.202,5.399,5.711,5.778,5.632,5.926,5.955,5.94,5.811,5.49,5.193,4.822,5.191,5.392,5.535,5.647,5.679,5.811,5.589,5.802,5.87,5.9,5.871,5.648,4.886,4.823,5.032,5.242,5.26,5.293,5.372,5.252,5.118,5.332,5.438,5.478,5.545,5.49,5.437,5.239,5.377,5.523,5.467,5.398,5.288,5.143,4.726,5.029,5.265,5.271,5.317,5.31,5.11,4.661,4.03,4.185,4.358,4.368,4.506,4.571,4.402,4.582,4.733,4.786,4.859,4.824,4.753,4.502,4.587,4.76,4.883,4.764,4.978,4.924,4.749,4.874,4.908,4.602,4.381,4.197,4.314,4.491,4.707,4.79,4.682,5.018,5.111,5.313,4.926,5.173,5.226,5.336,5.407,5.364,5.161,4.94,5.143,5.117,5.023,5.091,5.228,5.133,4.888,5.047,5.078,5.162,5.194,5.185,5.02,4.6,4.623,4.763,4.714,4.595,4.492,4.276,4.236,4.526,4.552,4.437,4.283,4.353,4.203,4.156,4.506,4.509,4.585,4.517,4.486,4.398,4.276,4.426,4.398,4.296,4.414,4.463,4.257,4.049,4.283,4.32,4.133,4.039,3.929,3.813,3.842,4.096,4.809,4.738,4.801,4.976,5.113,4.833,4.891,5.069,5.215,5.33,5.527,5.315,5.155,5.364,5.269,5.496,5.549,5.505,5.367,5.33,5.502,5.545,5.294,5.257,5.42,5.434,5.308,5.433,5.693,5.791,5.846,3.287,3.229,3.129,3.076,3.137,3.088,2.917,2.869,2.826,2.693,2.848,2.974,3.071,3.189,3.091,2.904,2.686,2.77,2.833,2.94,2.979,2.928,2.81,2.608,2.784,2.923,2.966,2.961,2.996,2.955,5.199,5.159,5.38,5.516,5.583,5.642,5.732,5.712,5.799,5.879,5.988,6.024,6.033,5.983,5.79,5.829,5.668,5.876,5.94,5.955,5.876,5.655,5.622,5.493,5.683,5.862,5.881,5.922,5.694,5.774,5.87,5.589,5.552,5.585,5.485,5.31,5.416,5.465,5.486,5.452,5.259,4.934,4.478,4.39,4.695,4.832,4.956,5.026,5.135,4.963,5.072,5.187,5.228,5.301,5.189,5.043,4.7,4.714,4.783,4.798,4.681,4.472,4.391,4.251,4.295,4.268,4.457,4.584,4.659,4.6,4.445,4.671,4.754,4.764,4.717,4.779,4.771,4.528,4.564,4.746,4.849,4.881,5.001,4.876,4.65,4.819,4.914,4.902,4.854,4.949,5.021,4.851
Guntur_190,4.259,4.288,4.369,4.38,4.217,4.241,4.333,4.339,4.252,4.205,4.282,4.283,4.336,4.258,4.134,4.112,4.304,4.285,4.112,4.287,4.318,4.221,4.269,4.372,4.419,4.218,4.353,4.417,4.451,4.48,4.444,4.501,4.285,4.422,4.537,4.537,4.533,4.584,4.426,4.329,4.403,4.424,4.469,4.628,4.62,4.666,4.47,4.58,4.674,4.654,4.553,4.395,4.432,4.316,4.461,4.54,4.589,4.534,4.508,4.456,5.056,5.2,5.257,5.175,5.093,5.124,5.194,5.042,5.004,4.64,4.821,5.115,5.146,5.113,4.916,5.087,5.249,5.227,5.794,5.709,5.507,5.418,5.322,5.539,5.735,5.799,5.776,5.745,5.567,5.421,5.409,5.458,5.579,5.617,5.582,5.365,5.635,5.662,5.633,5.67,5.713,5.606,5.473,5.784,5.679,5.638,5.474,5.433,5.381,5.2,5.525,5.554,5.417,5.503,5.561,5.507,5.4,5.599,5.605,5.615,5.518,4.611,4.622,4.554,4.688,4.67,4.727,4.853,4.847,4.817,4.626,4.552,4.591,4.573,4.536,4.562,4.509,4.524,4.235,4.434,4.567,4.426,4.366,4.48,4.55,4.35,4.454,4.53,4.659,4.646,4.54,4.435,3.118,3.158,3.149,3.235,3.21,3.23,3.17,3.369,3.43,3.474,3.431,3.441,3.34,3.226,3.389,3.386,3.439,3.486,3.415,3.393,3.261,3.448,3.537,3.493,3.493,3.374,3.302,3.201,3.352,3.52,0.0,0.0,0.0,0.0,0.0,0.0,0.0,0.0,0.0,0.0,0.0,0.0,0.0,0.0,0.0,0.0,0.0,0.0,0.0,0.0,0.0,0.0,0.0,0.0,0.0,0.0,0.0,0.0,0.0,0.0,0.0,0.0,0.0,0.0,0.0,0.0,0.0,0.0,0.0,0.0,0.0,0.0,0.0,0.0,0.0,0.0,0.0,0.0,0.0,0.0,0.0,0.0,0.0,0.0,0.0,0.0,0.0,0.0,0.0,0.0,0.0,0.0,5.94,5.96,5.962,6.078,6.125,5.804,5.867,6.03,6.3,6.211,6.13,5.934,5.753,5.817,5.915,5.998,5.885,5.842,5.999,5.735,5.838,5.759,5.657,5.836,5.865,5.604,5.419,5.836,5.96,5.911,4.78,4.75,4.89,4.738,4.826,4.971,5.136,5.208,5.209,5.055,4.777,4.826,4.901,4.691,4.772,4.826,4.934,4.806,4.919,4.924,4.905,4.811,4.69,4.684,4.445,4.534,4.769,4.862,4.971,5.064,5.024,4.724,4.889,4.942,4.925,4.875,4.985,4.913,4.715,4.812,4.795,4.761,4.845,4.756,4.33,4.206,4.237,4.516,4.646,4.725,4.76,4.723,4.643,4.87,4.85,4.717,4.444,4.454,4.541,4.622,4.784,5.234,5.31,5.255,5.307,5.274,5.047,5.147,5.236,5.142,5.225,5.27,5.169,5.03,5.173,5.312,5.317,5.367,5.442,5.35,5.275,5.416,5.55,5.621,5.537,5.529,5.615,5.402,5.563,5.623,5.592,5.593,5.078,4.93,4.759,4.889,4.928,4.947,4.88,4.939,4.843,4.825,5.021,5.049,5.031,4.972,4.981,5.081,5.02,5.073,5.242,5.346,5.438,5.41,5.326,5.14,5.186,5.008,5.14,5.205,5.303,5.292,5.137,4.67,4.727,4.765,4.678,4.695,4.66,4.53,4.579,4.686,4.774,4.796,4.799,4.777,4.664,4.738,4.739,4.722,4.68,4.627,4.628,4.551,4.728,4.806,4.877,4.893,4.925,4.902,4.825,5.587,5.616,5.597,5.576,5.701,5.669,5.448,5.576,5.682,5.743,5.684,5.488,5.389,5.386,5.587,5.629,5.714,5.798,5.78,5.719,5.538,5.597,5.457,5.588,5.677,5.598,5.627,5.415,5.105,5.19,5.432,5.377,5.515,5.558,5.439,5.584,5.582,5.587,5.718,5.662,5.649,5.446,5.622,5.658,5.448,5.472,5.517,5.383,5.346,5.452,5.553,5.377,5.27,5.216,5.298,5.192,5.387,5.468,5.445,5.468,5.436,6.461,6.34,6.379,6.409,6.286,6.357,6.493,6.446,6.308,6.431,6.274,6.069,5.894,6.093,6.048,5.597,5.627,5.498,5.511,5.471,5.547,5.739,5.857,5.99,5.894,5.784,5.806,6.028,6.171,5.82,6.109,5.573,5.999,6.116,6.135,5.989,5.711,5.885,5.79,5.773,5.649,5.462,5.448,5.184,5.651,5.679,5.824,5.862,5.904,5.654,5.367,5.814,6.034,6.365,6.115,6.088,5.92,6.064,6.516,6.736,6.592,3.032,2.927,2.936,2.972,3.141,3.2,3.177,3.117,3.07,3.126,2.917,2.885,2.854,2.816,2.864,3.001,3.028,2.747,2.539,2.542,2.489,2.563,2.699,2.642,2.6,2.685,2.661,2.506,2.554,2.541,2.503,5.39,5.886,6.049,6.148,6.361,6.45,6.661,6.62,6.749,6.759,6.771,6.867,6.925,6.752,6.58,6.187,7.05,6.933,6.75,6.7,6.571,6.29,6.559,6.604,6.635,6.691,6.782,6.722,6.478,6.588,6.546,0.0,0.0,0.0,0.0,0.0,0.0,0.0,0.0,0.0,0.0,0.0,0.0,0.0,0.0,0.0,0.0,0.0,0.0,0.0,0.0,0.0,0.0,0.0,0.0,0.0,0.0,0.0,0.0,0.0,0.0,4.222,4.069,3.97,4.153,4.243,4.327,4.329,4.372,4.309,4.173,4.371,4.417,4.424,4.362,4.226,4.28,4.055,3.959,4.133,4.172,4.146,4.12,4.174,3.921,4.081,4.115,4.105,4.075,4.128,4.086,4.021,6.043,6.043,5.975,5.52,5.347,5.718,5.606,5.909,6.069,6.282,6.11,6.241,6.195,6.094,6.175,6.165,6.235,6.29,6.131,6.134,5.872,6.21,6.305,6.342,6.285,6.238,6.151,5.817,5.926,5.954,5.076,4.933,5.031,5.042,4.934,5.098,5.2,5.185,5.242,5.162,5.116,4.905,5.146,5.316,5.301,5.25,5.223,5.215,4.954,5.31,5.468,5.563,5.618,5.66,5.603,5.435,5.55,5.436,5.304,5.249,5.34,5.366,5.161,5.451,5.601,5.686,5.578,5.555,5.362,5.12,5.291,5.321,5.347,5.454,5.35,5.216,5.213,5.462,5.632,5.635,5.608,5.659,5.357,5.271,5.563,5.597,5.419,5.512,5.591,5.613,5.608,5.71,7.501,7.531,7.242,7.367,7.455,7.348,7.478,7.685,7.547,7.388,7.429,7.41,7.321,7.368,7.419,7.526,7.462,7.5,7.435,7.31,7.499,7.477,7.486,7.697,7.534,7.412,7.135,7.45,6.294,6.165,6.129,6.3,6.401,6.245,6.22,6.266,6.328,6.44,6.524,6.508,6.349,6.491,6.534,6.623,6.598,6.231,6.276,6.399,6.58,6.634,6.671,6.732,6.703,6.658,6.452,6.571,6.634,6.756,6.797,7.669,7.661,7.423,7.687,7.766,7.623,7.744,7.7,7.729,7.485,7.635,7.746,7.762,7.686,7.607,7.717,7.364,7.565,7.698,7.64,7.67,7.687,7.678,7.435,7.694,7.786,7.865,7.813,7.743,7.543,7.594,7.781,7.754,7.938,7.93,8.14,8.09,7.728,7.847,7.726,7.76,7.75,7.678,7.603,7.394,7.694,7.878,8.098,8.02,7.685,7.009,6.513,6.434,7.005,7.527,7.574,7.461,7.396,7.333,7.744,7.856,7.556,7.632,7.623,7.537,7.353,7.555,7.606,7.444,7.374,7.554,7.478,7.26,7.617,7.724,7.518,7.35,7.243,7.069,6.562,6.581,6.636,7.164,7.442,7.356,7.21,7.0,7.408,7.512,7.213,6.716,6.645,6.757,6.586,7.08,7.11,7.102,7.125,6.991,6.698,6.275,6.514,6.529,6.63,6.532,6.548,6.561,6.277,6.753,6.857,6.735,6.323,6.514,6.346,5.898,6.346,6.762,6.839,6.786,6.906,6.681,6.284,6.121,6.277,6.536,6.531,6.303,6.117,5.819,5.962,5.956,5.953,5.611,5.915,6.139,5.723,5.428,5.813,6.148,6.359,6.283,6.204,5.936,6.259,6.416,6.359,6.465,6.676,6.458,6.184,6.631,6.804,6.76,5.607,5.661,5.632,5.301,5.572,5.659,5.682,5.606,5.46,5.322,4.97,5.049,5.07,5.073,4.996,4.747,4.908,4.944,5.223,5.214,5.15,4.935,4.856,4.792,4.808,5.235,5.275,5.257,5.332,5.346,5.226,4.992,5.297,5.457,5.173,5.248,5.222,5.252,5.077,5.238,5.191,5.279,5.285,5.241,5.165,4.987,5.385,5.437,5.446,5.428,5.358,5.217,4.906,4.627,4.53,4.854,5.122,5.227,5.254,5.109,5.162,5.319,5.388,5.341,5.427,5.408,5.296,5.374,5.416,5.417,5.415,5.42,5.258,5.129,5.168,5.305,5.385,5.425,5.473,5.49,5.277,5.47,5.547,5.534,5.532,5.533,5.538,5.416,5.555,5.487,5.493,5.743,5.827,5.837,5.633,5.752,5.885,5.954,5.81,5.768,5.545,5.397,5.682,5.691,5.725,5.832,5.949,5.993,5.859,6.089,6.109,6.062,6.087,6.187,6.147,5.936,6.056,6.171,6.269,6.291,6.219,6.153,5.54,5.69,5.667,5.572,5.642,5.683,5.717,5.665,5.756,5.764,5.816,5.831,5.865,5.657,5.432,5.585,5.698,5.806,5.755,5.826,5.757,5.591,5.633,5.732,5.689,5.317,5.489,5.651,5.508,5.58,5.587,6.409,6.496,6.704,6.684,6.531,6.574,6.688,6.853,6.759,6.77,6.801,6.486,6.795,6.908,6.82,6.805,6.897,6.852,6.672,6.858,6.922,6.899,7.014,7.071,6.932,6.785,7.078,7.003,6.289,6.313,6.442,6.38,6.131,6.255,5.907,5.763,5.982,6.327,6.401,6.239,6.566,6.598,6.58,6.438,6.083,5.753,5.342,5.751,5.974,6.132,6.256,6.291,6.438,6.192,6.428,6.503,6.536,6.505,6.257,6.007,5.929,6.186,6.445,6.467,6.507,6.604,6.457,6.293,6.555,6.686,6.734,6.817,6.749,6.684,6.441,6.61,6.79,6.722,6.636,6.501,6.323,5.81,6.183,6.473,6.48,6.537,6.529,6.283,5.73,6.17,6.408,6.673,6.687,6.899,6.999,6.74,7.016,7.247,7.327,7.439,7.386,7.278,6.893,7.024,7.288,7.477,7.294,7.621,7.539,7.271,7.463,7.515,7.046,6.707,6.426,6.605,6.876,7.207,7.333,7.168,6.366,6.483,6.739,6.248,6.562,6.629,6.768,6.858,6.804,6.546,6.266,6.524,6.49,6.371,6.457,6.632,6.511,6.2,6.402,6.442,6.548,6.588,6.577,6.367,5.835,5.864,6.041,5.979,5.829,5.698,5.548,5.496,5.873,5.906,5.757,5.557,5.647,5.454,5.393,5.847,5.851,5.949,5.86,5.821,5.707,5.548,5.743,5.706,5.574,5.727,5.79,5.523,5.254,5.557,5.605,5.362,5.241,5.097,4.948,4.984,5.315,0.0,0.0,0.0,0.0,0.0,0.0,0.0,0.0,0.0,0.0,0.0,0.0,0.0,0.0,0.0,0.0,0.0,0.0,0.0,0.0,0.0,0.0,0.0,0.0,0.0,0.0,0.0,0.0,0.0,0.0,0.0,8.647,8.494,8.232,8.091,8.252,8.123,7.673,7.547,7.433,7.084,7.491,7.822,8.077,8.388,8.131,7.64,7.066,7.285,7.453,7.733,7.837,7.703,7.391,6.861,7.323,7.69,7.802,7.79,7.882,7.773,6.41,6.36,6.633,6.801,6.883,6.956,7.066,7.042,7.15,7.248,7.383,7.426,7.438,7.376,7.138,7.186,6.988,7.244,7.323,7.342,7.244,6.972,6.931,6.772,7.006,7.227,7.25,7.301,7.02,7.118,7.237,7.874,7.823,7.868,7.727,7.481,7.631,7.7,7.729,7.681,7.409,6.952,6.309,6.186,6.615,6.809,6.983,7.082,7.234,6.992,7.146,7.308,7.366,7.469,7.311,7.105,6.622,6.642,6.738,6.761,6.595,5.662,5.559,5.382,5.438,5.403,5.643,5.804,5.899,5.824,5.628,5.914,6.019,6.031,5.973,6.051,6.04,5.732,5.778,6.009,6.139,6.179,6.332,6.173,5.887,6.101,6.221,6.206,6.146,6.266,6.356,6.142,6.608,6.727,6.901,6.896,6.918,6.739,6.446,6.665,6.658,6.775,6.815,6.915,7.011,6.697,6.756,6.987,7.058,7.063,7.097,7.149,6.995,7.018,7.117,7.074,6.597,6.166,6.365,6.554,6.387,6.471,6.479,6.394,6.481,6.688,6.669,6.516,6.559,6.672,6.837,6.743,6.754,6.785,6.471,6.779,6.892,6.804,6.789,6.88,6.836,6.656,6.842,6.906,6.883,6.997,7.055,6.916,6.769,7.061,6.986,6.171,7.365,7.392,7.544,7.471,7.18,7.325,6.917,6.749,7.005,7.41,7.496,7.306,7.689,7.726,7.706,7.539,7.123,6.737,6.255,6.735,6.996,7.181,7.326,7.367,7.539,7.251,7.527,7.616,7.654,7.617,7.327,6.449,6.365,6.641,6.918,6.943,6.986,7.09,6.931,6.755,7.037,7.177,7.229,7.318,7.245,7.176,6.914,7.096,7.289,7.216,7.124,6.979,6.788,6.237,6.637,6.949,6.956,7.018,7.009,6.745,6.151,5.527,5.74,5.978,5.991,6.18,6.27,6.038,6.286,6.492,6.564,6.665,6.617,6.52,6.176,6.292,6.529,6.698,6.535,6.828,6.754,6.513,6.686,6.732,6.312,6.009,5.756,5.917,6.16,6.457,6.57,6.422,6.366,6.483,6.739,6.248,6.562,6.629,6.768,6.858,6.804,6.546,6.266,6.524,6.49,6.371,6.457,6.632,6.511,6.2,6.402,6.442,6.548,6.588,6.577,6.367,5.835,5.864,6.041,5.979,5.829,5.698,5.865,5.811,6.208,6.244,6.086,5.874,5.97,5.765,5.701,6.181,6.185,6.289,6.195,6.154,6.033,5.865,6.071,6.032,5.893,6.054,6.121,5.839,5.554,5.875,5.925,5.669,5.54,5.389,5.23,5.269,5.618,4.809,4.738,4.801,4.976,5.113,4.833,4.891,5.069,5.215,5.33,5.527,5.315,5.155,5.364,5.269,5.496,5.549,5.505,5.367,5.33,5.502,5.545,5.294,5.257,5.42,5.434,5.308,5.433,5.693,5.791,5.846,7.257,7.129,6.909,6.791,6.926,6.818,6.44,6.334,6.239,5.945,6.287,6.565,6.779,7.04,6.824,6.412,5.93,6.114,6.256,6.49,6.577,6.465,6.203,5.758,6.146,6.454,6.548,6.538,6.615,6.524,6.41,6.36,6.633,6.801,6.883,6.956,7.066,7.042,7.15,7.248,7.383,7.426,7.438,7.376,7.138,7.186,6.988,7.244,7.323,7.342,7.244,6.972,6.931,6.772,7.006,7.227,7.25,7.301,7.02,7.118,7.237,7.874,7.823,7.868,7.727,7.481,7.631,7.7,7.729,7.681,7.409,6.952,6.309,6.186,6.615,6.809,6.983,7.082,7.234,6.992,7.146,7.308,7.366,7.469,7.311,7.105,6.622,6.642,6.738,6.761,6.595,5.662,5.559,5.382,5.438,5.403,5.643,5.804,5.899,5.824,5.628,5.914,6.019,6.031,5.973,6.051,6.04,5.732,5.778,6.009,6.139,6.179,6.332,6.173,5.887,6.101,6.221,6.206,6.146,6.266,6.356,6.142
Guntur_191,4.568,4.599,4.686,4.698,4.523,4.549,4.648,4.654,4.561,4.51,4.592,4.594,4.65,4.568,4.435,4.411,4.616,4.596,4.41,4.598,4.631,4.528,4.579,4.689,4.74,4.524,4.669,4.738,4.774,4.806,4.766,4.531,4.313,4.451,4.566,4.567,4.563,4.614,4.455,4.357,4.432,4.453,4.499,4.658,4.65,4.696,4.499,4.61,4.704,4.685,4.583,4.424,4.461,4.344,4.49,4.57,4.619,4.564,4.537,4.486,4.951,5.092,5.149,5.068,4.988,5.018,5.086,4.937,4.9,4.544,4.721,5.009,5.039,5.007,4.814,4.982,5.141,5.119,5.674,5.591,5.393,5.306,5.212,5.424,5.616,5.679,5.656,5.626,5.451,5.309,5.297,5.737,5.864,5.904,5.867,5.639,5.923,5.952,5.921,5.959,6.004,5.892,5.752,6.08,5.968,5.926,5.753,5.711,5.655,5.465,5.807,5.838,5.694,5.784,5.845,5.788,5.675,5.885,5.891,5.902,5.8,5.149,5.161,5.086,5.234,5.214,5.278,5.419,5.412,5.379,5.165,5.083,5.126,5.107,5.065,5.094,5.035,5.051,4.728,4.951,5.1,4.942,4.875,5.003,5.081,4.858,4.973,5.058,5.203,5.188,5.07,4.952,3.603,3.648,3.638,3.738,3.709,3.732,3.662,3.893,3.963,4.014,3.965,3.975,3.86,3.728,3.916,3.912,3.974,4.028,3.945,3.92,3.768,3.984,4.087,4.036,4.035,3.898,3.815,3.699,3.873,4.067,0.0,0.0,0.0,0.0,0.0,0.0,0.0,0.0,0.0,0.0,0.0,0.0,0.0,0.0,0.0,0.0,0.0,0.0,0.0,0.0,0.0,0.0,0.0,0.0,0.0,0.0,0.0,0.0,0.0,0.0,0.0,0.0,0.0,0.0,0.0,0.0,0.0,0.0,0.0,0.0,0.0,0.0,0.0,0.0,0.0,0.0,0.0,0.0,0.0,0.0,0.0,0.0,0.0,0.0,0.0,0.0,0.0,0.0,0.0,0.0,0.0,0.0,5.94,5.96,5.962,6.078,6.125,5.804,5.867,6.03,6.3,6.211,6.13,5.934,5.753,5.817,5.915,5.998,5.885,5.842,5.999,5.735,5.838,5.759,5.657,5.836,5.865,5.604,5.419,5.836,5.96,5.911,4.841,4.81,4.952,4.798,4.888,5.034,5.202,5.274,5.275,5.119,4.837,4.887,4.963,4.75,4.833,4.887,4.996,4.867,4.981,4.986,4.967,4.872,4.75,4.743,4.501,4.592,4.829,4.924,5.034,5.129,5.088,5.356,5.543,5.603,5.584,5.527,5.652,5.57,5.346,5.456,5.437,5.398,5.493,5.393,4.909,4.769,4.804,5.12,5.267,5.357,5.397,5.355,5.264,5.521,5.499,5.348,5.039,5.05,5.149,5.24,5.424,4.257,4.319,4.274,4.316,4.29,4.105,4.186,4.258,4.182,4.249,4.286,4.204,4.091,4.207,4.321,4.325,4.365,4.426,4.351,4.29,4.405,4.514,4.571,4.503,4.497,4.567,4.393,4.525,4.573,4.548,4.549,5.123,4.974,4.801,4.932,4.971,4.991,4.923,4.982,4.886,4.868,5.065,5.093,5.075,5.016,5.025,5.126,5.064,5.118,5.288,5.393,5.486,5.458,5.373,5.185,5.232,5.052,5.186,5.251,5.35,5.339,5.182,5.351,5.417,5.46,5.36,5.38,5.34,5.19,5.247,5.369,5.471,5.496,5.499,5.473,5.344,5.429,5.43,5.41,5.362,5.302,5.303,5.215,5.418,5.507,5.588,5.607,5.644,5.617,5.528,6.101,6.132,6.112,6.089,6.226,6.19,5.949,6.089,6.205,6.271,6.207,5.993,5.884,5.881,6.101,6.146,6.239,6.331,6.312,6.245,6.047,6.111,5.959,6.101,6.199,6.113,6.144,5.913,5.575,5.667,5.931,6.025,6.179,6.228,6.094,6.257,6.255,6.26,6.406,6.344,6.33,6.102,6.299,6.339,6.105,6.131,6.182,6.031,5.99,6.108,6.222,6.024,5.905,5.844,5.936,5.817,6.036,6.127,6.101,6.127,6.091,6.27,6.153,6.19,6.22,6.1,6.17,6.301,6.256,6.121,6.241,6.089,5.89,5.72,5.913,5.87,5.432,5.46,5.335,5.348,5.309,5.383,5.569,5.684,5.813,5.72,5.613,5.635,5.849,5.988,5.648,5.929,5.338,5.747,5.859,5.876,5.736,5.471,5.637,5.546,5.53,5.411,5.232,5.219,4.965,5.413,5.439,5.578,5.615,5.655,5.415,5.141,5.569,5.78,6.097,5.857,5.832,5.671,5.808,6.242,6.452,6.314,5.525,5.335,5.35,5.416,5.724,5.831,5.79,5.679,5.595,5.697,5.315,5.258,5.201,5.132,5.22,5.469,5.518,5.006,4.627,4.632,4.536,4.671,4.919,4.814,4.738,4.893,4.849,4.566,4.655,4.631,4.561,6.335,6.918,7.11,7.226,7.476,7.582,7.829,7.781,7.932,7.945,7.959,8.071,8.139,7.937,7.735,7.272,8.287,8.149,7.934,7.876,7.724,7.393,7.709,7.762,7.798,7.865,7.972,7.901,7.615,7.744,7.694,0.0,0.0,0.0,0.0,0.0,0.0,0.0,0.0,0.0,0.0,0.0,0.0,0.0,0.0,0.0,0.0,0.0,0.0,0.0,0.0,0.0,0.0,0.0,0.0,0.0,0.0,0.0,0.0,0.0,0.0,6.003,5.786,5.645,5.905,6.033,6.153,6.155,6.216,6.127,5.933,6.215,6.28,6.29,6.201,6.008,6.085,5.766,5.629,5.876,5.931,5.894,5.858,5.935,5.575,5.802,5.851,5.837,5.794,5.869,5.81,5.717,5.946,5.946,5.879,5.431,5.261,5.627,5.516,5.814,5.971,6.181,6.012,6.141,6.095,5.996,6.076,6.066,6.135,6.189,6.032,6.036,5.778,6.11,6.203,6.24,6.184,6.138,6.052,5.724,5.831,5.858,5.134,4.988,5.088,5.098,4.99,5.156,5.258,5.244,5.301,5.22,5.174,4.96,5.204,5.376,5.361,5.309,5.282,5.273,5.01,5.37,5.53,5.625,5.681,5.723,5.666,5.496,5.612,5.497,5.364,5.308,5.4,5.306,5.104,5.391,5.539,5.623,5.516,5.493,5.302,5.064,5.233,5.262,5.288,5.393,5.291,5.158,5.156,5.402,5.57,5.573,5.546,5.596,5.298,5.213,5.502,5.535,5.359,5.451,5.529,5.551,5.546,5.647,7.229,7.258,6.979,7.099,7.185,7.082,7.207,7.407,7.274,7.12,7.159,7.142,7.055,7.101,7.15,7.253,7.191,7.228,7.165,7.045,7.227,7.205,7.215,7.417,7.26,7.143,6.876,7.18,7.076,6.931,6.891,7.083,7.197,7.021,6.994,7.044,7.114,7.24,7.335,7.317,7.138,7.298,7.346,7.446,7.418,7.005,7.056,7.194,7.398,7.458,7.5,7.568,7.536,7.486,7.254,7.388,7.458,7.596,7.642,7.908,7.899,7.654,7.926,8.008,7.86,7.985,7.939,7.969,7.718,7.873,7.987,8.004,7.926,7.844,7.957,7.594,7.8,7.937,7.878,7.908,7.926,7.916,7.666,7.934,8.028,8.11,8.056,7.984,7.778,6.794,6.962,6.938,7.103,7.096,7.284,7.239,6.915,7.021,6.912,6.944,6.935,6.869,6.803,6.616,6.884,7.049,7.246,7.176,6.876,6.271,5.827,5.757,6.268,6.734,6.777,6.675,6.618,6.561,6.929,7.029,7.556,7.632,7.623,7.537,7.353,7.555,7.606,7.444,7.374,7.554,7.478,7.26,7.617,7.724,7.518,7.35,7.243,7.069,6.562,6.581,6.636,7.164,7.442,7.356,7.21,7.0,7.408,7.512,7.213,6.716,6.645,6.757,6.586,7.08,7.11,7.102,7.125,6.991,6.698,6.275,6.514,6.529,6.63,6.532,6.548,6.561,6.277,6.753,6.857,6.735,6.323,6.514,6.346,5.898,6.346,6.762,6.839,6.786,6.906,6.681,6.284,6.121,6.277,6.536,6.531,6.303,6.117,5.819,5.962,5.956,5.953,5.611,5.915,6.139,5.723,5.428,5.813,6.148,6.359,6.283,6.204,5.936,6.259,6.416,6.359,6.465,6.676,6.458,6.184,6.631,6.804,6.76,6.845,6.91,6.874,6.471,6.801,6.908,6.936,6.843,6.665,6.497,6.067,6.163,6.189,6.193,6.098,5.795,5.992,6.035,6.375,6.365,6.286,6.024,5.928,5.85,5.869,6.39,6.439,6.417,6.509,6.526,5.132,4.902,5.201,5.358,5.079,5.153,5.128,5.157,4.985,5.143,5.097,5.184,5.189,5.146,5.072,4.896,5.287,5.338,5.347,5.33,5.261,5.122,4.817,4.543,4.448,4.766,5.029,5.132,5.158,5.016,5.069,5.88,5.956,5.904,6.0,5.979,5.855,5.94,5.987,5.988,5.986,5.992,5.812,5.67,5.713,5.864,5.953,5.997,6.05,6.069,5.833,6.047,6.132,6.118,6.115,6.117,6.122,5.988,6.141,6.066,6.073,6.292,6.384,6.395,6.171,6.302,6.447,6.524,6.365,6.319,6.075,5.913,6.225,6.235,6.273,6.389,6.518,6.566,6.419,6.671,6.693,6.641,6.669,6.778,6.734,6.504,6.635,6.76,6.868,6.893,6.813,6.741,6.305,6.476,6.45,6.341,6.421,6.468,6.506,6.447,6.551,6.56,6.62,6.637,6.675,6.438,6.182,6.356,6.485,6.608,6.55,6.631,6.553,6.363,6.411,6.524,6.475,6.051,6.247,6.432,6.269,6.351,6.359,7.261,7.36,7.595,7.573,7.399,7.448,7.577,7.764,7.657,7.67,7.706,7.349,7.698,7.827,7.727,7.709,7.813,7.762,7.559,7.77,7.842,7.816,7.946,8.011,7.854,7.687,8.018,7.934,5.993,6.016,6.139,6.08,5.843,5.961,5.629,5.492,5.7,6.03,6.1,5.946,6.257,6.287,6.271,6.135,5.797,5.483,5.09,5.481,5.693,5.844,5.962,5.995,6.135,5.901,6.126,6.197,6.229,6.199,5.963,5.839,5.763,6.013,6.265,6.286,6.325,6.419,6.276,6.117,6.372,6.499,6.546,6.626,6.56,6.498,6.261,6.426,6.6,6.534,6.451,6.319,6.146,5.647,6.01,6.292,6.299,6.354,6.346,6.107,5.57,6.08,6.315,6.576,6.591,6.799,6.898,6.643,6.915,7.142,7.221,7.332,7.279,7.172,6.794,6.922,7.182,7.369,7.189,7.511,7.43,7.165,7.355,7.406,6.944,6.61,6.332,6.509,6.777,7.103,7.227,7.064,6.75,6.874,7.145,6.625,6.958,7.028,7.176,7.272,7.215,6.941,6.644,6.917,6.882,6.755,6.847,7.032,6.904,6.574,6.788,6.83,6.943,6.985,6.974,6.752,6.187,6.217,6.406,6.34,6.181,6.042,5.001,4.954,5.293,5.323,5.189,5.009,5.09,4.916,4.861,5.27,5.273,5.362,5.282,5.247,5.144,5.001,5.176,5.143,5.024,5.162,5.219,4.978,4.736,5.009,5.052,4.833,4.724,4.594,4.459,4.493,4.79,11.023,10.859,11.005,11.404,11.72,11.078,11.21,11.619,11.953,12.218,12.669,12.182,11.816,12.295,12.077,12.598,12.72,12.618,12.301,12.217,12.611,12.711,12.133,12.049,12.424,12.456,12.166,12.453,13.05,13.274,13.399,7.639,7.504,7.272,7.148,7.291,7.177,6.779,6.668,6.567,6.258,6.618,6.911,7.136,7.411,7.184,6.75,6.242,6.436,6.585,6.832,6.924,6.805,6.53,6.061,6.469,6.794,6.893,6.882,6.963,6.867,6.735,6.683,6.969,7.145,7.232,7.308,7.425,7.399,7.512,7.616,7.757,7.803,7.815,7.75,7.499,7.55,7.342,7.611,7.695,7.714,7.611,7.325,7.282,7.116,7.361,7.594,7.618,7.672,7.376,7.479,7.604,7.264,7.217,7.259,7.129,6.902,7.04,7.104,7.131,7.087,6.836,6.414,5.821,5.707,6.103,6.282,6.443,6.533,6.674,6.451,6.593,6.742,6.796,6.891,6.745,6.555,6.11,6.128,6.217,6.237,6.085,6.143,6.031,5.839,5.9,5.862,6.122,6.297,6.4,6.319,6.106,6.417,6.531,6.543,6.48,6.565,6.553,6.219,6.269,6.519,6.66,6.704,6.87,6.697,6.387,6.619,6.75,6.734,6.668,6.798,6.896,6.664,6.527,6.645,6.816,6.811,6.833,6.656,6.367,6.583,6.576,6.692,6.732,6.83,6.925,6.614,6.673,6.902,6.971,6.976,7.01,7.061,6.909,6.932,7.03,6.987,6.516,6.09,6.287,6.473,6.309,6.392,6.399,7.267,7.366,7.602,7.579,7.405,7.454,7.583,7.77,7.664,7.676,7.712,7.355,7.705,7.833,7.733,7.716,7.82,7.769,7.565,7.777,7.849,7.823,7.953,8.018,7.86,7.694,8.025,7.94,7.013,7.183,7.21,7.358,7.287,7.003,7.145,6.747,6.583,6.832,7.227,7.312,7.126,7.499,7.536,7.516,7.353,6.948,6.572,6.101,6.569,6.823,7.004,7.146,7.186,7.354,7.073,7.342,7.428,7.466,7.43,7.147,6.505,6.421,6.699,6.979,7.004,7.047,7.152,6.993,6.815,7.099,7.24,7.293,7.382,7.309,7.239,6.975,7.159,7.353,7.279,7.187,7.04,6.847,6.292,6.695,7.01,7.017,7.079,7.07,6.804,6.205,6.233,6.473,6.741,6.756,6.969,7.071,6.809,7.088,7.321,7.403,7.515,7.461,7.352,6.964,7.096,7.362,7.553,7.369,7.699,7.616,7.345,7.54,7.592,7.118,6.776,6.491,6.672,6.947,7.281,7.409,7.242,6.75,6.874,7.145,6.625,6.958,7.028,7.176,7.272,7.215,6.941,6.644,6.917,6.882,6.755,6.847,7.032,6.904,6.574,6.788,6.83,6.943,6.985,6.974,6.752,6.187,6.217,6.406,6.34,6.181,6.042,6.614,6.553,7.001,7.041,6.863,6.625,6.732,6.502,6.429,6.97,6.975,7.092,6.986,6.94,6.803,6.614,6.846,6.802,6.645,6.827,6.903,6.585,6.264,6.625,6.682,6.393,6.248,6.077,5.898,5.942,6.336,5.174,5.097,5.166,5.353,5.501,5.2,5.262,5.454,5.611,5.735,5.947,5.718,5.546,5.771,5.669,5.914,5.971,5.923,5.774,5.735,5.92,5.966,5.695,5.656,5.832,5.847,5.71,5.845,6.126,6.231,6.289,7.257,7.129,6.909,6.791,6.926,6.818,6.44,6.334,6.239,5.945,6.287,6.565,6.779,7.04,6.824,6.412,5.93,6.114,6.256,6.49,6.577,6.465,6.203,5.758,6.146,6.454,6.548,6.538,6.615,6.524,6.735,6.683,6.969,7.145,7.232,7.308,7.425,7.399,7.512,7.616,7.757,7.803,7.815,7.75,7.499,7.55,7.342,7.611,7.695,7.714,7.611,7.325,7.282,7.116,7.361,7.594,7.618,7.672,7.376,7.479,7.604,7.264,7.217,7.259,7.129,6.902,7.04,7.104,7.131,7.087,6.836,6.414,5.821,5.707,6.103,6.282,6.443,6.533,6.674,6.451,6.593,6.742,6.796,6.891,6.745,6.555,6.11,6.128,6.217,6.237,6.085,6.143,6.031,5.839,5.9,5.862,6.122,6.297,6.4,6.319,6.106,6.417,6.531,6.543,6.48,6.565,6.553,6.219,6.269,6.519,6.66,6.704,6.87,6.697,6.387,6.619,6.75,6.734,6.668,6.798,6.896,6.664
Guntur_192,6.322,6.365,6.485,6.501,6.26,6.296,6.433,6.441,6.312,6.242,6.356,6.358,6.436,6.321,6.137,6.104,6.389,6.361,6.103,6.363,6.409,6.266,6.337,6.49,6.56,6.261,6.462,6.557,6.607,6.651,6.596,6.913,6.582,6.792,6.968,6.969,6.963,7.041,6.799,6.649,6.763,6.795,6.865,7.108,7.096,7.166,6.866,7.034,7.178,7.149,6.993,6.75,6.808,6.629,6.851,6.973,7.049,6.964,6.923,6.845,7.279,7.486,7.569,7.45,7.333,7.378,7.478,7.258,7.204,6.681,6.941,7.364,7.408,7.361,7.078,7.324,7.557,7.526,8.341,8.219,7.928,7.801,7.663,7.974,8.257,8.348,8.315,8.272,8.014,7.805,7.787,6.524,6.668,6.714,6.671,6.412,6.735,6.768,6.733,6.777,6.828,6.701,6.541,6.914,6.787,6.739,6.542,6.494,6.431,6.215,6.604,6.638,6.475,6.578,6.646,6.582,6.454,6.692,6.699,6.711,6.596,5.923,5.936,5.85,6.021,5.998,6.072,6.233,6.226,6.187,5.942,5.847,5.896,5.874,5.827,5.86,5.792,5.81,5.439,5.695,5.866,5.685,5.608,5.755,5.845,5.588,5.721,5.818,5.985,5.968,5.832,5.697,8.676,8.786,8.762,9.002,8.933,8.989,8.819,9.375,9.543,9.666,9.548,9.574,9.295,8.977,9.43,9.421,9.569,9.7,9.501,9.44,9.075,9.595,9.843,9.72,9.718,9.387,9.186,8.908,9.328,9.794,0.0,0.0,0.0,0.0,0.0,0.0,0.0,0.0,0.0,0.0,0.0,0.0,0.0,0.0,0.0,0.0,0.0,0.0,0.0,0.0,0.0,0.0,0.0,0.0,0.0,0.0,0.0,0.0,0.0,0.0,0.0,0.0,0.0,0.0,0.0,0.0,0.0,0.0,0.0,0.0,0.0,0.0,0.0,0.0,0.0,0.0,0.0,0.0,0.0,0.0,0.0,0.0,0.0,0.0,0.0,0.0,0.0,0.0,0.0,0.0,0.0,0.0,4.586,4.601,4.603,4.692,4.729,4.481,4.529,4.655,4.864,4.795,4.732,4.581,4.441,4.49,4.566,4.631,4.543,4.51,4.631,4.428,4.507,4.446,4.367,4.506,4.528,4.326,4.183,4.505,4.601,4.563,6.036,5.998,6.175,5.982,6.094,6.277,6.486,6.576,6.578,6.383,6.031,6.094,6.188,5.923,6.026,6.093,6.23,6.068,6.211,6.217,6.193,6.075,5.922,5.914,5.613,5.725,6.021,6.139,6.277,6.395,6.344,6.582,6.812,6.885,6.862,6.792,6.946,6.845,6.569,6.704,6.681,6.633,6.75,6.627,6.032,5.86,5.904,6.291,6.473,6.583,6.632,6.58,6.469,6.784,6.757,6.572,6.192,6.206,6.327,6.439,6.665,5.024,5.098,5.045,5.094,5.063,4.845,4.941,5.026,4.936,5.016,5.059,4.962,4.829,4.966,5.1,5.105,5.152,5.224,5.136,5.064,5.2,5.328,5.396,5.315,5.308,5.39,5.185,5.341,5.398,5.369,5.369,6.191,6.011,5.802,5.96,6.008,6.031,5.95,6.021,5.905,5.882,6.122,6.155,6.133,6.061,6.073,6.195,6.12,6.185,6.391,6.518,6.63,6.596,6.494,6.266,6.323,6.106,6.267,6.345,6.465,6.452,6.263,5.902,5.975,6.022,5.912,5.934,5.89,5.725,5.788,5.922,6.034,6.062,6.065,6.037,5.894,5.989,5.989,5.968,5.914,5.848,5.85,5.752,5.976,6.074,6.164,6.185,6.225,6.196,6.098,5.11,5.136,5.118,5.1,5.214,5.184,4.982,5.099,5.197,5.252,5.198,5.019,4.928,4.926,5.11,5.147,5.225,5.302,5.286,5.23,5.065,5.118,4.991,5.11,5.192,5.12,5.146,4.952,4.669,4.746,4.967,4.76,4.882,4.92,4.815,4.943,4.941,4.946,5.061,5.012,5.0,4.821,4.976,5.008,4.823,4.844,4.884,4.765,4.732,4.826,4.916,4.759,4.665,4.617,4.69,4.596,4.769,4.84,4.82,4.84,4.812,4.373,4.291,4.318,4.338,4.255,4.303,4.395,4.363,4.269,4.353,4.247,4.108,3.989,4.124,4.094,3.788,3.809,3.721,3.73,3.703,3.755,3.884,3.964,4.054,3.99,3.915,3.93,4.08,4.177,3.939,4.135,3.359,3.616,3.687,3.698,3.61,3.443,3.547,3.49,3.48,3.405,3.292,3.284,3.125,3.407,3.423,3.511,3.534,3.559,3.408,3.235,3.505,3.637,3.837,3.686,3.67,3.569,3.655,3.928,4.061,3.974,4.702,4.54,4.553,4.608,4.871,4.962,4.927,4.833,4.761,4.848,4.523,4.474,4.426,4.367,4.442,4.654,4.696,4.26,3.937,3.942,3.86,3.975,4.186,4.097,4.032,4.164,4.127,3.886,3.961,3.941,3.881,0.0,0.0,0.0,0.0,0.0,0.0,0.0,0.0,0.0,0.0,0.0,0.0,0.0,0.0,0.0,0.0,0.0,0.0,0.0,0.0,0.0,0.0,0.0,0.0,0.0,0.0,0.0,0.0,0.0,0.0,0.0,0.0,0.0,0.0,0.0,0.0,0.0,0.0,0.0,0.0,0.0,0.0,0.0,0.0,0.0,0.0,0.0,0.0,0.0,0.0,0.0,0.0,0.0,0.0,0.0,0.0,0.0,0.0,0.0,0.0,0.0,4.011,3.866,3.772,3.946,4.031,4.111,4.113,4.154,4.094,3.965,4.153,4.196,4.203,4.144,4.015,4.066,3.853,3.761,3.926,3.963,3.939,3.914,3.966,3.726,3.877,3.91,3.9,3.872,3.922,3.882,3.82,4.061,4.061,4.016,3.709,3.593,3.843,3.767,3.971,4.078,4.222,4.106,4.194,4.163,4.095,4.15,4.143,4.19,4.227,4.12,4.122,3.946,4.173,4.237,4.262,4.224,4.192,4.133,3.909,3.982,4.001,3.514,3.415,3.483,3.49,3.416,3.529,3.599,3.589,3.629,3.573,3.542,3.395,3.562,3.68,3.669,3.634,3.615,3.61,3.429,3.676,3.785,3.851,3.889,3.918,3.879,3.762,3.842,3.763,3.672,3.634,3.697,4.02,3.866,4.084,4.196,4.26,4.179,4.161,4.017,3.836,3.964,3.986,4.006,4.086,4.008,3.907,3.906,4.092,4.219,4.222,4.201,4.24,4.013,3.949,4.168,4.193,4.06,4.129,4.188,4.205,4.201,4.278,4.472,4.49,4.318,4.392,4.445,4.381,4.459,4.582,4.5,4.405,4.429,4.418,4.365,4.393,4.423,4.487,4.449,4.472,4.433,4.359,4.471,4.458,4.463,4.589,4.492,4.419,4.254,4.442,5.134,5.029,5.0,5.139,5.222,5.094,5.074,5.111,5.162,5.253,5.322,5.309,5.179,5.295,5.33,5.402,5.382,5.083,5.119,5.22,5.367,5.412,5.442,5.491,5.468,5.431,5.263,5.361,5.411,5.511,5.545,5.914,5.907,5.724,5.927,5.988,5.878,5.972,5.937,5.96,5.772,5.887,5.973,5.985,5.927,5.866,5.951,5.679,5.833,5.936,5.891,5.914,5.927,5.92,5.733,5.933,6.004,6.065,6.025,5.971,5.816,4.419,4.528,4.513,4.62,4.615,4.738,4.708,4.498,4.567,4.496,4.516,4.511,4.468,4.425,4.303,4.478,4.585,4.713,4.668,4.473,4.079,3.79,3.745,4.077,4.38,4.408,4.342,4.304,4.268,4.507,4.572,4.369,4.414,4.408,4.359,4.252,4.369,4.398,4.305,4.264,4.368,4.324,4.199,4.405,4.467,4.347,4.25,4.189,4.088,3.795,3.806,3.838,4.143,4.304,4.254,4.169,4.048,4.284,4.344,4.171,3.884,3.842,3.908,3.808,4.094,4.112,4.107,4.12,4.043,3.874,3.629,3.767,3.776,3.834,3.777,3.787,3.794,3.63,3.905,3.965,3.895,3.656,3.767,3.67,3.411,3.67,3.91,3.955,3.924,3.994,3.864,3.634,3.623,3.715,3.869,3.866,3.731,3.621,3.444,3.529,3.525,3.524,3.321,3.501,3.634,3.388,3.213,3.441,3.639,3.764,3.719,3.672,3.514,3.705,3.798,3.764,3.827,3.952,3.822,3.66,3.925,4.027,4.001,3.957,3.995,3.974,3.741,3.932,3.994,4.01,3.956,3.853,3.756,3.507,3.563,3.578,3.58,3.526,3.35,3.464,3.489,3.686,3.68,3.634,3.483,3.427,3.382,3.393,3.694,3.723,3.71,3.763,3.773,4.387,4.19,4.447,4.58,4.342,4.405,4.383,4.409,4.262,4.397,4.357,4.431,4.436,4.399,4.336,4.186,4.52,4.563,4.571,4.556,4.498,4.379,4.118,3.884,3.802,4.074,4.299,4.387,4.41,4.288,4.333,4.506,4.564,4.524,4.597,4.581,4.486,4.552,4.587,4.589,4.586,4.591,4.454,4.345,4.378,4.494,4.561,4.595,4.635,4.65,4.47,4.633,4.698,4.688,4.686,4.687,4.691,4.588,4.706,4.648,4.653,4.064,4.123,4.13,3.986,4.07,4.164,4.213,4.111,4.081,3.923,3.819,4.02,4.027,4.051,4.127,4.21,4.24,4.146,4.309,4.323,4.289,4.307,4.378,4.349,4.201,4.285,4.366,4.436,4.452,4.4,4.354,3.897,4.003,3.986,3.919,3.969,3.998,4.021,3.985,4.049,4.055,4.091,4.102,4.125,3.979,3.821,3.929,4.008,4.084,4.048,4.098,4.05,3.933,3.962,4.032,4.002,3.74,3.861,3.975,3.875,3.925,3.93,4.399,4.459,4.601,4.588,4.483,4.512,4.59,4.703,4.639,4.647,4.668,4.452,4.664,4.742,4.681,4.671,4.734,4.703,4.579,4.707,4.751,4.735,4.814,4.853,4.758,4.657,4.858,4.806,4.606,4.623,4.718,4.673,4.49,4.581,4.326,4.221,4.381,4.634,4.688,4.569,4.808,4.832,4.819,4.715,4.455,4.214,3.912,4.212,4.375,4.491,4.582,4.608,4.715,4.535,4.708,4.763,4.787,4.764,4.582,4.858,4.795,5.003,5.212,5.23,5.263,5.341,5.222,5.089,5.301,5.407,5.446,5.513,5.458,5.406,5.209,5.346,5.491,5.436,5.367,5.257,5.113,4.699,5.0,5.235,5.24,5.287,5.28,5.081,4.634,4.058,4.214,4.389,4.398,4.537,4.604,4.433,4.615,4.766,4.819,4.893,4.858,4.786,4.534,4.619,4.793,4.918,4.797,5.013,4.958,4.782,4.909,4.943,4.634,4.412,4.226,4.344,4.523,4.74,4.823,4.714,4.17,4.246,4.414,4.093,4.298,4.342,4.433,4.492,4.457,4.288,4.104,4.273,4.251,4.173,4.23,4.344,4.265,4.061,4.193,4.219,4.289,4.315,4.308,4.171,3.822,3.841,3.957,3.916,3.818,3.732,3.765,3.73,3.986,4.008,3.907,3.771,3.833,3.701,3.66,3.968,3.971,4.037,3.977,3.951,3.873,3.765,3.897,3.872,3.783,3.886,3.93,3.748,3.566,3.772,3.804,3.639,3.557,3.459,3.358,3.383,3.607,5.438,5.357,5.429,5.626,5.781,5.465,5.53,5.732,5.897,6.027,6.25,6.01,5.829,6.065,5.958,6.215,6.275,6.225,6.068,6.027,6.221,6.27,5.986,5.944,6.129,6.145,6.002,6.143,6.438,6.548,6.61,3.493,3.431,3.325,3.268,3.333,3.281,3.1,3.049,3.003,2.862,3.026,3.16,3.263,3.388,3.285,3.086,2.854,2.943,3.011,3.124,3.166,3.111,2.986,2.771,2.958,3.106,3.152,3.147,3.184,3.14,4.505,4.47,4.661,4.779,4.837,4.888,4.966,4.949,5.025,5.094,5.188,5.219,5.227,5.184,5.016,5.05,4.911,5.091,5.147,5.16,5.091,4.9,4.871,4.76,4.924,5.079,5.095,5.131,4.933,5.002,5.086,5.021,4.988,5.017,4.927,4.77,4.866,4.91,4.928,4.898,4.724,4.433,4.023,3.944,4.218,4.341,4.453,4.516,4.613,4.459,4.557,4.66,4.697,4.762,4.662,4.53,4.223,4.235,4.297,4.311,4.205,3.947,3.875,3.751,3.79,3.766,3.933,4.046,4.112,4.06,3.923,4.122,4.196,4.204,4.163,4.217,4.21,3.995,4.027,4.188,4.279,4.307,4.414,4.303,4.104,4.253,4.336,4.326,4.284,4.367,4.431,4.281,4.663,4.747,4.87,4.866,4.881,4.755,4.549,4.703,4.698,4.781,4.809,4.879,4.947,4.725,4.767,4.931,4.98,4.984,5.008,5.044,4.936,4.952,5.022,4.991,4.655,4.351,4.491,4.624,4.507,4.566,4.572,3.842,3.894,4.018,4.007,3.915,3.94,4.009,4.108,4.051,4.058,4.077,3.888,4.073,4.141,4.088,4.079,4.134,4.107,3.999,4.111,4.149,4.135,4.204,4.238,4.155,4.067,4.242,4.197,3.707,5.27,5.29,5.399,5.347,5.138,5.242,4.95,4.83,5.013,5.302,5.365,5.229,5.502,5.529,5.515,5.395,5.097,4.821,4.476,4.82,5.006,5.139,5.243,5.272,5.395,5.189,5.387,5.45,5.477,5.451,5.243,4.79,4.727,4.932,5.139,5.156,5.188,5.266,5.148,5.017,5.226,5.33,5.369,5.435,5.381,5.33,5.135,5.271,5.414,5.359,5.291,5.183,5.041,4.632,4.929,5.161,5.166,5.212,5.205,5.009,4.569,4.45,4.621,4.812,4.823,4.976,5.048,4.861,5.06,5.227,5.285,5.365,5.327,5.249,4.972,5.066,5.256,5.392,5.261,5.497,5.437,5.244,5.383,5.42,5.081,4.838,4.634,4.763,4.959,5.198,5.289,5.17,4.17,4.246,4.414,4.093,4.298,4.342,4.433,4.492,4.457,4.288,4.104,4.273,4.251,4.173,4.23,4.344,4.265,4.061,4.193,4.219,4.289,4.315,4.308,4.171,3.822,3.841,3.957,3.916,3.818,3.732,4.722,4.678,4.998,5.027,4.899,4.729,4.806,4.642,4.59,4.976,4.979,5.063,4.988,4.954,4.857,4.722,4.888,4.856,4.744,4.874,4.928,4.701,4.472,4.73,4.77,4.564,4.46,4.338,4.211,4.242,4.523,3.333,3.283,3.328,3.448,3.544,3.35,3.39,3.513,3.614,3.694,3.831,3.684,3.573,3.718,3.652,3.809,3.846,3.815,3.719,3.694,3.813,3.843,3.669,3.643,3.757,3.766,3.679,3.765,3.946,4.014,4.051,2.451,2.408,2.333,2.293,2.339,2.303,2.175,2.139,2.107,2.008,2.123,2.217,2.29,2.378,2.305,2.166,2.003,2.065,2.113,2.192,2.221,2.183,2.095,1.945,2.076,2.18,2.211,2.208,2.234,2.203,4.505,4.47,4.661,4.779,4.837,4.888,4.966,4.949,5.025,5.094,5.188,5.219,5.227,5.184,5.016,5.05,4.911,5.091,5.147,5.16,5.091,4.9,4.871,4.76,4.924,5.079,5.095,5.131,4.933,5.002,5.086,5.021,4.988,5.017,4.927,4.77,4.866,4.91,4.928,4.898,4.724,4.433,4.023,3.944,4.218,4.341,4.453,4.516,4.613,4.459,4.557,4.66,4.697,4.762,4.662,4.53,4.223,4.235,4.297,4.311,4.205,3.947,3.875,3.751,3.79,3.766,3.933,4.046,4.112,4.06,3.923,4.122,4.196,4.204,4.163,4.217,4.21,3.995,4.027,4.188,4.279,4.307,4.414,4.303,4.104,4.253,4.336,4.326,4.284,4.367,4.431,4.281
Guntur_193,5.924,5.965,6.078,6.093,5.866,5.9,6.028,6.036,5.915,5.849,5.956,5.959,6.031,5.924,5.752,5.72,5.987,5.961,5.72,5.963,6.006,5.872,5.938,6.082,6.148,5.867,6.056,6.144,6.191,6.233,6.182,6.866,6.537,6.746,6.921,6.922,6.916,6.993,6.752,6.604,6.717,6.748,6.818,7.06,7.048,7.117,6.819,6.986,7.129,7.1,6.946,6.704,6.762,6.584,6.805,6.925,7.001,6.917,6.876,6.798,6.251,6.429,6.5,6.398,6.297,6.335,6.421,6.233,6.186,5.737,5.96,6.323,6.362,6.321,6.078,6.289,6.49,6.462,7.163,7.058,6.808,6.699,6.58,6.847,7.09,7.169,7.14,7.103,6.882,6.702,6.687,7.614,7.782,7.836,7.786,7.484,7.86,7.898,7.858,7.909,7.968,7.82,7.634,8.069,7.921,7.865,7.635,7.579,7.505,7.253,7.707,7.748,7.557,7.677,7.757,7.682,7.532,7.81,7.818,7.833,7.698,5.931,5.945,5.858,6.029,6.007,6.08,6.242,6.234,6.196,5.95,5.855,5.904,5.882,5.835,5.868,5.8,5.818,5.447,5.703,5.874,5.693,5.615,5.763,5.853,5.595,5.729,5.826,5.993,5.976,5.84,5.704,5.7,5.773,5.757,5.914,5.869,5.906,5.794,6.16,6.27,6.351,6.273,6.29,6.107,5.898,6.196,6.19,6.287,6.373,6.242,6.202,5.962,6.304,6.467,6.386,6.385,6.168,6.036,5.853,6.129,6.435,0.0,0.0,0.0,0.0,0.0,0.0,0.0,0.0,0.0,0.0,0.0,0.0,0.0,0.0,0.0,0.0,0.0,0.0,0.0,0.0,0.0,0.0,0.0,0.0,0.0,0.0,0.0,0.0,0.0,0.0,0.0,0.0,0.0,0.0,0.0,0.0,0.0,0.0,0.0,0.0,0.0,0.0,0.0,0.0,0.0,0.0,0.0,0.0,0.0,0.0,0.0,0.0,0.0,0.0,0.0,0.0,0.0,0.0,0.0,0.0,0.0,0.0,5.491,5.51,5.512,5.619,5.663,5.366,5.424,5.575,5.824,5.742,5.667,5.486,5.319,5.378,5.468,5.546,5.441,5.401,5.546,5.302,5.397,5.324,5.23,5.396,5.422,5.181,5.01,5.396,5.51,5.465,6.512,6.471,6.662,6.454,6.575,6.772,6.997,7.095,7.097,6.887,6.507,6.575,6.677,6.39,6.501,6.574,6.721,6.547,6.701,6.708,6.682,6.554,6.39,6.381,6.056,6.177,6.496,6.624,6.773,6.899,6.845,5.254,5.438,5.496,5.478,5.422,5.544,5.464,5.244,5.352,5.333,5.295,5.388,5.29,4.815,4.678,4.713,5.022,5.167,5.255,5.294,5.252,5.164,5.416,5.394,5.246,4.943,4.954,5.051,5.14,5.32,5.69,5.773,5.713,5.769,5.734,5.487,5.596,5.692,5.59,5.68,5.729,5.619,5.469,5.624,5.776,5.781,5.835,5.916,5.816,5.734,5.889,6.034,6.111,6.019,6.011,6.104,5.872,6.048,6.113,6.08,6.08,5.801,5.632,5.436,5.585,5.629,5.651,5.575,5.642,5.532,5.512,5.736,5.767,5.747,5.679,5.69,5.804,5.734,5.795,5.988,6.107,6.212,6.18,6.085,5.871,5.924,5.721,5.872,5.945,6.058,6.046,5.868,6.103,6.178,6.228,6.113,6.136,6.091,5.92,5.985,6.124,6.24,6.268,6.272,6.243,6.095,6.193,6.193,6.171,6.116,6.047,6.049,5.948,6.18,6.281,6.374,6.395,6.437,6.407,6.305,5.862,5.892,5.872,5.851,5.982,5.948,5.716,5.85,5.962,6.025,5.964,5.759,5.654,5.651,5.862,5.906,5.995,6.083,6.065,6.001,5.811,5.872,5.726,5.863,5.956,5.874,5.904,5.682,5.357,5.445,5.699,5.701,5.847,5.893,5.767,5.921,5.919,5.924,6.062,6.003,5.989,5.774,5.961,5.999,5.777,5.802,5.85,5.707,5.668,5.78,5.888,5.7,5.588,5.53,5.617,5.505,5.712,5.798,5.773,5.797,5.763,4.973,4.88,4.909,4.933,4.838,4.893,4.997,4.961,4.855,4.949,4.829,4.671,4.536,4.689,4.655,4.308,4.331,4.231,4.241,4.21,4.269,4.417,4.507,4.61,4.536,4.451,4.469,4.639,4.749,4.479,4.702,5.824,6.27,6.392,6.412,6.259,5.969,6.15,6.052,6.034,5.904,5.708,5.694,5.418,5.906,5.935,6.087,6.127,6.17,5.909,5.609,6.077,6.306,6.652,6.391,6.363,6.188,6.337,6.81,7.04,6.889,4.448,4.294,4.307,4.36,4.608,4.694,4.661,4.572,4.504,4.586,4.279,4.233,4.187,4.131,4.202,4.403,4.442,4.03,3.724,3.729,3.652,3.76,3.96,3.875,3.814,3.939,3.904,3.676,3.747,3.728,3.671,0.0,0.0,0.0,0.0,0.0,0.0,0.0,0.0,0.0,0.0,0.0,0.0,0.0,0.0,0.0,0.0,0.0,0.0,0.0,0.0,0.0,0.0,0.0,0.0,0.0,0.0,0.0,0.0,0.0,0.0,0.0,0.0,0.0,0.0,0.0,0.0,0.0,0.0,0.0,0.0,0.0,0.0,0.0,0.0,0.0,0.0,0.0,0.0,0.0,0.0,0.0,0.0,0.0,0.0,0.0,0.0,0.0,0.0,0.0,0.0,0.0,5.581,5.38,5.249,5.49,5.609,5.721,5.723,5.78,5.696,5.516,5.778,5.839,5.848,5.766,5.586,5.658,5.361,5.234,5.463,5.515,5.48,5.447,5.518,5.184,5.395,5.44,5.427,5.387,5.457,5.402,5.315,5.502,5.502,5.441,5.026,4.868,5.207,5.104,5.381,5.526,5.72,5.563,5.683,5.641,5.549,5.623,5.614,5.678,5.727,5.582,5.586,5.347,5.655,5.741,5.775,5.723,5.68,5.601,5.297,5.396,5.421,4.443,4.318,4.404,4.413,4.319,4.462,4.551,4.539,4.588,4.518,4.478,4.293,4.504,4.653,4.64,4.595,4.571,4.564,4.336,4.647,4.786,4.869,4.917,4.954,4.904,4.757,4.858,4.758,4.643,4.594,4.674,5.034,4.841,5.114,5.254,5.334,5.233,5.211,5.03,4.803,4.964,4.992,5.016,5.116,5.019,4.893,4.891,5.124,5.283,5.287,5.261,5.309,5.026,4.945,5.219,5.25,5.084,5.171,5.245,5.266,5.261,5.357,5.206,5.227,5.026,5.112,5.174,5.1,5.19,5.334,5.238,5.127,5.156,5.143,5.081,5.114,5.149,5.223,5.178,5.205,5.16,5.074,5.204,5.189,5.195,5.342,5.228,5.144,4.952,5.17,7.076,6.931,6.891,7.083,7.197,7.021,6.994,7.044,7.114,7.24,7.335,7.317,7.138,7.298,7.346,7.446,7.418,7.005,7.056,7.194,7.398,7.458,7.5,7.568,7.536,7.486,7.254,7.388,7.458,7.596,7.642,6.502,6.495,6.293,6.517,6.584,6.463,6.565,6.528,6.552,6.345,6.473,6.567,6.581,6.516,6.449,6.542,6.243,6.413,6.526,6.477,6.502,6.517,6.509,6.303,6.523,6.601,6.668,6.624,6.565,6.395,5.926,6.072,6.051,6.195,6.189,6.353,6.313,6.031,6.123,6.029,6.056,6.048,5.991,5.933,5.77,6.004,6.148,6.32,6.259,5.997,5.469,5.083,5.021,5.466,5.874,5.911,5.822,5.772,5.722,6.043,6.13,4.369,4.414,4.408,4.359,4.252,4.369,4.398,4.305,4.264,4.368,4.324,4.199,4.405,4.467,4.347,4.25,4.189,4.088,3.795,3.806,3.838,4.143,4.304,4.254,4.169,4.048,4.284,4.344,4.171,3.884,3.842,3.908,3.808,4.094,4.112,4.107,4.12,4.043,3.874,3.629,3.767,3.776,3.834,3.777,3.787,3.794,3.63,3.905,3.965,3.895,3.656,3.767,3.67,3.411,3.67,3.91,3.955,3.924,3.994,3.864,3.634,4.904,5.029,5.236,5.232,5.05,4.901,4.662,4.777,4.772,4.769,4.495,4.739,4.919,4.585,4.348,4.657,4.925,5.095,5.034,4.97,4.756,5.015,5.141,5.094,5.179,5.348,5.174,4.954,5.312,5.451,5.416,4.976,5.023,4.997,4.704,4.944,5.022,5.042,4.974,4.845,4.723,4.41,4.48,4.499,4.502,4.433,4.212,4.355,4.387,4.634,4.627,4.57,4.379,4.309,4.253,4.267,4.645,4.681,4.665,4.732,4.744,5.99,5.722,6.072,6.254,5.929,6.015,5.985,6.02,5.819,6.004,5.949,6.051,6.057,6.007,5.92,5.715,6.171,6.231,6.241,6.221,6.142,5.979,5.623,5.303,5.192,5.563,5.87,5.991,6.021,5.855,5.917,5.634,5.706,5.657,5.748,5.728,5.609,5.691,5.736,5.737,5.735,5.74,5.569,5.432,5.474,5.619,5.703,5.745,5.796,5.814,5.589,5.793,5.875,5.861,5.859,5.86,5.866,5.737,5.884,5.811,5.818,5.463,5.543,5.553,5.358,5.472,5.598,5.664,5.527,5.486,5.274,5.134,5.405,5.414,5.446,5.548,5.659,5.701,5.573,5.792,5.812,5.766,5.79,5.885,5.847,5.647,5.761,5.87,5.963,5.985,5.916,5.853,5.712,5.867,5.843,5.745,5.817,5.86,5.894,5.841,5.935,5.943,5.997,6.012,6.047,5.832,5.6,5.758,5.875,5.986,5.933,6.007,5.936,5.764,5.808,5.91,5.866,5.482,5.659,5.827,5.679,5.754,5.761,5.652,5.729,5.912,5.895,5.759,5.797,5.898,6.043,5.96,5.97,5.998,5.72,5.992,6.092,6.014,6.001,6.082,6.042,5.884,6.048,6.104,6.084,6.185,6.236,6.113,5.983,6.241,6.175,5.557,5.577,5.692,5.637,5.417,5.527,5.219,5.092,5.285,5.59,5.656,5.513,5.801,5.829,5.814,5.688,5.374,5.083,4.72,5.082,5.278,5.418,5.528,5.559,5.688,5.471,5.679,5.746,5.775,5.747,5.528,5.866,5.79,6.041,6.293,6.315,6.354,6.449,6.305,6.145,6.401,6.528,6.576,6.657,6.591,6.527,6.29,6.455,6.63,6.564,6.48,6.348,6.174,5.673,6.037,6.321,6.328,6.384,6.375,6.135,5.595,6.016,6.249,6.507,6.521,6.728,6.826,6.573,6.842,7.067,7.146,7.255,7.202,7.097,6.722,6.849,7.107,7.291,7.113,7.432,7.352,7.09,7.278,7.328,6.871,6.541,6.266,6.441,6.706,7.029,7.151,6.99,4.836,4.926,5.12,4.747,4.986,5.036,5.142,5.211,5.17,4.974,4.761,4.957,4.931,4.84,4.906,5.039,4.947,4.711,4.864,4.894,4.975,5.005,4.997,4.838,4.433,4.455,4.59,4.543,4.429,4.329,6.547,6.486,6.93,6.969,6.793,6.557,6.664,6.435,6.364,6.899,6.904,7.02,6.915,6.869,6.734,6.547,6.777,6.733,6.577,6.757,6.832,6.517,6.2,6.558,6.614,6.328,6.184,6.015,5.838,5.882,6.271,6.542,6.445,6.531,6.768,6.955,6.575,6.653,6.896,7.094,7.251,7.519,7.23,7.013,7.297,7.167,7.477,7.549,7.489,7.3,7.251,7.485,7.544,7.201,7.151,7.373,7.393,7.22,7.39,7.745,7.878,7.952,6.21,6.1,5.912,5.811,5.927,5.834,5.511,5.421,5.339,5.088,5.38,5.618,5.801,6.025,5.84,5.487,5.075,5.232,5.353,5.554,5.629,5.532,5.309,4.927,5.259,5.523,5.603,5.595,5.661,5.583,5.747,5.703,5.947,6.097,6.171,6.237,6.336,6.314,6.411,6.499,6.619,6.659,6.669,6.613,6.4,6.443,6.266,6.495,6.566,6.583,6.495,6.251,6.214,6.072,6.282,6.48,6.501,6.547,6.294,6.382,6.489,5.824,5.786,5.82,5.716,5.533,5.644,5.696,5.717,5.681,5.48,5.142,4.667,4.575,4.893,5.036,5.165,5.238,5.351,5.172,5.286,5.405,5.449,5.524,5.408,5.255,4.898,4.913,4.984,5.001,4.878,5.831,5.725,5.542,5.6,5.564,5.811,5.977,6.074,5.998,5.795,6.091,6.199,6.211,6.15,6.231,6.22,5.903,5.95,6.188,6.322,6.363,6.521,6.357,6.063,6.283,6.407,6.391,6.329,6.452,6.546,6.325,5.284,5.38,5.519,5.514,5.532,5.389,5.155,5.33,5.324,5.418,5.45,5.53,5.606,5.355,5.402,5.588,5.644,5.648,5.675,5.717,5.594,5.612,5.691,5.657,5.276,4.931,5.09,5.241,5.108,5.175,5.181,4.972,5.039,5.2,5.185,5.066,5.099,5.188,5.316,5.243,5.251,5.276,5.031,5.271,5.359,5.29,5.278,5.35,5.315,5.175,5.32,5.369,5.352,5.441,5.485,5.377,5.263,5.49,5.432,4.798,6.514,6.539,6.673,6.609,6.351,6.479,6.118,5.97,6.196,6.554,6.631,6.463,6.801,6.834,6.816,6.668,6.301,5.96,5.533,5.957,6.188,6.352,6.48,6.517,6.669,6.414,6.658,6.736,6.77,6.738,6.481,5.585,5.512,5.751,5.992,6.013,6.05,6.14,6.003,5.851,6.094,6.216,6.261,6.338,6.275,6.215,5.988,6.146,6.313,6.249,6.17,6.044,5.879,5.402,5.748,6.018,6.024,6.078,6.07,5.841,5.327,5.36,5.567,5.797,5.81,5.994,6.081,5.856,6.096,6.296,6.366,6.463,6.417,6.323,5.989,6.102,6.331,6.496,6.337,6.621,6.55,6.317,6.484,6.529,6.121,5.827,5.582,5.738,5.974,6.262,6.371,6.228,4.836,4.926,5.12,4.747,4.986,5.036,5.142,5.211,5.17,4.974,4.761,4.957,4.931,4.84,4.906,5.039,4.947,4.711,4.864,4.894,4.975,5.005,4.997,4.838,4.433,4.455,4.59,4.543,4.429,4.329,5.688,5.635,6.021,6.055,5.902,5.697,5.79,5.591,5.529,5.994,5.998,6.099,6.008,5.968,5.851,5.688,5.888,5.85,5.715,5.871,5.936,5.663,5.387,5.697,5.746,5.498,5.373,5.226,5.072,5.11,5.449,4.544,4.477,4.537,4.702,4.832,4.567,4.622,4.79,4.928,5.037,5.223,5.023,4.871,5.069,4.979,5.194,5.244,5.202,5.071,5.037,5.199,5.24,5.002,4.968,5.122,5.136,5.016,5.134,5.38,5.473,5.524,8.349,8.201,7.948,7.812,7.968,7.843,7.409,7.287,7.177,6.839,7.233,7.552,7.799,8.099,7.851,7.377,6.822,7.034,7.196,7.467,7.567,7.437,7.136,6.624,7.07,7.425,7.533,7.521,7.61,7.505,5.747,5.703,5.947,6.097,6.171,6.237,6.336,6.314,6.411,6.499,6.619,6.659,6.669,6.613,6.4,6.443,6.266,6.495,6.566,6.583,6.495,6.251,6.214,6.072,6.282,6.48,6.501,6.547,6.294,6.382,6.489,5.824,5.786,5.82,5.716,5.533,5.644,5.696,5.717,5.681,5.48,5.142,4.667,4.575,4.893,5.036,5.165,5.238,5.351,5.172,5.286,5.405,5.449,5.524,5.408,5.255,4.898,4.913,4.984,5.001,4.878,5.831,5.725,5.542,5.6,5.564,5.811,5.977,6.074,5.998,5.795,6.091,6.199,6.211,6.15,6.231,6.22,5.903,5.95,6.188,6.322,6.363,6.521,6.357,6.063,6.283,6.407,6.391,6.329,6.452,6.546,6.325
Guntur_194,6.486,6.53,6.654,6.67,6.422,6.459,6.599,6.608,6.476,6.404,6.521,6.523,6.603,6.485,6.297,6.263,6.555,6.526,6.262,6.528,6.576,6.429,6.501,6.658,6.731,6.423,6.63,6.727,6.778,6.823,6.767,7.655,7.287,7.521,7.715,7.716,7.71,7.796,7.528,7.362,7.489,7.523,7.601,7.87,7.857,7.935,7.602,7.789,7.948,7.915,7.743,7.474,7.538,7.339,7.586,7.721,7.805,7.711,7.666,7.579,7.932,8.158,8.248,8.118,7.99,8.039,8.148,7.909,7.85,7.28,7.563,8.024,8.073,8.021,7.712,7.981,8.235,8.2,9.089,8.956,8.639,8.5,8.35,8.689,8.997,9.097,9.061,9.013,8.733,8.504,8.486,9.45,9.659,9.725,9.663,9.288,9.756,9.803,9.753,9.816,9.89,9.706,9.475,10.014,9.831,9.761,9.476,9.406,9.315,9.002,9.565,9.616,9.379,9.528,9.627,9.534,9.348,9.693,9.704,9.721,9.554,9.393,9.415,9.278,9.549,9.513,9.63,9.886,9.874,9.813,9.424,9.273,9.351,9.316,9.241,9.294,9.185,9.215,8.626,9.032,9.303,9.016,8.894,9.127,9.27,8.862,9.073,9.227,9.491,9.465,9.249,9.035,6.191,6.269,6.252,6.423,6.374,6.414,6.293,6.689,6.809,6.897,6.813,6.831,6.632,6.405,6.728,6.722,6.828,6.922,6.779,6.736,6.475,6.846,7.023,6.935,6.934,6.698,6.555,6.356,6.656,6.989,0.0,0.0,0.0,0.0,0.0,0.0,0.0,0.0,0.0,0.0,0.0,0.0,0.0,0.0,0.0,0.0,0.0,0.0,0.0,0.0,0.0,0.0,0.0,0.0,0.0,0.0,0.0,0.0,0.0,0.0,0.0,0.0,0.0,0.0,0.0,0.0,0.0,0.0,0.0,0.0,0.0,0.0,0.0,0.0,0.0,0.0,0.0,0.0,0.0,0.0,0.0,0.0,0.0,0.0,0.0,0.0,0.0,0.0,0.0,0.0,0.0,0.0,5.491,5.51,5.512,5.619,5.663,5.366,5.424,5.575,5.824,5.742,5.667,5.486,5.319,5.378,5.468,5.546,5.441,5.401,5.546,5.302,5.397,5.324,5.23,5.396,5.422,5.181,5.01,5.396,5.51,5.465,8.088,8.037,8.275,8.016,8.167,8.411,8.691,8.812,8.814,8.554,8.082,8.166,8.292,7.937,8.075,8.165,8.348,8.132,8.323,8.331,8.299,8.141,7.936,7.925,7.521,7.672,8.069,8.227,8.412,8.569,8.501,8.618,8.92,9.015,8.985,8.894,9.095,8.962,8.602,8.778,8.748,8.686,8.838,8.677,7.899,7.674,7.73,8.238,8.475,8.62,8.684,8.616,8.471,8.884,8.848,8.605,8.108,8.126,8.285,8.432,8.727,6.678,6.776,6.705,6.771,6.729,6.439,6.567,6.68,6.561,6.666,6.723,6.595,6.418,6.6,6.778,6.785,6.848,6.943,6.826,6.73,6.911,7.082,7.171,7.064,7.054,7.164,6.892,7.098,7.174,7.135,7.136,7.425,7.209,6.959,7.149,7.206,7.234,7.136,7.222,7.082,7.055,7.342,7.382,7.356,7.27,7.284,7.43,7.34,7.418,7.665,7.817,7.952,7.911,7.788,7.516,7.584,7.323,7.516,7.61,7.754,7.739,7.511,7.835,7.931,7.995,7.848,7.877,7.819,7.6,7.683,7.862,8.01,8.047,8.051,8.014,7.824,7.95,7.95,7.922,7.851,7.763,7.765,7.636,7.933,8.063,8.183,8.21,8.264,8.225,8.095,8.381,8.424,8.395,8.364,8.552,8.503,8.172,8.364,8.524,8.614,8.526,8.233,8.083,8.079,8.381,8.443,8.571,8.697,8.67,8.579,8.307,8.395,8.186,8.381,8.516,8.398,8.44,8.123,7.658,7.785,8.148,7.335,7.523,7.582,7.42,7.618,7.615,7.622,7.8,7.724,7.706,7.43,7.669,7.718,7.433,7.465,7.526,7.343,7.293,7.437,7.576,7.334,7.189,7.115,7.227,7.083,7.349,7.46,7.428,7.459,7.415,7.647,7.504,7.549,7.586,7.439,7.524,7.684,7.629,7.465,7.611,7.426,7.183,6.975,7.211,7.158,6.624,6.659,6.506,6.522,6.474,6.565,6.792,6.931,7.089,6.976,6.845,6.872,7.134,7.303,6.887,7.23,6.73,7.245,7.386,7.408,7.232,6.897,7.107,6.992,6.972,6.822,6.596,6.579,6.26,6.825,6.858,7.033,7.079,7.13,6.827,6.481,7.021,7.287,7.687,7.384,7.352,7.15,7.323,7.869,8.135,7.96,7.803,7.534,7.556,7.648,8.084,8.235,8.176,8.021,7.902,8.046,7.507,7.425,7.345,7.247,7.372,7.724,7.794,7.07,6.534,6.541,6.406,6.597,6.947,6.799,6.692,6.91,6.848,6.448,6.574,6.54,6.441,0.0,0.0,0.0,0.0,0.0,0.0,0.0,0.0,0.0,0.0,0.0,0.0,0.0,0.0,0.0,0.0,0.0,0.0,0.0,0.0,0.0,0.0,0.0,0.0,0.0,0.0,0.0,0.0,0.0,0.0,0.0,0.0,0.0,0.0,0.0,0.0,0.0,0.0,0.0,0.0,0.0,0.0,0.0,0.0,0.0,0.0,0.0,0.0,0.0,0.0,0.0,0.0,0.0,0.0,0.0,0.0,0.0,0.0,0.0,0.0,0.0,7.301,7.037,6.866,7.182,7.338,7.483,7.487,7.561,7.452,7.216,7.559,7.638,7.651,7.543,7.307,7.401,7.013,6.847,7.147,7.214,7.169,7.125,7.218,6.781,7.057,7.116,7.099,7.047,7.138,7.067,6.953,6.778,6.777,6.702,6.191,5.997,6.414,6.287,6.627,6.806,7.046,6.853,7.0,6.948,6.834,6.926,6.914,6.993,7.055,6.876,6.88,6.586,6.965,7.071,7.113,7.049,6.996,6.898,6.524,6.647,6.677,7.205,7.001,7.14,7.155,7.003,7.236,7.38,7.359,7.439,7.325,7.261,6.961,7.303,7.545,7.523,7.451,7.412,7.401,7.031,7.536,7.761,7.895,7.973,8.032,7.952,7.714,7.877,7.715,7.528,7.45,7.579,7.429,7.145,7.547,7.755,7.872,7.723,7.691,7.423,7.089,7.326,7.367,7.403,7.551,7.408,7.221,7.218,7.563,7.797,7.802,7.765,7.835,7.417,7.298,7.703,7.749,7.503,7.631,7.74,7.772,7.764,7.906,7.915,7.947,7.642,7.773,7.867,7.754,7.891,8.11,7.964,7.796,7.839,7.82,7.725,7.775,7.829,7.942,7.873,7.914,7.845,7.714,7.913,7.889,7.899,8.122,7.95,7.821,7.529,7.861,8.459,8.286,8.237,8.467,8.604,8.394,8.361,8.421,8.505,8.655,8.768,8.747,8.533,8.724,8.782,8.901,8.868,8.374,8.435,8.6,8.843,8.916,8.966,9.048,9.009,8.949,8.671,8.832,8.916,9.081,9.135,8.887,8.878,8.602,8.908,9.0,8.834,8.975,8.923,8.957,8.674,8.848,8.977,8.995,8.908,8.816,8.943,8.535,8.767,8.921,8.854,8.888,8.908,8.898,8.616,8.917,9.023,9.115,9.055,8.974,8.741,8.977,9.198,9.167,9.384,9.375,9.624,9.564,9.136,9.276,9.133,9.174,9.163,9.076,8.988,8.741,9.095,9.313,9.574,9.482,9.086,8.286,7.7,7.607,8.281,8.898,8.954,8.82,8.744,8.669,9.154,9.287,9.583,9.68,9.668,9.559,9.326,9.582,9.646,9.442,9.353,9.58,9.484,9.208,9.66,9.796,9.534,9.322,9.186,8.966,8.322,8.346,8.416,9.086,9.439,9.329,9.144,8.878,9.395,9.528,9.148,8.517,8.427,8.57,8.352,8.979,9.018,9.007,9.037,8.867,8.495,7.959,8.261,8.28,8.409,8.284,8.305,8.322,7.961,8.565,8.697,8.542,8.019,8.261,8.048,7.48,8.048,8.576,8.674,8.607,8.759,8.474,7.969,6.1,6.255,6.513,6.508,6.282,6.096,5.799,5.941,5.935,5.932,5.591,5.894,6.118,5.703,5.409,5.793,6.127,6.337,6.261,6.182,5.915,6.237,6.394,6.336,6.442,6.653,6.435,6.162,6.608,6.78,6.736,8.43,8.511,8.467,7.97,8.377,8.509,8.543,8.428,8.209,8.001,7.472,7.591,7.623,7.627,7.511,7.137,7.379,7.433,7.852,7.839,7.742,7.419,7.301,7.205,7.229,7.87,7.931,7.904,8.017,8.038,8.243,7.874,8.356,8.607,8.159,8.277,8.237,8.284,8.008,8.262,8.187,8.327,8.336,8.266,8.147,7.866,8.493,8.575,8.589,8.562,8.452,8.228,7.738,7.298,7.145,7.656,8.079,8.244,8.287,8.058,8.142,7.058,7.148,7.086,7.201,7.176,7.027,7.13,7.186,7.187,7.184,7.191,6.976,6.805,6.857,7.039,7.144,7.197,7.261,7.284,7.001,7.257,7.359,7.342,7.339,7.341,7.348,7.186,7.371,7.28,7.289,7.088,7.193,7.205,6.952,7.1,7.263,7.35,7.171,7.119,6.844,6.662,7.013,7.024,7.067,7.198,7.343,7.397,7.232,7.516,7.541,7.482,7.513,7.636,7.587,7.327,7.475,7.616,7.737,7.765,7.676,7.595,7.195,7.39,7.36,7.236,7.327,7.381,7.424,7.357,7.475,7.486,7.554,7.573,7.617,7.347,7.054,7.253,7.4,7.541,7.474,7.567,7.477,7.261,7.315,7.445,7.389,6.905,7.128,7.34,7.153,7.247,7.256,7.779,7.885,8.137,8.113,7.927,7.979,8.117,8.317,8.204,8.217,8.255,7.873,8.247,8.385,8.278,8.259,8.371,8.316,8.098,8.324,8.401,8.374,8.513,8.583,8.414,8.235,8.59,8.5,8.564,8.596,8.772,8.688,8.349,8.518,8.043,7.848,8.145,8.616,8.717,8.496,8.94,8.984,8.961,8.766,8.283,7.834,7.274,7.832,8.135,8.35,8.519,8.567,8.767,8.432,8.753,8.855,8.9,8.857,8.52,8.587,8.476,8.843,9.213,9.245,9.302,9.441,9.23,8.996,9.371,9.557,9.627,9.745,9.648,9.556,9.207,9.45,9.706,9.609,9.487,9.293,9.039,8.305,8.838,9.253,9.263,9.345,9.333,8.982,8.191,7.388,7.673,7.99,8.008,8.261,8.382,8.071,8.402,8.678,8.775,8.909,8.845,8.715,8.255,8.411,8.727,8.954,8.735,9.127,9.028,8.707,8.937,8.999,8.437,8.032,7.695,7.909,8.234,8.631,8.782,8.584,8.265,8.417,8.75,8.112,8.52,8.607,8.788,8.905,8.835,8.5,8.136,8.471,8.427,8.272,8.384,8.611,8.454,8.05,8.312,8.364,8.502,8.554,8.54,8.268,7.576,7.613,7.844,7.763,7.569,7.398,10.615,10.517,11.236,11.3,11.014,10.632,10.805,10.435,10.319,11.187,11.194,11.383,11.213,11.138,10.919,10.616,10.988,10.917,10.665,10.957,11.079,10.568,10.053,10.633,10.724,10.26,10.028,9.753,9.466,9.537,10.168,12.596,12.409,12.576,13.032,13.392,12.659,12.81,13.278,13.659,13.962,14.478,13.921,13.502,14.05,13.801,14.397,14.536,14.419,14.057,13.961,14.411,14.525,13.865,13.769,14.197,14.234,13.902,14.23,14.913,15.169,15.311,10.051,9.873,9.569,9.405,9.593,9.443,8.92,8.773,8.641,8.234,8.708,9.092,9.389,9.751,9.452,8.881,8.213,8.469,8.664,8.989,9.11,8.954,8.592,7.975,8.512,8.939,9.069,9.055,9.162,9.035,8.099,8.036,8.38,8.592,8.696,8.788,8.928,8.897,9.033,9.157,9.327,9.383,9.398,9.319,9.018,9.079,8.829,9.152,9.253,9.276,9.152,8.808,8.757,8.557,8.852,9.131,9.16,9.225,8.869,8.993,9.143,8.781,8.724,8.775,8.618,8.343,8.51,8.588,8.62,8.566,8.263,7.753,7.036,6.899,7.377,7.593,7.788,7.897,8.068,7.798,7.969,8.15,8.215,8.329,8.153,7.924,7.385,7.407,7.515,7.54,7.355,6.941,6.815,6.598,6.666,6.624,6.918,7.115,7.231,7.14,6.899,7.251,7.379,7.394,7.322,7.418,7.405,7.027,7.083,7.367,7.526,7.575,7.763,7.568,7.217,7.479,7.627,7.609,7.535,7.681,7.793,7.53,7.833,7.975,8.181,8.174,8.2,7.988,7.641,7.901,7.893,8.031,8.079,8.197,8.311,7.938,8.009,8.283,8.367,8.373,8.413,8.474,8.292,8.32,8.437,8.385,7.821,7.309,7.545,7.769,7.572,7.671,7.68,7.483,7.585,7.827,7.804,7.625,7.675,7.808,8.001,7.891,7.904,7.941,7.573,7.934,8.066,7.963,7.945,8.052,8.0,7.79,8.007,8.081,8.055,8.189,8.256,8.093,7.922,8.263,8.176,7.222,9.04,9.074,9.26,9.171,8.813,8.992,8.491,8.284,8.598,9.095,9.202,8.968,9.438,9.484,9.459,9.254,8.744,8.27,7.678,8.267,8.587,8.814,8.993,9.043,9.254,8.901,9.24,9.348,9.395,9.35,8.994,7.733,7.632,7.963,8.296,8.325,8.377,8.501,8.312,8.1,8.438,8.606,8.669,8.775,8.688,8.604,8.291,8.509,8.74,8.652,8.542,8.368,8.139,7.479,7.958,8.332,8.341,8.415,8.404,8.088,7.376,6.928,7.195,7.492,7.509,7.746,7.859,7.568,7.878,8.137,8.228,8.353,8.293,8.172,7.741,7.887,8.183,8.396,8.191,8.558,8.465,8.164,8.38,8.438,7.911,7.532,7.215,7.416,7.721,8.093,8.235,8.049,8.265,8.417,8.75,8.112,8.52,8.607,8.788,8.905,8.835,8.5,8.136,8.471,8.427,8.272,8.384,8.611,8.454,8.05,8.312,8.364,8.502,8.554,8.54,8.268,7.576,7.613,7.844,7.763,7.569,7.398,7.351,7.283,7.782,7.826,7.628,7.363,7.483,7.227,7.146,7.748,7.752,7.883,7.765,7.713,7.562,7.352,7.61,7.561,7.386,7.588,7.672,7.319,6.962,7.364,7.427,7.105,6.944,6.754,6.556,6.605,7.042,8.364,8.24,8.351,8.654,8.893,8.406,8.506,8.817,9.07,9.271,9.614,9.244,8.966,9.329,9.164,9.56,9.652,9.574,9.334,9.27,9.569,9.645,9.207,9.143,9.427,9.452,9.231,9.449,9.902,10.072,10.167,8.349,8.201,7.948,7.812,7.968,7.843,7.409,7.287,7.177,6.839,7.233,7.552,7.799,8.099,7.851,7.377,6.822,7.034,7.196,7.467,7.567,7.437,7.136,6.624,7.07,7.425,7.533,7.521,7.61,7.505,8.099,8.036,8.38,8.592,8.696,8.788,8.928,8.897,9.033,9.157,9.327,9.383,9.398,9.319,9.018,9.079,8.829,9.152,9.253,9.276,9.152,8.808,8.757,8.557,8.852,9.131,9.16,9.225,8.869,8.993,9.143,8.781,8.724,8.775,8.618,8.343,8.51,8.588,8.62,8.566,8.263,7.753,7.036,6.899,7.377,7.593,7.788,7.897,8.068,7.798,7.969,8.15,8.215,8.329,8.153,7.924,7.385,7.407,7.515,7.54,7.355,6.941,6.815,6.598,6.666,6.624,6.918,7.115,7.231,7.14,6.899,7.251,7.379,7.394,7.322,7.418,7.405,7.027,7.083,7.367,7.526,7.575,7.763,7.568,7.217,7.479,7.627,7.609,7.535,7.681,7.793,7.53
Guntur_195,7.804,7.858,8.006,8.026,7.728,7.772,7.941,7.952,7.793,7.706,7.846,7.849,7.945,7.804,7.577,7.536,7.887,7.853,7.535,7.856,7.913,7.736,7.823,8.012,8.099,7.729,7.978,8.094,8.156,8.211,8.143,7.655,7.287,7.521,7.715,7.716,7.71,7.796,7.528,7.362,7.489,7.523,7.601,7.87,7.857,7.935,7.602,7.789,7.948,7.915,7.743,7.474,7.538,7.339,7.586,7.721,7.805,7.711,7.666,7.579,7.827,8.05,8.139,8.011,7.885,7.933,8.041,7.805,7.746,7.184,7.464,7.918,7.966,7.915,7.61,7.876,8.126,8.092,8.969,8.838,8.525,8.388,8.24,8.574,8.879,8.977,8.941,8.894,8.618,8.392,8.374,9.654,9.868,9.936,9.873,9.49,9.967,10.016,9.964,10.029,10.104,9.916,9.68,10.231,10.044,9.972,9.681,9.61,9.517,9.198,9.773,9.824,9.582,9.734,9.836,9.741,9.551,9.904,9.914,9.932,9.761,9.694,9.717,9.576,9.856,9.818,9.939,10.203,10.191,10.128,9.726,9.57,9.652,9.615,9.538,9.592,9.48,9.511,8.903,9.322,9.602,9.306,9.179,9.42,9.567,9.146,9.364,9.523,9.796,9.769,9.546,9.325,7.365,7.458,7.438,7.641,7.583,7.63,7.486,7.958,8.101,8.206,8.105,8.127,7.89,7.62,8.005,7.998,8.123,8.235,8.065,8.013,7.703,8.145,8.355,8.251,8.249,7.968,7.798,7.562,7.918,8.314,0.0,0.0,0.0,0.0,0.0,0.0,0.0,0.0,0.0,0.0,0.0,0.0,0.0,0.0,0.0,0.0,0.0,0.0,0.0,0.0,0.0,0.0,0.0,0.0,0.0,0.0,0.0,0.0,0.0,0.0,0.0,0.0,0.0,0.0,0.0,0.0,0.0,0.0,0.0,0.0,0.0,0.0,0.0,0.0,0.0,0.0,0.0,0.0,0.0,0.0,0.0,0.0,0.0,0.0,0.0,0.0,0.0,0.0,0.0,0.0,0.0,0.0,7.098,7.122,7.125,7.263,7.319,6.935,7.01,7.205,7.528,7.422,7.325,7.09,6.875,6.951,7.068,7.168,7.032,6.981,7.169,6.853,6.976,6.881,6.76,6.974,7.008,6.696,6.475,6.974,7.122,7.063,8.539,8.485,8.735,8.463,8.621,8.879,9.175,9.302,9.305,9.03,8.532,8.62,8.754,8.379,8.524,8.62,8.812,8.585,8.786,8.795,8.761,8.594,8.378,8.366,7.94,8.099,8.518,8.685,8.88,9.046,8.975,7.629,7.895,7.98,7.954,7.873,8.05,7.933,7.614,7.771,7.743,7.689,7.824,7.681,6.992,6.793,6.843,7.292,7.502,7.63,7.687,7.627,7.498,7.864,7.832,7.617,7.177,7.193,7.333,7.464,7.725,7.708,7.821,7.74,7.816,7.768,7.433,7.581,7.711,7.573,7.695,7.761,7.613,7.409,7.619,7.824,7.832,7.905,8.015,7.88,7.768,7.977,8.175,8.278,8.154,8.143,8.269,7.956,8.194,8.281,8.237,8.237,8.391,8.147,7.864,8.079,8.143,8.174,8.064,8.161,8.003,7.973,8.297,8.342,8.313,8.215,8.231,8.396,8.294,8.382,8.662,8.834,8.986,8.939,8.801,8.493,8.57,8.275,8.494,8.6,8.763,8.745,8.488,7.744,7.84,7.902,7.757,7.786,7.728,7.512,7.594,7.77,7.918,7.954,7.958,7.921,7.734,7.858,7.858,7.83,7.76,7.673,7.675,7.547,7.841,7.969,8.088,8.115,8.168,8.13,8.001,8.974,9.02,8.99,8.957,9.158,9.105,8.75,8.956,9.127,9.224,9.13,8.816,8.656,8.651,8.974,9.041,9.178,9.312,9.284,9.186,8.895,8.989,8.766,8.975,9.119,8.992,9.038,8.698,8.2,8.336,8.724,8.126,8.334,8.4,8.22,8.439,8.436,8.444,8.64,8.557,8.537,8.23,8.496,8.55,8.234,8.269,8.338,8.135,8.079,8.239,8.392,8.125,7.965,7.882,8.007,7.846,8.142,8.264,8.229,8.263,8.215,8.852,8.686,8.739,8.781,8.612,8.71,8.895,8.831,8.642,8.81,8.596,8.315,8.075,8.348,8.286,7.668,7.709,7.532,7.55,7.495,7.6,7.862,8.024,8.206,8.075,7.924,7.955,8.258,8.454,7.973,8.37,7.087,7.63,7.779,7.802,7.616,7.264,7.484,7.364,7.343,7.185,6.947,6.929,6.593,7.187,7.222,7.407,7.456,7.509,7.19,6.825,7.394,7.674,8.095,7.777,7.743,7.53,7.712,8.287,8.567,8.384,7.718,7.452,7.474,7.565,7.996,8.146,8.088,7.934,7.816,7.958,7.425,7.345,7.266,7.168,7.292,7.64,7.709,6.994,6.463,6.47,6.337,6.525,6.871,6.725,6.619,6.835,6.774,6.378,6.502,6.469,6.371,0.0,0.0,0.0,0.0,0.0,0.0,0.0,0.0,0.0,0.0,0.0,0.0,0.0,0.0,0.0,0.0,0.0,0.0,0.0,0.0,0.0,0.0,0.0,0.0,0.0,0.0,0.0,0.0,0.0,0.0,0.0,0.0,0.0,0.0,0.0,0.0,0.0,0.0,0.0,0.0,0.0,0.0,0.0,0.0,0.0,0.0,0.0,0.0,0.0,0.0,0.0,0.0,0.0,0.0,0.0,0.0,0.0,0.0,0.0,0.0,0.0,7.357,7.091,6.918,7.237,7.393,7.54,7.543,7.618,7.508,7.271,7.616,7.696,7.709,7.6,7.363,7.457,7.066,6.899,7.201,7.269,7.223,7.179,7.273,6.833,7.111,7.171,7.153,7.101,7.193,7.12,7.006,7.762,7.761,7.675,7.09,6.867,7.345,7.2,7.59,7.795,8.069,7.847,8.016,7.957,7.827,7.932,7.918,8.009,8.079,7.874,7.879,7.542,7.976,8.098,8.146,8.072,8.012,7.9,7.472,7.612,7.647,7.755,7.536,7.686,7.702,7.538,7.788,7.943,7.921,8.007,7.885,7.816,7.492,7.861,8.121,8.098,8.02,7.978,7.966,7.568,8.111,8.353,8.497,8.582,8.645,8.559,8.303,8.478,8.304,8.103,8.019,8.158,8.484,8.16,8.619,8.856,8.991,8.82,8.783,8.478,8.096,8.366,8.414,8.455,8.623,8.46,8.247,8.244,8.637,8.905,8.911,8.868,8.948,8.471,8.334,8.797,8.85,8.569,8.715,8.84,8.876,8.867,9.029,7.821,7.852,7.55,7.68,7.773,7.661,7.797,8.013,7.869,7.702,7.745,7.726,7.633,7.682,7.735,7.847,7.779,7.819,7.751,7.622,7.818,7.795,7.805,8.024,7.855,7.727,7.439,7.767,8.355,8.183,8.135,8.363,8.497,8.29,8.257,8.317,8.399,8.548,8.66,8.639,8.428,8.616,8.673,8.791,8.758,8.271,8.33,8.493,8.734,8.806,8.855,8.936,8.898,8.838,8.564,8.723,8.805,8.968,9.022,9.876,9.865,9.559,9.899,10.001,9.817,9.973,9.915,9.953,9.639,9.832,9.976,9.996,9.898,9.796,9.938,9.484,9.742,9.913,9.839,9.877,9.899,9.887,9.574,9.909,10.026,10.129,10.062,9.972,9.714,9.423,9.655,9.622,9.85,9.841,10.101,10.039,9.59,9.737,9.587,9.63,9.618,9.527,9.434,9.175,9.547,9.775,10.049,9.952,9.537,8.697,8.082,7.985,8.692,9.34,9.399,9.258,9.178,9.099,9.609,9.748,9.748,9.847,9.835,9.724,9.487,9.748,9.813,9.605,9.514,9.746,9.648,9.367,9.827,9.965,9.699,9.483,9.345,9.121,8.466,8.49,8.562,9.243,9.602,9.49,9.302,9.031,9.558,9.692,9.306,8.664,8.573,8.718,8.497,9.134,9.174,9.163,9.193,9.02,8.642,8.096,8.404,8.423,8.554,8.427,8.448,8.465,8.099,8.713,8.847,8.69,8.157,8.404,8.187,7.609,8.187,8.724,8.824,8.755,8.91,8.62,8.107,6.065,6.219,6.476,6.471,6.245,6.061,5.765,5.907,5.901,5.898,5.559,5.86,6.082,5.67,5.377,5.759,6.091,6.3,6.225,6.146,5.881,6.201,6.357,6.3,6.405,6.614,6.398,6.126,6.569,6.741,6.697,9.203,9.291,9.244,8.701,9.145,9.289,9.327,9.201,8.962,8.735,8.157,8.287,8.322,8.327,8.2,7.792,8.056,8.115,8.573,8.558,8.452,8.1,7.971,7.866,7.892,8.592,8.658,8.629,8.752,8.775,8.824,8.429,8.944,9.214,8.734,8.86,8.817,8.868,8.572,8.845,8.764,8.914,8.923,8.849,8.721,8.42,9.091,9.179,9.194,9.165,9.047,8.808,8.283,7.812,7.648,8.196,8.648,8.825,8.87,8.626,8.716,7.81,7.91,7.841,7.968,7.94,7.776,7.889,7.951,7.953,7.949,7.957,7.719,7.53,7.588,7.789,7.905,7.964,8.034,8.06,7.747,8.03,8.143,8.125,8.121,8.123,8.131,7.952,8.156,8.056,8.065,7.374,7.482,7.495,7.232,7.386,7.556,7.645,7.46,7.405,7.119,6.93,7.295,7.307,7.351,7.488,7.638,7.695,7.523,7.818,7.844,7.783,7.815,7.944,7.892,7.622,7.776,7.923,8.049,8.078,7.985,7.901,8.073,8.292,8.258,8.119,8.221,8.282,8.33,8.254,8.388,8.4,8.475,8.497,8.546,8.243,7.915,8.138,8.303,8.461,8.386,8.49,8.39,8.146,8.208,8.353,8.29,7.748,7.998,8.235,8.026,8.132,8.141,8.018,8.127,8.387,8.363,8.171,8.225,8.367,8.573,8.456,8.47,8.509,8.115,8.501,8.643,8.533,8.513,8.628,8.572,8.347,8.58,8.66,8.631,8.775,8.847,8.673,8.489,8.855,8.761,10.451,10.49,10.705,10.603,10.189,10.395,9.816,9.577,9.94,10.515,10.638,10.368,10.911,10.964,10.935,10.698,10.108,9.561,8.877,9.558,9.927,10.19,10.397,10.455,10.699,10.29,10.682,10.807,10.862,10.809,10.398,9.051,8.933,9.321,9.71,9.744,9.805,9.951,9.729,9.481,9.877,10.073,10.147,10.271,10.169,10.072,9.705,9.96,10.23,10.127,9.999,9.795,9.527,8.754,9.315,9.753,9.763,9.85,9.837,9.467,8.633,8.186,8.502,8.853,8.873,9.153,9.287,8.943,9.309,9.615,9.722,9.87,9.799,9.656,9.146,9.319,9.669,9.92,9.678,10.112,10.003,9.647,9.902,9.971,9.348,8.899,8.525,8.763,9.123,9.563,9.73,9.511,8.811,8.973,9.327,8.648,9.083,9.175,9.368,9.493,9.418,9.061,8.673,9.03,8.983,8.818,8.938,9.179,9.012,8.582,8.861,8.916,9.063,9.119,9.103,8.813,8.076,8.116,8.362,8.276,8.068,7.887,10.615,10.517,11.236,11.3,11.014,10.632,10.805,10.435,10.319,11.187,11.194,11.383,11.213,11.138,10.919,10.616,10.988,10.917,10.665,10.957,11.079,10.568,10.053,10.633,10.724,10.26,10.028,9.753,9.466,9.537,10.168,13.084,12.89,13.063,13.537,13.911,13.149,13.306,13.792,14.188,14.502,15.038,14.46,14.025,14.594,14.335,14.954,15.098,14.977,14.601,14.501,14.969,15.087,14.402,14.302,14.747,14.786,14.44,14.781,15.49,15.756,15.904,9.966,9.789,9.487,9.325,9.511,9.362,8.844,8.698,8.567,8.164,8.634,9.015,9.309,9.668,9.372,8.805,8.144,8.397,8.59,8.913,9.032,8.878,8.519,7.907,8.44,8.863,8.992,8.978,9.084,8.958,8.717,8.649,9.019,9.248,9.359,9.459,9.609,9.576,9.722,9.856,10.039,10.099,10.115,10.03,9.706,9.771,9.503,9.85,9.959,9.984,9.851,9.481,9.425,9.21,9.527,9.828,9.859,9.929,9.546,9.679,9.841,9.003,8.944,8.996,8.835,8.553,8.725,8.804,8.837,8.782,8.471,7.949,7.214,7.073,7.563,7.785,7.984,8.097,8.271,7.995,8.17,8.355,8.422,8.539,8.359,8.124,7.571,7.594,7.704,7.73,7.541,7.879,7.735,7.488,7.566,7.518,7.852,8.076,8.208,8.104,7.83,8.229,8.376,8.392,8.31,8.419,8.404,7.976,8.039,8.361,8.542,8.598,8.811,8.589,8.192,8.489,8.656,8.636,8.552,8.718,8.845,8.546,8.78,8.938,9.17,9.162,9.191,8.954,8.565,8.856,8.847,9.001,9.055,9.188,9.315,8.898,8.976,9.284,9.378,9.385,9.43,9.498,9.294,9.325,9.456,9.399,8.766,8.192,8.457,8.708,8.487,8.598,8.608,8.079,8.189,8.45,8.426,8.232,8.286,8.43,8.638,8.52,8.533,8.573,8.176,8.565,8.708,8.597,8.577,8.693,8.636,8.41,8.645,8.725,8.696,8.841,8.913,8.738,8.553,8.921,8.827,7.797,9.19,9.225,9.414,9.323,8.959,9.141,8.632,8.422,8.741,9.246,9.355,9.117,9.594,9.641,9.616,9.407,8.889,8.407,7.806,8.404,8.73,8.961,9.142,9.194,9.408,9.049,9.393,9.503,9.551,9.505,9.143,7.704,7.604,7.934,8.266,8.294,8.346,8.47,8.281,8.071,8.407,8.574,8.637,8.743,8.656,8.573,8.261,8.478,8.708,8.621,8.511,8.337,8.109,7.451,7.929,8.302,8.31,8.384,8.373,8.058,7.349,7.429,7.715,8.034,8.052,8.307,8.428,8.116,8.448,8.726,8.823,8.958,8.893,8.763,8.3,8.457,8.775,9.003,8.783,9.177,9.078,8.754,8.986,9.048,8.483,8.076,7.737,7.953,8.28,8.678,8.83,8.631,8.811,8.973,9.327,8.648,9.083,9.175,9.368,9.493,9.418,9.061,8.673,9.03,8.983,8.818,8.938,9.179,9.012,8.582,8.861,8.916,9.063,9.119,9.103,8.813,8.076,8.116,8.362,8.276,8.068,7.887,7.883,7.81,8.344,8.392,8.18,7.896,8.024,7.749,7.663,8.308,8.313,8.453,8.327,8.271,8.108,7.883,8.16,8.108,7.92,8.137,8.227,7.848,7.465,7.896,7.964,7.619,7.447,7.243,7.03,7.082,7.551,8.364,8.24,8.351,8.654,8.893,8.406,8.506,8.817,9.07,9.271,9.614,9.244,8.966,9.329,9.164,9.56,9.652,9.574,9.334,9.27,9.569,9.645,9.207,9.143,9.427,9.452,9.231,9.449,9.902,10.072,10.167,7.876,7.737,7.498,7.37,7.517,7.399,6.989,6.875,6.771,6.452,6.824,7.125,7.357,7.641,7.407,6.959,6.436,6.636,6.789,7.044,7.139,7.016,6.733,6.249,6.67,7.005,7.107,7.096,7.179,7.08,8.717,8.649,9.019,9.248,9.359,9.459,9.609,9.576,9.722,9.856,10.039,10.099,10.115,10.03,9.706,9.771,9.503,9.85,9.959,9.984,9.851,9.481,9.425,9.21,9.527,9.828,9.859,9.929,9.546,9.679,9.841,9.003,8.944,8.996,8.835,8.553,8.725,8.804,8.837,8.782,8.471,7.949,7.214,7.073,7.563,7.785,7.984,8.097,8.271,7.995,8.17,8.355,8.422,8.539,8.359,8.124,7.571,7.594,7.704,7.73,7.541,7.879,7.735,7.488,7.566,7.518,7.852,8.076,8.208,8.104,7.83,8.229,8.376,8.392,8.31,8.419,8.404,7.976,8.039,8.361,8.542,8.598,8.811,8.589,8.192,8.489,8.656,8.636,8.552,8.718,8.845,8.546
Guntur_196,9.293,9.357,9.534,9.557,9.202,9.255,9.456,9.469,9.28,9.176,9.343,9.347,9.461,9.293,9.022,8.973,9.392,9.351,8.972,9.354,9.422,9.212,9.315,9.541,9.644,9.204,9.5,9.639,9.712,9.777,9.697,9.161,8.721,9.0,9.234,9.235,9.227,9.33,9.009,8.811,8.962,9.004,9.097,9.419,9.403,9.496,9.098,9.321,9.512,9.473,9.267,8.945,9.021,8.784,9.079,9.24,9.341,9.228,9.174,9.07,8.554,8.797,8.895,8.755,8.617,8.67,8.787,8.529,8.466,7.851,8.157,8.653,8.706,8.65,8.317,8.607,8.881,8.844,9.802,9.659,9.317,9.167,9.005,9.37,9.703,9.81,9.771,9.72,9.418,9.171,9.151,10.146,10.371,10.442,10.376,9.973,10.475,10.526,10.472,10.54,10.619,10.421,10.173,10.753,10.556,10.48,10.175,10.1,10.002,9.666,10.271,10.325,10.07,10.23,10.337,10.237,10.037,10.408,10.419,10.438,10.258,9.841,9.864,9.72,10.005,9.967,10.089,10.357,10.345,10.281,9.873,9.715,9.798,9.761,9.682,9.737,9.624,9.654,9.038,9.463,9.747,9.446,9.318,9.562,9.712,9.285,9.506,9.667,9.944,9.917,9.69,9.466,7.644,7.741,7.72,7.931,7.871,7.92,7.77,8.26,8.408,8.517,8.412,8.435,8.189,7.909,8.308,8.301,8.431,8.547,8.371,8.317,7.995,8.454,8.672,8.564,8.562,8.271,8.094,7.849,8.219,8.63,0.0,0.0,0.0,0.0,0.0,0.0,0.0,0.0,0.0,0.0,0.0,0.0,0.0,0.0,0.0,0.0,0.0,0.0,0.0,0.0,0.0,0.0,0.0,0.0,0.0,0.0,0.0,0.0,0.0,0.0,0.0,0.0,0.0,0.0,0.0,0.0,0.0,0.0,0.0,0.0,0.0,0.0,0.0,0.0,0.0,0.0,0.0,0.0,0.0,0.0,0.0,0.0,0.0,0.0,0.0,0.0,0.0,0.0,0.0,0.0,0.0,0.0,7.098,7.122,7.125,7.263,7.319,6.935,7.01,7.205,7.528,7.422,7.325,7.09,6.875,6.951,7.068,7.168,7.032,6.981,7.169,6.853,6.976,6.881,6.76,6.974,7.008,6.696,6.475,6.974,7.122,7.063,8.547,8.493,8.744,8.471,8.63,8.888,9.184,9.312,9.315,9.039,8.541,8.629,8.763,8.387,8.533,8.628,8.821,8.593,8.795,8.804,8.77,8.603,8.386,8.375,7.948,8.108,8.526,8.693,8.889,9.056,8.984,7.827,8.1,8.187,8.16,8.077,8.259,8.139,7.812,7.972,7.944,7.888,8.027,7.88,7.173,6.969,7.02,7.481,7.697,7.828,7.887,7.824,7.693,8.068,8.035,7.815,7.363,7.379,7.524,7.657,7.925,8.921,9.052,8.958,9.046,8.99,8.602,8.774,8.925,8.765,8.906,8.983,8.811,8.575,8.818,9.056,9.064,9.149,9.276,9.12,8.991,9.233,9.461,9.581,9.438,9.424,9.571,9.208,9.483,9.585,9.533,9.534,9.593,9.314,8.991,9.236,9.31,9.346,9.22,9.33,9.15,9.115,9.486,9.538,9.504,9.392,9.41,9.599,9.483,9.583,9.903,10.1,10.273,10.22,10.063,9.71,9.798,9.461,9.711,9.832,10.019,9.998,9.705,9.69,9.809,9.887,9.706,9.742,9.67,9.399,9.502,9.723,9.907,9.952,9.957,9.912,9.677,9.832,9.833,9.798,9.71,9.601,9.604,9.443,9.811,9.972,10.12,10.154,10.22,10.172,10.011,9.988,10.038,10.005,9.968,10.192,10.133,9.738,9.967,10.158,10.265,10.161,9.811,9.633,9.628,9.988,10.061,10.214,10.364,10.333,10.223,9.9,10.004,9.755,9.988,10.148,10.007,10.058,9.68,9.126,9.277,9.71,9.052,9.284,9.357,9.157,9.401,9.398,9.406,9.625,9.532,9.51,9.169,9.465,9.525,9.172,9.212,9.288,9.062,9.0,9.178,9.349,9.051,8.872,8.781,8.919,8.741,9.07,9.206,9.167,9.205,9.151,9.61,9.43,9.487,9.533,9.349,9.455,9.656,9.587,9.381,9.564,9.332,9.027,8.766,9.062,8.996,8.324,8.369,8.177,8.196,8.136,8.25,8.535,8.71,8.908,8.766,8.602,8.635,8.965,9.177,8.655,9.086,7.266,7.823,7.975,7.999,7.809,7.447,7.673,7.55,7.528,7.366,7.122,7.104,6.759,7.369,7.404,7.594,7.644,7.698,7.372,6.998,7.581,7.868,8.3,7.973,7.938,7.72,7.907,8.496,8.783,8.595,8.003,7.727,7.75,7.844,8.291,8.446,8.386,8.226,8.104,8.252,7.699,7.616,7.534,7.433,7.561,7.922,7.993,7.252,6.701,6.709,6.57,6.766,7.125,6.973,6.863,7.087,7.024,6.614,6.742,6.707,6.606,0.0,0.0,0.0,0.0,0.0,0.0,0.0,0.0,0.0,0.0,0.0,0.0,0.0,0.0,0.0,0.0,0.0,0.0,0.0,0.0,0.0,0.0,0.0,0.0,0.0,0.0,0.0,0.0,0.0,0.0,0.0,0.0,0.0,0.0,0.0,0.0,0.0,0.0,0.0,0.0,0.0,0.0,0.0,0.0,0.0,0.0,0.0,0.0,0.0,0.0,0.0,0.0,0.0,0.0,0.0,0.0,0.0,0.0,0.0,0.0,0.0,7.512,7.24,7.064,7.389,7.55,7.699,7.703,7.779,7.667,7.425,7.777,7.858,7.872,7.76,7.518,7.615,7.215,7.044,7.353,7.423,7.376,7.331,7.427,6.977,7.261,7.322,7.304,7.251,7.345,7.271,7.154,8.524,8.523,8.429,7.786,7.542,8.066,7.907,8.335,8.56,8.861,8.618,8.804,8.738,8.595,8.711,8.696,8.795,8.872,8.648,8.653,8.283,8.76,8.893,8.946,8.865,8.799,8.676,8.206,8.359,8.398,8.17,7.939,8.097,8.114,7.942,8.205,8.369,8.345,8.436,8.307,8.234,7.893,8.282,8.556,8.531,8.449,8.406,8.393,7.973,8.546,8.8,8.952,9.042,9.108,9.017,8.747,8.932,8.749,8.537,8.448,8.594,9.516,9.152,9.667,9.933,10.084,9.892,9.851,9.509,9.08,9.383,9.437,9.483,9.672,9.489,9.25,9.246,9.687,9.988,9.994,9.946,10.036,9.501,9.348,9.867,9.926,9.611,9.775,9.915,9.955,9.945,10.127,8.619,8.653,8.321,8.465,8.566,8.444,8.593,8.831,8.672,8.489,8.536,8.515,8.412,8.467,8.525,8.648,8.574,8.618,8.543,8.4,8.617,8.591,8.602,8.844,8.657,8.517,8.198,8.561,9.039,8.854,8.802,9.048,9.194,8.969,8.934,8.999,9.088,9.249,9.369,9.347,9.118,9.322,9.384,9.511,9.476,8.948,9.013,9.189,9.45,9.527,9.581,9.668,9.627,9.562,9.266,9.438,9.527,9.703,9.762,11.188,11.176,10.829,11.214,11.33,11.121,11.298,11.233,11.275,10.919,11.139,11.301,11.324,11.214,11.098,11.258,10.744,11.036,11.23,11.146,11.189,11.214,11.201,10.846,11.225,11.359,11.475,11.399,11.296,11.004,10.092,10.34,10.305,10.549,10.539,10.818,10.751,10.27,10.428,10.267,10.313,10.3,10.203,10.104,9.826,10.224,10.469,10.762,10.659,10.214,9.314,8.655,8.551,9.309,10.003,10.066,9.915,9.829,9.745,10.291,10.44,9.748,9.847,9.835,9.724,9.487,9.748,9.813,9.605,9.514,9.746,9.648,9.367,9.827,9.965,9.699,9.483,9.345,9.121,8.466,8.49,8.562,9.243,9.602,9.49,9.302,9.031,9.558,9.692,9.306,8.664,8.573,8.718,8.497,9.134,9.174,9.163,9.193,9.02,8.642,8.096,8.404,8.423,8.554,8.427,8.448,8.465,8.099,8.713,8.847,8.69,8.157,8.404,8.187,7.609,8.187,8.724,8.824,8.755,8.91,8.62,8.107,8.039,8.244,8.584,8.577,8.278,8.034,7.642,7.83,7.822,7.818,7.368,7.768,8.063,7.516,7.128,7.634,8.074,8.352,8.251,8.147,7.796,8.22,8.427,8.351,8.49,8.767,8.481,8.121,8.708,8.936,8.878,9.081,9.168,9.121,8.585,9.024,9.166,9.203,9.078,8.843,8.619,8.049,8.177,8.211,8.216,8.091,7.688,7.949,8.007,8.459,8.444,8.34,7.992,7.865,7.762,7.787,8.477,8.543,8.514,8.636,8.659,8.729,8.339,8.848,9.115,8.64,8.765,8.722,8.773,8.48,8.75,8.67,8.818,8.827,8.754,8.627,8.329,8.994,9.081,9.096,9.067,8.95,8.713,8.194,7.728,7.566,8.108,8.555,8.73,8.775,8.533,8.623,9.283,9.402,9.32,9.471,9.438,9.243,9.378,9.451,9.454,9.449,9.458,9.175,8.951,9.019,9.258,9.397,9.467,9.55,9.58,9.208,9.545,9.68,9.657,9.653,9.656,9.665,9.452,9.695,9.576,9.587,8.568,8.695,8.709,8.404,8.582,8.78,8.884,8.669,8.605,8.273,8.053,8.478,8.491,8.542,8.701,8.876,8.941,8.742,9.085,9.115,9.045,9.082,9.231,9.171,8.857,9.036,9.207,9.353,9.387,9.279,9.181,9.188,9.437,9.399,9.241,9.357,9.426,9.481,9.395,9.546,9.56,9.646,9.671,9.726,9.382,9.008,9.262,9.45,9.629,9.544,9.663,9.548,9.272,9.341,9.507,9.435,8.818,9.103,9.373,9.135,9.255,9.266,9.327,9.454,9.756,9.728,9.504,9.567,9.732,9.973,9.836,9.852,9.898,9.439,9.889,10.053,9.925,9.903,10.036,9.971,9.709,9.981,10.073,10.04,10.207,10.29,10.088,9.874,10.3,10.191,10.754,10.794,11.016,10.91,10.484,10.696,10.1,9.855,10.228,10.82,10.946,10.669,11.227,11.282,11.252,11.008,10.401,9.838,9.134,9.835,10.215,10.486,10.698,10.758,11.009,10.588,10.991,11.12,11.177,11.123,10.699,10.079,9.948,10.379,10.813,10.851,10.918,11.081,10.834,10.558,10.998,11.217,11.299,11.437,11.324,11.215,10.807,11.091,11.393,11.278,11.135,10.907,10.609,9.748,10.373,10.861,10.872,10.968,10.954,10.542,9.614,9.283,9.641,10.04,10.062,10.38,10.532,10.142,10.557,10.904,11.025,11.193,11.113,10.95,10.372,10.568,10.965,11.25,10.975,11.467,11.344,10.94,11.23,11.307,10.601,10.092,9.668,9.938,10.346,10.845,11.034,10.785,8.912,9.076,9.434,8.747,9.187,9.28,9.475,9.602,9.526,9.165,8.772,9.133,9.086,8.919,9.04,9.284,9.115,8.68,8.963,9.018,9.167,9.223,9.208,8.914,8.169,8.209,8.458,8.371,8.161,7.977,10.194,10.099,10.79,10.852,10.577,10.21,10.376,10.02,9.909,10.743,10.749,10.93,10.767,10.695,10.485,10.194,10.552,10.484,10.241,10.522,10.639,10.148,9.653,10.211,10.298,9.852,9.629,9.366,9.09,9.158,9.765,13.084,12.89,13.063,13.537,13.911,13.149,13.306,13.792,14.188,14.502,15.038,14.46,14.025,14.594,14.335,14.954,15.098,14.977,14.601,14.501,14.969,15.087,14.402,14.302,14.747,14.786,14.44,14.781,15.49,15.756,15.904,10.167,9.987,9.679,9.514,9.703,9.552,9.022,8.874,8.74,8.329,8.808,9.197,9.498,9.863,9.561,8.984,8.308,8.566,8.764,9.093,9.215,9.057,8.691,8.067,8.61,9.043,9.174,9.16,9.268,9.14,9.277,9.206,9.599,9.843,9.962,10.067,10.227,10.192,10.348,10.49,10.685,10.748,10.766,10.675,10.33,10.4,10.114,10.484,10.599,10.626,10.484,10.09,10.031,9.802,10.14,10.46,10.494,10.568,10.16,10.302,10.474,9.529,9.467,9.522,9.352,9.053,9.235,9.319,9.354,9.296,8.966,8.414,7.635,7.486,8.005,8.24,8.451,8.57,8.755,8.462,8.648,8.844,8.915,9.039,8.848,8.598,8.014,8.038,8.155,8.182,7.982,8.553,8.397,8.129,8.214,8.162,8.524,8.767,8.91,8.798,8.501,8.934,9.092,9.11,9.022,9.139,9.124,8.658,8.727,9.077,9.273,9.334,9.565,9.324,8.893,9.216,9.397,9.375,9.284,9.465,9.601,9.277,9.802,9.979,10.237,10.228,10.261,9.996,9.562,9.887,9.876,10.049,10.109,10.257,10.399,9.933,10.021,10.365,10.469,10.477,10.527,10.604,10.376,10.41,10.557,10.493,9.786,9.146,9.441,9.721,9.474,9.599,9.61,8.407,8.522,8.794,8.769,8.567,8.624,8.773,8.989,8.866,8.881,8.922,8.509,8.914,9.062,8.947,8.926,9.047,8.988,8.752,8.997,9.08,9.05,9.201,9.276,9.093,8.901,9.284,9.186,8.114,9.084,9.118,9.305,9.216,8.856,9.035,8.532,8.324,8.64,9.139,9.246,9.012,9.483,9.53,9.505,9.298,8.786,8.31,7.716,8.307,8.629,8.857,9.036,9.087,9.299,8.944,9.284,9.393,9.441,9.395,9.037,8.488,8.378,8.741,9.107,9.138,9.195,9.332,9.124,8.892,9.263,9.447,9.516,9.632,9.537,9.445,9.101,9.341,9.594,9.498,9.377,9.186,8.934,8.21,8.736,9.147,9.156,9.237,9.225,8.878,8.097,8.037,8.348,8.693,8.712,8.987,9.118,8.781,9.14,9.441,9.546,9.692,9.622,9.481,8.981,9.15,9.494,9.74,9.503,9.929,9.821,9.472,9.723,9.79,9.179,8.738,8.371,8.604,8.958,9.39,9.554,9.338,8.912,9.076,9.434,8.747,9.187,9.28,9.475,9.602,9.526,9.165,8.772,9.133,9.086,8.919,9.04,9.284,9.115,8.68,8.963,9.018,9.167,9.223,9.208,8.914,8.169,8.209,8.458,8.371,8.161,7.977,8.529,8.45,9.028,9.08,8.85,8.543,8.682,8.384,8.291,8.989,8.994,9.146,9.009,8.949,8.773,8.529,8.829,8.772,8.569,8.804,8.901,8.491,8.077,8.543,8.617,8.244,8.057,7.836,7.606,7.663,8.17,8.2,8.078,8.187,8.484,8.718,8.241,8.34,8.644,8.892,9.089,9.425,9.063,8.79,9.146,8.984,9.372,9.463,9.387,9.151,9.089,9.382,9.456,9.026,8.964,9.242,9.267,9.05,9.264,9.708,9.875,9.968,7.876,7.737,7.498,7.37,7.517,7.399,6.989,6.875,6.771,6.452,6.824,7.125,7.357,7.641,7.407,6.959,6.436,6.636,6.789,7.044,7.139,7.016,6.733,6.249,6.67,7.005,7.107,7.096,7.179,7.08,9.277,9.206,9.599,9.843,9.962,10.067,10.227,10.192,10.348,10.49,10.685,10.748,10.766,10.675,10.33,10.4,10.114,10.484,10.599,10.626,10.484,10.09,10.031,9.802,10.14,10.46,10.494,10.568,10.16,10.302,10.474,9.529,9.467,9.522,9.352,9.053,9.235,9.319,9.354,9.296,8.966,8.414,7.635,7.486,8.005,8.24,8.451,8.57,8.755,8.462,8.648,8.844,8.915,9.039,8.848,8.598,8.014,8.038,8.155,8.182,7.982,8.553,8.397,8.129,8.214,8.162,8.524,8.767,8.91,8.798,8.501,8.934,9.092,9.11,9.022,9.139,9.124,8.658,8.727,9.077,9.273,9.334,9.565,9.324,8.893,9.216,9.397,9.375,9.284,9.465,9.601,9.277
Guntur_197,12.271,12.355,12.589,12.62,12.151,12.221,12.486,12.503,12.253,12.116,12.337,12.342,12.493,12.271,11.913,11.849,12.402,12.347,11.847,12.352,12.441,12.164,12.301,12.598,12.735,12.153,12.544,12.727,12.824,12.91,12.804,11.497,10.945,11.295,11.588,11.59,11.579,11.709,11.306,11.058,11.247,11.299,11.416,11.82,11.801,11.917,11.418,11.698,11.937,11.888,11.629,11.226,11.321,11.023,11.394,11.596,11.723,11.581,11.514,11.383,11.177,11.496,11.623,11.44,11.259,11.329,11.482,11.145,11.062,10.258,10.658,11.307,11.376,11.303,10.868,11.247,11.605,11.556,12.809,12.621,12.174,11.978,11.766,12.244,12.679,12.819,12.768,12.701,12.306,11.984,11.958,13.367,13.663,13.757,13.669,13.139,13.8,13.867,13.796,13.885,13.99,13.729,13.403,14.166,13.906,13.807,13.404,13.306,13.177,12.735,13.531,13.602,13.267,13.478,13.618,13.486,13.224,13.712,13.726,13.751,13.514,12.839,12.869,12.682,13.053,13.003,13.163,13.512,13.496,13.413,12.881,12.674,12.782,12.734,12.631,12.703,12.555,12.596,11.791,12.346,12.717,12.324,12.156,12.475,12.671,12.113,12.401,12.612,12.973,12.937,12.643,12.349,8.123,8.226,8.204,8.428,8.364,8.416,8.257,8.777,8.935,9.05,8.939,8.963,8.702,8.405,8.829,8.821,8.959,9.082,8.896,8.838,8.496,8.983,9.215,9.1,9.098,8.789,8.601,8.34,8.734,9.17,0.0,0.0,0.0,0.0,0.0,0.0,0.0,0.0,0.0,0.0,0.0,0.0,0.0,0.0,0.0,0.0,0.0,0.0,0.0,0.0,0.0,0.0,0.0,0.0,0.0,0.0,0.0,0.0,0.0,0.0,0.0,0.0,0.0,0.0,0.0,0.0,0.0,0.0,0.0,0.0,0.0,0.0,0.0,0.0,0.0,0.0,0.0,0.0,0.0,0.0,0.0,0.0,0.0,0.0,0.0,0.0,0.0,0.0,0.0,0.0,0.0,0.0,9.236,9.268,9.272,9.451,9.525,9.025,9.123,9.376,9.796,9.658,9.532,9.227,8.946,9.045,9.198,9.328,9.151,9.084,9.329,8.918,9.078,8.955,8.796,9.076,9.12,8.714,8.426,9.075,9.268,9.192,7.179,7.134,7.344,7.115,7.248,7.465,7.714,7.821,7.823,7.592,7.173,7.248,7.36,7.045,7.167,7.247,7.409,7.218,7.387,7.395,7.366,7.225,7.044,7.034,6.676,6.81,7.162,7.302,7.466,7.606,7.546,11.772,12.183,12.314,12.273,12.148,12.422,12.242,11.749,11.991,11.949,11.864,12.073,11.852,10.789,10.482,10.559,11.252,11.577,11.774,11.862,11.769,11.571,12.134,12.085,11.754,11.075,11.099,11.316,11.517,11.92,11.337,11.503,11.384,11.495,11.425,10.932,11.149,11.341,11.138,11.317,11.415,11.196,10.896,11.205,11.508,11.518,11.626,11.788,11.589,11.426,11.733,12.023,12.175,11.993,11.976,12.162,11.701,12.051,12.18,12.114,12.115,13.143,12.76,12.317,12.654,12.754,12.804,12.631,12.783,12.535,12.488,12.996,13.067,13.02,12.868,12.892,13.151,12.992,13.129,13.567,13.837,14.075,14.002,13.786,13.303,13.423,12.962,13.304,13.47,13.725,13.698,13.295,11.876,12.022,12.118,11.895,11.939,11.851,11.519,11.646,11.916,12.142,12.197,12.203,12.147,11.86,12.05,12.051,12.008,11.9,11.767,11.77,11.573,12.024,12.221,12.403,12.444,12.526,12.467,12.269,13.302,13.37,13.325,13.276,13.574,13.496,12.97,13.275,13.529,13.672,13.533,13.067,12.83,12.823,13.302,13.401,13.604,13.803,13.762,13.616,13.185,13.325,12.993,13.303,13.516,13.329,13.396,12.893,12.155,12.356,12.932,12.178,12.49,12.588,12.318,12.647,12.643,12.654,12.949,12.824,12.794,12.334,12.732,12.814,12.339,12.393,12.495,12.191,12.107,12.346,12.577,12.176,11.936,11.813,11.999,11.759,12.201,12.384,12.332,12.384,12.311,15.103,14.82,14.91,14.982,14.693,14.86,15.176,15.067,14.744,15.031,14.666,14.187,13.776,14.242,14.138,13.083,13.152,12.85,12.881,12.787,12.966,13.414,13.69,14.0,13.777,13.519,13.572,14.089,14.423,13.603,14.28,11.184,12.041,12.275,12.313,12.019,11.462,11.811,11.621,11.587,11.338,10.962,10.935,10.404,11.342,11.397,11.688,11.766,11.849,11.347,10.771,11.669,12.111,12.775,12.272,12.219,11.882,12.17,13.078,13.519,13.23,14.69,14.183,14.225,14.399,15.219,15.504,15.393,15.1,14.876,15.147,14.133,13.98,13.829,13.644,13.879,14.542,14.672,13.311,12.301,12.315,12.061,12.42,13.078,12.8,12.598,13.008,12.893,12.14,12.376,12.312,12.126,0.0,0.0,0.0,0.0,0.0,0.0,0.0,0.0,0.0,0.0,0.0,0.0,0.0,0.0,0.0,0.0,0.0,0.0,0.0,0.0,0.0,0.0,0.0,0.0,0.0,0.0,0.0,0.0,0.0,0.0,0.0,0.0,0.0,0.0,0.0,0.0,0.0,0.0,0.0,0.0,0.0,0.0,0.0,0.0,0.0,0.0,0.0,0.0,0.0,0.0,0.0,0.0,0.0,0.0,0.0,0.0,0.0,0.0,0.0,0.0,0.0,13.432,12.946,12.631,13.212,13.499,13.767,13.773,13.909,13.709,13.275,13.905,14.051,14.075,13.876,13.443,13.616,12.901,12.596,13.147,13.272,13.189,13.108,13.279,12.475,12.982,13.092,13.06,12.965,13.132,13.0,12.792,13.555,13.554,13.404,12.382,11.993,12.827,12.575,13.255,13.613,14.091,13.705,14.0,13.896,13.669,13.852,13.829,13.987,14.109,13.752,13.76,13.172,13.93,14.142,14.226,14.098,13.992,13.797,13.049,13.293,13.355,13.164,12.791,13.046,13.073,12.795,13.22,13.483,13.446,13.592,13.384,13.267,12.718,13.343,13.785,13.746,13.613,13.543,13.522,12.846,13.769,14.179,14.424,14.568,14.675,14.529,14.094,14.391,14.096,13.754,13.612,13.847,14.662,14.102,14.895,15.305,15.537,15.242,15.179,14.651,13.991,14.458,14.541,14.611,14.902,14.62,14.252,14.246,14.926,15.389,15.399,15.325,15.464,14.639,14.403,15.203,15.294,14.809,15.061,15.277,15.339,15.323,15.604,14.742,14.801,14.232,14.478,14.651,14.442,14.697,15.104,14.833,14.519,14.599,14.564,14.388,14.481,14.58,14.791,14.664,14.74,14.611,14.367,14.737,14.694,14.713,15.126,14.806,14.566,14.022,14.642,13.838,13.555,13.475,13.851,14.075,13.73,13.676,13.776,13.912,14.159,14.343,14.309,13.959,14.272,14.365,14.561,14.506,13.699,13.798,14.068,14.466,14.586,14.667,14.801,14.738,14.639,14.185,14.448,14.585,14.854,14.944,12.586,12.572,12.182,12.615,12.745,12.51,12.709,12.636,12.683,12.283,12.53,12.713,12.738,12.614,12.484,12.664,12.086,12.415,12.633,12.538,12.587,12.615,12.6,12.201,12.627,12.777,12.908,12.822,12.707,12.379,14.388,14.743,14.692,15.041,15.026,15.424,15.329,14.643,14.868,14.638,14.704,14.685,14.547,14.405,14.009,14.577,14.926,15.344,15.197,14.562,13.28,12.34,12.192,13.273,14.261,14.352,14.136,14.014,13.894,14.672,14.885,13.976,14.117,14.1,13.941,13.601,13.975,14.068,13.77,13.64,13.972,13.832,13.429,14.089,14.287,13.905,13.595,13.397,13.076,12.137,12.172,12.275,13.251,13.766,13.606,13.336,12.948,13.702,13.896,13.341,12.422,12.29,12.498,12.181,13.095,13.152,13.136,13.179,12.932,12.39,11.607,12.048,12.076,12.264,12.082,12.112,12.136,11.611,12.491,12.684,12.458,11.695,12.048,11.738,10.909,11.738,12.508,12.651,12.552,12.774,12.358,11.623,13.573,13.918,14.493,14.482,13.977,13.564,12.903,13.22,13.206,13.2,12.441,13.115,13.613,12.69,12.035,12.889,13.632,14.101,13.931,13.755,13.162,13.879,14.227,14.099,14.335,14.803,14.319,13.711,14.703,15.087,14.989,15.558,15.707,15.626,14.709,15.46,15.703,15.767,15.554,15.15,14.767,13.79,14.009,14.068,14.076,13.861,13.171,13.619,13.719,14.492,14.467,14.289,13.693,13.475,13.298,13.342,14.524,14.636,14.587,14.796,14.834,10.37,9.906,10.512,10.828,10.265,10.413,10.362,10.422,10.074,10.395,10.3,10.476,10.487,10.399,10.249,9.895,10.685,10.788,10.806,10.771,10.633,10.352,9.735,9.181,8.989,9.632,10.163,10.372,10.425,10.137,10.244,13.912,14.09,13.968,14.194,14.144,13.852,14.054,14.164,14.168,14.161,14.175,13.751,13.415,13.517,13.874,14.083,14.187,14.312,14.358,13.8,14.305,14.507,14.473,14.467,14.471,14.484,14.166,14.529,14.351,14.367,12.697,12.883,12.905,12.453,12.717,13.01,13.165,12.845,12.751,12.258,11.932,12.562,12.582,12.658,12.894,13.153,13.249,12.954,13.462,13.507,13.402,13.457,13.678,13.59,13.125,13.389,13.642,13.859,13.909,13.749,13.604,14.888,15.292,15.23,14.974,15.162,15.273,15.363,15.223,15.469,15.491,15.631,15.671,15.761,15.202,14.596,15.009,15.312,15.603,15.465,15.657,15.472,15.024,15.137,15.405,15.289,14.289,14.75,15.188,14.802,14.997,15.014,14.16,14.353,14.812,14.769,14.429,14.524,14.776,15.14,14.933,14.957,15.027,14.331,15.013,15.263,15.069,15.035,15.237,15.138,14.741,15.153,15.293,15.243,15.496,15.623,15.316,14.991,15.637,15.472,15.599,15.658,15.979,15.825,15.208,15.515,14.651,14.295,14.837,15.694,15.878,15.476,16.285,16.365,16.322,15.968,15.087,14.271,13.25,14.266,14.818,15.21,15.518,15.605,15.969,15.359,15.944,16.131,16.212,16.134,15.519,14.91,14.716,15.355,15.997,16.052,16.152,16.392,16.027,15.619,16.27,16.594,16.715,16.92,16.752,16.591,15.987,16.408,16.853,16.684,16.472,16.136,15.694,14.421,15.346,16.067,16.084,16.226,16.205,15.595,14.222,13.347,13.862,14.435,14.468,14.925,15.142,14.582,15.179,15.678,15.852,16.094,15.978,15.744,14.913,15.195,15.766,16.175,15.78,16.488,16.31,15.729,16.146,16.257,15.242,14.511,13.901,14.288,14.876,15.592,15.865,15.507,17.507,17.83,18.534,17.184,18.047,18.231,18.614,18.862,18.714,18.004,17.233,17.942,17.85,17.522,17.759,18.239,17.907,17.052,17.607,17.716,18.008,18.119,18.088,17.512,16.047,16.126,16.616,16.444,16.032,15.671,10.194,10.099,10.79,10.852,10.577,10.21,10.376,10.02,9.909,10.743,10.749,10.93,10.767,10.695,10.485,10.194,10.552,10.484,10.241,10.522,10.639,10.148,9.653,10.211,10.298,9.852,9.629,9.366,9.09,9.158,9.765,22.008,21.682,21.974,22.771,23.4,22.119,22.383,23.199,23.865,24.395,25.296,24.324,23.592,24.548,24.113,25.155,25.397,25.193,24.561,24.393,25.18,25.379,24.226,24.058,24.806,24.871,24.29,24.863,26.056,26.504,26.753,21.733,21.348,20.69,20.336,20.741,20.417,19.286,18.969,18.683,17.804,18.828,19.66,20.301,21.083,20.437,19.203,17.759,18.311,18.734,19.437,19.698,19.36,18.577,17.244,18.405,19.329,19.609,19.58,19.81,19.536,13.68,13.574,14.155,14.514,14.689,14.845,15.081,15.029,15.259,15.469,15.756,15.849,15.875,15.741,15.233,15.336,14.914,15.459,15.63,15.669,15.46,14.879,14.792,14.454,14.953,15.424,15.474,15.583,14.982,15.191,15.445,14.633,14.538,14.623,14.36,13.903,14.181,14.31,14.364,14.275,13.769,12.92,11.725,11.496,12.293,12.653,12.978,13.16,13.444,12.994,13.28,13.581,13.69,13.88,13.587,13.204,12.306,12.343,12.523,12.564,12.257,13.843,13.591,13.158,13.295,13.21,13.796,14.19,14.422,14.24,13.759,14.46,14.717,14.745,14.602,14.793,14.767,14.014,14.126,14.691,15.008,15.107,15.481,15.092,14.393,14.916,15.21,15.174,15.026,15.319,15.541,15.016,16.027,16.316,16.738,16.724,16.778,16.344,15.634,16.165,16.149,16.431,16.529,16.771,17.004,16.242,16.385,16.947,17.118,17.13,17.213,17.338,16.966,17.021,17.262,17.156,16.001,14.954,15.437,15.895,15.491,15.695,15.713,13.307,13.488,13.919,13.879,13.56,13.649,13.885,14.228,14.033,14.056,14.121,13.467,14.108,14.343,14.161,14.128,14.319,14.226,13.853,14.24,14.371,14.324,14.563,14.682,14.393,14.088,14.695,14.54,12.842,12.641,12.688,12.949,12.824,12.324,12.573,11.873,11.584,12.023,12.718,12.867,12.541,13.197,13.262,13.227,12.94,12.226,11.565,10.737,11.56,12.008,12.326,12.575,12.646,12.941,12.446,12.92,13.072,13.138,13.074,12.577,14.045,13.862,14.463,15.068,15.121,15.214,15.441,15.097,14.713,15.326,15.631,15.745,15.938,15.78,15.628,15.059,15.456,15.875,15.715,15.516,15.199,14.783,13.584,14.455,15.134,15.15,15.284,15.264,14.69,13.397,12.924,13.422,13.977,14.008,14.451,14.662,14.119,14.697,15.18,15.349,15.583,15.471,15.244,14.44,14.712,15.265,15.662,15.279,15.964,15.792,15.23,15.633,15.741,14.758,14.05,13.46,13.835,14.404,15.097,15.361,15.015,17.507,17.83,18.534,17.184,18.047,18.231,18.614,18.862,18.714,18.004,17.233,17.942,17.85,17.522,17.759,18.239,17.907,17.052,17.607,17.716,18.008,18.119,18.088,17.512,16.047,16.126,16.616,16.444,16.032,15.671,13.714,13.586,14.516,14.599,14.23,13.736,13.96,13.481,13.331,14.453,14.462,14.705,14.486,14.389,14.106,13.715,14.195,14.104,13.778,14.155,14.313,13.653,12.987,13.737,13.855,13.255,12.955,12.6,12.23,12.321,13.137,9.655,9.512,9.64,9.989,10.265,9.703,9.819,10.177,10.47,10.702,11.097,10.671,10.35,10.769,10.578,11.035,11.142,11.052,10.775,10.701,11.046,11.133,10.628,10.554,10.882,10.911,10.656,10.907,11.431,11.627,11.736,12.855,12.627,12.238,12.029,12.268,12.076,11.407,11.22,11.051,10.531,11.137,11.629,12.008,12.47,12.088,11.358,10.504,10.831,11.081,11.497,11.651,11.451,10.988,10.199,10.886,11.433,11.599,11.581,11.717,11.555,13.68,13.574,14.155,14.514,14.689,14.845,15.081,15.029,15.259,15.469,15.756,15.849,15.875,15.741,15.233,15.336,14.914,15.459,15.63,15.669,15.46,14.879,14.792,14.454,14.953,15.424,15.474,15.583,14.982,15.191,15.445,14.633,14.538,14.623,14.36,13.903,14.181,14.31,14.364,14.275,13.769,12.92,11.725,11.496,12.293,12.653,12.978,13.16,13.444,12.994,13.28,13.581,13.69,13.88,13.587,13.204,12.306,12.343,12.523,12.564,12.257,13.843,13.591,13.158,13.295,13.21,13.796,14.19,14.422,14.24,13.759,14.46,14.717,14.745,14.602,14.793,14.767,14.014,14.126,14.691,15.008,15.107,15.481,15.092,14.393,14.916,15.21,15.174,15.026,15.319,15.541,15.016
Guntur_198,12.158,12.241,12.472,12.503,12.039,12.107,12.371,12.387,12.14,12.004,12.223,12.228,12.377,12.157,11.803,11.739,12.287,12.233,11.738,12.238,12.326,12.051,12.187,12.481,12.617,12.04,12.428,12.609,12.705,12.791,12.686,14.303,13.617,14.053,14.417,14.419,14.406,14.567,14.066,13.757,13.993,14.058,14.203,14.706,14.682,14.826,14.205,14.554,14.851,14.79,14.468,13.966,14.085,13.714,14.175,14.427,14.584,14.409,14.324,14.162,12.231,12.579,12.718,12.518,12.32,12.396,12.564,12.195,12.104,11.225,11.662,12.372,12.448,12.367,11.892,12.306,12.698,12.645,14.015,13.81,13.321,13.107,12.875,13.398,13.873,14.027,13.971,13.898,13.466,13.113,13.084,13.088,13.378,13.47,13.384,12.865,13.513,13.578,13.508,13.596,13.698,13.443,13.123,13.871,13.617,13.52,13.125,13.029,12.902,12.469,13.249,13.319,12.99,13.197,13.334,13.205,12.948,13.426,13.44,13.465,13.233,13.173,13.204,13.012,13.392,13.341,13.505,13.864,13.847,13.762,13.216,13.004,13.115,13.066,12.96,13.034,12.882,12.923,12.098,12.667,13.047,12.645,12.473,12.8,13.0,12.428,12.724,12.94,13.311,13.274,12.971,12.671,11.92,12.071,12.038,12.367,12.272,12.349,12.116,12.88,13.111,13.28,13.117,13.153,12.769,12.333,12.955,12.944,13.147,13.327,13.053,12.969,12.467,13.182,13.522,13.354,13.351,12.896,12.621,12.238,12.815,13.456,0.0,0.0,0.0,0.0,0.0,0.0,0.0,0.0,0.0,0.0,0.0,0.0,0.0,0.0,0.0,0.0,0.0,0.0,0.0,0.0,0.0,0.0,0.0,0.0,0.0,0.0,0.0,0.0,0.0,0.0,0.0,0.0,0.0,0.0,0.0,0.0,0.0,0.0,0.0,0.0,0.0,0.0,0.0,0.0,0.0,0.0,0.0,0.0,0.0,0.0,0.0,0.0,0.0,0.0,0.0,0.0,0.0,0.0,0.0,0.0,0.0,0.0,10.945,10.983,10.987,11.2,11.287,10.695,10.811,11.111,11.609,11.445,11.296,10.934,10.601,10.719,10.9,11.054,10.844,10.765,11.055,10.569,10.758,10.612,10.424,10.755,10.807,10.326,9.985,10.754,10.983,10.893,10.851,10.782,11.101,10.754,10.956,11.284,11.659,11.821,11.825,11.475,10.842,10.955,11.125,10.648,10.832,10.954,11.199,10.909,11.166,11.177,11.134,10.921,10.647,10.632,10.09,10.293,10.824,11.036,11.285,11.496,11.405,13.981,14.469,14.625,14.576,14.428,14.753,14.539,13.954,14.241,14.191,14.09,14.338,14.076,12.813,12.448,12.54,13.364,13.749,13.983,14.088,13.977,13.742,14.411,14.353,13.959,13.153,13.182,13.44,13.678,14.157,14.831,15.049,14.893,15.038,14.946,14.301,14.586,14.837,14.571,14.806,14.933,14.648,14.255,14.659,15.055,15.069,15.21,15.421,15.161,14.947,15.349,15.729,15.928,15.69,15.668,15.911,15.307,15.765,15.934,15.848,15.849,15.72,15.262,14.732,15.135,15.255,15.315,15.108,15.289,14.993,14.937,15.544,15.629,15.574,15.391,15.42,15.73,15.539,15.704,16.228,16.55,16.835,16.748,16.489,15.912,16.056,15.504,15.913,16.112,16.417,16.384,15.902,15.637,15.83,15.956,15.663,15.721,15.605,15.168,15.334,15.691,15.988,16.061,16.069,15.995,15.616,15.867,15.868,15.811,15.67,15.494,15.499,15.24,15.833,16.092,16.332,16.386,16.494,16.416,16.156,16.798,16.883,16.827,16.765,17.141,17.043,16.379,16.763,17.084,17.265,17.089,16.501,16.201,16.193,16.798,16.922,17.179,17.431,17.378,17.194,16.65,16.826,16.407,16.799,17.068,16.831,16.917,16.281,15.349,15.603,16.33,14.106,14.467,14.581,14.269,14.649,14.644,14.657,14.999,14.854,14.819,14.287,14.748,14.842,14.293,14.355,14.473,14.121,14.024,14.301,14.568,14.104,13.825,13.683,13.898,13.62,14.133,14.345,14.284,14.344,14.26,15.603,15.311,15.404,15.478,15.18,15.353,15.679,15.567,15.232,15.529,15.152,14.657,14.233,14.714,14.606,13.516,13.588,13.276,13.308,13.211,13.395,13.858,14.143,14.464,14.234,13.968,14.021,14.556,14.901,14.053,14.753,15.108,16.265,16.582,16.632,16.236,15.484,15.955,15.698,15.652,15.315,14.808,14.771,14.053,15.321,15.395,15.789,15.893,16.006,15.328,14.55,15.763,16.359,17.257,16.578,16.506,16.051,16.439,17.666,18.262,17.871,14.69,14.183,14.225,14.399,15.219,15.504,15.393,15.1,14.876,15.147,14.133,13.98,13.829,13.644,13.879,14.542,14.672,13.311,12.301,12.315,12.061,12.42,13.078,12.8,12.598,13.008,12.893,12.14,12.376,12.312,12.126,0.0,0.0,0.0,0.0,0.0,0.0,0.0,0.0,0.0,0.0,0.0,0.0,0.0,0.0,0.0,0.0,0.0,0.0,0.0,0.0,0.0,0.0,0.0,0.0,0.0,0.0,0.0,0.0,0.0,0.0,0.0,0.0,0.0,0.0,0.0,0.0,0.0,0.0,0.0,0.0,0.0,0.0,0.0,0.0,0.0,0.0,0.0,0.0,0.0,0.0,0.0,0.0,0.0,0.0,0.0,0.0,0.0,0.0,0.0,0.0,0.0,13.776,13.278,12.955,13.551,13.845,14.119,14.125,14.266,14.06,13.615,14.262,14.411,14.435,14.231,13.787,13.964,13.232,12.918,13.484,13.612,13.526,13.443,13.619,12.795,13.315,13.427,13.395,13.297,13.469,13.333,13.119,12.155,12.154,12.019,11.103,10.755,11.502,11.276,11.886,12.207,12.636,12.29,12.554,12.461,12.257,12.421,12.401,12.542,12.652,12.332,12.339,11.812,12.491,12.682,12.757,12.642,12.547,12.372,11.701,11.92,11.975,17.534,17.038,17.378,17.414,17.044,17.61,17.96,17.91,18.105,17.828,17.671,16.94,17.773,18.362,18.309,18.132,18.04,18.012,17.111,18.34,18.887,19.213,19.405,19.548,19.352,18.773,19.17,18.776,18.321,18.131,18.445,17.597,16.925,17.877,18.368,18.647,18.293,18.217,17.584,16.792,17.352,17.451,17.536,17.885,17.547,17.105,17.098,17.914,18.47,18.482,18.392,18.559,17.569,17.286,18.246,18.355,17.773,18.075,18.335,18.409,18.391,18.727,18.487,18.56,17.848,18.155,18.373,18.11,18.431,18.941,18.601,18.207,18.308,18.263,18.042,18.159,18.284,18.548,18.389,18.484,18.323,18.017,18.481,18.426,18.45,18.969,18.567,18.266,17.584,18.361,17.275,16.921,16.822,17.291,17.57,17.141,17.073,17.197,17.368,17.675,17.906,17.863,17.426,17.816,17.933,18.177,18.109,17.101,17.225,17.562,18.059,18.208,18.31,18.477,18.398,18.274,17.708,18.036,18.207,18.543,18.656,16.071,16.053,15.555,16.108,16.274,15.974,16.229,16.135,16.196,15.685,16.0,16.233,16.266,16.107,15.941,16.171,15.433,15.853,16.131,16.01,16.072,16.108,16.089,15.58,16.124,16.316,16.482,16.373,16.226,15.807,17.962,18.405,18.341,18.777,18.758,19.255,19.136,18.28,18.561,18.274,18.357,18.333,18.16,17.984,17.489,18.198,18.634,19.156,18.971,18.179,16.578,15.406,15.22,16.569,17.803,17.917,17.647,17.495,17.345,18.317,18.582,13.976,14.117,14.1,13.941,13.601,13.975,14.068,13.77,13.64,13.972,13.832,13.429,14.089,14.287,13.905,13.595,13.397,13.076,12.137,12.172,12.275,13.251,13.766,13.606,13.336,12.948,13.702,13.896,13.341,12.422,12.29,12.498,12.181,13.095,13.152,13.136,13.179,12.932,12.39,11.607,12.048,12.076,12.264,12.082,12.112,12.136,11.611,12.491,12.684,12.458,11.695,12.048,11.738,10.909,11.738,12.508,12.651,12.552,12.774,12.358,11.623,15.88,16.284,16.956,16.943,16.352,15.869,15.096,15.467,15.451,15.443,14.555,15.345,15.927,14.847,14.08,15.08,15.949,16.497,16.299,16.093,15.399,16.238,16.645,16.495,16.771,17.319,16.753,16.042,17.202,17.651,17.536,17.35,17.516,17.426,16.403,17.24,17.512,17.583,17.345,16.894,16.468,15.378,15.622,15.688,15.697,15.458,14.688,15.188,15.298,16.161,16.133,15.934,15.27,15.027,14.829,14.878,16.197,16.322,16.267,16.5,16.543,15.773,15.067,15.988,16.47,15.613,15.838,15.761,15.852,15.323,15.81,15.666,15.934,15.951,15.817,15.589,15.051,16.251,16.408,16.436,16.383,16.173,15.745,14.807,13.964,13.672,14.65,15.458,15.775,15.856,15.419,15.58,16.186,16.394,16.252,16.515,16.457,16.116,16.352,16.48,16.484,16.476,16.492,15.999,15.608,15.727,16.143,16.385,16.507,16.652,16.705,16.056,16.644,16.878,16.839,16.832,16.837,16.853,16.481,16.904,16.697,16.716,18.569,18.842,18.874,18.212,18.599,19.027,19.253,18.786,18.648,17.927,17.451,18.372,18.401,18.512,18.857,19.235,19.377,18.944,19.688,19.754,19.6,19.681,20.004,19.875,19.194,19.581,19.952,20.269,20.341,20.108,19.896,18.429,18.929,18.852,18.535,18.768,18.906,19.017,18.844,19.148,19.175,19.349,19.398,19.51,18.818,18.068,18.578,18.955,19.315,19.144,19.381,19.152,18.597,18.737,19.069,18.926,17.687,18.259,18.8,18.323,18.564,18.586,17.891,18.134,18.714,18.66,18.231,18.351,18.669,19.129,18.868,18.898,18.986,18.107,18.969,19.285,19.039,18.996,19.252,19.126,18.625,19.145,19.322,19.259,19.579,19.739,19.351,18.941,19.757,19.548,17.388,17.453,17.811,17.64,16.951,17.295,16.331,15.934,16.538,17.494,17.699,17.25,18.153,18.241,18.194,17.799,16.818,15.907,14.769,15.901,16.517,16.954,17.297,17.394,17.8,17.12,17.772,17.98,18.071,17.984,17.299,16.718,16.5,17.216,17.936,17.998,18.11,18.379,17.97,17.513,18.243,18.606,18.741,18.971,18.783,18.603,17.925,18.397,18.896,18.706,18.468,18.092,17.596,16.169,17.206,18.014,18.033,18.193,18.169,17.485,15.947,16.576,17.215,17.927,17.967,18.535,18.805,18.108,18.85,19.47,19.686,19.987,19.843,19.552,18.52,18.87,19.579,20.088,19.597,20.476,20.255,19.534,20.051,20.19,18.929,18.021,17.263,17.744,18.474,19.364,19.702,19.258,20.915,21.301,22.142,20.529,21.561,21.78,22.238,22.535,22.358,21.51,20.588,21.435,21.325,20.933,21.217,21.79,21.393,20.372,21.035,21.166,21.514,21.646,21.61,20.922,19.171,19.266,19.851,19.645,19.153,18.721,25.358,25.122,26.842,26.995,26.312,25.399,25.812,24.927,24.65,26.725,26.741,27.191,26.786,26.606,26.083,25.36,26.249,26.08,25.477,26.174,26.465,25.245,24.015,25.4,25.618,24.51,23.954,23.299,22.614,22.782,24.291,24.953,24.583,24.913,25.817,26.53,25.078,25.377,26.303,27.058,27.659,28.68,27.578,26.748,27.833,27.339,28.52,28.795,28.564,27.846,27.656,28.549,28.774,27.467,27.277,28.125,28.199,27.54,28.19,29.542,30.049,30.332,29.61,29.086,28.189,27.708,28.259,27.817,26.276,25.845,25.455,24.258,25.653,26.786,27.66,28.725,27.845,26.163,24.196,24.948,25.524,26.482,26.837,26.377,25.311,23.494,25.076,26.335,26.717,26.677,26.99,26.617,16.325,16.198,16.891,17.319,17.529,17.714,17.996,17.934,18.208,18.459,18.802,18.913,18.943,18.784,18.177,18.3,17.797,18.448,18.651,18.697,18.448,17.755,17.651,17.248,17.843,18.406,18.465,18.595,17.878,18.128,18.43,17.091,16.98,17.079,16.773,16.238,16.564,16.715,16.777,16.673,16.082,15.091,13.695,13.427,14.359,14.779,15.158,15.371,15.703,15.178,15.511,15.862,15.99,16.212,15.87,15.422,14.374,14.416,14.627,14.675,14.316,17.909,17.582,17.022,17.199,17.09,17.848,18.358,18.657,18.422,17.799,18.707,19.039,19.076,18.89,19.137,19.104,18.13,18.274,19.006,19.416,19.544,20.028,19.524,18.621,19.297,19.677,19.63,19.439,19.818,20.105,19.426,18.082,18.409,18.885,18.869,18.929,18.44,17.639,18.239,18.22,18.539,18.65,18.922,19.184,18.325,18.487,19.12,19.313,19.328,19.42,19.562,19.142,19.205,19.476,19.357,18.053,16.872,17.417,17.933,17.478,17.708,17.729,17.652,17.892,18.464,18.41,17.987,18.106,18.419,18.874,18.615,18.645,18.732,17.864,18.715,19.027,18.784,18.742,18.995,18.871,18.376,18.889,19.064,19.001,19.317,19.475,19.092,18.687,19.493,19.287,17.036,15.967,16.027,16.356,16.199,15.566,15.881,14.997,14.632,15.186,16.065,16.253,15.841,16.669,16.751,16.707,16.344,15.443,14.607,13.562,14.602,15.167,15.569,15.884,15.973,16.346,15.721,16.32,16.511,16.595,16.514,15.885,19.107,18.859,19.676,20.499,20.571,20.698,21.006,20.538,20.016,20.85,21.265,21.42,21.682,21.467,21.262,20.487,21.026,21.597,21.38,21.108,20.677,20.111,18.48,19.665,20.589,20.611,20.793,20.766,19.984,18.226,16.619,17.26,17.974,18.014,18.583,18.854,18.156,18.9,19.521,19.738,20.039,19.895,19.604,18.569,18.919,19.631,20.14,19.649,20.53,20.308,19.585,20.104,20.243,18.979,18.068,17.308,17.791,18.522,19.415,19.754,19.309,20.915,21.301,22.142,20.529,21.561,21.78,22.238,22.535,22.358,21.51,20.588,21.435,21.325,20.933,21.217,21.79,21.393,20.372,21.035,21.166,21.514,21.646,21.61,20.922,19.171,19.266,19.851,19.645,19.153,18.721,17.635,17.471,18.668,18.774,18.299,17.664,17.951,17.336,17.143,18.586,18.597,18.91,18.628,18.503,18.14,17.636,18.255,18.138,17.718,18.203,18.405,17.557,16.701,17.665,17.816,17.045,16.659,16.203,15.727,15.844,16.893,14.501,14.286,14.478,15.003,15.418,14.574,14.748,15.286,15.724,16.073,16.667,16.026,15.544,16.174,15.888,16.574,16.734,16.599,16.183,16.072,16.591,16.722,15.962,15.851,16.344,16.387,16.004,16.382,17.168,17.463,17.627,12.58,12.358,11.976,11.772,12.006,11.818,11.164,10.98,10.815,10.306,10.899,11.38,11.752,12.204,11.83,11.116,10.28,10.599,10.844,11.251,11.402,11.207,10.754,9.982,10.654,11.189,11.351,11.334,11.467,11.309,16.325,16.198,16.891,17.319,17.529,17.714,17.996,17.934,18.208,18.459,18.802,18.913,18.943,18.784,18.177,18.3,17.797,18.448,18.651,18.697,18.448,17.755,17.651,17.248,17.843,18.406,18.465,18.595,17.878,18.128,18.43,17.091,16.98,17.079,16.773,16.238,16.564,16.715,16.777,16.673,16.082,15.091,13.695,13.427,14.359,14.779,15.158,15.371,15.703,15.178,15.511,15.862,15.99,16.212,15.87,15.422,14.374,14.416,14.627,14.675,14.316,17.909,17.582,17.022,17.199,17.09,17.848,18.358,18.657,18.422,17.799,18.707,19.039,19.076,18.89,19.137,19.104,18.13,18.274,19.006,19.416,19.544,20.028,19.524,18.621,19.297,19.677,19.63,19.439,19.818,20.105,19.426
Guntur_199,12.158,12.241,12.472,12.503,12.039,12.107,12.371,12.387,12.14,12.004,12.223,12.228,12.377,12.157,11.803,11.739,12.287,12.233,11.738,12.238,12.326,12.051,12.187,12.481,12.617,12.04,12.428,12.609,12.705,12.791,12.686,14.303,13.617,14.053,14.417,14.419,14.406,14.567,14.066,13.757,13.993,14.058,14.203,14.706,14.682,14.826,14.205,14.554,14.851,14.79,14.468,13.966,14.085,13.714,14.175,14.427,14.584,14.409,14.324,14.162,12.231,12.579,12.718,12.518,12.32,12.396,12.564,12.195,12.104,11.225,11.662,12.372,12.448,12.367,11.892,12.306,12.698,12.645,14.015,13.81,13.321,13.107,12.875,13.398,13.873,14.027,13.971,13.898,13.466,13.113,13.084,13.088,13.378,13.47,13.384,12.865,13.513,13.578,13.508,13.596,13.698,13.443,13.123,13.871,13.617,13.52,13.125,13.029,12.902,12.469,13.249,13.319,12.99,13.197,13.334,13.205,12.948,13.426,13.44,13.465,13.233,13.173,13.204,13.012,13.392,13.341,13.505,13.864,13.847,13.762,13.216,13.004,13.115,13.066,12.96,13.034,12.882,12.923,12.098,12.667,13.047,12.645,12.473,12.8,13.0,12.428,12.724,12.94,13.311,13.274,12.971,12.671,11.92,12.071,12.038,12.367,12.272,12.349,12.116,12.88,13.111,13.28,13.117,13.153,12.769,12.333,12.955,12.944,13.147,13.327,13.053,12.969,12.467,13.182,13.522,13.354,13.351,12.896,12.621,12.238,12.815,13.456,0.0,0.0,0.0,0.0,0.0,0.0,0.0,0.0,0.0,0.0,0.0,0.0,0.0,0.0,0.0,0.0,0.0,0.0,0.0,0.0,0.0,0.0,0.0,0.0,0.0,0.0,0.0,0.0,0.0,0.0,0.0,0.0,0.0,0.0,0.0,0.0,0.0,0.0,0.0,0.0,0.0,0.0,0.0,0.0,0.0,0.0,0.0,0.0,0.0,0.0,0.0,0.0,0.0,0.0,0.0,0.0,0.0,0.0,0.0,0.0,0.0,0.0,10.945,10.983,10.987,11.2,11.287,10.695,10.811,11.111,11.609,11.445,11.296,10.934,10.601,10.719,10.9,11.054,10.844,10.765,11.055,10.569,10.758,10.612,10.424,10.755,10.807,10.326,9.985,10.754,10.983,10.893,10.851,10.782,11.101,10.754,10.956,11.284,11.659,11.821,11.825,11.475,10.842,10.955,11.125,10.648,10.832,10.954,11.199,10.909,11.166,11.177,11.134,10.921,10.647,10.632,10.09,10.293,10.824,11.036,11.285,11.496,11.405,13.981,14.469,14.625,14.576,14.428,14.753,14.539,13.954,14.241,14.191,14.09,14.338,14.076,12.813,12.448,12.54,13.364,13.749,13.983,14.088,13.977,13.742,14.411,14.353,13.959,13.153,13.182,13.44,13.678,14.157,14.831,15.049,14.893,15.038,14.946,14.301,14.586,14.837,14.571,14.806,14.933,14.648,14.255,14.659,15.055,15.069,15.21,15.421,15.161,14.947,15.349,15.729,15.928,15.69,15.668,15.911,15.307,15.765,15.934,15.848,15.849,15.72,15.262,14.732,15.135,15.255,15.315,15.108,15.289,14.993,14.937,15.544,15.629,15.574,15.391,15.42,15.73,15.539,15.704,16.228,16.55,16.835,16.748,16.489,15.912,16.056,15.504,15.913,16.112,16.417,16.384,15.902,15.637,15.83,15.956,15.663,15.721,15.605,15.168,15.334,15.691,15.988,16.061,16.069,15.995,15.616,15.867,15.868,15.811,15.67,15.494,15.499,15.24,15.833,16.092,16.332,16.386,16.494,16.416,16.156,16.798,16.883,16.827,16.765,17.141,17.043,16.379,16.763,17.084,17.265,17.089,16.501,16.201,16.193,16.798,16.922,17.179,17.431,17.378,17.194,16.65,16.826,16.407,16.799,17.068,16.831,16.917,16.281,15.349,15.603,16.33,14.106,14.467,14.581,14.269,14.649,14.644,14.657,14.999,14.854,14.819,14.287,14.748,14.842,14.293,14.355,14.473,14.121,14.024,14.301,14.568,14.104,13.825,13.683,13.898,13.62,14.133,14.345,14.284,14.344,14.26,15.603,15.311,15.404,15.478,15.18,15.353,15.679,15.567,15.232,15.529,15.152,14.657,14.233,14.714,14.606,13.516,13.588,13.276,13.308,13.211,13.395,13.858,14.143,14.464,14.234,13.968,14.021,14.556,14.901,14.053,14.753,15.108,16.265,16.582,16.632,16.236,15.484,15.955,15.698,15.652,15.315,14.808,14.771,14.053,15.321,15.395,15.789,15.893,16.006,15.328,14.55,15.763,16.359,17.257,16.578,16.506,16.051,16.439,17.666,18.262,17.871,14.69,14.183,14.225,14.399,15.219,15.504,15.393,15.1,14.876,15.147,14.133,13.98,13.829,13.644,13.879,14.542,14.672,13.311,12.301,12.315,12.061,12.42,13.078,12.8,12.598,13.008,12.893,12.14,12.376,12.312,12.126,0.0,0.0,0.0,0.0,0.0,0.0,0.0,0.0,0.0,0.0,0.0,0.0,0.0,0.0,0.0,0.0,0.0,0.0,0.0,0.0,0.0,0.0,0.0,0.0,0.0,0.0,0.0,0.0,0.0,0.0,0.0,0.0,0.0,0.0,0.0,0.0,0.0,0.0,0.0,0.0,0.0,0.0,0.0,0.0,0.0,0.0,0.0,0.0,0.0,0.0,0.0,0.0,0.0,0.0,0.0,0.0,0.0,0.0,0.0,0.0,0.0,13.776,13.278,12.955,13.551,13.845,14.119,14.125,14.266,14.06,13.615,14.262,14.411,14.435,14.231,13.787,13.964,13.232,12.918,13.484,13.612,13.526,13.443,13.619,12.795,13.315,13.427,13.395,13.297,13.469,13.333,13.119,12.155,12.154,12.019,11.103,10.755,11.502,11.276,11.886,12.207,12.636,12.29,12.554,12.461,12.257,12.421,12.401,12.542,12.652,12.332,12.339,11.812,12.491,12.682,12.757,12.642,12.547,12.372,11.701,11.92,11.975,17.534,17.038,17.378,17.414,17.044,17.61,17.96,17.91,18.105,17.828,17.671,16.94,17.773,18.362,18.309,18.132,18.04,18.012,17.111,18.34,18.887,19.213,19.405,19.548,19.352,18.773,19.17,18.776,18.321,18.131,18.445,17.597,16.925,17.877,18.368,18.647,18.293,18.217,17.584,16.792,17.352,17.451,17.536,17.885,17.547,17.105,17.098,17.914,18.47,18.482,18.392,18.559,17.569,17.286,18.246,18.355,17.773,18.075,18.335,18.409,18.391,18.727,18.487,18.56,17.848,18.155,18.373,18.11,18.431,18.941,18.601,18.207,18.308,18.263,18.042,18.159,18.284,18.548,18.389,18.484,18.323,18.017,18.481,18.426,18.45,18.969,18.567,18.266,17.584,18.361,17.275,16.921,16.822,17.291,17.57,17.141,17.073,17.197,17.368,17.675,17.906,17.863,17.426,17.816,17.933,18.177,18.109,17.101,17.225,17.562,18.059,18.208,18.31,18.477,18.398,18.274,17.708,18.036,18.207,18.543,18.656,16.071,16.053,15.555,16.108,16.274,15.974,16.229,16.135,16.196,15.685,16.0,16.233,16.266,16.107,15.941,16.171,15.433,15.853,16.131,16.01,16.072,16.108,16.089,15.58,16.124,16.316,16.482,16.373,16.226,15.807,17.962,18.405,18.341,18.777,18.758,19.255,19.136,18.28,18.561,18.274,18.357,18.333,18.16,17.984,17.489,18.198,18.634,19.156,18.971,18.179,16.578,15.406,15.22,16.569,17.803,17.917,17.647,17.495,17.345,18.317,18.582,13.976,14.117,14.1,13.941,13.601,13.975,14.068,13.77,13.64,13.972,13.832,13.429,14.089,14.287,13.905,13.595,13.397,13.076,12.137,12.172,12.275,13.251,13.766,13.606,13.336,12.948,13.702,13.896,13.341,12.422,12.29,12.498,12.181,13.095,13.152,13.136,13.179,12.932,12.39,11.607,12.048,12.076,12.264,12.082,12.112,12.136,11.611,12.491,12.684,12.458,11.695,12.048,11.738,10.909,11.738,12.508,12.651,12.552,12.774,12.358,11.623,15.88,16.284,16.956,16.943,16.352,15.869,15.096,15.467,15.451,15.443,14.555,15.345,15.927,14.847,14.08,15.08,15.949,16.497,16.299,16.093,15.399,16.238,16.645,16.495,16.771,17.319,16.753,16.042,17.202,17.651,17.536,17.35,17.516,17.426,16.403,17.24,17.512,17.583,17.345,16.894,16.468,15.378,15.622,15.688,15.697,15.458,14.688,15.188,15.298,16.161,16.133,15.934,15.27,15.027,14.829,14.878,16.197,16.322,16.267,16.5,16.543,15.773,15.067,15.988,16.47,15.613,15.838,15.761,15.852,15.323,15.81,15.666,15.934,15.951,15.817,15.589,15.051,16.251,16.408,16.436,16.383,16.173,15.745,14.807,13.964,13.672,14.65,15.458,15.775,15.856,15.419,15.58,16.186,16.394,16.252,16.515,16.457,16.116,16.352,16.48,16.484,16.476,16.492,15.999,15.608,15.727,16.143,16.385,16.507,16.652,16.705,16.056,16.644,16.878,16.839,16.832,16.837,16.853,16.481,16.904,16.697,16.716,18.569,18.842,18.874,18.212,18.599,19.027,19.253,18.786,18.648,17.927,17.451,18.372,18.401,18.512,18.857,19.235,19.377,18.944,19.688,19.754,19.6,19.681,20.004,19.875,19.194,19.581,19.952,20.269,20.341,20.108,19.896,18.429,18.929,18.852,18.535,18.768,18.906,19.017,18.844,19.148,19.175,19.349,19.398,19.51,18.818,18.068,18.578,18.955,19.315,19.144,19.381,19.152,18.597,18.737,19.069,18.926,17.687,18.259,18.8,18.323,18.564,18.586,17.891,18.134,18.714,18.66,18.231,18.351,18.669,19.129,18.868,18.898,18.986,18.107,18.969,19.285,19.039,18.996,19.252,19.126,18.625,19.145,19.322,19.259,19.579,19.739,19.351,18.941,19.757,19.548,17.388,17.453,17.811,17.64,16.951,17.295,16.331,15.934,16.538,17.494,17.699,17.25,18.153,18.241,18.194,17.799,16.818,15.907,14.769,15.901,16.517,16.954,17.297,17.394,17.8,17.12,17.772,17.98,18.071,17.984,17.299,16.718,16.5,17.216,17.936,17.998,18.11,18.379,17.97,17.513,18.243,18.606,18.741,18.971,18.783,18.603,17.925,18.397,18.896,18.706,18.468,18.092,17.596,16.169,17.206,18.014,18.033,18.193,18.169,17.485,15.947,16.576,17.215,17.927,17.967,18.535,18.805,18.108,18.85,19.47,19.686,19.987,19.843,19.552,18.52,18.87,19.579,20.088,19.597,20.476,20.255,19.534,20.051,20.19,18.929,18.021,17.263,17.744,18.474,19.364,19.702,19.258,20.915,21.301,22.142,20.529,21.561,21.78,22.238,22.535,22.358,21.51,20.588,21.435,21.325,20.933,21.217,21.79,21.393,20.372,21.035,21.166,21.514,21.646,21.61,20.922,19.171,19.266,19.851,19.645,19.153,18.721,25.358,25.122,26.842,26.995,26.312,25.399,25.812,24.927,24.65,26.725,26.741,27.191,26.786,26.606,26.083,25.36,26.249,26.08,25.477,26.174,26.465,25.245,24.015,25.4,25.618,24.51,23.954,23.299,22.614,22.782,24.291,24.953,24.583,24.913,25.817,26.53,25.078,25.377,26.303,27.058,27.659,28.68,27.578,26.748,27.833,27.339,28.52,28.795,28.564,27.846,27.656,28.549,28.774,27.467,27.277,28.125,28.199,27.54,28.19,29.542,30.049,30.332,29.61,29.086,28.189,27.708,28.259,27.817,26.276,25.845,25.455,24.258,25.653,26.786,27.66,28.725,27.845,26.163,24.196,24.948,25.524,26.482,26.837,26.377,25.311,23.494,25.076,26.335,26.717,26.677,26.99,26.617,16.325,16.198,16.891,17.319,17.529,17.714,17.996,17.934,18.208,18.459,18.802,18.913,18.943,18.784,18.177,18.3,17.797,18.448,18.651,18.697,18.448,17.755,17.651,17.248,17.843,18.406,18.465,18.595,17.878,18.128,18.43,17.091,16.98,17.079,16.773,16.238,16.564,16.715,16.777,16.673,16.082,15.091,13.695,13.427,14.359,14.779,15.158,15.371,15.703,15.178,15.511,15.862,15.99,16.212,15.87,15.422,14.374,14.416,14.627,14.675,14.316,17.909,17.582,17.022,17.199,17.09,17.848,18.358,18.657,18.422,17.799,18.707,19.039,19.076,18.89,19.137,19.104,18.13,18.274,19.006,19.416,19.544,20.028,19.524,18.621,19.297,19.677,19.63,19.439,19.818,20.105,19.426,18.082,18.409,18.885,18.869,18.929,18.44,17.639,18.239,18.22,18.539,18.65,18.922,19.184,18.325,18.487,19.12,19.313,19.328,19.42,19.562,19.142,19.205,19.476,19.357,18.053,16.872,17.417,17.933,17.478,17.708,17.729,17.652,17.892,18.464,18.41,17.987,18.106,18.419,18.874,18.615,18.645,18.732,17.864,18.715,19.027,18.784,18.742,18.995,18.871,18.376,18.889,19.064,19.001,19.317,19.475,19.092,18.687,19.493,19.287,17.036,15.967,16.027,16.356,16.199,15.566,15.881,14.997,14.632,15.186,16.065,16.253,15.841,16.669,16.751,16.707,16.344,15.443,14.607,13.562,14.602,15.167,15.569,15.884,15.973,16.346,15.721,16.32,16.511,16.595,16.514,15.885,19.107,18.859,19.676,20.499,20.571,20.698,21.006,20.538,20.016,20.85,21.265,21.42,21.682,21.467,21.262,20.487,21.026,21.597,21.38,21.108,20.677,20.111,18.48,19.665,20.589,20.611,20.793,20.766,19.984,18.226,16.619,17.26,17.974,18.014,18.583,18.854,18.156,18.9,19.521,19.738,20.039,19.895,19.604,18.569,18.919,19.631,20.14,19.649,20.53,20.308,19.585,20.104,20.243,18.979,18.068,17.308,17.791,18.522,19.415,19.754,19.309,20.915,21.301,22.142,20.529,21.561,21.78,22.238,22.535,22.358,21.51,20.588,21.435,21.325,20.933,21.217,21.79,21.393,20.372,21.035,21.166,21.514,21.646,21.61,20.922,19.171,19.266,19.851,19.645,19.153,18.721,17.635,17.471,18.668,18.774,18.299,17.664,17.951,17.336,17.143,18.586,18.597,18.91,18.628,18.503,18.14,17.636,18.255,18.138,17.718,18.203,18.405,17.557,16.701,17.665,17.816,17.045,16.659,16.203,15.727,15.844,16.893,14.501,14.286,14.478,15.003,15.418,14.574,14.748,15.286,15.724,16.073,16.667,16.026,15.544,16.174,15.888,16.574,16.734,16.599,16.183,16.072,16.591,16.722,15.962,15.851,16.344,16.387,16.004,16.382,17.168,17.463,17.627,12.58,12.358,11.976,11.772,12.006,11.818,11.164,10.98,10.815,10.306,10.899,11.38,11.752,12.204,11.83,11.116,10.28,10.599,10.844,11.251,11.402,11.207,10.754,9.982,10.654,11.189,11.351,11.334,11.467,11.309,16.325,16.198,16.891,17.319,17.529,17.714,17.996,17.934,18.208,18.459,18.802,18.913,18.943,18.784,18.177,18.3,17.797,18.448,18.651,18.697,18.448,17.755,17.651,17.248,17.843,18.406,18.465,18.595,17.878,18.128,18.43,17.091,16.98,17.079,16.773,16.238,16.564,16.715,16.777,16.673,16.082,15.091,13.695,13.427,14.359,14.779,15.158,15.371,15.703,15.178,15.511,15.862,15.99,16.212,15.87,15.422,14.374,14.416,14.627,14.675,14.316,17.909,17.582,17.022,17.199,17.09,17.848,18.358,18.657,18.422,17.799,18.707,19.039,19.076,18.89,19.137,19.104,18.13,18.274,19.006,19.416,19.544,20.028,19.524,18.621,19.297,19.677,19.63,19.439,19.818,20.105,19.426
Guntur_200,9.558,9.624,9.806,9.83,9.465,9.519,9.726,9.739,9.544,9.437,9.61,9.614,9.731,9.558,9.28,9.229,9.66,9.617,9.228,9.621,9.691,9.475,9.581,9.813,9.919,9.466,9.771,9.913,9.989,10.056,9.973,9.502,9.046,9.336,9.577,9.579,9.571,9.678,9.345,9.139,9.296,9.339,9.436,9.77,9.754,9.85,9.437,9.669,9.866,9.826,9.612,9.278,9.357,9.111,9.417,9.584,9.689,9.572,9.516,9.408,8.85,9.101,9.202,9.057,8.915,8.969,9.091,8.824,8.758,8.122,8.438,8.952,9.007,8.949,8.604,8.904,9.188,9.149,10.141,9.993,9.639,9.484,9.316,9.694,10.038,10.149,10.109,10.056,9.743,9.488,9.467,9.949,10.17,10.24,10.174,9.78,10.272,10.322,10.269,10.335,10.413,10.219,9.976,10.544,10.351,10.277,9.977,9.904,9.808,9.479,10.071,10.124,9.875,10.032,10.136,10.038,9.843,10.206,10.217,10.236,10.059,10.941,10.966,10.807,11.123,11.081,11.217,11.515,11.501,11.43,10.976,10.801,10.892,10.852,10.764,10.825,10.699,10.733,10.048,10.521,10.836,10.502,10.359,10.631,10.797,10.322,10.568,10.748,11.055,11.025,10.773,10.524,8.243,8.347,8.325,8.552,8.487,8.54,8.379,8.907,9.067,9.184,9.071,9.095,8.831,8.529,8.959,8.951,9.091,9.216,9.027,8.969,8.621,9.116,9.351,9.235,9.233,8.918,8.728,8.463,8.862,9.305,0.0,0.0,0.0,0.0,0.0,0.0,0.0,0.0,0.0,0.0,0.0,0.0,0.0,0.0,0.0,0.0,0.0,0.0,0.0,0.0,0.0,0.0,0.0,0.0,0.0,0.0,0.0,0.0,0.0,0.0,0.0,0.0,0.0,0.0,0.0,0.0,0.0,0.0,0.0,0.0,0.0,0.0,0.0,0.0,0.0,0.0,0.0,0.0,0.0,0.0,0.0,0.0,0.0,0.0,0.0,0.0,0.0,0.0,0.0,0.0,0.0,0.0,9.218,9.249,9.253,9.432,9.505,9.007,9.104,9.357,9.777,9.638,9.513,9.208,8.928,9.027,9.179,9.309,9.133,9.066,9.31,8.9,9.06,8.937,8.779,9.057,9.101,8.696,8.409,9.057,9.25,9.173,8.374,8.321,8.567,8.3,8.455,8.708,8.998,9.123,9.126,8.856,8.368,8.454,8.585,8.217,8.36,8.454,8.643,8.419,8.617,8.625,8.592,8.428,8.216,8.205,7.787,7.943,8.354,8.517,8.709,8.872,8.802,9.116,9.435,9.536,9.504,9.408,9.62,9.48,9.099,9.286,9.253,9.188,9.349,9.178,8.355,8.117,8.177,8.714,8.965,9.118,9.186,9.114,8.96,9.397,9.359,9.102,8.576,8.595,8.763,8.919,9.231,10.097,10.245,10.139,10.238,10.175,9.736,9.93,10.101,9.92,10.079,10.166,9.972,9.704,9.979,10.249,10.259,10.355,10.498,10.321,10.176,10.449,10.708,10.843,10.681,10.666,10.832,10.421,10.733,10.847,10.789,10.79,10.329,10.028,9.68,9.944,10.023,10.062,9.926,10.046,9.851,9.814,10.213,10.269,10.233,10.113,10.132,10.335,10.21,10.318,10.662,10.874,11.061,11.004,10.834,10.455,10.549,10.187,10.455,10.586,10.787,10.765,10.449,10.202,10.328,10.41,10.219,10.257,10.181,9.896,10.005,10.237,10.431,10.478,10.484,10.436,10.188,10.352,10.353,10.316,10.224,10.109,10.112,9.943,10.33,10.499,10.655,10.69,10.761,10.71,10.54,10.69,10.744,10.708,10.669,10.908,10.846,10.423,10.668,10.872,10.987,10.875,10.5,10.31,10.305,10.69,10.769,10.932,11.092,11.059,10.942,10.595,10.708,10.441,10.69,10.861,10.711,10.765,10.361,9.768,9.929,10.392,11.635,11.934,12.028,11.77,12.084,12.08,12.09,12.372,12.253,12.224,11.785,12.165,12.243,11.79,11.841,11.939,11.648,11.568,11.797,12.017,11.634,11.404,11.287,11.465,11.235,11.658,11.833,11.783,11.832,11.762,11.434,11.22,11.288,11.342,11.124,11.25,11.49,11.407,11.162,11.38,11.103,10.741,10.43,10.783,10.703,9.905,9.957,9.729,9.752,9.681,9.816,10.155,10.364,10.6,10.431,10.235,10.275,10.667,10.92,10.298,10.811,8.949,9.634,9.822,9.851,9.617,9.171,9.45,9.298,9.271,9.071,8.771,8.749,8.324,9.075,9.119,9.352,9.414,9.48,9.079,8.618,9.336,9.69,10.221,9.819,9.776,9.507,9.737,10.464,10.817,10.585,17.876,17.259,17.31,17.521,18.52,18.866,18.731,18.375,18.102,18.432,17.197,17.011,16.828,16.603,16.888,17.696,17.854,16.198,14.969,14.986,14.676,15.113,15.914,15.576,15.33,15.83,15.689,14.773,15.06,14.982,14.755,21.548,23.531,24.184,24.58,25.43,25.788,26.629,26.467,26.981,27.024,27.071,27.453,27.685,26.996,26.308,24.735,28.186,27.717,26.986,26.788,26.272,25.148,26.222,26.401,26.525,26.75,27.115,26.873,25.901,26.341,26.171,0.0,0.0,0.0,0.0,0.0,0.0,0.0,0.0,0.0,0.0,0.0,0.0,0.0,0.0,0.0,0.0,0.0,0.0,0.0,0.0,0.0,0.0,0.0,0.0,0.0,0.0,0.0,0.0,0.0,0.0,11.851,11.422,11.144,11.657,11.91,12.146,12.151,12.272,12.095,11.713,12.268,12.397,12.418,12.242,11.86,12.013,11.383,11.113,11.6,11.71,11.636,11.565,11.716,11.007,11.454,11.551,11.523,11.439,11.586,11.47,11.286,9.446,9.445,9.34,8.628,8.357,8.938,8.762,9.236,9.486,9.819,9.55,9.755,9.683,9.525,9.652,9.636,9.746,9.832,9.583,9.589,9.179,9.707,9.855,9.913,9.824,9.75,9.614,9.093,9.263,9.306,11.009,10.698,10.911,10.934,10.701,11.057,11.277,11.246,11.368,11.194,11.096,10.636,11.16,11.529,11.496,11.385,11.327,11.309,10.744,11.516,11.859,12.064,12.184,12.274,12.151,11.787,12.036,11.789,11.503,11.384,11.581,11.781,11.331,11.968,12.297,12.484,12.247,12.196,11.772,11.242,11.617,11.683,11.74,11.974,11.747,11.452,11.447,11.993,12.365,12.373,12.313,12.425,11.762,11.572,12.215,12.288,11.899,12.101,12.275,12.324,12.312,12.538,10.944,10.988,10.566,10.748,10.877,10.721,10.911,11.213,11.012,10.779,10.838,10.812,10.681,10.75,10.824,10.981,10.886,10.942,10.847,10.666,10.941,10.908,10.922,11.229,10.992,10.814,10.41,10.87,10.772,10.551,10.489,10.782,10.956,10.688,10.646,10.723,10.829,11.021,11.165,11.138,10.866,11.109,11.182,11.334,11.292,10.663,10.74,10.951,11.261,11.353,11.417,11.521,11.472,11.395,11.041,11.246,11.353,11.562,11.632,12.356,12.342,11.959,12.385,12.512,12.282,12.477,12.405,12.452,12.059,12.301,12.48,12.506,12.384,12.256,12.433,11.865,12.188,12.402,12.309,12.357,12.384,12.369,11.978,12.397,12.544,12.672,12.588,12.475,12.152,12.612,12.923,12.879,13.185,13.172,13.521,13.437,12.836,13.033,12.832,12.89,12.873,12.752,12.628,12.281,12.779,13.084,13.451,13.321,12.765,11.641,10.818,10.687,11.635,12.501,12.581,12.392,12.284,12.18,12.862,13.048,13.424,13.559,13.543,13.39,13.064,13.423,13.512,13.226,13.101,13.42,13.285,12.899,13.532,13.723,13.356,13.058,12.868,12.559,11.657,11.691,11.79,12.728,13.222,13.068,12.809,12.436,13.161,13.347,12.814,11.931,11.805,12.005,11.7,12.578,12.632,12.617,12.659,12.421,11.901,11.149,11.572,11.599,11.78,11.605,11.633,11.657,11.152,11.998,12.183,11.966,11.233,11.572,11.274,10.478,11.274,12.013,12.151,12.056,12.27,11.87,11.164,10.155,10.413,10.843,10.835,10.457,10.148,9.653,9.891,9.88,9.876,9.308,9.813,10.185,9.495,9.004,9.643,10.199,10.55,10.423,10.291,9.848,10.384,10.644,10.549,10.725,11.075,10.713,10.258,11.0,11.287,11.214,11.053,11.159,11.101,10.45,10.983,11.156,11.201,11.05,10.763,10.491,9.797,9.953,9.995,10.0,9.848,9.358,9.676,9.746,10.295,10.278,10.151,9.728,9.573,9.447,9.478,10.319,10.398,10.363,10.512,10.539,10.471,10.003,10.614,10.934,10.365,10.514,10.463,10.524,10.173,10.496,10.4,10.578,10.589,10.501,10.349,9.992,10.789,10.893,10.911,10.876,10.736,10.452,9.83,9.27,9.076,9.726,10.262,10.473,10.526,10.236,10.343,11.563,11.712,11.61,11.798,11.757,11.513,11.682,11.773,11.776,11.77,11.782,11.429,11.15,11.235,11.532,11.705,11.792,11.896,11.934,11.471,11.89,12.058,12.03,12.025,12.028,12.039,11.774,12.076,11.928,11.942,12.045,12.223,12.243,11.814,12.065,12.343,12.489,12.186,12.097,11.629,11.32,11.918,11.936,12.009,12.232,12.478,12.57,12.289,12.772,12.814,12.715,12.767,12.976,12.893,12.451,12.702,12.943,13.148,13.195,13.044,12.906,12.343,12.678,12.627,12.414,12.57,12.663,12.737,12.621,12.825,12.843,12.959,12.992,13.067,12.604,12.102,12.443,12.695,12.937,12.822,12.981,12.828,12.456,12.55,12.772,12.676,11.847,12.229,12.592,12.272,12.433,12.448,10.34,10.481,10.816,10.785,10.537,10.606,10.79,11.056,10.905,10.922,10.973,10.465,10.963,11.146,11.004,10.979,11.127,11.054,10.764,11.065,11.168,11.131,11.316,11.409,11.184,10.947,11.419,11.298,11.184,11.225,11.456,11.346,10.903,11.123,10.504,10.249,10.637,11.252,11.384,11.095,11.675,11.732,11.702,11.448,10.817,10.231,9.499,10.227,10.623,10.904,11.125,11.188,11.449,11.011,11.43,11.565,11.623,11.567,11.126,9.985,9.855,10.283,10.712,10.75,10.816,10.977,10.733,10.46,10.896,11.113,11.194,11.331,11.218,11.111,10.706,10.988,11.286,11.173,11.031,10.806,10.51,9.657,10.277,10.759,10.771,10.866,10.852,10.443,9.524,9.628,9.999,10.412,10.436,10.765,10.922,10.518,10.949,11.309,11.434,11.609,11.525,11.357,10.757,10.96,11.372,11.667,11.383,11.893,11.765,11.346,11.646,11.727,10.995,10.467,10.027,10.306,10.73,11.247,11.444,11.186,10.475,10.668,11.089,10.281,10.798,10.907,11.137,11.285,11.197,10.772,10.311,10.735,10.68,10.483,10.625,10.912,10.714,10.202,10.534,10.6,10.774,10.841,10.822,10.478,9.601,9.648,9.941,9.839,9.592,9.376,13.67,13.543,14.47,14.553,14.184,13.692,13.915,13.438,13.288,14.407,14.416,14.658,14.44,14.343,14.061,13.671,14.15,14.06,13.735,14.11,14.267,13.609,12.946,13.693,13.811,13.213,12.914,12.56,12.191,12.282,13.095,0.0,0.0,0.0,0.0,0.0,0.0,0.0,0.0,0.0,0.0,0.0,0.0,0.0,0.0,0.0,0.0,0.0,0.0,0.0,0.0,0.0,0.0,0.0,0.0,0.0,0.0,0.0,0.0,0.0,0.0,0.0,10.613,10.425,10.104,9.931,10.129,9.97,9.418,9.263,9.124,8.695,9.195,9.601,9.914,10.296,9.98,9.377,8.673,8.942,9.148,9.492,9.619,9.454,9.072,8.421,8.988,9.439,9.576,9.562,9.674,9.54,10.838,10.755,11.215,11.499,11.638,11.761,11.948,11.907,12.089,12.256,12.483,12.557,12.577,12.471,12.069,12.15,11.816,12.248,12.383,12.414,12.249,11.788,11.719,11.451,11.847,12.22,12.259,12.346,11.87,12.036,12.236,11.503,11.428,11.495,11.289,10.929,11.148,11.249,11.291,11.221,10.823,10.156,9.217,9.037,9.663,9.946,10.201,10.345,10.568,10.215,10.439,10.676,10.761,10.911,10.68,10.379,9.674,9.702,9.844,9.876,9.635,10.913,10.714,10.373,10.481,10.414,10.876,11.186,11.369,11.225,10.846,11.399,11.601,11.624,11.511,11.661,11.641,11.048,11.136,11.581,11.831,11.91,12.204,11.897,11.347,11.758,11.99,11.962,11.845,12.076,12.251,11.838,11.962,12.178,12.493,12.482,12.522,12.199,11.669,12.066,12.053,12.264,12.337,12.518,12.691,12.122,12.23,12.649,12.776,12.786,12.847,12.941,12.663,12.704,12.884,12.805,11.943,11.161,11.522,11.863,11.562,11.714,11.728,10.513,10.656,10.997,10.965,10.713,10.783,10.97,11.241,11.087,11.105,11.157,10.64,11.146,11.332,11.187,11.162,11.313,11.239,10.944,11.25,11.354,11.317,11.505,11.599,11.371,11.13,11.609,11.487,10.146,10.466,10.505,10.72,10.617,10.203,10.409,9.829,9.591,9.954,10.529,10.653,10.383,10.926,10.979,10.951,10.713,10.122,9.574,8.889,9.571,9.941,10.204,10.411,10.469,10.714,10.304,10.697,10.822,10.877,10.824,10.412,9.886,9.757,10.181,10.606,10.643,10.709,10.869,10.626,10.356,10.788,11.002,11.083,11.218,11.107,11.001,10.6,10.879,11.174,11.062,10.921,10.698,10.406,9.561,10.175,10.653,10.664,10.758,10.744,10.34,9.43,9.33,9.69,10.091,10.114,10.433,10.585,10.193,10.611,10.96,11.081,11.25,11.17,11.006,10.425,10.622,11.021,11.307,11.031,11.526,11.401,10.995,11.287,11.365,10.655,10.144,9.717,9.988,10.399,10.9,11.09,10.84,10.475,10.668,11.089,10.281,10.798,10.907,11.137,11.285,11.197,10.772,10.311,10.735,10.68,10.483,10.625,10.912,10.714,10.202,10.534,10.6,10.774,10.841,10.822,10.478,9.601,9.648,9.941,9.839,9.592,9.376,9.901,9.809,10.48,10.54,10.273,9.917,10.078,9.733,9.624,10.435,10.441,10.617,10.458,10.388,10.184,9.902,10.249,10.183,9.948,10.22,10.333,9.857,9.376,9.918,10.003,9.57,9.353,9.097,8.829,8.895,9.484,9.904,9.757,9.888,10.247,10.53,9.953,10.072,10.439,10.739,10.978,11.383,10.945,10.616,11.047,10.851,11.319,11.429,11.337,11.052,10.977,11.331,11.42,10.902,10.826,11.162,11.192,10.93,11.188,11.725,11.926,12.039,15.638,15.361,14.887,14.633,14.924,14.691,13.877,13.649,13.443,12.811,13.548,14.146,14.608,15.17,14.705,13.817,12.778,13.175,13.479,13.986,14.173,13.93,13.367,12.407,13.243,13.908,14.11,14.088,14.254,14.057,10.838,10.755,11.215,11.499,11.638,11.761,11.948,11.907,12.089,12.256,12.483,12.557,12.577,12.471,12.069,12.15,11.816,12.248,12.383,12.414,12.249,11.788,11.719,11.451,11.847,12.22,12.259,12.346,11.87,12.036,12.236,11.503,11.428,11.495,11.289,10.929,11.148,11.249,11.291,11.221,10.823,10.156,9.217,9.037,9.663,9.946,10.201,10.345,10.568,10.215,10.439,10.676,10.761,10.911,10.68,10.379,9.674,9.702,9.844,9.876,9.635,10.913,10.714,10.373,10.481,10.414,10.876,11.186,11.369,11.225,10.846,11.399,11.601,11.624,11.511,11.661,11.641,11.048,11.136,11.581,11.831,11.91,12.204,11.897,11.347,11.758,11.99,11.962,11.845,12.076,12.251,11.838
Guntur_201,9.073,9.135,9.307,9.33,8.984,9.035,9.232,9.244,9.059,8.958,9.121,9.125,9.236,9.072,8.808,8.76,9.169,9.128,8.759,9.132,9.198,8.993,9.094,9.314,9.415,8.985,9.274,9.41,9.481,9.545,9.467,8.102,7.713,7.96,8.166,8.167,8.16,8.251,7.968,7.792,7.926,7.963,8.045,8.33,8.316,8.398,8.046,8.244,8.412,8.378,8.195,7.911,7.978,7.768,8.029,8.172,8.261,8.161,8.114,8.022,7.273,7.48,7.563,7.444,7.326,7.371,7.471,7.252,7.198,6.675,6.935,7.357,7.402,7.354,7.072,7.318,7.551,7.519,8.334,8.212,7.922,7.794,7.656,7.967,8.25,8.341,8.308,8.265,8.008,7.798,7.781,9.179,9.382,9.447,9.387,9.022,9.477,9.522,9.474,9.535,9.607,9.428,9.204,9.728,9.549,9.481,9.205,9.137,9.048,8.745,9.292,9.341,9.11,9.255,9.352,9.261,9.081,9.416,9.426,9.443,9.28,9.792,9.815,9.672,9.955,9.917,10.039,10.306,10.294,10.23,9.824,9.667,9.749,9.712,9.634,9.689,9.576,9.607,8.993,9.416,9.699,9.399,9.272,9.515,9.664,9.239,9.458,9.619,9.895,9.867,9.642,9.419,8.06,8.163,8.14,8.363,8.299,8.351,8.193,8.71,8.866,8.98,8.87,8.894,8.635,8.34,8.761,8.753,8.89,9.012,8.827,8.77,8.431,8.914,9.144,9.03,9.028,8.721,8.535,8.276,8.666,9.099,0.0,0.0,0.0,0.0,0.0,0.0,0.0,0.0,0.0,0.0,0.0,0.0,0.0,0.0,0.0,0.0,0.0,0.0,0.0,0.0,0.0,0.0,0.0,0.0,0.0,0.0,0.0,0.0,0.0,0.0,0.0,0.0,0.0,0.0,0.0,0.0,0.0,0.0,0.0,0.0,0.0,0.0,0.0,0.0,0.0,0.0,0.0,0.0,0.0,0.0,0.0,0.0,0.0,0.0,0.0,0.0,0.0,0.0,0.0,0.0,0.0,0.0,9.545,9.577,9.581,9.766,9.842,9.326,9.427,9.689,10.123,9.98,9.85,9.535,9.245,9.347,9.505,9.639,9.456,9.387,9.64,9.216,9.381,9.254,9.09,9.378,9.424,9.005,8.707,9.378,9.578,9.499,7.785,7.736,7.965,7.716,7.86,8.096,8.365,8.481,8.484,8.233,7.779,7.86,7.982,7.64,7.772,7.859,8.035,7.827,8.011,8.019,7.988,7.836,7.639,7.628,7.239,7.385,7.766,7.918,8.097,8.248,8.183,8.612,8.913,9.008,8.979,8.887,9.088,8.956,8.595,8.772,8.741,8.679,8.832,8.671,7.893,7.668,7.725,8.232,8.469,8.613,8.678,8.609,8.465,8.877,8.841,8.599,8.102,8.12,8.279,8.425,8.721,9.157,9.292,9.195,9.285,9.228,8.83,9.006,9.161,8.997,9.142,9.22,9.044,8.802,9.051,9.295,9.304,9.391,9.522,9.361,9.229,9.477,9.712,9.835,9.688,9.674,9.824,9.451,9.734,9.838,9.785,9.786,9.453,9.177,8.859,9.101,9.173,9.209,9.084,9.194,9.015,8.982,9.347,9.398,9.365,9.255,9.272,9.458,9.344,9.443,9.758,9.952,10.123,10.071,9.915,9.568,9.654,9.322,9.568,9.688,9.872,9.852,9.562,9.411,9.527,9.603,9.427,9.461,9.392,9.129,9.229,9.443,9.622,9.666,9.671,9.626,9.398,9.549,9.55,9.516,9.431,9.325,9.328,9.172,9.529,9.685,9.829,9.861,9.926,9.879,9.723,9.951,10.002,9.969,9.932,10.155,10.097,9.703,9.931,10.121,10.228,10.124,9.775,9.598,9.593,9.951,10.025,10.177,10.326,10.295,10.186,9.864,9.968,9.72,9.952,10.111,9.971,10.022,9.645,9.093,9.244,9.674,8.736,8.96,9.03,8.837,9.073,9.07,9.077,9.289,9.199,9.178,8.848,9.134,9.192,8.852,8.89,8.964,8.746,8.685,8.857,9.022,8.735,8.562,8.474,8.608,8.435,8.753,8.884,8.847,8.884,8.831,10.499,10.302,10.365,10.415,10.214,10.33,10.55,10.474,10.249,10.449,10.195,9.862,9.577,9.901,9.828,9.095,9.143,8.933,8.954,8.889,9.013,9.325,9.516,9.733,9.577,9.398,9.434,9.794,10.026,9.456,9.927,8.049,8.665,8.834,8.861,8.65,8.249,8.5,8.363,8.339,8.159,7.889,7.869,7.487,8.162,8.202,8.411,8.467,8.527,8.166,7.751,8.398,8.715,9.193,8.832,8.793,8.551,8.758,9.411,9.729,9.521,12.074,11.657,11.691,11.834,12.509,12.742,12.652,12.411,12.227,12.449,11.615,11.49,11.366,11.214,11.407,11.952,12.059,10.94,10.11,10.122,9.913,10.208,10.749,10.52,10.354,10.692,10.597,9.978,10.172,10.119,9.966,14.028,15.32,15.744,16.002,16.556,16.789,17.337,17.231,17.566,17.593,17.624,17.873,18.024,17.575,17.128,16.104,18.35,18.045,17.569,17.44,17.104,16.372,17.071,17.188,17.269,17.415,17.653,17.495,16.862,17.149,17.038,0.0,0.0,0.0,0.0,0.0,0.0,0.0,0.0,0.0,0.0,0.0,0.0,0.0,0.0,0.0,0.0,0.0,0.0,0.0,0.0,0.0,0.0,0.0,0.0,0.0,0.0,0.0,0.0,0.0,0.0,8.688,8.374,8.17,8.546,8.732,8.905,8.909,8.997,8.867,8.587,8.995,9.089,9.104,8.975,8.695,8.807,8.345,8.147,8.504,8.585,8.531,8.479,8.589,8.07,8.398,8.468,8.448,8.386,8.494,8.409,8.274,9.848,9.847,9.737,8.995,8.713,9.319,9.135,9.629,9.889,10.237,9.957,10.171,10.095,9.93,10.063,10.047,10.161,10.25,9.991,9.997,9.569,10.12,10.274,10.335,10.242,10.165,10.023,9.48,9.657,9.702,9.343,9.079,9.26,9.279,9.082,9.384,9.57,9.544,9.648,9.5,9.416,9.027,9.471,9.784,9.756,9.662,9.613,9.598,9.118,9.773,10.064,10.238,10.34,10.416,10.312,10.003,10.215,10.005,9.762,9.661,9.828,10.636,10.23,10.806,11.103,11.271,11.057,11.011,10.628,10.15,10.488,10.548,10.6,10.811,10.606,10.339,10.335,10.828,11.164,11.171,11.117,11.218,10.62,10.448,11.028,11.095,10.743,10.926,11.082,11.127,11.116,11.32,10.323,10.364,9.966,10.138,10.26,10.113,10.292,10.577,10.387,10.167,10.223,10.198,10.075,10.14,10.21,10.357,10.269,10.321,10.232,10.061,10.32,10.289,10.302,10.592,10.368,10.2,9.819,10.253,9.954,9.75,9.693,9.964,10.124,9.877,9.838,9.91,10.008,10.185,10.318,10.293,10.041,10.266,10.334,10.474,10.435,9.854,9.925,10.12,10.406,10.492,10.551,10.647,10.602,10.53,10.204,10.393,10.491,10.685,10.75,11.367,11.355,11.002,11.394,11.511,11.299,11.479,11.413,11.455,11.094,11.317,11.482,11.505,11.393,11.275,11.438,10.916,11.213,11.41,11.324,11.368,11.394,11.38,11.02,11.405,11.54,11.658,11.581,11.477,11.18,11.752,12.041,12.0,12.285,12.273,12.598,12.52,11.96,12.143,11.956,12.01,11.994,11.881,11.766,11.443,11.906,12.191,12.533,12.412,11.894,10.846,10.079,9.958,10.841,11.648,11.722,11.546,11.446,11.348,11.984,12.157,13.258,13.392,13.376,13.225,12.902,13.257,13.346,13.063,12.94,13.254,13.121,12.74,13.365,13.553,13.191,12.897,12.709,12.404,11.514,11.547,11.645,12.571,13.059,12.907,12.651,12.283,12.999,13.182,12.656,11.784,11.659,11.857,11.556,12.423,12.476,12.462,12.503,12.267,11.754,11.011,11.429,11.456,11.634,11.462,11.49,11.513,11.015,11.85,12.032,11.818,11.094,11.429,11.135,10.349,11.135,11.865,12.001,11.908,12.118,11.724,11.026,10.155,10.413,10.843,10.835,10.457,10.148,9.653,9.891,9.88,9.876,9.308,9.813,10.185,9.495,9.004,9.643,10.199,10.55,10.423,10.291,9.848,10.384,10.644,10.549,10.725,11.075,10.713,10.258,11.0,11.287,11.214,10.041,10.137,10.085,9.493,9.978,10.135,10.176,10.038,9.778,9.531,8.9,9.041,9.08,9.085,8.946,8.501,8.79,8.854,9.353,9.337,9.222,8.838,8.697,8.582,8.611,9.374,9.446,9.414,9.549,9.574,8.47,8.091,8.586,8.844,8.384,8.505,8.464,8.513,8.229,8.49,8.413,8.557,8.566,8.494,8.372,8.082,8.727,8.812,8.826,8.798,8.685,8.455,7.951,7.499,7.342,7.867,8.301,8.471,8.515,8.28,8.367,10.405,10.538,10.447,10.616,10.579,10.36,10.511,10.593,10.596,10.591,10.601,10.284,10.033,10.109,10.377,10.532,10.611,10.704,10.738,10.321,10.699,10.849,10.824,10.82,10.823,10.833,10.594,10.866,10.733,10.745,11.098,11.261,11.281,10.885,11.116,11.372,11.507,11.228,11.146,10.715,10.43,10.98,10.998,11.064,11.27,11.497,11.581,11.323,11.767,11.806,11.715,11.763,11.956,11.879,11.472,11.703,11.925,12.114,12.158,12.018,11.891,9.971,10.241,10.2,10.028,10.154,10.229,10.289,10.195,10.36,10.375,10.468,10.495,10.555,10.181,9.776,10.052,10.255,10.45,10.357,10.486,10.362,10.062,10.138,10.317,10.239,9.57,9.879,10.171,9.913,10.044,10.055,9.455,9.584,9.89,9.861,9.635,9.698,9.866,10.109,9.971,9.987,10.034,9.569,10.024,10.191,10.062,10.039,10.174,10.108,9.843,10.118,10.211,10.178,10.347,10.432,10.226,10.01,10.441,10.331,10.029,10.066,10.273,10.174,9.777,9.975,9.419,9.19,9.538,10.09,10.208,9.949,10.47,10.521,10.493,10.265,9.7,9.175,8.518,9.171,9.526,9.778,9.976,10.032,10.266,9.874,10.25,10.37,10.423,10.372,9.977,8.997,8.88,9.265,9.653,9.686,9.746,9.891,9.671,9.425,9.818,10.013,10.086,10.21,10.108,10.012,9.647,9.901,10.17,10.067,9.939,9.737,9.47,8.702,9.26,9.695,9.705,9.791,9.778,9.41,8.582,7.956,8.263,8.605,8.624,8.896,9.026,8.692,9.048,9.345,9.449,9.593,9.524,9.385,8.89,9.057,9.398,9.642,9.406,9.828,9.722,9.376,9.624,9.691,9.086,8.65,8.286,8.517,8.867,9.294,9.457,9.244,9.43,9.604,9.984,9.256,9.721,9.82,10.027,10.161,10.081,9.698,9.283,9.665,9.615,9.438,9.566,9.825,9.646,9.185,9.484,9.543,9.7,9.76,9.744,9.433,8.644,8.687,8.95,8.858,8.636,8.441,9.358,9.271,9.905,9.962,9.71,9.373,9.525,9.199,9.096,9.862,9.868,10.034,9.885,9.818,9.625,9.358,9.686,9.624,9.402,9.659,9.766,9.316,8.862,9.373,9.454,9.045,8.84,8.598,8.345,8.407,8.964,0.0,0.0,0.0,0.0,0.0,0.0,0.0,0.0,0.0,0.0,0.0,0.0,0.0,0.0,0.0,0.0,0.0,0.0,0.0,0.0,0.0,0.0,0.0,0.0,0.0,0.0,0.0,0.0,0.0,0.0,0.0,8.946,8.788,8.517,8.371,8.538,8.404,7.939,7.808,7.69,7.329,7.75,8.093,8.357,8.678,8.413,7.904,7.31,7.537,7.711,8.001,8.108,7.969,7.647,7.098,7.576,7.956,8.072,8.06,8.154,8.042,9.558,9.484,9.889,10.14,10.263,10.371,10.536,10.5,10.66,10.807,11.008,11.073,11.091,10.998,10.643,10.714,10.42,10.801,10.92,10.947,10.801,10.395,10.334,10.098,10.447,10.776,10.811,10.887,10.467,10.613,10.79,10.18,10.114,10.173,9.99,9.672,9.866,9.956,9.993,9.931,9.579,8.988,8.157,7.997,8.552,8.803,9.028,9.156,9.353,9.04,9.239,9.448,9.524,9.656,9.452,9.186,8.562,8.587,8.712,8.741,8.527,9.669,9.492,9.19,9.285,9.226,9.636,9.911,10.072,9.945,9.609,10.099,10.278,10.298,10.198,10.332,10.314,9.788,9.866,10.261,10.482,10.551,10.812,10.541,10.053,10.418,10.623,10.598,10.495,10.699,10.854,10.488,10.22,10.404,10.674,10.664,10.699,10.422,9.969,10.308,10.298,10.478,10.541,10.695,10.843,10.357,10.449,10.807,10.916,10.924,10.976,11.056,10.819,10.854,11.007,10.94,10.204,9.536,9.844,10.136,9.879,10.008,10.02,8.674,8.792,9.074,9.047,8.839,8.897,9.051,9.275,9.148,9.163,9.205,8.779,9.197,9.35,9.231,9.21,9.334,9.273,9.03,9.282,9.368,9.338,9.493,9.571,9.382,9.183,9.579,9.478,8.372,9.128,9.162,9.35,9.26,8.898,9.079,8.573,8.365,8.681,9.183,9.291,9.055,9.529,9.576,9.551,9.343,8.828,8.35,7.753,8.347,8.67,8.9,9.08,9.131,9.344,8.987,9.329,9.439,9.486,9.441,9.081,8.994,8.877,9.262,9.649,9.683,9.743,9.888,9.667,9.422,9.814,10.01,10.083,10.206,10.105,10.008,9.643,9.897,10.166,10.064,9.936,9.733,9.467,8.699,9.257,9.691,9.702,9.788,9.775,9.407,8.579,8.388,8.711,9.071,9.092,9.379,9.516,9.163,9.539,9.852,9.962,10.114,10.041,9.894,9.372,9.549,9.908,10.165,9.917,10.361,10.249,9.884,10.146,10.216,9.579,9.119,8.736,8.979,9.348,9.799,9.97,9.745,9.43,9.604,9.984,9.256,9.721,9.82,10.027,10.161,10.081,9.698,9.283,9.665,9.615,9.438,9.566,9.825,9.646,9.185,9.484,9.543,9.7,9.76,9.744,9.433,8.644,8.687,8.95,8.858,8.636,8.441,8.901,8.818,9.421,9.475,9.235,8.915,9.06,8.749,8.652,9.38,9.386,9.544,9.402,9.339,9.155,8.901,9.213,9.154,8.942,9.187,9.289,8.861,8.429,8.915,8.992,8.603,8.408,8.178,7.937,7.997,8.526,10.56,10.403,10.543,10.925,11.227,10.613,10.739,11.131,11.451,11.705,12.137,11.67,11.319,11.778,11.569,12.069,12.186,12.088,11.784,11.704,12.081,12.177,11.624,11.543,11.902,11.933,11.654,11.929,12.502,12.716,12.836,9.746,9.574,9.278,9.12,9.302,9.156,8.649,8.507,8.379,7.985,8.444,8.817,9.104,9.455,9.165,8.612,7.964,8.212,8.401,8.717,8.834,8.682,8.331,7.733,8.254,8.668,8.794,8.781,8.884,8.761,9.558,9.484,9.889,10.14,10.263,10.371,10.536,10.5,10.66,10.807,11.008,11.073,11.091,10.998,10.643,10.714,10.42,10.801,10.92,10.947,10.801,10.395,10.334,10.098,10.447,10.776,10.811,10.887,10.467,10.613,10.79,10.18,10.114,10.173,9.99,9.672,9.866,9.956,9.993,9.931,9.579,8.988,8.157,7.997,8.552,8.803,9.028,9.156,9.353,9.04,9.239,9.448,9.524,9.656,9.452,9.186,8.562,8.587,8.712,8.741,8.527,9.669,9.492,9.19,9.285,9.226,9.636,9.911,10.072,9.945,9.609,10.099,10.278,10.298,10.198,10.332,10.314,9.788,9.866,10.261,10.482,10.551,10.812,10.541,10.053,10.418,10.623,10.598,10.495,10.699,10.854,10.488
Guntur_202,6.801,6.848,6.977,6.994,6.735,6.773,6.92,6.93,6.791,6.715,6.838,6.841,6.924,6.801,6.603,6.567,6.874,6.843,6.566,6.846,6.896,6.742,6.817,6.982,7.058,6.736,6.952,7.054,7.108,7.155,7.097,7.013,6.677,6.89,7.069,7.07,7.064,7.143,6.897,6.746,6.861,6.893,6.964,7.211,7.199,7.27,6.965,7.136,7.282,7.252,7.094,6.848,6.906,6.725,6.951,7.074,7.151,7.065,7.024,6.944,6.165,6.34,6.41,6.309,6.21,6.248,6.333,6.147,6.101,5.658,5.878,6.236,6.274,6.234,5.994,6.203,6.4,6.373,7.064,6.961,6.714,6.606,6.489,6.753,6.993,7.07,7.042,7.005,6.787,6.609,6.595,7.384,7.548,7.6,7.551,7.258,7.624,7.66,7.621,7.671,7.728,7.584,7.404,7.826,7.682,7.627,7.405,7.351,7.279,7.035,7.475,7.514,7.329,7.445,7.523,7.45,7.305,7.575,7.583,7.597,7.466,7.544,7.561,7.451,7.669,7.64,7.734,7.939,7.93,7.881,7.568,7.447,7.51,7.482,7.422,7.464,7.377,7.401,6.928,7.254,7.472,7.241,7.143,7.33,7.445,7.117,7.287,7.411,7.623,7.602,7.428,7.256,5.575,5.646,5.63,5.784,5.74,5.776,5.667,6.024,6.132,6.211,6.135,6.152,5.973,5.768,6.059,6.054,6.149,6.233,6.105,6.066,5.831,6.165,6.325,6.246,6.244,6.032,5.903,5.724,5.994,6.294,0.0,0.0,0.0,0.0,0.0,0.0,0.0,0.0,0.0,0.0,0.0,0.0,0.0,0.0,0.0,0.0,0.0,0.0,0.0,0.0,0.0,0.0,0.0,0.0,0.0,0.0,0.0,0.0,0.0,0.0,0.0,0.0,0.0,0.0,0.0,0.0,0.0,0.0,0.0,0.0,0.0,0.0,0.0,0.0,0.0,0.0,0.0,0.0,0.0,0.0,0.0,0.0,0.0,0.0,0.0,0.0,0.0,0.0,0.0,0.0,0.0,0.0,7.266,7.291,7.294,7.435,7.493,7.1,7.177,7.376,7.706,7.597,7.498,7.258,7.037,7.115,7.235,7.338,7.199,7.146,7.338,7.016,7.141,7.044,6.92,7.139,7.174,6.855,6.628,7.139,7.291,7.231,7.586,7.538,7.761,7.518,7.659,7.889,8.151,8.264,8.267,8.023,7.58,7.659,7.777,7.444,7.573,7.658,7.829,7.627,7.806,7.814,7.784,7.635,7.443,7.433,7.054,7.196,7.568,7.716,7.889,8.037,7.973,5.848,6.052,6.117,6.097,6.035,6.171,6.081,5.837,5.956,5.936,5.894,5.997,5.888,5.359,5.207,5.245,5.59,5.751,5.849,5.893,5.846,5.748,6.028,6.003,5.839,5.501,5.513,5.621,5.721,5.921,8.444,8.568,8.478,8.561,8.509,8.142,8.304,8.447,8.296,8.429,8.502,8.339,8.115,8.345,8.571,8.579,8.659,8.779,8.631,8.51,8.738,8.954,9.068,8.932,8.92,9.058,8.715,8.975,9.071,9.022,9.023,7.681,7.457,7.198,7.395,7.454,7.483,7.382,7.471,7.326,7.298,7.595,7.636,7.609,7.52,7.534,7.686,7.593,7.673,7.929,8.087,8.226,8.183,8.057,7.775,7.845,7.575,7.775,7.873,8.022,8.005,7.77,7.679,7.774,7.836,7.692,7.72,7.663,7.449,7.53,7.705,7.851,7.887,7.891,7.855,7.669,7.792,7.792,7.765,7.695,7.609,7.611,7.484,7.775,7.903,8.02,8.047,8.1,8.062,7.934,7.382,7.42,7.395,7.368,7.533,7.49,7.198,7.367,7.508,7.588,7.51,7.252,7.12,7.116,7.382,7.437,7.55,7.66,7.637,7.556,7.317,7.395,7.21,7.383,7.501,7.397,7.434,7.155,6.745,6.857,7.177,6.575,6.743,6.796,6.651,6.828,6.826,6.832,6.991,6.923,6.907,6.659,6.874,6.918,6.662,6.691,6.746,6.582,6.536,6.666,6.79,6.574,6.444,6.377,6.478,6.348,6.587,6.686,6.658,6.686,6.646,7.015,6.883,6.925,6.958,6.824,6.902,7.049,6.998,6.848,6.981,6.812,6.589,6.399,6.615,6.566,6.076,6.109,5.968,5.983,5.939,6.022,6.23,6.358,6.503,6.399,6.279,6.303,6.544,6.699,6.318,6.632,6.445,6.938,7.073,7.095,6.926,6.605,6.806,6.696,6.677,6.533,6.317,6.301,5.995,6.536,6.567,6.735,6.779,6.828,6.538,6.206,6.724,6.978,7.361,7.072,7.041,6.847,7.012,7.536,7.79,7.623,5.448,5.26,5.276,5.34,5.644,5.75,5.709,5.6,5.517,5.618,5.241,5.185,5.129,5.06,5.147,5.393,5.442,4.937,4.562,4.567,4.473,4.606,4.85,4.747,4.672,4.825,4.782,4.502,4.59,4.566,4.497,14.028,15.32,15.744,16.002,16.556,16.789,17.337,17.231,17.566,17.593,17.624,17.873,18.024,17.575,17.128,16.104,18.35,18.045,17.569,17.44,17.104,16.372,17.071,17.188,17.269,17.415,17.653,17.495,16.862,17.149,17.038,52.272,52.906,52.613,50.377,49.737,51.344,49.406,48.359,51.453,49.926,47.743,44.354,46.218,47.241,48.43,48.384,49.591,51.979,52.983,53.557,52.47,50.692,50.953,51.43,50.546,50.219,49.49,49.059,48.773,50.523,5.504,5.305,5.176,5.414,5.531,5.641,5.643,5.699,5.617,5.44,5.698,5.757,5.767,5.686,5.508,5.579,5.286,5.161,5.387,5.438,5.404,5.371,5.441,5.112,5.32,5.364,5.351,5.312,5.381,5.327,5.241,6.958,6.957,6.88,6.355,6.156,6.584,6.455,6.804,6.987,7.233,7.035,7.186,7.133,7.016,7.11,7.098,7.179,7.242,7.059,7.063,6.761,7.15,7.259,7.302,7.236,7.182,7.082,6.698,6.823,6.855,7.334,7.127,7.269,7.284,7.129,7.366,7.513,7.492,7.573,7.457,7.392,7.086,7.434,7.681,7.659,7.585,7.546,7.534,7.157,7.672,7.9,8.037,8.117,8.177,8.095,7.853,8.019,7.854,7.663,7.584,7.715,7.506,7.219,7.625,7.835,7.954,7.803,7.77,7.5,7.162,7.402,7.444,7.48,7.629,7.485,7.296,7.293,7.641,7.878,7.883,7.845,7.916,7.494,7.373,7.783,7.829,7.581,7.71,7.821,7.852,7.844,7.988,7.909,7.941,7.636,7.767,7.861,7.748,7.885,8.104,7.958,7.79,7.833,7.814,7.719,7.769,7.823,7.936,7.868,7.908,7.839,7.708,7.907,7.884,7.894,8.116,7.944,7.815,7.523,7.856,7.621,7.465,7.421,7.628,7.751,7.562,7.532,7.587,7.662,7.798,7.899,7.88,7.688,7.86,7.912,8.019,7.989,7.544,7.599,7.748,7.967,8.033,8.078,8.151,8.117,8.062,7.812,7.957,8.032,8.181,8.23,8.956,8.946,8.668,8.977,9.069,8.902,9.044,8.991,9.025,8.74,8.916,9.046,9.064,8.976,8.883,9.012,8.6,8.834,8.989,8.922,8.956,8.977,8.966,8.682,8.985,9.092,9.185,9.124,9.042,8.808,8.285,8.49,8.46,8.661,8.653,8.882,8.827,8.432,8.562,8.429,8.467,8.457,8.377,8.295,8.067,8.394,8.595,8.836,8.751,8.386,7.647,7.106,7.021,7.643,8.212,8.264,8.14,8.07,8.001,8.449,8.571,7.721,7.799,7.79,7.702,7.514,7.721,7.772,7.608,7.536,7.719,7.642,7.419,7.784,7.893,7.682,7.511,7.402,7.224,6.705,6.725,6.782,7.321,7.605,7.517,7.368,7.153,7.57,7.677,7.371,6.863,6.79,6.905,6.73,7.235,7.266,7.258,7.281,7.144,6.845,6.413,6.656,6.672,6.776,6.675,6.691,6.705,6.415,6.901,7.008,6.883,6.461,6.656,6.485,6.027,6.485,6.91,6.989,6.935,7.058,6.828,6.421,6.256,6.415,6.68,6.674,6.442,6.251,5.947,6.093,6.087,6.084,5.734,6.045,6.274,5.849,5.547,5.941,6.283,6.499,6.421,6.34,6.066,6.397,6.557,6.498,6.607,6.823,6.6,6.319,6.776,6.953,6.908,6.593,6.656,6.622,6.233,6.551,6.655,6.682,6.591,6.42,6.258,5.844,5.937,5.962,5.965,5.874,5.582,5.772,5.814,6.141,6.131,6.055,5.803,5.711,5.635,5.654,6.155,6.203,6.182,6.27,6.286,7.921,7.567,8.029,8.271,7.841,7.954,7.915,7.961,7.695,7.94,7.868,8.002,8.01,7.944,7.829,7.558,8.161,8.24,8.254,8.227,8.122,7.907,7.436,7.013,6.866,7.357,7.763,7.922,7.963,7.743,7.824,7.286,7.379,7.315,7.433,7.408,7.254,7.36,7.418,7.42,7.416,7.423,7.201,7.025,7.079,7.266,7.375,7.43,7.495,7.519,7.227,7.492,7.597,7.58,7.576,7.578,7.586,7.419,7.609,7.515,7.524,7.847,7.963,7.976,7.697,7.86,8.041,8.136,7.939,7.881,7.576,7.375,7.764,7.776,7.823,7.969,8.129,8.189,8.006,8.32,8.348,8.283,8.317,8.454,8.399,8.112,8.275,8.432,8.566,8.596,8.498,8.408,7.877,8.091,8.058,7.922,8.022,8.081,8.128,8.054,8.184,8.196,8.27,8.291,8.339,8.043,7.723,7.941,8.102,8.255,8.182,8.284,8.186,7.949,8.009,8.15,8.089,7.56,7.804,8.036,7.832,7.934,7.944,7.127,7.224,7.455,7.434,7.263,7.311,7.437,7.621,7.517,7.529,7.564,7.213,7.557,7.683,7.585,7.568,7.67,7.62,7.42,7.627,7.698,7.672,7.8,7.864,7.709,7.546,7.871,7.788,7.486,7.514,7.668,7.595,7.298,7.446,7.031,6.86,7.12,7.532,7.62,7.427,7.815,7.854,7.833,7.663,7.241,6.849,6.359,6.846,7.111,7.299,7.447,7.489,7.664,7.371,7.651,7.741,7.78,7.743,7.448,7.902,7.799,8.137,8.478,8.507,8.56,8.687,8.494,8.278,8.623,8.794,8.859,8.967,8.878,8.793,8.473,8.696,8.932,8.842,8.729,8.551,8.317,7.643,8.133,8.515,8.524,8.599,8.588,8.265,7.537,6.469,6.719,6.997,7.013,7.234,7.34,7.068,7.357,7.599,7.684,7.801,7.745,7.631,7.229,7.365,7.642,7.84,7.649,7.992,7.905,7.624,7.826,7.88,7.388,7.033,6.738,6.926,7.21,7.558,7.69,7.516,6.291,6.407,6.66,6.175,6.486,6.552,6.689,6.779,6.725,6.47,6.193,6.448,6.415,6.297,6.382,6.554,6.435,6.128,6.327,6.367,6.472,6.511,6.5,6.293,5.767,5.795,5.971,5.909,5.761,5.632,9.358,9.271,9.905,9.962,9.71,9.373,9.525,9.199,9.096,9.862,9.868,10.034,9.885,9.818,9.625,9.358,9.686,9.624,9.402,9.659,9.766,9.316,8.862,9.373,9.454,9.045,8.84,8.598,8.345,8.407,8.964,0.0,0.0,0.0,0.0,0.0,0.0,0.0,0.0,0.0,0.0,0.0,0.0,0.0,0.0,0.0,0.0,0.0,0.0,0.0,0.0,0.0,0.0,0.0,0.0,0.0,0.0,0.0,0.0,0.0,0.0,0.0,6.821,6.7,6.493,6.383,6.51,6.408,6.053,5.954,5.864,5.588,5.909,6.17,6.372,6.617,6.414,6.027,5.574,5.747,5.88,6.1,6.182,6.076,5.831,5.412,5.776,6.066,6.154,6.145,6.217,6.132,7.602,7.543,7.865,8.065,8.162,8.249,8.38,8.351,8.479,8.595,8.755,8.807,8.821,8.747,8.464,8.521,8.287,8.59,8.685,8.707,8.591,8.268,8.219,8.031,8.309,8.571,8.598,8.659,8.325,8.441,8.582,8.019,7.967,8.014,7.87,7.619,7.772,7.843,7.872,7.823,7.546,7.081,6.426,6.3,6.737,6.934,7.112,7.212,7.368,7.121,7.278,7.443,7.502,7.607,7.446,7.236,6.744,6.764,6.863,6.885,6.717,7.422,7.287,7.055,7.128,7.083,7.397,7.608,7.733,7.635,7.377,7.753,7.891,7.906,7.829,7.931,7.918,7.514,7.574,7.877,8.047,8.1,8.3,8.092,7.717,7.997,8.155,8.136,8.057,8.214,8.332,8.051,8.095,8.241,8.454,8.447,8.474,8.255,7.896,8.165,8.156,8.299,8.349,8.471,8.588,8.203,8.276,8.559,8.646,8.652,8.694,8.757,8.569,8.597,8.718,8.665,8.082,7.553,7.797,8.028,7.824,7.927,7.936,7.771,7.876,8.128,8.104,7.918,7.97,8.108,8.308,8.195,8.208,8.246,7.864,8.239,8.376,8.269,8.25,8.362,8.307,8.089,8.315,8.392,8.365,8.504,8.573,8.404,8.226,8.581,8.49,7.499,8.196,8.227,8.396,8.315,7.99,8.152,7.698,7.511,7.795,8.246,8.343,8.131,8.557,8.598,8.576,8.39,7.927,7.498,6.962,7.495,7.785,7.992,8.153,8.199,8.39,8.07,8.377,8.475,8.518,8.477,8.154,7.835,7.733,8.068,8.406,8.435,8.487,8.614,8.422,8.207,8.55,8.72,8.783,8.891,8.803,8.718,8.401,8.622,8.856,8.767,8.655,8.479,8.247,7.578,8.064,8.442,8.451,8.526,8.515,8.195,7.473,6.728,6.988,7.277,7.293,7.524,7.633,7.351,7.652,7.903,7.991,8.113,8.055,7.937,7.518,7.66,7.948,8.154,7.955,8.312,8.222,7.929,8.139,8.195,7.684,7.315,7.008,7.203,7.499,7.86,7.998,7.817,6.291,6.407,6.66,6.175,6.486,6.552,6.689,6.779,6.725,6.47,6.193,6.448,6.415,6.297,6.382,6.554,6.435,6.128,6.327,6.367,6.472,6.511,6.5,6.293,5.767,5.795,5.971,5.909,5.761,5.632,7.14,7.074,7.558,7.601,7.408,7.151,7.268,7.019,6.94,7.525,7.529,7.656,7.542,7.491,7.344,7.14,7.391,7.343,7.173,7.37,7.452,7.108,6.762,7.152,7.213,6.901,6.745,6.56,6.367,6.415,6.839,6.243,6.15,6.233,6.459,6.637,6.274,6.349,6.58,6.769,6.92,7.175,6.899,6.692,6.963,6.84,7.135,7.204,7.146,6.967,6.919,7.142,7.199,6.872,6.824,7.036,7.055,6.89,7.052,7.391,7.518,7.588,9.746,9.574,9.278,9.12,9.302,9.156,8.649,8.507,8.379,7.985,8.444,8.817,9.104,9.455,9.165,8.612,7.964,8.212,8.401,8.717,8.834,8.682,8.331,7.733,8.254,8.668,8.794,8.781,8.884,8.761,7.602,7.543,7.865,8.065,8.162,8.249,8.38,8.351,8.479,8.595,8.755,8.807,8.821,8.747,8.464,8.521,8.287,8.59,8.685,8.707,8.591,8.268,8.219,8.031,8.309,8.571,8.598,8.659,8.325,8.441,8.582,8.019,7.967,8.014,7.87,7.619,7.772,7.843,7.872,7.823,7.546,7.081,6.426,6.3,6.737,6.934,7.112,7.212,7.368,7.121,7.278,7.443,7.502,7.607,7.446,7.236,6.744,6.764,6.863,6.885,6.717,7.422,7.287,7.055,7.128,7.083,7.397,7.608,7.733,7.635,7.377,7.753,7.891,7.906,7.829,7.931,7.918,7.514,7.574,7.877,8.047,8.1,8.3,8.092,7.717,7.997,8.155,8.136,8.057,8.214,8.332,8.051
Guntur_203,4.498,4.529,4.615,4.626,4.454,4.48,4.577,4.583,4.492,4.441,4.523,4.524,4.58,4.498,4.367,4.344,4.546,4.526,4.343,4.528,4.561,4.459,4.509,4.618,4.668,4.455,4.598,4.666,4.701,4.733,4.694,4.625,4.403,4.544,4.661,4.662,4.658,4.71,4.548,4.448,4.524,4.545,4.592,4.755,4.747,4.794,4.593,4.706,4.802,4.782,4.678,4.516,4.554,4.434,4.583,4.664,4.715,4.659,4.631,4.579,4.6,4.731,4.784,4.708,4.634,4.662,4.726,4.587,4.553,4.222,4.387,4.654,4.682,4.652,4.473,4.629,4.776,4.756,5.272,5.194,5.011,4.93,4.843,5.039,5.218,5.276,5.255,5.227,5.065,4.932,4.922,5.458,5.579,5.617,5.582,5.365,5.635,5.662,5.633,5.67,5.713,5.606,5.473,5.784,5.679,5.638,5.474,5.433,5.381,5.2,5.525,5.554,5.417,5.503,5.561,5.507,5.4,5.599,5.605,5.615,5.518,6.371,6.386,6.293,6.477,6.452,6.531,6.705,6.697,6.655,6.391,6.289,6.342,6.319,6.268,6.303,6.23,6.25,5.851,6.126,6.31,6.115,6.032,6.19,6.287,6.01,6.153,6.258,6.437,6.419,6.273,6.128,4.184,4.237,4.226,4.341,4.308,4.335,4.253,4.521,4.602,4.662,4.604,4.617,4.482,4.329,4.548,4.544,4.615,4.678,4.582,4.553,4.376,4.627,4.747,4.688,4.687,4.527,4.43,4.296,4.499,4.723,0.0,0.0,0.0,0.0,0.0,0.0,0.0,0.0,0.0,0.0,0.0,0.0,0.0,0.0,0.0,0.0,0.0,0.0,0.0,0.0,0.0,0.0,0.0,0.0,0.0,0.0,0.0,0.0,0.0,0.0,0.0,0.0,0.0,0.0,0.0,0.0,0.0,0.0,0.0,0.0,0.0,0.0,0.0,0.0,0.0,0.0,0.0,0.0,0.0,0.0,0.0,0.0,0.0,0.0,0.0,0.0,0.0,0.0,0.0,0.0,0.0,0.0,5.585,5.604,5.606,5.715,5.759,5.457,5.516,5.669,5.923,5.84,5.763,5.579,5.409,5.469,5.561,5.64,5.533,5.493,5.641,5.393,5.489,5.415,5.319,5.488,5.514,5.269,5.095,5.487,5.604,5.558,5.291,5.258,5.413,5.244,5.342,5.502,5.685,5.764,5.766,5.596,5.287,5.342,5.425,5.192,5.282,5.341,5.461,5.32,5.445,5.45,5.429,5.325,5.192,5.184,4.92,5.019,5.278,5.382,5.503,5.606,5.561,4.277,4.427,4.474,4.459,4.414,4.514,4.448,4.269,4.357,4.342,4.311,4.386,4.306,3.92,3.808,3.837,4.088,4.206,4.278,4.31,4.276,4.204,4.409,4.391,4.271,4.024,4.033,4.112,4.185,4.331,4.928,5.0,4.948,4.996,4.966,4.752,4.846,4.93,4.841,4.919,4.962,4.867,4.736,4.87,5.002,5.007,5.053,5.124,5.037,4.966,5.1,5.226,5.292,5.213,5.206,5.286,5.086,5.238,5.294,5.265,5.266,5.366,5.21,5.029,5.166,5.207,5.227,5.157,5.219,5.118,5.098,5.306,5.335,5.316,5.254,5.263,5.369,5.304,5.36,5.539,5.649,5.746,5.717,5.628,5.431,5.48,5.292,5.432,5.5,5.604,5.592,5.428,5.02,5.082,5.122,5.028,5.047,5.01,4.869,4.923,5.037,5.132,5.156,5.159,5.135,5.013,5.094,5.094,5.076,5.031,4.974,4.976,4.892,5.083,5.166,5.243,5.26,5.295,5.27,5.186,5.529,5.557,5.539,5.519,5.642,5.61,5.391,5.518,5.623,5.683,5.625,5.432,5.333,5.33,5.529,5.57,5.655,5.738,5.72,5.66,5.481,5.539,5.401,5.53,5.618,5.54,5.568,5.359,5.052,5.136,5.375,5.754,5.901,5.948,5.82,5.975,5.973,5.979,6.118,6.059,6.045,5.828,6.016,6.054,5.83,5.855,5.904,5.76,5.72,5.833,5.942,5.753,5.639,5.581,5.669,5.556,5.765,5.851,5.826,5.851,5.817,4.228,4.149,4.174,4.195,4.114,4.161,4.249,4.219,4.128,4.208,4.106,3.972,3.857,3.988,3.958,3.663,3.682,3.598,3.606,3.58,3.63,3.756,3.833,3.92,3.857,3.785,3.8,3.945,4.038,3.809,3.998,4.868,5.241,5.343,5.359,5.232,4.989,5.141,5.058,5.044,4.935,4.772,4.76,4.528,4.937,4.961,5.088,5.121,5.158,4.939,4.688,5.079,5.272,5.561,5.342,5.319,5.172,5.297,5.693,5.885,5.759,5.448,5.26,5.276,5.34,5.644,5.75,5.709,5.6,5.517,5.618,5.241,5.185,5.129,5.06,5.147,5.393,5.442,4.937,4.562,4.567,4.473,4.606,4.85,4.747,4.672,4.825,4.782,4.502,4.59,4.566,4.497,8.258,9.019,9.269,9.42,9.746,9.884,10.206,10.144,10.341,10.357,10.375,10.521,10.611,10.346,10.083,9.48,10.802,10.623,10.343,10.267,10.069,9.638,10.05,10.119,10.166,10.252,10.392,10.299,9.927,10.095,10.03,45.424,45.976,45.721,43.778,43.222,44.618,42.934,42.024,44.713,43.386,41.489,38.543,40.163,41.053,42.086,42.046,43.095,45.17,46.042,46.541,45.597,44.051,44.278,44.693,43.925,43.641,43.006,42.632,42.384,43.904,4.444,4.283,4.179,4.371,4.466,4.555,4.557,4.602,4.536,4.392,4.601,4.649,4.657,4.591,4.448,4.505,4.268,4.167,4.35,4.391,4.364,4.337,4.393,4.128,4.295,4.332,4.321,4.289,4.345,4.301,4.232,5.544,5.544,5.482,5.064,4.905,5.246,5.143,5.421,5.568,5.763,5.605,5.726,5.683,5.59,5.665,5.656,5.721,5.771,5.625,5.628,5.387,5.697,5.784,5.818,5.766,5.723,5.643,5.337,5.437,5.462,5.076,4.933,5.031,5.042,4.934,5.098,5.2,5.185,5.242,5.162,5.116,4.905,5.146,5.316,5.301,5.25,5.223,5.215,4.954,5.31,5.468,5.563,5.618,5.66,5.603,5.435,5.55,5.436,5.304,5.249,5.34,5.751,5.531,5.843,6.003,6.094,5.978,5.954,5.747,5.488,5.671,5.703,5.731,5.845,5.735,5.59,5.588,5.855,6.036,6.04,6.011,6.065,5.742,5.649,5.963,5.999,5.809,5.907,5.992,6.016,6.01,6.12,4.951,4.971,4.78,4.863,4.921,4.851,4.936,5.073,4.982,4.877,4.904,4.892,4.832,4.864,4.897,4.968,4.925,4.951,4.908,4.826,4.95,4.935,4.942,5.081,4.973,4.892,4.71,4.918,6.182,6.056,6.02,6.188,6.288,6.134,6.11,6.154,6.215,6.325,6.408,6.392,6.236,6.376,6.418,6.505,6.481,6.12,6.164,6.285,6.463,6.516,6.553,6.612,6.584,6.54,6.337,6.455,6.516,6.636,6.676,6.587,6.58,6.375,6.602,6.67,6.547,6.651,6.613,6.638,6.429,6.558,6.653,6.667,6.602,6.533,6.628,6.325,6.497,6.612,6.562,6.587,6.602,6.594,6.385,6.609,6.687,6.755,6.711,6.651,6.479,6.541,6.702,6.679,6.837,6.831,7.012,6.968,6.657,6.759,6.654,6.684,6.676,6.613,6.549,6.369,6.627,6.785,6.975,6.908,6.62,6.037,5.61,5.542,6.034,6.483,6.524,6.426,6.371,6.316,6.67,6.766,7.721,7.799,7.79,7.702,7.514,7.721,7.772,7.608,7.536,7.719,7.642,7.419,7.784,7.893,7.682,7.511,7.402,7.224,6.705,6.725,6.782,7.321,7.605,7.517,7.368,7.153,7.57,7.677,7.371,6.863,6.79,6.905,6.73,7.235,7.266,7.258,7.281,7.144,6.845,6.413,6.656,6.672,6.776,6.675,6.691,6.705,6.415,6.901,7.008,6.883,6.461,6.656,6.485,6.027,6.485,6.91,6.989,6.935,7.058,6.828,6.421,4.55,4.666,4.859,4.855,4.686,4.547,4.326,4.432,4.427,4.425,4.171,4.397,4.564,4.254,4.035,4.321,4.57,4.727,4.67,4.611,4.413,4.653,4.77,4.727,4.806,4.963,4.8,4.597,4.929,5.058,5.025,5.188,5.238,5.211,4.905,5.155,5.237,5.258,5.187,5.052,4.924,4.599,4.672,4.691,4.694,4.622,4.392,4.542,4.575,4.833,4.824,4.765,4.566,4.494,4.434,4.449,4.843,4.881,4.864,4.934,4.947,4.746,4.534,4.811,4.956,4.698,4.766,4.743,4.77,4.611,4.758,4.714,4.795,4.8,4.76,4.691,4.529,4.89,4.938,4.946,4.93,4.867,4.738,4.456,4.202,4.114,4.408,4.652,4.747,4.771,4.64,4.688,5.344,5.413,5.366,5.452,5.433,5.321,5.399,5.441,5.442,5.44,5.445,5.282,5.153,5.192,5.33,5.41,5.45,5.498,5.515,5.301,5.495,5.573,5.56,5.557,5.559,5.564,5.442,5.581,5.513,5.519,6.362,6.455,6.466,6.24,6.372,6.519,6.596,6.436,6.389,6.142,5.979,6.294,6.304,6.342,6.461,6.59,6.639,6.49,6.745,6.768,6.715,6.743,6.854,6.809,6.576,6.709,6.836,6.944,6.969,6.889,6.816,5.344,5.489,5.467,5.375,5.443,5.483,5.515,5.465,5.553,5.561,5.611,5.625,5.658,5.457,5.24,5.388,5.497,5.601,5.551,5.62,5.554,5.393,5.434,5.53,5.488,5.129,5.295,5.452,5.314,5.383,5.39,4.666,4.73,4.881,4.867,4.755,4.786,4.869,4.989,4.921,4.929,4.952,4.722,4.947,5.03,4.966,4.954,5.021,4.988,4.858,4.993,5.04,5.023,5.107,5.148,5.047,4.94,5.153,5.098,5.155,5.174,5.281,5.23,5.026,5.127,4.842,4.724,4.903,5.187,5.247,5.114,5.382,5.408,5.394,5.277,4.986,4.716,4.379,4.714,4.897,5.026,5.128,5.157,5.277,5.076,5.269,5.331,5.358,5.332,5.129,5.732,5.657,5.902,6.149,6.171,6.209,6.301,6.161,6.004,6.254,6.379,6.425,6.504,6.44,6.378,6.146,6.307,6.479,6.413,6.332,6.203,6.033,5.543,5.899,6.176,6.183,6.237,6.229,5.995,5.467,4.772,4.957,5.161,5.173,5.336,5.414,5.214,5.427,5.606,5.668,5.754,5.713,5.629,5.332,5.433,5.637,5.783,5.642,5.895,5.832,5.624,5.773,5.813,5.45,5.188,4.97,5.109,5.319,5.575,5.673,5.545,5.396,5.495,5.712,5.296,5.562,5.619,5.737,5.813,5.768,5.549,5.311,5.53,5.501,5.4,5.473,5.621,5.519,5.255,5.426,5.46,5.55,5.584,5.575,5.397,4.946,4.97,5.121,5.068,4.941,4.83,5.193,5.145,5.497,5.528,5.388,5.201,5.286,5.105,5.048,5.473,5.476,5.568,5.485,5.449,5.341,5.193,5.375,5.341,5.217,5.36,5.42,5.17,4.918,5.202,5.246,5.019,4.905,4.771,4.631,4.665,4.974,0.0,0.0,0.0,0.0,0.0,0.0,0.0,0.0,0.0,0.0,0.0,0.0,0.0,0.0,0.0,0.0,0.0,0.0,0.0,0.0,0.0,0.0,0.0,0.0,0.0,0.0,0.0,0.0,0.0,0.0,0.0,4.897,4.811,4.662,4.583,4.674,4.601,4.346,4.275,4.21,4.012,4.243,4.43,4.575,4.751,4.605,4.327,4.002,4.126,4.222,4.38,4.439,4.363,4.186,3.886,4.147,4.356,4.419,4.412,4.464,4.402,5.422,5.38,5.611,5.753,5.822,5.884,5.978,5.957,6.048,6.131,6.245,6.282,6.292,6.239,6.038,6.079,5.911,6.128,6.195,6.211,6.128,5.898,5.863,5.729,5.927,6.114,6.133,6.176,5.938,6.021,6.122,6.572,6.529,6.567,6.45,6.244,6.369,6.427,6.451,6.411,6.184,5.803,5.266,5.163,5.521,5.683,5.829,5.911,6.038,5.836,5.964,6.099,6.148,6.234,6.102,5.93,5.527,5.543,5.624,5.643,5.505,5.261,5.165,5.0,5.052,5.02,5.243,5.392,5.48,5.411,5.228,5.495,5.593,5.603,5.549,5.621,5.612,5.326,5.368,5.583,5.703,5.741,5.883,5.735,5.47,5.668,5.78,5.766,5.71,5.821,5.906,5.706,6.3,6.414,6.58,6.574,6.596,6.425,6.146,6.355,6.348,6.459,6.498,6.593,6.684,6.385,6.441,6.662,6.729,6.734,6.767,6.816,6.669,6.691,6.786,6.744,6.29,5.879,6.069,6.248,6.09,6.17,6.177,6.322,6.408,6.613,6.594,6.442,6.485,6.597,6.76,6.667,6.678,6.709,6.398,6.703,6.815,6.728,6.713,6.803,6.759,6.581,6.765,6.828,6.805,6.919,6.975,6.838,6.693,6.982,6.908,6.101,6.089,6.112,6.237,6.178,5.936,6.057,5.719,5.58,5.792,6.126,6.198,6.041,6.357,6.388,6.371,6.233,5.889,5.571,5.172,5.569,5.784,5.937,6.057,6.092,6.234,5.995,6.224,6.297,6.329,6.298,6.058,5.363,5.294,5.523,5.754,5.774,5.81,5.896,5.765,5.618,5.853,5.969,6.013,6.086,6.026,5.968,5.751,5.902,6.062,6.001,5.925,5.804,5.645,5.187,5.52,5.779,5.785,5.837,5.829,5.61,5.116,5.279,5.483,5.71,5.722,5.903,5.989,5.768,6.004,6.201,6.27,6.366,6.32,6.227,5.899,6.01,6.236,6.398,6.242,6.522,6.451,6.221,6.386,6.43,6.029,5.74,5.498,5.652,5.884,6.167,6.275,6.134,5.396,5.495,5.712,5.296,5.562,5.619,5.737,5.813,5.768,5.549,5.311,5.53,5.501,5.4,5.473,5.621,5.519,5.255,5.426,5.46,5.55,5.584,5.575,5.397,4.946,4.97,5.121,5.068,4.941,4.83,5.602,5.55,5.93,5.964,5.813,5.611,5.703,5.507,5.446,5.904,5.908,6.007,5.918,5.878,5.762,5.602,5.799,5.762,5.628,5.783,5.847,5.577,5.305,5.612,5.66,5.415,5.292,5.147,4.996,5.033,5.366,6.407,6.312,6.397,6.629,6.812,6.439,6.516,6.753,6.947,7.101,7.364,7.081,6.868,7.146,7.019,7.323,7.393,7.334,7.15,7.101,7.33,7.388,7.052,7.003,7.221,7.24,7.071,7.238,7.585,7.715,7.788,4.047,3.975,3.852,3.787,3.862,3.802,3.591,3.532,3.479,3.315,3.506,3.661,3.78,3.926,3.805,3.575,3.307,3.409,3.488,3.619,3.668,3.605,3.459,3.211,3.427,3.599,3.651,3.646,3.689,3.638,5.422,5.38,5.611,5.753,5.822,5.884,5.978,5.957,6.048,6.131,6.245,6.282,6.292,6.239,6.038,6.079,5.911,6.128,6.195,6.211,6.128,5.898,5.863,5.729,5.927,6.114,6.133,6.176,5.938,6.021,6.122,6.572,6.529,6.567,6.45,6.244,6.369,6.427,6.451,6.411,6.184,5.803,5.266,5.163,5.521,5.683,5.829,5.911,6.038,5.836,5.964,6.099,6.148,6.234,6.102,5.93,5.527,5.543,5.624,5.643,5.505,5.261,5.165,5.0,5.052,5.02,5.243,5.392,5.48,5.411,5.228,5.495,5.593,5.603,5.549,5.621,5.612,5.326,5.368,5.583,5.703,5.741,5.883,5.735,5.47,5.668,5.78,5.766,5.71,5.821,5.906,5.706
Guntur_204,3.199,3.221,3.281,3.29,3.167,3.186,3.255,3.259,3.194,3.158,3.216,3.217,3.256,3.199,3.105,3.089,3.233,3.218,3.088,3.22,3.243,3.171,3.206,3.284,3.32,3.168,3.27,3.318,3.343,3.365,3.338,4.03,3.837,3.96,4.062,4.063,4.059,4.105,3.964,3.876,3.943,3.961,4.002,4.144,4.137,4.178,4.003,4.101,4.185,4.168,4.077,3.935,3.969,3.864,3.994,4.065,4.109,4.06,4.036,3.99,3.781,3.889,3.932,3.87,3.809,3.832,3.884,3.77,3.742,3.47,3.606,3.825,3.848,3.824,3.677,3.805,3.926,3.909,4.333,4.27,4.118,4.052,3.98,4.142,4.289,4.337,4.319,4.297,4.163,4.054,4.045,4.598,4.7,4.732,4.702,4.519,4.747,4.77,4.745,4.776,4.812,4.722,4.61,4.873,4.783,4.749,4.611,4.577,4.532,4.38,4.654,4.679,4.563,4.636,4.684,4.639,4.548,4.716,4.721,4.73,4.648,4.204,4.213,4.152,4.274,4.257,4.31,4.424,4.419,4.392,4.217,4.15,4.185,4.169,4.136,4.159,4.111,4.124,3.86,4.042,4.164,4.035,3.98,4.084,4.148,3.966,4.06,4.129,4.248,4.236,4.139,4.043,2.919,2.956,2.948,3.028,3.005,3.024,2.967,3.154,3.21,3.252,3.212,3.221,3.127,3.02,3.172,3.169,3.219,3.263,3.196,3.176,3.053,3.228,3.311,3.27,3.269,3.158,3.09,2.997,3.138,3.295,0.0,0.0,0.0,0.0,0.0,0.0,0.0,0.0,0.0,0.0,0.0,0.0,0.0,0.0,0.0,0.0,0.0,0.0,0.0,0.0,0.0,0.0,0.0,0.0,0.0,0.0,0.0,0.0,0.0,0.0,0.0,0.0,0.0,0.0,0.0,0.0,0.0,0.0,0.0,0.0,0.0,0.0,0.0,0.0,0.0,0.0,0.0,0.0,0.0,0.0,0.0,0.0,0.0,0.0,0.0,0.0,0.0,0.0,0.0,0.0,0.0,0.0,4.52,4.536,4.537,4.625,4.661,4.417,4.465,4.589,4.794,4.726,4.665,4.515,4.378,4.426,4.501,4.565,4.478,4.446,4.565,4.365,4.443,4.382,4.305,4.441,4.463,4.265,4.124,4.441,4.536,4.498,4.486,4.457,4.589,4.446,4.529,4.665,4.82,4.887,4.888,4.744,4.482,4.529,4.599,4.402,4.478,4.528,4.63,4.51,4.616,4.62,4.603,4.515,4.401,4.395,4.171,4.255,4.475,4.563,4.665,4.753,4.715,3.141,3.251,3.286,3.275,3.241,3.314,3.266,3.135,3.199,3.188,3.166,3.221,3.162,2.879,2.797,2.817,3.002,3.089,3.141,3.165,3.14,3.087,3.238,3.225,3.136,2.955,2.961,3.019,3.073,3.181,3.613,3.666,3.627,3.663,3.641,3.483,3.553,3.614,3.549,3.606,3.637,3.568,3.472,3.571,3.667,3.67,3.705,3.756,3.693,3.641,3.739,3.831,3.88,3.822,3.816,3.876,3.728,3.84,3.881,3.86,3.86,4.413,4.284,4.136,4.249,4.282,4.299,4.241,4.292,4.209,4.193,4.364,4.387,4.372,4.321,4.329,4.416,4.362,4.408,4.555,4.646,4.726,4.701,4.629,4.467,4.507,4.352,4.467,4.523,4.609,4.599,4.464,3.463,3.506,3.534,3.469,3.482,3.456,3.36,3.396,3.475,3.541,3.557,3.559,3.543,3.459,3.514,3.515,3.502,3.471,3.432,3.433,3.375,3.507,3.564,3.617,3.629,3.653,3.636,3.578,4.487,4.51,4.495,4.478,4.579,4.553,4.375,4.478,4.564,4.612,4.565,4.408,4.328,4.326,4.487,4.52,4.589,4.656,4.642,4.593,4.448,4.495,4.383,4.487,4.559,4.496,4.519,4.349,4.1,4.168,4.362,4.15,4.256,4.289,4.198,4.31,4.308,4.312,4.412,4.37,4.359,4.203,4.339,4.366,4.205,4.223,4.258,4.154,4.125,4.207,4.286,4.149,4.067,4.025,4.089,4.007,4.158,4.22,4.202,4.22,4.195,3.557,3.49,3.511,3.528,3.46,3.5,3.574,3.548,3.472,3.54,3.454,3.341,3.244,3.354,3.329,3.081,3.097,3.026,3.033,3.011,3.053,3.159,3.224,3.297,3.245,3.184,3.196,3.318,3.397,3.203,3.363,2.7,2.906,2.963,2.972,2.901,2.767,2.851,2.805,2.797,2.737,2.646,2.639,2.511,2.738,2.751,2.821,2.84,2.86,2.739,2.6,2.817,2.923,3.084,2.962,2.949,2.868,2.938,3.157,3.263,3.193,3.032,2.927,2.936,2.972,3.141,3.2,3.177,3.117,3.07,3.126,2.917,2.885,2.854,2.816,2.864,3.001,3.028,2.747,2.539,2.542,2.489,2.563,2.699,2.642,2.6,2.685,2.661,2.506,2.554,2.541,2.503,6.139,6.705,6.89,7.003,7.246,7.348,7.587,7.541,7.688,7.7,7.713,7.822,7.888,7.692,7.496,7.048,8.031,7.897,7.689,7.632,7.485,7.165,7.471,7.522,7.558,7.622,7.726,7.657,7.38,7.505,7.457,39.661,40.143,39.92,38.224,37.738,38.957,37.487,36.693,39.04,37.882,36.225,33.653,35.068,35.845,36.747,36.712,37.628,39.44,40.201,40.637,39.812,38.463,38.661,39.023,38.352,38.104,37.55,37.224,37.007,38.334,3.218,3.102,3.026,3.165,3.234,3.298,3.3,3.332,3.284,3.18,3.331,3.366,3.372,3.324,3.221,3.262,3.091,3.018,3.15,3.18,3.16,3.14,3.181,2.989,3.11,3.136,3.129,3.106,3.146,3.114,3.064,3.936,3.936,3.892,3.596,3.483,3.725,3.652,3.849,3.953,4.092,3.98,4.065,4.035,3.969,4.022,4.016,4.062,4.097,3.993,3.996,3.825,4.045,4.107,4.131,4.094,4.063,4.006,3.789,3.86,3.878,3.742,3.637,3.709,3.717,3.638,3.759,3.833,3.823,3.864,3.805,3.772,3.616,3.794,3.919,3.908,3.87,3.85,3.844,3.652,3.915,4.031,4.101,4.142,4.172,4.131,4.007,4.092,4.007,3.91,3.87,3.937,4.37,4.203,4.439,4.561,4.63,4.542,4.524,4.366,4.17,4.309,4.333,4.354,4.441,4.357,4.247,4.246,4.448,4.586,4.589,4.567,4.608,4.363,4.292,4.531,4.558,4.413,4.488,4.553,4.571,4.567,4.65,4.129,4.146,3.986,4.055,4.104,4.045,4.117,4.231,4.155,4.067,4.089,4.079,4.03,4.056,4.084,4.143,4.107,4.128,4.093,4.024,4.128,4.116,4.121,4.237,4.147,4.08,3.928,4.101,4.52,4.427,4.401,4.524,4.597,4.484,4.467,4.499,4.544,4.624,4.685,4.673,4.559,4.661,4.692,4.756,4.738,4.474,4.507,4.595,4.725,4.764,4.79,4.834,4.813,4.781,4.633,4.719,4.763,4.851,4.881,5.948,5.941,5.757,5.962,6.023,5.912,6.006,5.972,5.994,5.805,5.921,6.008,6.02,5.961,5.9,5.985,5.712,5.867,5.97,5.925,5.948,5.962,5.954,5.766,5.967,6.038,6.1,6.06,6.005,5.85,5.257,5.387,5.368,5.496,5.49,5.636,5.601,5.35,5.432,5.348,5.373,5.366,5.315,5.264,5.119,5.326,5.454,5.607,5.553,5.321,4.852,4.509,4.455,4.85,5.211,5.244,5.165,5.12,5.077,5.361,5.439,4.89,4.939,4.933,4.878,4.759,4.89,4.922,4.818,4.772,4.889,4.84,4.699,4.929,4.999,4.865,4.757,4.688,4.575,4.247,4.259,4.295,4.637,4.817,4.76,4.666,4.53,4.794,4.862,4.668,4.346,4.3,4.373,4.262,4.582,4.602,4.596,4.611,4.525,4.335,4.061,4.215,4.225,4.291,4.227,4.238,4.246,4.063,4.37,4.438,4.359,4.092,4.215,4.107,3.817,4.107,4.376,4.426,4.392,4.47,4.324,4.067,2.668,2.736,2.849,2.846,2.747,2.666,2.536,2.599,2.596,2.595,2.445,2.578,2.676,2.494,2.366,2.533,2.68,2.772,2.738,2.704,2.587,2.728,2.796,2.771,2.818,2.91,2.815,2.695,2.89,2.965,2.946,4.093,4.132,4.11,3.869,4.067,4.131,4.147,4.091,3.985,3.884,3.627,3.685,3.701,3.703,3.646,3.465,3.583,3.609,3.812,3.806,3.759,3.602,3.545,3.498,3.51,3.821,3.85,3.837,3.892,3.902,4.462,4.263,4.523,4.659,4.417,4.481,4.459,4.485,4.335,4.473,4.432,4.508,4.513,4.475,4.41,4.258,4.598,4.642,4.65,4.635,4.575,4.454,4.189,3.951,3.868,4.145,4.373,4.463,4.486,4.362,4.408,4.037,4.089,4.054,4.119,4.105,4.02,4.079,4.111,4.112,4.11,4.114,3.991,3.893,3.923,4.026,4.087,4.117,4.154,4.167,4.005,4.151,4.21,4.2,4.198,4.2,4.204,4.111,4.216,4.165,4.169,3.746,3.801,3.808,3.674,3.752,3.838,3.884,3.79,3.762,3.617,3.52,3.706,3.712,3.735,3.804,3.881,3.909,3.822,3.972,3.985,3.954,3.97,4.036,4.01,3.872,3.95,4.025,4.089,4.104,4.057,4.014,4.199,4.313,4.296,4.224,4.277,4.308,4.333,4.294,4.363,4.37,4.409,4.42,4.446,4.288,4.117,4.233,4.319,4.401,4.362,4.417,4.364,4.238,4.27,4.345,4.313,4.03,4.161,4.284,4.175,4.23,4.235,4.137,4.194,4.328,4.315,4.216,4.244,4.317,4.424,4.363,4.37,4.391,4.187,4.386,4.46,4.403,4.393,4.452,4.423,4.307,4.427,4.468,4.454,4.528,4.565,4.475,4.38,4.569,4.52,4.909,4.927,5.028,4.98,4.785,4.882,4.61,4.498,4.669,4.939,4.996,4.87,5.125,5.15,5.136,5.025,4.748,4.491,4.169,4.489,4.663,4.786,4.883,4.91,5.025,4.833,5.017,5.076,5.102,5.077,4.884,4.919,4.855,5.065,5.277,5.295,5.328,5.407,5.287,5.152,5.367,5.474,5.514,5.581,5.526,5.473,5.274,5.413,5.56,5.504,5.434,5.323,5.177,4.757,5.062,5.3,5.306,5.353,5.346,5.144,4.692,4.332,4.499,4.685,4.696,4.844,4.915,4.733,4.927,5.089,5.145,5.224,5.186,5.11,4.84,4.932,5.117,5.25,5.122,5.351,5.294,5.105,5.24,5.277,4.947,4.71,4.512,4.638,4.828,5.061,5.149,5.033,5.362,5.461,5.676,5.263,5.527,5.584,5.701,5.777,5.732,5.514,5.278,5.495,5.467,5.366,5.439,5.586,5.484,5.222,5.393,5.426,5.515,5.549,5.54,5.364,4.915,4.939,5.089,5.036,4.91,4.799,5.548,5.496,5.873,5.906,5.757,5.557,5.647,5.454,5.393,5.847,5.851,5.949,5.86,5.821,5.707,5.548,5.743,5.706,5.574,5.727,5.79,5.523,5.254,5.557,5.605,5.362,5.241,5.097,4.948,4.984,5.315,0.0,0.0,0.0,0.0,0.0,0.0,0.0,0.0,0.0,0.0,0.0,0.0,0.0,0.0,0.0,0.0,0.0,0.0,0.0,0.0,0.0,0.0,0.0,0.0,0.0,0.0,0.0,0.0,0.0,0.0,0.0,4.323,4.247,4.116,4.046,4.126,4.062,3.837,3.774,3.717,3.542,3.746,3.911,4.039,4.194,4.066,3.82,3.533,3.643,3.727,3.867,3.918,3.851,3.696,3.43,3.661,3.845,3.901,3.895,3.941,3.886,4.995,4.957,5.169,5.3,5.364,5.421,5.507,5.488,5.572,5.649,5.753,5.788,5.797,5.748,5.562,5.6,5.446,5.645,5.707,5.722,5.645,5.433,5.401,5.278,5.46,5.632,5.65,5.69,5.471,5.547,5.64,5.325,5.291,5.322,5.226,5.06,5.161,5.208,5.228,5.195,5.011,4.702,4.267,4.184,4.474,4.605,4.723,4.79,4.893,4.729,4.833,4.943,4.982,5.051,4.945,4.805,4.479,4.492,4.558,4.572,4.461,4.368,4.289,4.152,4.195,4.168,4.353,4.478,4.551,4.493,4.341,4.563,4.644,4.653,4.608,4.668,4.66,4.422,4.457,4.636,4.736,4.767,4.885,4.762,4.542,4.707,4.799,4.788,4.741,4.834,4.904,4.738,5.005,5.096,5.228,5.223,5.24,5.104,4.883,5.049,5.044,5.132,5.162,5.238,5.311,5.073,5.117,5.293,5.346,5.35,5.376,5.415,5.299,5.316,5.391,5.358,4.997,4.67,4.821,4.964,4.838,4.902,4.908,4.448,4.508,4.652,4.639,4.532,4.562,4.641,4.755,4.69,4.698,4.72,4.501,4.715,4.794,4.733,4.722,4.786,4.755,4.63,4.759,4.803,4.788,4.867,4.907,4.81,4.709,4.911,4.86,4.292,5.82,5.842,5.962,5.905,5.674,5.789,5.467,5.334,5.536,5.856,5.925,5.774,6.076,6.106,6.09,5.958,5.629,5.325,4.944,5.323,5.529,5.675,5.79,5.823,5.958,5.731,5.949,6.019,6.049,6.02,5.791,4.636,4.576,4.774,4.974,4.991,5.022,5.097,4.983,4.857,5.059,5.16,5.197,5.261,5.209,5.159,4.971,5.102,5.24,5.188,5.122,5.017,4.88,4.484,4.772,4.996,5.001,5.045,5.039,4.849,4.422,3.911,4.062,4.23,4.239,4.373,4.437,4.273,4.448,4.594,4.645,4.716,4.682,4.613,4.37,4.452,4.62,4.74,4.624,4.831,4.779,4.609,4.731,4.764,4.466,4.252,4.073,4.187,4.359,4.569,4.649,4.544,5.362,5.461,5.676,5.263,5.527,5.584,5.701,5.777,5.732,5.514,5.278,5.495,5.467,5.366,5.439,5.586,5.484,5.222,5.393,5.426,5.515,5.549,5.54,5.364,4.915,4.939,5.089,5.036,4.91,4.799,4.15,4.112,4.393,4.418,4.306,4.157,4.225,4.08,4.034,4.374,4.376,4.45,4.384,4.354,4.269,4.15,4.296,4.268,4.17,4.284,4.331,4.132,3.93,4.157,4.193,4.011,3.92,3.813,3.701,3.729,3.976,5.666,5.582,5.657,5.862,6.024,5.694,5.762,5.973,6.144,6.28,6.512,6.262,6.074,6.32,6.208,6.476,6.538,6.486,6.323,6.28,6.483,6.534,6.237,6.194,6.386,6.403,6.253,6.401,6.708,6.823,6.887,4.047,3.975,3.852,3.787,3.862,3.802,3.591,3.532,3.479,3.315,3.506,3.661,3.78,3.926,3.805,3.575,3.307,3.409,3.488,3.619,3.668,3.605,3.459,3.211,3.427,3.599,3.651,3.646,3.689,3.638,4.995,4.957,5.169,5.3,5.364,5.421,5.507,5.488,5.572,5.649,5.753,5.788,5.797,5.748,5.562,5.6,5.446,5.645,5.707,5.722,5.645,5.433,5.401,5.278,5.46,5.632,5.65,5.69,5.471,5.547,5.64,5.325,5.291,5.322,5.226,5.06,5.161,5.208,5.228,5.195,5.011,4.702,4.267,4.184,4.474,4.605,4.723,4.79,4.893,4.729,4.833,4.943,4.982,5.051,4.945,4.805,4.479,4.492,4.558,4.572,4.461,4.368,4.289,4.152,4.195,4.168,4.353,4.478,4.551,4.493,4.341,4.563,4.644,4.653,4.608,4.668,4.66,4.422,4.457,4.636,4.736,4.767,4.885,4.762,4.542,4.707,4.799,4.788,4.741,4.834,4.904,4.738
Guntur_205,3.886,3.913,3.987,3.997,3.848,3.87,3.955,3.96,3.881,3.837,3.907,3.909,3.957,3.886,3.773,3.753,3.928,3.91,3.752,3.912,3.94,3.852,3.896,3.99,4.033,3.849,3.973,4.031,4.062,4.089,4.055,4.513,4.296,4.434,4.549,4.549,4.545,4.596,4.438,4.34,4.415,4.435,4.481,4.64,4.632,4.678,4.482,4.592,4.686,4.666,4.565,4.406,4.444,4.327,4.472,4.552,4.601,4.546,4.519,4.468,4.606,4.738,4.79,4.715,4.64,4.669,4.732,4.593,4.559,4.228,4.392,4.66,4.688,4.658,4.479,4.635,4.782,4.762,5.279,5.201,5.017,4.937,4.849,5.046,5.225,5.283,5.262,5.234,5.072,4.939,4.928,4.835,4.942,4.976,4.945,4.753,4.992,5.016,4.991,5.023,5.061,4.966,4.848,5.124,5.031,4.995,4.849,4.813,4.767,4.607,4.895,4.92,4.799,4.875,4.926,4.879,4.784,4.96,4.965,4.974,4.889,4.554,4.565,4.498,4.63,4.612,4.669,4.793,4.787,4.758,4.569,4.496,4.534,4.517,4.48,4.506,4.453,4.468,4.182,4.379,4.51,4.371,4.312,4.425,4.494,4.296,4.399,4.474,4.602,4.589,4.484,4.38,3.09,3.129,3.12,3.206,3.181,3.201,3.141,3.338,3.398,3.442,3.4,3.409,3.31,3.197,3.358,3.355,3.408,3.454,3.383,3.362,3.232,3.417,3.505,3.461,3.461,3.343,3.271,3.172,3.322,3.488,0.0,0.0,0.0,0.0,0.0,0.0,0.0,0.0,0.0,0.0,0.0,0.0,0.0,0.0,0.0,0.0,0.0,0.0,0.0,0.0,0.0,0.0,0.0,0.0,0.0,0.0,0.0,0.0,0.0,0.0,0.0,0.0,0.0,0.0,0.0,0.0,0.0,0.0,0.0,0.0,0.0,0.0,0.0,0.0,0.0,0.0,0.0,0.0,0.0,0.0,0.0,0.0,0.0,0.0,0.0,0.0,0.0,0.0,0.0,0.0,0.0,0.0,5.015,5.032,5.034,5.132,5.172,4.9,4.953,5.091,5.319,5.244,5.175,5.01,4.857,4.911,4.994,5.065,4.969,4.932,5.065,4.842,4.929,4.862,4.776,4.928,4.952,4.732,4.575,4.928,5.032,4.991,4.598,4.569,4.704,4.557,4.643,4.782,4.941,5.01,5.011,4.863,4.595,4.642,4.714,4.512,4.591,4.642,4.746,4.623,4.732,4.736,4.718,4.628,4.512,4.506,4.276,4.362,4.587,4.677,4.782,4.872,4.833,4.092,4.235,4.281,4.266,4.223,4.318,4.255,4.084,4.168,4.154,4.124,4.197,4.12,3.75,3.644,3.67,3.911,4.024,4.093,4.124,4.091,4.022,4.218,4.201,4.086,3.85,3.858,3.934,4.003,4.144,3.897,3.954,3.913,3.951,3.927,3.758,3.833,3.899,3.829,3.89,3.924,3.849,3.746,3.852,3.956,3.959,3.996,4.052,3.984,3.928,4.033,4.133,4.185,4.123,4.117,4.181,4.022,4.142,4.187,4.164,4.164,4.841,4.7,4.537,4.661,4.698,4.717,4.653,4.709,4.617,4.6,4.787,4.813,4.796,4.74,4.749,4.844,4.786,4.836,4.998,5.097,5.185,5.158,5.078,4.9,4.945,4.775,4.901,4.962,5.056,5.046,4.898,4.248,4.301,4.335,4.255,4.271,4.239,4.121,4.166,4.263,4.343,4.363,4.366,4.345,4.242,4.311,4.311,4.296,4.257,4.209,4.211,4.14,4.301,4.372,4.437,4.452,4.481,4.46,4.389,5.153,5.179,5.162,5.143,5.258,5.228,5.024,5.142,5.241,5.296,5.242,5.062,4.97,4.967,5.153,5.191,5.27,5.347,5.331,5.275,5.108,5.162,5.033,5.153,5.236,5.163,5.189,4.995,4.709,4.787,5.01,5.181,5.314,5.356,5.241,5.381,5.379,5.384,5.509,5.456,5.443,5.248,5.417,5.452,5.25,5.273,5.316,5.187,5.151,5.253,5.351,5.181,5.078,5.026,5.105,5.003,5.191,5.269,5.247,5.269,5.238,5.177,5.08,5.111,5.135,5.036,5.094,5.202,5.165,5.054,5.152,5.027,4.863,4.722,4.882,4.846,4.485,4.508,4.405,4.415,4.383,4.444,4.598,4.693,4.799,4.723,4.634,4.652,4.829,4.944,4.663,4.895,3.89,4.188,4.27,4.283,4.181,3.987,4.108,4.042,4.03,3.944,3.813,3.803,3.619,3.945,3.964,4.066,4.092,4.121,3.947,3.746,4.059,4.212,4.443,4.269,4.25,4.133,4.233,4.549,4.702,4.602,3.032,2.927,2.936,2.972,3.141,3.2,3.177,3.117,3.07,3.126,2.917,2.885,2.854,2.816,2.864,3.001,3.028,2.747,2.539,2.542,2.489,2.563,2.699,2.642,2.6,2.685,2.661,2.506,2.554,2.541,2.503,6.27,6.847,7.037,7.152,7.399,7.504,7.748,7.701,7.851,7.863,7.877,7.988,8.056,7.855,7.655,7.197,8.201,8.065,7.852,7.795,7.644,7.317,7.63,7.682,7.718,7.784,7.89,7.819,7.536,7.664,7.615,44.882,45.427,45.175,43.255,42.705,44.085,42.421,41.523,44.179,42.868,40.993,38.083,39.684,40.563,41.584,41.544,42.58,44.631,45.493,45.986,45.052,43.525,43.749,44.159,43.4,43.119,42.493,42.123,41.878,43.38,3.673,3.54,3.454,3.613,3.691,3.764,3.766,3.803,3.749,3.63,3.802,3.842,3.849,3.794,3.676,3.723,3.528,3.444,3.595,3.629,3.606,3.584,3.631,3.411,3.55,3.58,3.571,3.545,3.591,3.555,3.498,5.593,5.592,5.53,5.108,4.948,5.292,5.188,5.469,5.616,5.814,5.654,5.776,5.733,5.639,5.715,5.706,5.771,5.821,5.674,5.677,5.434,5.747,5.835,5.869,5.817,5.773,5.692,5.384,5.484,5.51,4.474,4.348,4.434,4.444,4.349,4.494,4.583,4.57,4.62,4.549,4.509,4.323,4.535,4.686,4.672,4.627,4.603,4.596,4.366,4.68,4.82,4.903,4.952,4.988,4.938,4.79,4.892,4.791,4.675,4.627,4.707,5.099,4.904,5.18,5.322,5.403,5.3,5.279,5.095,4.865,5.028,5.057,5.081,5.182,5.084,4.956,4.954,5.191,5.352,5.355,5.329,5.378,5.091,5.009,5.287,5.318,5.15,5.238,5.313,5.334,5.329,5.426,5.851,5.874,5.648,5.746,5.815,5.731,5.833,5.994,5.887,5.762,5.794,5.78,5.71,5.747,5.787,5.87,5.82,5.85,5.799,5.702,5.849,5.832,5.839,6.003,5.876,5.781,5.565,5.811,6.063,5.939,5.904,6.069,6.167,6.016,5.993,6.036,6.096,6.204,6.285,6.27,6.116,6.253,6.294,6.38,6.356,6.002,6.046,6.164,6.339,6.391,6.427,6.485,6.458,6.414,6.215,6.331,6.391,6.509,6.548,6.425,6.418,6.219,6.44,6.506,6.386,6.488,6.451,6.475,6.271,6.396,6.49,6.503,6.44,6.373,6.465,6.17,6.338,6.449,6.401,6.425,6.44,6.432,6.229,6.446,6.523,6.589,6.546,6.487,6.319,7.217,7.395,7.369,7.545,7.537,7.737,7.689,7.345,7.458,7.342,7.376,7.366,7.297,7.226,7.027,7.312,7.487,7.697,7.623,7.304,6.661,6.19,6.115,6.658,7.153,7.199,7.091,7.029,6.969,7.36,7.466,6.799,6.867,6.859,6.782,6.616,6.798,6.844,6.698,6.635,6.797,6.729,6.533,6.853,6.95,6.764,6.613,6.517,6.361,5.904,5.921,5.971,6.446,6.697,6.619,6.487,6.299,6.666,6.76,6.49,6.043,5.979,6.08,5.926,6.37,6.398,6.39,6.411,6.291,6.027,5.646,5.861,5.875,5.966,5.877,5.892,5.904,5.648,6.076,6.17,6.06,5.689,5.861,5.71,5.307,5.71,6.084,6.154,6.106,6.214,6.012,5.654,4.6,4.717,4.912,4.908,4.737,4.597,4.373,4.48,4.475,4.473,4.216,4.445,4.613,4.301,4.079,4.368,4.62,4.779,4.721,4.662,4.461,4.703,4.822,4.778,4.858,5.017,4.853,4.647,4.983,5.113,5.08,6.271,6.331,6.298,5.929,6.231,6.329,6.355,6.269,6.106,5.952,5.558,5.647,5.67,5.674,5.587,5.309,5.489,5.529,5.841,5.831,5.759,5.519,5.431,5.36,5.378,5.854,5.899,5.879,5.964,5.979,5.094,4.866,5.163,5.319,5.042,5.115,5.09,5.119,4.948,5.106,5.059,5.146,5.151,5.108,5.034,4.86,5.248,5.299,5.308,5.29,5.223,5.084,4.782,4.509,4.415,4.731,4.992,5.094,5.12,4.979,5.031,5.091,5.157,5.112,5.195,5.176,5.069,5.143,5.184,5.185,5.182,5.188,5.032,4.909,4.947,5.078,5.154,5.192,5.238,5.255,5.05,5.235,5.309,5.297,5.295,5.296,5.301,5.184,5.317,5.252,5.258,4.742,4.811,4.82,4.651,4.749,4.859,4.916,4.797,4.762,4.578,4.456,4.691,4.699,4.727,4.815,4.912,4.948,4.838,5.028,5.044,5.005,5.026,5.108,5.075,4.902,5.0,5.095,5.176,5.194,5.135,5.081,5.095,5.233,5.212,5.124,5.189,5.227,5.258,5.21,5.294,5.301,5.349,5.363,5.394,5.203,4.995,5.136,5.24,5.34,5.293,5.358,5.295,5.142,5.18,5.272,5.232,4.89,5.048,5.198,5.066,5.132,5.138,5.474,5.548,5.726,5.709,5.578,5.614,5.712,5.853,5.772,5.782,5.809,5.54,5.803,5.9,5.825,5.812,5.89,5.852,5.698,5.857,5.912,5.892,5.99,6.039,5.92,5.795,6.045,5.981,6.007,6.03,6.153,6.094,5.856,5.975,5.642,5.505,5.714,6.044,6.115,5.96,6.271,6.302,6.286,6.149,5.81,5.496,5.102,5.494,5.706,5.857,5.976,6.01,6.15,5.915,6.14,6.212,6.243,6.213,5.977,5.691,5.617,5.861,6.106,6.127,6.165,6.257,6.117,5.962,6.21,6.334,6.38,6.458,6.394,6.333,6.102,6.263,6.433,6.368,6.287,6.159,5.99,5.504,5.857,6.133,6.139,6.193,6.185,5.953,5.429,5.461,5.672,5.907,5.92,6.107,6.196,5.966,6.211,6.415,6.486,6.585,6.538,6.442,6.102,6.217,6.451,6.619,6.457,6.746,6.674,6.436,6.607,6.652,6.237,5.938,5.688,5.846,6.087,6.38,6.492,6.345,7.1,7.231,7.516,6.969,7.319,7.393,7.549,7.649,7.589,7.302,6.989,7.276,7.239,7.106,7.202,7.397,7.262,6.915,7.14,7.185,7.303,7.348,7.336,7.102,6.508,6.54,6.738,6.669,6.502,6.355,5.548,5.496,5.873,5.906,5.757,5.557,5.647,5.454,5.393,5.847,5.851,5.949,5.86,5.821,5.707,5.548,5.743,5.706,5.574,5.727,5.79,5.523,5.254,5.557,5.605,5.362,5.241,5.097,4.948,4.984,5.315,0.0,0.0,0.0,0.0,0.0,0.0,0.0,0.0,0.0,0.0,0.0,0.0,0.0,0.0,0.0,0.0,0.0,0.0,0.0,0.0,0.0,0.0,0.0,0.0,0.0,0.0,0.0,0.0,0.0,0.0,0.0,7.926,7.786,7.546,7.417,7.564,7.446,7.034,6.918,6.814,6.493,6.867,7.17,7.404,7.689,7.454,7.003,6.477,6.678,6.832,7.089,7.184,7.061,6.775,6.289,6.712,7.049,7.152,7.141,7.225,7.125,6.142,6.095,6.356,6.517,6.595,6.665,6.771,6.748,6.851,6.946,7.074,7.116,7.128,7.068,6.84,6.886,6.696,6.941,7.018,7.035,6.942,6.681,6.641,6.49,6.714,6.925,6.948,6.997,6.727,6.821,6.935,5.706,5.669,5.702,5.6,5.422,5.53,5.581,5.601,5.567,5.369,5.038,4.572,4.483,4.794,4.934,5.061,5.132,5.243,5.067,5.179,5.296,5.339,5.413,5.298,5.149,4.799,4.813,4.883,4.899,4.78,5.404,5.306,5.137,5.19,5.157,5.386,5.54,5.63,5.559,5.371,5.645,5.745,5.757,5.701,5.775,5.765,5.471,5.515,5.735,5.859,5.898,6.044,5.892,5.619,5.823,5.938,5.924,5.866,5.98,6.067,5.862,6.149,6.26,6.422,6.417,6.437,6.271,5.999,6.203,6.196,6.305,6.342,6.435,6.524,6.232,6.287,6.502,6.568,6.573,6.604,6.653,6.51,6.531,6.623,6.583,6.139,5.738,5.923,6.099,5.944,6.022,6.029,5.68,5.757,5.942,5.924,5.788,5.826,5.927,6.073,5.99,6.0,6.028,5.749,6.022,6.123,6.045,6.031,6.112,6.072,5.913,6.078,6.135,6.114,6.216,6.267,6.144,6.013,6.273,6.206,5.482,6.458,6.482,6.615,6.552,6.296,6.423,6.066,5.918,6.142,6.498,6.574,6.407,6.742,6.775,6.757,6.611,6.246,5.908,5.485,5.906,6.135,6.297,6.424,6.461,6.611,6.359,6.601,6.678,6.712,6.679,6.425,5.204,5.137,5.359,5.583,5.603,5.638,5.722,5.594,5.452,5.679,5.792,5.834,5.906,5.847,5.791,5.58,5.727,5.883,5.823,5.749,5.632,5.478,5.033,5.356,5.608,5.614,5.664,5.656,5.443,4.964,5.791,6.015,6.263,6.277,6.475,6.57,6.327,6.586,6.802,6.878,6.983,6.933,6.831,6.471,6.593,6.84,7.018,6.847,7.154,7.076,6.825,7.005,7.054,6.613,6.296,6.031,6.199,6.454,6.765,6.883,6.728,7.1,7.231,7.516,6.969,7.319,7.393,7.549,7.649,7.589,7.302,6.989,7.276,7.239,7.106,7.202,7.397,7.262,6.915,7.14,7.185,7.303,7.348,7.336,7.102,6.508,6.54,6.738,6.669,6.502,6.355,6.145,6.088,6.505,6.542,6.376,6.155,6.255,6.041,5.974,6.476,6.48,6.589,6.491,6.448,6.321,6.146,6.361,6.32,6.174,6.343,6.414,6.118,5.82,6.156,6.208,5.94,5.805,5.646,5.48,5.521,5.887,5.666,5.582,5.657,5.862,6.024,5.694,5.762,5.973,6.144,6.28,6.512,6.262,6.074,6.32,6.208,6.476,6.538,6.486,6.323,6.28,6.483,6.534,6.237,6.194,6.386,6.403,6.253,6.401,6.708,6.823,6.887,5.042,4.953,4.8,4.718,4.812,4.737,4.475,4.401,4.335,4.131,4.368,4.561,4.71,4.891,4.742,4.455,4.12,4.248,4.346,4.51,4.57,4.492,4.31,4.001,4.27,4.485,4.55,4.543,4.596,4.533,6.142,6.095,6.356,6.517,6.595,6.665,6.771,6.748,6.851,6.946,7.074,7.116,7.128,7.068,6.84,6.886,6.696,6.941,7.018,7.035,6.942,6.681,6.641,6.49,6.714,6.925,6.948,6.997,6.727,6.821,6.935,5.706,5.669,5.702,5.6,5.422,5.53,5.581,5.601,5.567,5.369,5.038,4.572,4.483,4.794,4.934,5.061,5.132,5.243,5.067,5.179,5.296,5.339,5.413,5.298,5.149,4.799,4.813,4.883,4.899,4.78,5.404,5.306,5.137,5.19,5.157,5.386,5.54,5.63,5.559,5.371,5.645,5.745,5.757,5.701,5.775,5.765,5.471,5.515,5.735,5.859,5.898,6.044,5.892,5.619,5.823,5.938,5.924,5.866,5.98,6.067,5.862
Guntur_206,3.994,4.021,4.097,4.107,3.955,3.977,4.064,4.069,3.988,3.943,4.015,4.017,4.066,3.993,3.877,3.856,4.036,4.018,3.856,4.02,4.049,3.959,4.003,4.1,4.144,3.955,4.082,4.142,4.174,4.202,4.167,4.254,4.05,4.179,4.288,4.288,4.285,4.332,4.183,4.091,4.162,4.181,4.224,4.374,4.367,4.409,4.225,4.328,4.417,4.399,4.303,4.154,4.189,4.079,4.216,4.291,4.337,4.285,4.26,4.212,4.003,4.117,4.162,4.097,4.032,4.057,4.112,3.991,3.962,3.674,3.817,4.049,4.074,4.048,3.892,4.028,4.156,4.138,4.587,4.52,4.36,4.29,4.214,4.385,4.541,4.591,4.573,4.549,4.407,4.292,4.282,4.614,4.716,4.749,4.718,4.535,4.764,4.787,4.762,4.793,4.829,4.739,4.626,4.89,4.8,4.766,4.627,4.593,4.548,4.396,4.671,4.695,4.58,4.652,4.701,4.655,4.565,4.733,4.738,4.747,4.665,4.497,4.507,4.442,4.572,4.554,4.61,4.733,4.727,4.698,4.512,4.439,4.477,4.46,4.424,4.449,4.398,4.412,4.13,4.324,4.454,4.317,4.258,4.369,4.438,4.243,4.344,4.418,4.544,4.531,4.428,4.325,3.58,3.625,3.615,3.714,3.686,3.709,3.639,3.868,3.938,3.988,3.94,3.95,3.835,3.704,3.891,3.887,3.948,4.003,3.92,3.895,3.744,3.959,4.061,4.011,4.01,3.873,3.79,3.676,3.849,4.041,0.0,0.0,0.0,0.0,0.0,0.0,0.0,0.0,0.0,0.0,0.0,0.0,0.0,0.0,0.0,0.0,0.0,0.0,0.0,0.0,0.0,0.0,0.0,0.0,0.0,0.0,0.0,0.0,0.0,0.0,0.0,0.0,0.0,0.0,0.0,0.0,0.0,0.0,0.0,0.0,0.0,0.0,0.0,0.0,0.0,0.0,0.0,0.0,0.0,0.0,0.0,0.0,0.0,0.0,0.0,0.0,0.0,0.0,0.0,0.0,0.0,0.0,5.015,5.032,5.034,5.132,5.172,4.9,4.953,5.091,5.319,5.244,5.175,5.01,4.857,4.911,4.994,5.065,4.969,4.932,5.065,4.842,4.929,4.862,4.776,4.928,4.952,4.732,4.575,4.928,5.032,4.991,4.183,4.156,4.279,4.145,4.223,4.35,4.494,4.557,4.558,4.423,4.179,4.223,4.288,4.104,4.176,4.222,4.317,4.205,4.304,4.308,4.292,4.21,4.104,4.098,3.889,3.968,4.173,4.254,4.35,4.431,4.396,4.118,4.262,4.307,4.293,4.249,4.345,4.282,4.11,4.194,4.18,4.15,4.223,4.146,3.774,3.666,3.693,3.936,4.049,4.118,4.149,4.116,4.047,4.244,4.227,4.111,3.874,3.882,3.958,4.028,4.17,3.967,4.025,3.983,4.022,3.998,3.825,3.901,3.968,3.897,3.96,3.994,3.918,3.813,3.921,4.027,4.03,4.068,4.125,4.055,3.998,4.105,4.207,4.26,4.196,4.19,4.256,4.094,4.217,4.262,4.239,4.239,4.515,4.384,4.232,4.347,4.382,4.399,4.339,4.392,4.306,4.29,4.465,4.489,4.473,4.421,4.429,4.518,4.463,4.511,4.661,4.754,4.835,4.81,4.736,4.57,4.612,4.453,4.571,4.628,4.715,4.706,4.568,4.534,4.589,4.626,4.541,4.558,4.524,4.398,4.446,4.549,4.635,4.656,4.659,4.637,4.527,4.6,4.6,4.584,4.543,4.492,4.493,4.418,4.59,4.666,4.735,4.751,4.782,4.759,4.684,5.168,5.194,5.176,5.157,5.273,5.243,5.039,5.157,5.255,5.311,5.257,5.076,4.984,4.981,5.168,5.206,5.285,5.362,5.346,5.289,5.122,5.176,5.047,5.168,5.251,5.178,5.204,5.009,4.722,4.8,5.024,4.873,4.997,5.037,4.929,5.06,5.059,5.063,5.181,5.131,5.119,4.935,5.094,5.127,4.937,4.959,5.0,4.878,4.844,4.94,5.032,4.872,4.776,4.726,4.801,4.705,4.882,4.955,4.934,4.955,4.926,4.762,4.673,4.701,4.724,4.633,4.685,4.785,4.751,4.649,4.739,4.624,4.473,4.344,4.491,4.458,4.125,4.147,4.052,4.061,4.032,4.088,4.229,4.316,4.414,4.344,4.263,4.279,4.442,4.548,4.289,4.502,2.688,2.894,2.951,2.96,2.889,2.755,2.839,2.793,2.785,2.725,2.635,2.628,2.501,2.726,2.74,2.81,2.828,2.848,2.728,2.589,2.805,2.911,3.071,2.95,2.937,2.856,2.925,3.144,3.25,3.18,5.587,5.394,5.41,5.476,5.788,5.896,5.854,5.743,5.657,5.76,5.375,5.316,5.259,5.189,5.278,5.53,5.58,5.062,4.678,4.683,4.587,4.723,4.974,4.868,4.791,4.947,4.903,4.617,4.707,4.682,4.611,5.509,6.016,6.183,6.284,6.502,6.593,6.808,6.767,6.898,6.909,6.921,7.019,7.078,6.902,6.726,6.324,7.206,7.087,6.9,6.849,6.717,6.43,6.704,6.75,6.782,6.839,6.933,6.871,6.622,6.735,6.691,0.0,0.0,0.0,0.0,0.0,0.0,0.0,0.0,0.0,0.0,0.0,0.0,0.0,0.0,0.0,0.0,0.0,0.0,0.0,0.0,0.0,0.0,0.0,0.0,0.0,0.0,0.0,0.0,0.0,0.0,4.1,3.952,3.856,4.033,4.12,4.202,4.204,4.246,4.185,4.052,4.245,4.289,4.296,4.236,4.103,4.156,3.938,3.845,4.013,4.051,4.026,4.001,4.053,3.808,3.963,3.996,3.987,3.957,4.009,3.968,3.905,4.664,4.664,4.612,4.26,4.126,4.413,4.327,4.561,4.684,4.848,4.716,4.817,4.781,4.703,4.766,4.758,4.812,4.854,4.732,4.735,4.532,4.793,4.866,4.895,4.851,4.814,4.747,4.49,4.574,4.595,4.277,4.156,4.239,4.248,4.157,4.296,4.381,4.369,4.416,4.349,4.311,4.132,4.335,4.479,4.466,4.423,4.4,4.394,4.174,4.474,4.607,4.687,4.733,4.768,4.721,4.579,4.676,4.58,4.469,4.423,4.499,5.265,5.064,5.349,5.496,5.579,5.473,5.45,5.261,5.024,5.192,5.221,5.247,5.351,5.25,5.118,5.116,5.36,5.526,5.53,5.503,5.553,5.257,5.172,5.459,5.492,5.318,5.408,5.486,5.508,5.502,5.603,5.312,5.333,5.129,5.217,5.28,5.204,5.296,5.443,5.345,5.232,5.261,5.248,5.185,5.218,5.254,5.33,5.284,5.311,5.265,5.177,5.311,5.295,5.302,5.451,5.335,5.249,5.053,5.276,6.385,6.254,6.217,6.391,6.494,6.335,6.31,6.356,6.419,6.533,6.618,6.602,6.441,6.585,6.628,6.718,6.693,6.32,6.366,6.491,6.675,6.73,6.767,6.829,6.8,6.754,6.545,6.666,6.729,6.853,6.895,6.646,6.639,6.433,6.662,6.731,6.607,6.712,6.673,6.698,6.487,6.617,6.714,6.727,6.662,6.593,6.688,6.383,6.556,6.671,6.621,6.647,6.662,6.654,6.443,6.669,6.748,6.817,6.771,6.711,6.537,6.103,6.253,6.231,6.379,6.373,6.542,6.502,6.211,6.306,6.209,6.237,6.229,6.17,6.11,5.942,6.183,6.331,6.508,6.446,6.176,5.632,5.234,5.171,5.629,6.049,6.087,5.996,5.944,5.893,6.223,6.313,6.799,6.867,6.859,6.782,6.616,6.798,6.844,6.698,6.635,6.797,6.729,6.533,6.853,6.95,6.764,6.613,6.517,6.361,5.904,5.921,5.971,6.446,6.697,6.619,6.487,6.299,6.666,6.76,6.49,6.043,5.979,6.08,5.926,6.37,6.398,6.39,6.411,6.291,6.027,5.646,5.861,5.875,5.966,5.877,5.892,5.904,5.648,6.076,6.17,6.06,5.689,5.861,5.71,5.307,5.71,6.084,6.154,6.106,6.214,6.012,5.654,4.982,5.109,5.32,5.315,5.13,4.979,4.736,4.852,4.847,4.845,4.566,4.814,4.997,4.658,4.417,4.731,5.004,5.176,5.113,5.049,4.831,5.094,5.222,5.175,5.261,5.433,5.256,5.033,5.397,5.538,5.502,6.458,6.52,6.486,6.105,6.417,6.518,6.545,6.456,6.288,6.13,5.724,5.815,5.839,5.843,5.754,5.467,5.653,5.694,6.015,6.005,5.931,5.684,5.593,5.52,5.538,6.029,6.075,6.055,6.141,6.157,4.658,4.45,4.722,4.864,4.611,4.677,4.655,4.681,4.525,4.669,4.627,4.706,4.711,4.671,4.604,4.445,4.799,4.846,4.854,4.838,4.776,4.65,4.373,4.124,4.038,4.326,4.565,4.659,4.683,4.554,4.601,4.697,4.757,4.716,4.792,4.775,4.677,4.745,4.782,4.783,4.781,4.786,4.642,4.529,4.563,4.684,4.755,4.79,4.832,4.847,4.659,4.83,4.898,4.886,4.884,4.886,4.89,4.783,4.905,4.845,4.851,4.86,4.932,4.94,4.767,4.868,4.98,5.039,4.917,4.881,4.692,4.568,4.809,4.816,4.845,4.936,5.035,5.072,4.958,5.153,5.17,5.13,5.151,5.236,5.202,5.024,5.125,5.222,5.305,5.324,5.263,5.207,5.445,5.593,5.57,5.476,5.545,5.586,5.619,5.568,5.657,5.666,5.717,5.731,5.764,5.56,5.338,5.489,5.6,5.707,5.656,5.726,5.659,5.495,5.536,5.634,5.592,5.226,5.395,5.555,5.414,5.485,5.491,5.858,5.938,6.127,6.11,5.969,6.009,6.113,6.263,6.178,6.188,6.216,5.928,6.211,6.314,6.234,6.22,6.303,6.262,6.098,6.268,6.326,6.306,6.411,6.463,6.336,6.202,6.469,6.4,5.092,5.111,5.216,5.166,4.964,5.064,4.782,4.666,4.843,5.123,5.183,5.051,5.316,5.342,5.328,5.212,4.925,4.658,4.325,4.656,4.837,4.965,5.065,5.094,5.212,5.013,5.204,5.265,5.292,5.266,5.066,5.409,5.339,5.57,5.803,5.823,5.86,5.947,5.814,5.666,5.902,6.02,6.064,6.138,6.077,6.019,5.8,5.952,6.114,6.052,5.976,5.854,5.693,5.232,5.567,5.829,5.835,5.886,5.879,5.657,5.16,6.201,6.441,6.707,6.722,6.934,7.036,6.775,7.053,7.284,7.365,7.478,7.424,7.315,6.929,7.06,7.325,7.515,7.332,7.661,7.578,7.308,7.502,7.554,7.082,6.742,6.459,6.639,6.912,7.245,7.371,7.205,6.743,6.867,7.138,6.618,6.951,7.021,7.169,7.265,7.208,6.934,6.637,6.91,6.875,6.748,6.84,7.025,6.897,6.567,6.781,6.823,6.936,6.978,6.967,6.745,6.18,6.211,6.399,6.333,6.175,6.035,5.001,4.954,5.293,5.323,5.189,5.009,5.09,4.916,4.861,5.27,5.273,5.362,5.282,5.247,5.144,5.001,5.176,5.143,5.024,5.162,5.219,4.978,4.736,5.009,5.052,4.833,4.724,4.594,4.459,4.493,4.79,0.0,0.0,0.0,0.0,0.0,0.0,0.0,0.0,0.0,0.0,0.0,0.0,0.0,0.0,0.0,0.0,0.0,0.0,0.0,0.0,0.0,0.0,0.0,0.0,0.0,0.0,0.0,0.0,0.0,0.0,0.0,6.992,6.868,6.656,6.543,6.673,6.568,6.205,6.103,6.011,5.728,6.057,6.325,6.531,6.783,6.575,6.178,5.714,5.891,6.027,6.253,6.337,6.228,5.977,5.548,5.921,6.218,6.309,6.299,6.373,6.285,5.658,5.614,5.855,6.003,6.075,6.14,6.237,6.216,6.311,6.398,6.517,6.555,6.566,6.511,6.3,6.343,6.168,6.394,6.464,6.481,6.394,6.154,6.118,5.978,6.184,6.379,6.4,6.445,6.196,6.283,6.388,6.489,6.447,6.484,6.368,6.165,6.289,6.346,6.37,6.33,6.106,5.729,5.199,5.098,5.451,5.611,5.755,5.836,5.962,5.762,5.889,6.022,6.071,6.155,6.025,5.855,5.457,5.473,5.553,5.571,5.435,5.271,5.174,5.01,5.062,5.029,5.253,5.403,5.491,5.421,5.238,5.505,5.603,5.614,5.559,5.632,5.622,5.336,5.378,5.593,5.714,5.752,5.894,5.746,5.48,5.679,5.791,5.777,5.721,5.832,5.917,5.717,6.289,6.402,6.568,6.562,6.583,6.413,6.135,6.343,6.337,6.447,6.486,6.581,6.672,6.373,6.429,6.65,6.717,6.722,6.754,6.803,6.657,6.679,6.773,6.732,6.279,5.868,6.057,6.237,6.079,6.159,6.166,6.173,6.257,6.457,6.438,6.291,6.332,6.442,6.601,6.51,6.521,6.551,6.248,6.545,6.654,6.569,6.554,6.643,6.599,6.426,6.606,6.667,6.645,6.756,6.811,6.677,6.535,6.817,6.745,5.958,6.327,6.351,6.481,6.419,6.168,6.293,5.942,5.798,6.018,6.365,6.44,6.277,6.605,6.637,6.62,6.476,6.119,5.788,5.374,5.786,6.01,6.169,6.294,6.329,6.477,6.229,6.467,6.542,6.576,6.544,6.294,5.483,5.411,5.646,5.882,5.903,5.939,6.028,5.893,5.743,5.983,6.102,6.146,6.222,6.16,6.101,5.879,6.033,6.197,6.135,6.057,5.933,5.771,5.303,5.643,5.908,5.914,5.966,5.959,5.734,5.23,5.915,6.143,6.397,6.411,6.614,6.711,6.462,6.727,6.948,7.025,7.132,7.081,6.977,6.609,6.734,6.987,7.168,6.993,7.307,7.228,6.971,7.155,7.205,6.755,6.431,6.16,6.332,6.592,6.91,7.031,6.872,6.743,6.867,7.138,6.618,6.951,7.021,7.169,7.265,7.208,6.934,6.637,6.91,6.875,6.748,6.84,7.025,6.897,6.567,6.781,6.823,6.936,6.978,6.967,6.745,6.18,6.211,6.399,6.333,6.175,6.035,6.277,6.218,6.644,6.682,6.513,6.287,6.389,6.17,6.101,6.615,6.619,6.73,6.63,6.586,6.456,6.277,6.497,6.455,6.306,6.479,6.551,6.249,5.944,6.287,6.341,6.067,5.929,5.767,5.597,5.639,6.013,5.1,5.024,5.092,5.277,5.422,5.125,5.187,5.376,5.53,5.653,5.862,5.636,5.467,5.688,5.588,5.829,5.885,5.838,5.691,5.652,5.835,5.881,5.614,5.575,5.748,5.763,5.629,5.761,6.038,6.142,6.199,4.142,4.069,3.943,3.876,3.953,3.892,3.676,3.616,3.561,3.394,3.589,3.747,3.87,4.018,3.895,3.66,3.385,3.49,3.571,3.705,3.754,3.69,3.541,3.287,3.508,3.684,3.738,3.732,3.776,3.724,5.658,5.614,5.855,6.003,6.075,6.14,6.237,6.216,6.311,6.398,6.517,6.555,6.566,6.511,6.3,6.343,6.168,6.394,6.464,6.481,6.394,6.154,6.118,5.978,6.184,6.379,6.4,6.445,6.196,6.283,6.388,6.489,6.447,6.484,6.368,6.165,6.289,6.346,6.37,6.33,6.106,5.729,5.199,5.098,5.451,5.611,5.755,5.836,5.962,5.762,5.889,6.022,6.071,6.155,6.025,5.855,5.457,5.473,5.553,5.571,5.435,5.271,5.174,5.01,5.062,5.029,5.253,5.403,5.491,5.421,5.238,5.505,5.603,5.614,5.559,5.632,5.622,5.336,5.378,5.593,5.714,5.752,5.894,5.746,5.48,5.679,5.791,5.777,5.721,5.832,5.917,5.717
Guntur_207,6.871,6.918,7.048,7.066,6.803,6.842,6.991,7.0,6.86,6.784,6.908,6.91,6.995,6.87,6.67,6.634,6.944,6.913,6.633,6.916,6.966,6.811,6.887,7.054,7.13,6.804,7.023,7.126,7.18,7.228,7.169,7.684,7.315,7.549,7.745,7.746,7.739,7.826,7.557,7.391,7.517,7.552,7.63,7.9,7.887,7.965,7.631,7.819,7.979,7.946,7.773,7.503,7.567,7.368,7.615,7.75,7.835,7.741,7.695,7.608,7.292,7.499,7.582,7.463,7.345,7.39,7.49,7.271,7.216,6.692,6.953,7.376,7.421,7.373,7.09,7.337,7.57,7.538,8.356,8.233,7.942,7.814,7.676,7.987,8.271,8.362,8.329,8.286,8.028,7.818,7.801,9.089,9.29,9.354,9.294,8.934,9.383,9.429,9.38,9.441,9.512,9.335,9.113,9.632,9.456,9.388,9.114,9.047,8.959,8.659,9.2,9.249,9.021,9.164,9.26,9.17,8.992,9.324,9.333,9.35,9.189,7.096,7.112,7.009,7.214,7.186,7.275,7.468,7.459,7.413,7.119,7.005,7.064,7.038,6.981,7.021,6.939,6.961,6.516,6.823,7.028,6.811,6.718,6.895,7.003,6.695,6.854,6.97,7.17,7.15,6.987,6.825,7.148,7.239,7.219,7.417,7.36,7.406,7.266,7.724,7.863,7.964,7.866,7.888,7.658,7.396,7.769,7.762,7.884,7.992,7.828,7.778,7.477,7.905,8.109,8.008,8.007,7.734,7.569,7.339,7.686,8.07,0.0,0.0,0.0,0.0,0.0,0.0,0.0,0.0,0.0,0.0,0.0,0.0,0.0,0.0,0.0,0.0,0.0,0.0,0.0,0.0,0.0,0.0,0.0,0.0,0.0,0.0,0.0,0.0,0.0,0.0,0.0,0.0,0.0,0.0,0.0,0.0,0.0,0.0,0.0,0.0,0.0,0.0,0.0,0.0,0.0,0.0,0.0,0.0,0.0,0.0,0.0,0.0,0.0,0.0,0.0,0.0,0.0,0.0,0.0,0.0,0.0,0.0,13.112,13.157,13.162,13.417,13.521,12.812,12.951,13.311,13.907,13.711,13.531,13.099,12.7,12.84,13.057,13.242,12.991,12.896,13.243,12.661,12.887,12.712,12.488,12.884,12.947,12.371,11.962,12.883,13.157,13.049,6.201,6.161,6.343,6.145,6.26,6.448,6.662,6.755,6.757,6.557,6.196,6.26,6.357,6.084,6.19,6.259,6.399,6.234,6.38,6.387,6.362,6.241,6.084,6.075,5.766,5.882,6.185,6.307,6.448,6.569,6.517,4.807,4.975,5.028,5.012,4.961,5.073,4.999,4.798,4.896,4.879,4.845,4.93,4.84,4.406,4.28,4.312,4.595,4.727,4.808,4.844,4.806,4.725,4.955,4.935,4.8,4.522,4.532,4.621,4.703,4.868,5.105,5.18,5.126,5.176,5.144,4.922,5.02,5.107,5.015,5.096,5.14,5.042,4.906,5.045,5.182,5.187,5.235,5.308,5.218,5.145,5.283,5.414,5.482,5.4,5.393,5.476,5.269,5.426,5.484,5.455,5.455,5.519,5.359,5.173,5.314,5.356,5.377,5.304,5.368,5.264,5.244,5.458,5.487,5.468,5.404,5.414,5.523,5.456,5.514,5.698,5.811,5.911,5.88,5.789,5.587,5.637,5.443,5.587,5.657,5.764,5.752,5.583,5.74,5.811,5.857,5.75,5.771,5.728,5.568,5.629,5.759,5.869,5.895,5.898,5.871,5.732,5.824,5.825,5.804,5.752,5.687,5.689,5.594,5.812,5.907,5.995,6.015,6.054,6.026,5.93,5.291,5.317,5.3,5.28,5.399,5.368,5.158,5.28,5.381,5.438,5.382,5.197,5.103,5.1,5.291,5.33,5.411,5.49,5.473,5.415,5.244,5.299,5.167,5.291,5.376,5.301,5.328,5.128,4.834,4.914,5.143,5.129,5.26,5.301,5.188,5.326,5.324,5.329,5.453,5.401,5.388,5.195,5.362,5.396,5.197,5.219,5.262,5.134,5.099,5.2,5.297,5.128,5.027,4.975,5.053,4.952,5.138,5.216,5.194,5.215,5.185,5.671,5.565,5.598,5.625,5.517,5.58,5.699,5.658,5.536,5.644,5.507,5.327,5.173,5.348,5.309,4.912,4.939,4.825,4.837,4.801,4.868,5.037,5.14,5.257,5.173,5.076,5.096,5.29,5.416,5.108,5.362,5.455,5.873,5.987,6.006,5.862,5.591,5.761,5.668,5.652,5.53,5.347,5.333,5.074,5.532,5.559,5.701,5.739,5.779,5.534,5.254,5.692,5.907,6.231,5.986,5.96,5.796,5.936,6.379,6.594,6.453,5.148,4.97,4.985,5.046,5.333,5.433,5.394,5.292,5.213,5.308,4.953,4.899,4.846,4.781,4.864,5.096,5.142,4.665,4.311,4.316,4.227,4.352,4.583,4.486,4.415,4.559,4.518,4.254,4.337,4.315,4.249,0.0,0.0,0.0,0.0,0.0,0.0,0.0,0.0,0.0,0.0,0.0,0.0,0.0,0.0,0.0,0.0,0.0,0.0,0.0,0.0,0.0,0.0,0.0,0.0,0.0,0.0,0.0,0.0,0.0,0.0,0.0,0.0,0.0,0.0,0.0,0.0,0.0,0.0,0.0,0.0,0.0,0.0,0.0,0.0,0.0,0.0,0.0,0.0,0.0,0.0,0.0,0.0,0.0,0.0,0.0,0.0,0.0,0.0,0.0,0.0,0.0,3.64,3.508,3.423,3.58,3.658,3.73,3.732,3.769,3.715,3.597,3.768,3.807,3.814,3.76,3.643,3.689,3.496,3.413,3.562,3.596,3.574,3.552,3.598,3.38,3.518,3.547,3.539,3.513,3.558,3.523,3.466,4.193,4.192,4.146,3.83,3.71,3.967,3.889,4.1,4.21,4.359,4.239,4.33,4.298,4.228,4.284,4.277,4.326,4.364,4.254,4.256,4.074,4.309,4.374,4.4,4.361,4.328,4.267,4.036,4.112,4.131,4.168,4.05,4.131,4.14,4.051,4.186,4.269,4.258,4.304,4.238,4.201,4.027,4.225,4.365,4.352,4.31,4.288,4.282,4.068,4.36,4.49,4.567,4.613,4.647,4.6,4.463,4.557,4.463,4.355,4.31,4.385,3.848,3.701,3.909,4.017,4.078,4.0,3.983,3.845,3.672,3.794,3.816,3.835,3.911,3.837,3.74,3.739,3.917,4.039,4.041,4.022,4.058,3.842,3.78,3.99,4.014,3.886,3.952,4.009,4.025,4.021,4.095,4.052,4.068,3.912,3.98,4.027,3.97,4.04,4.152,4.077,3.991,4.013,4.003,3.955,3.98,4.008,4.066,4.031,4.052,4.016,3.949,4.051,4.039,4.044,4.158,4.07,4.004,3.854,4.025,5.553,5.44,5.408,5.559,5.648,5.51,5.489,5.529,5.583,5.682,5.756,5.742,5.602,5.727,5.765,5.844,5.822,5.498,5.537,5.646,5.806,5.853,5.886,5.94,5.915,5.875,5.693,5.798,5.853,5.961,5.997,5.564,5.558,5.386,5.577,5.635,5.531,5.619,5.587,5.607,5.431,5.54,5.62,5.632,5.577,5.519,5.599,5.343,5.489,5.585,5.543,5.565,5.577,5.571,5.394,5.583,5.649,5.707,5.669,5.618,5.473,5.649,5.788,5.768,5.905,5.9,6.056,6.019,5.749,5.837,5.747,5.773,5.766,5.712,5.656,5.501,5.723,5.86,6.025,5.967,5.717,5.214,4.845,4.787,5.211,5.599,5.635,5.55,5.502,5.455,5.761,5.844,4.275,4.318,4.313,4.264,4.16,4.275,4.303,4.212,4.172,4.274,4.231,4.108,4.309,4.37,4.253,4.158,4.098,3.999,3.712,3.723,3.755,4.053,4.211,4.162,4.079,3.96,4.191,4.25,4.081,3.799,3.759,3.823,3.726,4.005,4.023,4.018,4.031,3.955,3.79,3.55,3.685,3.694,3.751,3.696,3.705,3.712,3.551,3.821,3.88,3.811,3.577,3.685,3.59,3.337,3.59,3.826,3.869,3.839,3.907,3.78,3.555,5.569,5.711,5.947,5.942,5.735,5.565,5.294,5.424,5.419,5.416,5.105,5.382,5.586,5.207,4.938,5.289,5.594,5.786,5.716,5.644,5.401,5.695,5.838,5.785,5.882,6.074,5.875,5.626,6.033,6.19,6.15,4.834,4.88,4.855,4.57,4.803,4.879,4.899,4.832,4.707,4.588,4.284,4.352,4.371,4.373,4.307,4.092,4.231,4.262,4.502,4.495,4.439,4.254,4.187,4.131,4.145,4.513,4.547,4.532,4.597,4.609,4.57,4.365,4.632,4.772,4.523,4.589,4.566,4.593,4.439,4.58,4.539,4.616,4.621,4.583,4.516,4.36,4.708,4.754,4.762,4.746,4.685,4.561,4.29,4.046,3.961,4.244,4.478,4.57,4.594,4.467,4.514,4.592,4.651,4.611,4.685,4.669,4.572,4.639,4.675,4.677,4.674,4.679,4.539,4.428,4.462,4.58,4.648,4.683,4.724,4.739,4.555,4.722,4.788,4.777,4.775,4.777,4.781,4.676,4.796,4.737,4.742,4.306,4.369,4.377,4.223,4.313,4.412,4.464,4.356,4.324,4.157,4.047,4.26,4.267,4.293,4.373,4.46,4.493,4.393,4.565,4.581,4.545,4.564,4.639,4.609,4.451,4.541,4.626,4.7,4.717,4.663,4.613,3.719,3.82,3.804,3.74,3.787,3.815,3.838,3.803,3.864,3.87,3.905,3.915,3.937,3.797,3.646,3.749,3.825,3.898,3.863,3.911,3.865,3.753,3.781,3.848,3.819,3.569,3.685,3.794,3.698,3.746,3.751,4.572,4.634,4.782,4.768,4.658,4.689,4.77,4.888,4.821,4.829,4.851,4.627,4.847,4.928,4.865,4.854,4.919,4.887,4.759,4.892,4.937,4.921,5.003,5.044,4.945,4.84,5.048,4.995,4.669,4.687,4.783,4.737,4.552,4.644,4.385,4.279,4.441,4.698,4.753,4.632,4.875,4.898,4.886,4.779,4.516,4.272,3.966,4.27,4.435,4.553,4.645,4.671,4.78,4.597,4.772,4.828,4.853,4.829,4.645,5.315,5.246,5.473,5.702,5.722,5.758,5.843,5.713,5.568,5.8,5.915,5.958,6.031,5.971,5.914,5.699,5.849,6.008,5.947,5.872,5.752,5.594,5.141,5.47,5.727,5.733,5.784,5.777,5.559,5.07,4.409,4.579,4.768,4.779,4.93,5.002,4.816,5.014,5.178,5.236,5.316,5.278,5.2,4.926,5.019,5.208,5.343,5.212,5.446,5.387,5.195,5.333,5.37,5.035,4.793,4.592,4.72,4.914,5.15,5.24,5.122,6.857,6.984,7.259,6.731,7.069,7.141,7.291,7.388,7.33,7.052,6.75,7.028,6.992,6.863,6.956,7.144,7.014,6.679,6.897,6.939,7.054,7.097,7.085,6.859,6.285,6.316,6.508,6.441,6.279,6.138,3.765,3.73,3.986,4.008,3.907,3.771,3.833,3.701,3.66,3.968,3.971,4.037,3.977,3.951,3.873,3.765,3.897,3.872,3.783,3.886,3.93,3.748,3.566,3.772,3.804,3.639,3.557,3.459,3.358,3.383,3.607,5.438,5.357,5.429,5.626,5.781,5.465,5.53,5.732,5.897,6.027,6.25,6.01,5.829,6.065,5.958,6.215,6.275,6.225,6.068,6.027,6.221,6.27,5.986,5.944,6.129,6.145,6.002,6.143,6.438,6.548,6.61,4.409,4.331,4.197,4.126,4.208,4.142,3.912,3.848,3.79,3.612,3.82,3.988,4.118,4.277,4.146,3.896,3.603,3.715,3.8,3.943,3.996,3.927,3.769,3.498,3.734,3.921,3.978,3.972,4.019,3.963,4.696,4.66,4.859,4.982,5.042,5.096,5.177,5.159,5.238,5.31,5.409,5.441,5.449,5.404,5.229,5.264,5.119,5.307,5.365,5.379,5.307,5.108,5.078,4.962,5.133,5.295,5.312,5.349,5.143,5.215,5.302,6.087,6.048,6.083,5.974,5.783,5.899,5.953,5.975,5.938,5.728,5.375,4.877,4.782,5.114,5.264,5.399,5.475,5.593,5.406,5.525,5.65,5.695,5.774,5.652,5.493,5.119,5.134,5.209,5.227,5.099,3.952,3.88,3.756,3.795,3.771,3.938,4.051,4.117,4.065,3.927,4.128,4.201,4.209,4.168,4.223,4.215,4.0,4.032,4.194,4.284,4.313,4.419,4.308,4.109,4.258,4.342,4.331,4.289,4.373,4.436,4.286,4.593,4.676,4.797,4.793,4.808,4.684,4.481,4.633,4.628,4.709,4.737,4.807,4.873,4.655,4.696,4.857,4.906,4.909,4.933,4.969,4.862,4.878,4.947,4.917,4.586,4.286,4.424,4.555,4.44,4.498,4.503,4.34,4.399,4.539,4.526,4.422,4.451,4.528,4.64,4.577,4.584,4.605,4.392,4.601,4.678,4.618,4.608,4.67,4.639,4.518,4.644,4.687,4.672,4.749,4.788,4.694,4.594,4.792,4.742,4.188,5.433,5.453,5.565,5.512,5.296,5.404,5.103,4.979,5.167,5.466,5.53,5.39,5.672,5.699,5.685,5.561,5.255,4.97,4.614,4.968,5.161,5.297,5.404,5.435,5.562,5.349,5.553,5.618,5.646,5.619,5.405,5.295,5.226,5.453,5.681,5.701,5.736,5.822,5.692,5.547,5.778,5.893,5.936,6.009,5.949,5.892,5.678,5.827,5.985,5.925,5.85,5.73,5.574,5.121,5.45,5.706,5.712,5.762,5.755,5.538,5.051,4.978,5.17,5.383,5.395,5.566,5.647,5.438,5.661,5.847,5.912,6.002,5.959,5.872,5.562,5.667,5.88,6.032,5.885,6.149,6.082,5.866,6.021,6.063,5.684,5.412,5.184,5.329,5.548,5.815,5.917,5.783,6.857,6.984,7.259,6.731,7.069,7.141,7.291,7.388,7.33,7.052,6.75,7.028,6.992,6.863,6.956,7.144,7.014,6.679,6.897,6.939,7.054,7.097,7.085,6.859,6.285,6.316,6.508,6.441,6.279,6.138,5.282,5.233,5.591,5.623,5.481,5.29,5.377,5.192,5.134,5.567,5.57,5.664,5.579,5.542,5.433,5.282,5.468,5.432,5.307,5.452,5.513,5.259,5.002,5.291,5.336,5.105,4.99,4.853,4.71,4.746,5.06,6.967,6.864,6.956,7.209,7.408,7.002,7.086,7.344,7.555,7.723,8.008,7.7,7.469,7.772,7.634,7.964,8.04,7.976,7.775,7.722,7.972,8.034,7.67,7.616,7.853,7.874,7.69,7.871,8.249,8.39,8.469,3.115,3.06,2.965,2.915,2.973,2.926,2.764,2.719,2.678,2.552,2.698,2.818,2.91,3.022,2.929,2.752,2.545,2.624,2.685,2.786,2.823,2.775,2.662,2.471,2.638,2.77,2.81,2.806,2.839,2.8,4.696,4.66,4.859,4.982,5.042,5.096,5.177,5.159,5.238,5.31,5.409,5.441,5.449,5.404,5.229,5.264,5.119,5.307,5.365,5.379,5.307,5.108,5.078,4.962,5.133,5.295,5.312,5.349,5.143,5.215,5.302,6.087,6.048,6.083,5.974,5.783,5.899,5.953,5.975,5.938,5.728,5.375,4.877,4.782,5.114,5.264,5.399,5.475,5.593,5.406,5.525,5.65,5.695,5.774,5.652,5.493,5.119,5.134,5.209,5.227,5.099,3.952,3.88,3.756,3.795,3.771,3.938,4.051,4.117,4.065,3.927,4.128,4.201,4.209,4.168,4.223,4.215,4.0,4.032,4.194,4.284,4.313,4.419,4.308,4.109,4.258,4.342,4.331,4.289,4.373,4.436,4.286
Guntur_208,6.095,6.136,6.252,6.268,6.035,6.069,6.201,6.21,6.086,6.017,6.127,6.13,6.205,6.094,5.917,5.885,6.159,6.132,5.884,6.135,6.179,6.041,6.109,6.257,6.325,6.036,6.23,6.321,6.369,6.412,6.359,6.69,6.369,6.573,6.743,6.744,6.738,6.813,6.579,6.434,6.545,6.575,6.643,6.878,6.867,6.934,6.644,6.807,6.946,6.918,6.767,6.532,6.588,6.414,6.63,6.747,6.821,6.739,6.7,6.624,7.347,7.556,7.64,7.519,7.401,7.446,7.547,7.326,7.271,6.743,7.006,7.432,7.477,7.429,7.143,7.392,7.628,7.596,8.419,8.296,8.002,7.873,7.734,8.048,8.334,8.426,8.393,8.349,8.089,7.877,7.86,8.228,8.411,8.468,8.414,8.088,8.495,8.536,8.492,8.548,8.612,8.451,8.25,8.72,8.56,8.499,8.251,8.191,8.111,7.839,8.329,8.373,8.167,8.297,8.383,8.302,8.14,8.441,8.45,8.465,8.319,7.715,7.733,7.62,7.843,7.813,7.909,8.119,8.11,8.06,7.74,7.616,7.681,7.652,7.59,7.633,7.544,7.569,7.085,7.419,7.641,7.405,7.305,7.496,7.614,7.279,7.452,7.579,7.796,7.774,7.597,7.421,6.35,6.431,6.413,6.589,6.538,6.579,6.455,6.862,6.985,7.075,6.988,7.007,6.803,6.57,6.902,6.896,7.004,7.1,6.954,6.909,6.642,7.023,7.204,7.114,7.113,6.871,6.724,6.52,6.828,7.169,0.0,0.0,0.0,0.0,0.0,0.0,0.0,0.0,0.0,0.0,0.0,0.0,0.0,0.0,0.0,0.0,0.0,0.0,0.0,0.0,0.0,0.0,0.0,0.0,0.0,0.0,0.0,0.0,0.0,0.0,0.0,0.0,0.0,0.0,0.0,0.0,0.0,0.0,0.0,0.0,0.0,0.0,0.0,0.0,0.0,0.0,0.0,0.0,0.0,0.0,0.0,0.0,0.0,0.0,0.0,0.0,0.0,0.0,0.0,0.0,0.0,0.0,0.0,0.0,0.0,0.0,0.0,0.0,0.0,0.0,0.0,0.0,0.0,0.0,0.0,0.0,0.0,0.0,0.0,0.0,0.0,0.0,0.0,0.0,0.0,0.0,0.0,0.0,0.0,0.0,0.0,0.0,6.737,6.695,6.893,6.677,6.803,7.006,7.239,7.34,7.342,7.125,6.732,6.802,6.907,6.611,6.726,6.801,6.953,6.774,6.933,6.94,6.913,6.781,6.611,6.601,6.265,6.391,6.721,6.853,7.007,7.138,7.081,5.707,5.907,5.97,5.95,5.89,6.023,5.935,5.696,5.813,5.793,5.752,5.853,5.746,5.231,5.082,5.119,5.455,5.613,5.708,5.751,5.706,5.61,5.883,5.859,5.698,5.369,5.381,5.486,5.584,5.779,5.615,5.697,5.638,5.693,5.658,5.414,5.522,5.617,5.516,5.605,5.653,5.545,5.397,5.549,5.699,5.705,5.758,5.838,5.74,5.659,5.811,5.954,6.03,5.94,5.931,6.024,5.795,5.968,6.032,6.0,6.0,5.935,5.762,5.562,5.714,5.76,5.782,5.704,5.772,5.661,5.639,5.869,5.901,5.88,5.811,5.822,5.939,5.867,5.929,6.127,6.248,6.356,6.323,6.225,6.007,6.062,5.853,6.008,6.083,6.198,6.186,6.004,6.363,6.441,6.492,6.373,6.397,6.349,6.172,6.239,6.384,6.505,6.535,6.538,6.508,6.354,6.456,6.456,6.433,6.376,6.304,6.306,6.201,6.442,6.548,6.645,6.667,6.711,6.679,6.573,6.774,6.809,6.786,6.761,6.913,6.873,6.605,6.76,6.889,6.963,6.892,6.654,6.534,6.53,6.774,6.824,6.928,7.029,7.008,6.934,6.715,6.786,6.617,6.775,6.883,6.788,6.822,6.566,6.19,6.292,6.586,6.145,6.303,6.352,6.216,6.382,6.38,6.386,6.534,6.471,6.456,6.224,6.425,6.466,6.227,6.254,6.305,6.152,6.11,6.23,6.347,6.145,6.023,5.961,6.055,5.934,6.157,6.249,6.223,6.249,6.212,4.788,4.699,4.727,4.75,4.658,4.711,4.812,4.777,4.674,4.766,4.65,4.498,4.368,4.516,4.482,4.148,4.17,4.074,4.084,4.054,4.111,4.253,4.34,4.439,4.368,4.286,4.303,4.467,4.573,4.313,4.527,6.545,7.046,7.184,7.205,7.034,6.708,6.912,6.801,6.781,6.635,6.415,6.399,6.088,6.638,6.67,6.84,6.885,6.934,6.64,6.303,6.829,7.087,7.476,7.182,7.151,6.954,7.122,7.653,7.912,7.742,6.741,6.508,6.527,6.607,6.984,7.114,7.064,6.929,6.826,6.951,6.485,6.415,6.346,6.261,6.369,6.673,6.733,6.108,5.645,5.651,5.534,5.699,6.001,5.874,5.781,5.969,5.916,5.571,5.679,5.65,5.564,0.0,0.0,0.0,0.0,0.0,0.0,0.0,0.0,0.0,0.0,0.0,0.0,0.0,0.0,0.0,0.0,0.0,0.0,0.0,0.0,0.0,0.0,0.0,0.0,0.0,0.0,0.0,0.0,0.0,0.0,0.0,0.0,0.0,0.0,0.0,0.0,0.0,0.0,0.0,0.0,0.0,0.0,0.0,0.0,0.0,0.0,0.0,0.0,0.0,0.0,0.0,0.0,0.0,0.0,0.0,0.0,0.0,0.0,0.0,0.0,0.0,6.031,5.813,5.671,5.932,6.061,6.181,6.184,6.245,6.155,5.96,6.243,6.309,6.319,6.23,6.036,6.113,5.793,5.655,5.903,5.959,5.922,5.885,5.962,5.601,5.829,5.878,5.864,5.821,5.896,5.837,5.743,4.948,4.948,4.893,4.52,4.378,4.682,4.59,4.838,4.969,5.144,5.003,5.11,5.072,4.989,5.056,5.048,5.106,5.15,5.02,5.023,4.808,5.085,5.162,5.193,5.146,5.107,5.036,4.763,4.852,4.875,5.17,5.024,5.124,5.134,5.025,5.192,5.295,5.281,5.338,5.257,5.21,4.995,5.24,5.414,5.399,5.346,5.319,5.311,5.045,5.408,5.569,5.665,5.721,5.764,5.706,5.535,5.652,5.536,5.402,5.346,5.438,5.621,5.406,5.71,5.867,5.956,5.843,5.819,5.616,5.363,5.542,5.574,5.601,5.713,5.605,5.464,5.461,5.722,5.899,5.903,5.875,5.928,5.612,5.521,5.828,5.863,5.677,5.773,5.856,5.88,5.874,5.982,6.283,6.307,6.065,6.17,6.244,6.154,6.263,6.437,6.321,6.188,6.222,6.207,6.131,6.171,6.214,6.303,6.249,6.281,6.227,6.123,6.281,6.262,6.27,6.446,6.31,6.208,5.976,6.24,7.048,6.904,6.863,7.055,7.169,6.993,6.966,7.017,7.086,7.212,7.306,7.288,7.11,7.269,7.317,7.416,7.389,6.977,7.028,7.165,7.368,7.429,7.471,7.539,7.507,7.456,7.225,7.359,7.429,7.566,7.612,6.868,6.861,6.648,6.884,6.955,6.827,6.935,6.895,6.921,6.703,6.838,6.937,6.951,6.884,6.812,6.911,6.595,6.775,6.894,6.842,6.869,6.884,6.876,6.658,6.891,6.973,7.044,6.997,6.934,6.755,7.286,7.466,7.44,7.617,7.609,7.811,7.763,7.415,7.529,7.413,7.446,7.437,7.367,7.295,7.095,7.382,7.559,7.771,7.696,7.374,6.725,6.249,6.174,6.721,7.222,7.268,7.159,7.097,7.036,7.43,7.538,4.275,4.318,4.313,4.264,4.16,4.275,4.303,4.212,4.172,4.274,4.231,4.108,4.309,4.37,4.253,4.158,4.098,3.999,3.712,3.723,3.755,4.053,4.211,4.162,4.079,3.96,4.191,4.25,4.081,3.799,3.759,3.823,3.726,4.005,4.023,4.018,4.031,3.955,3.79,3.55,3.685,3.694,3.751,3.696,3.705,3.712,3.551,3.821,3.88,3.811,3.577,3.685,3.59,3.337,3.59,3.826,3.869,3.839,3.907,3.78,3.555,6.348,6.509,6.778,6.773,6.537,6.343,6.034,6.183,6.176,6.173,5.818,6.134,6.366,5.935,5.628,6.028,6.375,6.595,6.515,6.433,6.156,6.491,6.654,6.594,6.704,6.923,6.697,6.412,6.876,7.056,7.01,5.556,5.609,5.58,5.252,5.52,5.607,5.63,5.554,5.41,5.273,4.924,5.002,5.023,5.026,4.95,4.703,4.863,4.899,5.175,5.166,5.102,4.89,4.812,4.748,4.764,5.186,5.226,5.209,5.283,5.297,6.406,6.12,6.494,6.689,6.341,6.433,6.402,6.439,6.224,6.421,6.363,6.472,6.479,6.424,6.332,6.113,6.601,6.664,6.676,6.654,6.569,6.395,6.014,5.672,5.553,5.95,6.278,6.407,6.44,6.263,6.328,5.239,5.306,5.26,5.346,5.327,5.217,5.293,5.334,5.336,5.333,5.338,5.179,5.052,5.09,5.225,5.304,5.343,5.39,5.407,5.197,5.387,5.463,5.451,5.448,5.45,5.455,5.335,5.472,5.405,5.411,5.565,5.647,5.657,5.458,5.574,5.703,5.77,5.63,5.589,5.373,5.23,5.506,5.515,5.548,5.652,5.765,5.807,5.678,5.901,5.92,5.874,5.899,5.995,5.957,5.753,5.869,5.98,6.075,6.097,6.027,5.963,5.801,5.958,5.934,5.834,5.908,5.951,5.986,5.932,6.027,6.036,6.09,6.106,6.141,5.923,5.687,5.848,5.966,6.08,6.026,6.101,6.029,5.854,5.898,6.002,5.957,5.568,5.747,5.918,5.768,5.843,5.85,6.159,6.242,6.442,6.423,6.276,6.317,6.426,6.585,6.495,6.505,6.536,6.233,6.529,6.638,6.554,6.539,6.627,6.584,6.411,6.59,6.651,6.629,6.74,6.795,6.661,6.52,6.801,6.729,6.042,6.065,6.19,6.13,5.891,6.01,5.675,5.537,5.747,6.079,6.151,5.995,6.308,6.339,6.323,6.185,5.844,5.528,5.132,5.526,5.74,5.892,6.011,6.045,6.186,5.949,6.176,6.248,6.28,6.25,6.012,6.215,6.135,6.401,6.668,6.691,6.733,6.833,6.681,6.511,6.782,6.917,6.968,7.053,6.983,6.916,6.664,6.84,7.025,6.955,6.866,6.726,6.542,6.011,6.397,6.697,6.705,6.764,6.755,6.501,5.929,5.704,5.924,6.169,6.183,6.378,6.471,6.231,6.487,6.7,6.774,6.878,6.828,6.728,6.373,6.493,6.737,6.912,6.744,7.046,6.97,6.722,6.9,6.947,6.514,6.201,5.94,6.106,6.357,6.663,6.78,6.627,5.827,5.934,6.168,5.719,6.006,6.068,6.195,6.278,6.228,5.992,5.736,5.972,5.941,5.832,5.911,6.07,5.96,5.675,5.86,5.896,5.993,6.03,6.02,5.828,5.341,5.367,5.53,5.473,5.336,5.215,7.124,7.057,7.541,7.584,7.392,7.135,7.251,7.003,6.925,7.508,7.512,7.639,7.525,7.474,7.327,7.124,7.374,7.327,7.157,7.353,7.435,7.092,6.746,7.136,7.197,6.885,6.729,6.545,6.353,6.4,6.824,5.438,5.357,5.429,5.626,5.781,5.465,5.53,5.732,5.897,6.027,6.25,6.01,5.829,6.065,5.958,6.215,6.275,6.225,6.068,6.027,6.221,6.27,5.986,5.944,6.129,6.145,6.002,6.143,6.438,6.548,6.61,5.416,5.321,5.156,5.068,5.169,5.088,4.807,4.728,4.656,4.437,4.693,4.9,5.06,5.254,5.093,4.786,4.426,4.564,4.669,4.844,4.909,4.825,4.63,4.298,4.587,4.817,4.887,4.88,4.937,4.869,5.779,5.734,5.98,6.131,6.205,6.271,6.371,6.349,6.446,6.535,6.656,6.696,6.706,6.65,6.435,6.479,6.3,6.531,6.603,6.619,6.531,6.286,6.249,6.106,6.317,6.516,6.537,6.583,6.329,6.418,6.525,6.814,6.77,6.81,6.687,6.474,6.604,6.664,6.689,6.648,6.412,6.017,5.46,5.353,5.725,5.892,6.043,6.129,6.261,6.051,6.184,6.324,6.375,6.464,6.327,6.149,5.731,5.748,5.832,5.851,5.708,5.885,5.778,5.594,5.652,5.616,5.865,6.033,6.131,6.054,5.849,6.147,6.257,6.269,6.208,6.289,6.278,5.958,6.005,6.246,6.381,6.423,6.582,6.416,6.119,6.341,6.466,6.451,6.388,6.513,6.607,6.384,5.278,5.374,5.513,5.508,5.526,5.383,5.149,5.324,5.319,5.412,5.444,5.524,5.6,5.349,5.396,5.581,5.638,5.642,5.669,5.71,5.588,5.606,5.685,5.65,5.27,4.925,5.084,5.235,5.102,5.169,5.175,5.208,5.279,5.447,5.431,5.307,5.342,5.434,5.568,5.492,5.501,5.527,5.27,5.521,5.613,5.542,5.529,5.604,5.567,5.421,5.573,5.624,5.606,5.699,5.746,5.633,5.513,5.751,5.69,5.026,6.833,6.859,7.0,6.932,6.662,6.797,6.418,6.262,6.499,6.875,6.955,6.779,7.134,7.169,7.15,6.995,6.609,6.251,5.804,6.249,6.491,6.663,6.798,6.836,6.995,6.728,6.984,7.066,7.102,7.067,6.798,5.71,5.636,5.88,6.126,6.147,6.185,6.277,6.138,5.981,6.231,6.355,6.401,6.48,6.415,6.354,6.122,6.284,6.454,6.389,6.308,6.179,6.01,5.523,5.877,6.153,6.159,6.214,6.206,5.972,5.447,5.576,5.791,6.03,6.044,6.235,6.325,6.091,6.341,6.549,6.622,6.723,6.675,6.577,6.23,6.347,6.586,6.757,6.592,6.888,6.813,6.571,6.745,6.791,6.367,6.062,5.807,5.969,6.214,6.513,6.627,6.478,5.827,5.934,6.168,5.719,6.006,6.068,6.195,6.278,6.228,5.992,5.736,5.972,5.941,5.832,5.911,6.07,5.96,5.675,5.86,5.896,5.993,6.03,6.02,5.828,5.341,5.367,5.53,5.473,5.336,5.215,5.917,5.862,6.263,6.299,6.139,5.926,6.023,5.816,5.751,6.235,6.239,6.344,6.25,6.208,6.086,5.917,6.124,6.085,5.944,6.107,6.175,5.89,5.603,5.926,5.977,5.719,5.589,5.436,5.276,5.316,5.668,6.967,6.864,6.956,7.209,7.408,7.002,7.086,7.344,7.555,7.723,8.008,7.7,7.469,7.772,7.634,7.964,8.04,7.976,7.775,7.722,7.972,8.034,7.67,7.616,7.853,7.874,7.69,7.871,8.249,8.39,8.469,7.525,7.392,7.164,7.042,7.182,7.069,6.678,6.568,6.469,6.165,6.519,6.807,7.03,7.3,7.076,6.649,6.149,6.34,6.487,6.73,6.82,6.703,6.433,5.971,6.373,6.693,6.79,6.78,6.859,6.765,5.779,5.734,5.98,6.131,6.205,6.271,6.371,6.349,6.446,6.535,6.656,6.696,6.706,6.65,6.435,6.479,6.3,6.531,6.603,6.619,6.531,6.286,6.249,6.106,6.317,6.516,6.537,6.583,6.329,6.418,6.525,6.814,6.77,6.81,6.687,6.474,6.604,6.664,6.689,6.648,6.412,6.017,5.46,5.353,5.725,5.892,6.043,6.129,6.261,6.051,6.184,6.324,6.375,6.464,6.327,6.149,5.731,5.748,5.832,5.851,5.708,5.885,5.778,5.594,5.652,5.616,5.865,6.033,6.131,6.054,5.849,6.147,6.257,6.269,6.208,6.289,6.278,5.958,6.005,6.246,6.381,6.423,6.582,6.416,6.119,6.341,6.466,6.451,6.388,6.513,6.607,6.384
Guntur_209,5.136,5.171,5.268,5.281,5.085,5.114,5.226,5.233,5.128,5.071,5.163,5.165,5.228,5.135,4.986,4.959,5.19,5.167,4.958,5.169,5.207,5.091,5.148,5.272,5.33,5.086,5.25,5.326,5.367,5.403,5.359,6.384,6.078,6.272,6.434,6.435,6.43,6.502,6.278,6.14,6.245,6.274,6.339,6.563,6.553,6.617,6.34,6.496,6.628,6.601,6.457,6.233,6.286,6.121,6.327,6.439,6.509,6.431,6.393,6.321,6.146,6.321,6.391,6.29,6.191,6.229,6.314,6.128,6.083,5.641,5.861,6.217,6.255,6.215,5.976,6.184,6.381,6.354,7.043,6.94,6.694,6.586,6.47,6.733,6.972,7.049,7.021,6.984,6.767,6.59,6.575,7.728,7.9,7.954,7.903,7.597,7.979,8.018,7.976,8.028,8.089,7.938,7.749,8.19,8.04,7.983,7.75,7.693,7.618,7.363,7.823,7.864,7.671,7.792,7.874,7.798,7.646,7.928,7.936,7.951,7.814,6.819,6.835,6.735,6.932,6.906,6.991,7.176,7.168,7.124,6.841,6.731,6.789,6.763,6.708,6.747,6.668,6.689,6.262,6.557,6.754,6.545,6.456,6.625,6.729,6.433,6.586,6.698,6.89,6.871,6.714,6.559,4.954,5.016,5.003,5.14,5.1,5.132,5.035,5.353,5.449,5.519,5.451,5.466,5.307,5.125,5.384,5.379,5.464,5.539,5.425,5.39,5.181,5.478,5.62,5.55,5.548,5.36,5.245,5.086,5.326,5.592,0.0,0.0,0.0,0.0,0.0,0.0,0.0,0.0,0.0,0.0,0.0,0.0,0.0,0.0,0.0,0.0,0.0,0.0,0.0,0.0,0.0,0.0,0.0,0.0,0.0,0.0,0.0,0.0,0.0,0.0,0.0,0.0,0.0,0.0,0.0,0.0,0.0,0.0,0.0,0.0,0.0,0.0,0.0,0.0,0.0,0.0,0.0,0.0,0.0,0.0,0.0,0.0,0.0,0.0,0.0,0.0,0.0,0.0,0.0,0.0,0.0,0.0,0.0,0.0,0.0,0.0,0.0,0.0,0.0,0.0,0.0,0.0,0.0,0.0,0.0,0.0,0.0,0.0,0.0,0.0,0.0,0.0,0.0,0.0,0.0,0.0,0.0,0.0,0.0,0.0,0.0,0.0,6.608,6.566,6.76,6.549,6.671,6.871,7.1,7.198,7.201,6.988,6.602,6.671,6.774,6.484,6.596,6.67,6.819,6.643,6.799,6.806,6.78,6.65,6.483,6.474,6.144,6.268,6.591,6.72,6.872,7.0,6.945,5.299,5.484,5.543,5.524,5.468,5.591,5.51,5.289,5.397,5.378,5.34,5.434,5.335,4.856,4.718,4.753,5.065,5.211,5.299,5.339,5.297,5.208,5.462,5.44,5.291,4.985,4.996,5.094,5.184,5.366,6.098,6.187,6.123,6.183,6.145,5.88,5.997,6.1,5.991,6.087,6.14,6.022,5.861,6.027,6.19,6.196,6.253,6.34,6.233,6.146,6.311,6.467,6.549,6.451,6.442,6.542,6.294,6.482,6.551,6.516,6.516,6.197,6.017,5.808,5.967,6.014,6.037,5.956,6.027,5.911,5.888,6.128,6.161,6.14,6.068,6.079,6.201,6.126,6.191,6.397,6.524,6.637,6.602,6.5,6.273,6.329,6.112,6.273,6.352,6.472,6.459,6.269,7.297,7.386,7.445,7.309,7.336,7.281,7.078,7.155,7.321,7.46,7.494,7.498,7.464,7.287,7.404,7.404,7.378,7.312,7.23,7.232,7.111,7.388,7.509,7.621,7.646,7.696,7.66,7.538,7.158,7.194,7.17,7.144,7.304,7.262,6.979,7.143,7.28,7.357,7.282,7.031,6.903,6.9,7.158,7.211,7.32,7.427,7.405,7.327,7.095,7.17,6.991,7.158,7.273,7.172,7.208,6.938,6.54,6.649,6.958,6.364,6.527,6.578,6.437,6.609,6.607,6.612,6.767,6.701,6.686,6.446,6.654,6.696,6.448,6.476,6.53,6.371,6.327,6.452,6.572,6.363,6.237,6.173,6.27,6.145,6.376,6.472,6.444,6.471,6.433,6.395,6.276,6.314,6.344,6.222,6.293,6.427,6.38,6.243,6.365,6.21,6.008,5.834,6.031,5.987,5.54,5.569,5.442,5.455,5.415,5.49,5.68,5.797,5.929,5.834,5.725,5.747,5.966,6.108,5.76,6.047,5.444,5.861,5.975,5.993,5.85,5.579,5.749,5.657,5.64,5.519,5.336,5.323,5.064,5.521,5.548,5.689,5.727,5.768,5.523,5.243,5.68,5.895,6.218,5.974,5.948,5.784,5.924,6.366,6.581,6.44,5.756,5.557,5.574,5.642,5.963,6.075,6.031,5.917,5.829,5.935,5.538,5.478,5.418,5.346,5.438,5.698,5.749,5.216,4.82,4.825,4.726,4.866,5.124,5.015,4.936,5.097,5.052,4.757,4.849,4.824,4.751,0.0,0.0,0.0,0.0,0.0,0.0,0.0,0.0,0.0,0.0,0.0,0.0,0.0,0.0,0.0,0.0,0.0,0.0,0.0,0.0,0.0,0.0,0.0,0.0,0.0,0.0,0.0,0.0,0.0,0.0,0.0,0.0,0.0,0.0,0.0,0.0,0.0,0.0,0.0,0.0,0.0,0.0,0.0,0.0,0.0,0.0,0.0,0.0,0.0,0.0,0.0,0.0,0.0,0.0,0.0,0.0,0.0,0.0,0.0,0.0,0.0,6.807,6.561,6.402,6.696,6.841,6.977,6.98,7.05,6.948,6.728,7.047,7.121,7.133,7.033,6.813,6.901,6.539,6.384,6.663,6.726,6.684,6.643,6.73,6.323,6.58,6.635,6.619,6.571,6.656,6.589,6.483,6.161,6.16,6.092,5.628,5.451,5.83,5.715,6.024,6.187,6.405,6.229,6.363,6.316,6.212,6.296,6.285,6.357,6.413,6.25,6.254,5.987,6.331,6.428,6.466,6.408,6.359,6.271,5.931,6.042,6.07,5.954,5.785,5.901,5.913,5.787,5.979,6.098,6.081,6.148,6.054,6.0,5.752,6.035,6.235,6.217,6.157,6.125,6.116,5.81,6.227,6.413,6.524,6.589,6.637,6.571,6.374,6.509,6.375,6.221,6.156,6.263,6.302,6.062,6.403,6.579,6.679,6.552,6.524,6.298,6.014,6.215,6.25,6.281,6.406,6.284,6.126,6.124,6.416,6.615,6.619,6.587,6.647,6.293,6.191,6.535,6.574,6.365,6.474,6.567,6.593,6.587,6.707,6.703,6.729,6.471,6.582,6.661,6.566,6.682,6.867,6.744,6.601,6.638,6.621,6.541,6.584,6.629,6.725,6.667,6.701,6.643,6.532,6.7,6.681,6.689,6.877,6.732,6.623,6.375,6.657,7.398,7.246,7.203,7.405,7.524,7.34,7.311,7.364,7.437,7.569,7.668,7.649,7.462,7.629,7.679,7.784,7.755,7.323,7.376,7.521,7.733,7.797,7.841,7.912,7.879,7.825,7.583,7.724,7.797,7.941,7.989,7.584,7.576,7.34,7.602,7.68,7.538,7.658,7.614,7.643,7.402,7.55,7.66,7.676,7.601,7.522,7.631,7.283,7.481,7.612,7.555,7.584,7.602,7.592,7.352,7.609,7.699,7.778,7.726,7.657,7.459,6.779,6.946,6.922,7.087,7.08,7.267,7.222,6.899,7.005,6.897,6.928,6.919,6.854,6.787,6.601,6.868,7.033,7.23,7.16,6.861,6.257,5.814,5.744,6.253,6.719,6.762,6.66,6.603,6.546,6.913,7.013,7.406,7.481,7.472,7.388,7.207,7.406,7.455,7.297,7.228,7.404,7.33,7.116,7.466,7.571,7.368,7.204,7.099,6.929,6.431,6.45,6.505,7.022,7.295,7.21,7.067,6.861,7.261,7.363,7.07,6.582,6.513,6.623,6.455,6.939,6.969,6.961,6.984,6.853,6.566,6.151,6.384,6.399,6.499,6.402,6.418,6.431,6.153,6.619,6.721,6.602,6.197,6.384,6.22,5.781,6.22,6.628,6.704,6.652,6.769,6.549,6.159,5.166,5.297,5.516,5.512,5.32,5.162,4.911,5.032,5.026,5.024,4.735,4.992,5.181,4.83,4.58,4.906,5.188,5.367,5.302,5.235,5.01,5.282,5.415,5.366,5.456,5.634,5.45,5.219,5.596,5.742,5.705,7.18,7.248,7.211,6.788,7.134,7.247,7.276,7.178,6.991,6.815,6.364,6.465,6.492,6.496,6.397,6.078,6.285,6.331,6.688,6.676,6.594,6.319,6.219,6.137,6.157,6.703,6.754,6.731,6.828,6.846,5.952,5.686,6.033,6.215,5.891,5.977,5.947,5.982,5.782,5.966,5.912,6.013,6.019,5.969,5.883,5.679,6.132,6.192,6.202,6.182,6.103,5.941,5.587,5.269,5.159,5.528,5.833,5.953,5.983,5.818,5.879,5.88,5.956,5.904,6.0,5.979,5.855,5.94,5.987,5.988,5.986,5.992,5.812,5.67,5.713,5.864,5.953,5.997,6.05,6.069,5.833,6.047,6.132,6.118,6.115,6.117,6.122,5.988,6.141,6.066,6.073,5.479,5.56,5.569,5.374,5.488,5.614,5.681,5.543,5.503,5.29,5.149,5.421,5.43,5.462,5.564,5.676,5.718,5.59,5.81,5.829,5.783,5.807,5.903,5.865,5.664,5.778,5.887,5.981,6.002,5.933,5.871,6.453,6.628,6.602,6.491,6.572,6.62,6.659,6.599,6.705,6.715,6.775,6.793,6.832,6.59,6.327,6.506,6.637,6.764,6.704,6.787,6.707,6.512,6.561,6.677,6.627,6.194,6.394,6.583,6.416,6.501,6.508,6.855,6.948,7.17,7.149,6.985,7.031,7.153,7.329,7.229,7.24,7.274,6.937,7.267,7.389,7.294,7.278,7.376,7.328,7.136,7.335,7.403,7.379,7.501,7.563,7.414,7.257,7.57,7.49,7.035,7.062,7.207,7.137,6.859,6.998,6.608,6.447,6.692,7.078,7.161,6.98,7.345,7.381,7.362,7.202,6.805,6.436,5.976,6.434,6.683,6.86,6.999,7.038,7.202,6.927,7.191,7.275,7.312,7.277,7.0,6.975,6.884,7.183,7.483,7.509,7.556,7.668,7.497,7.306,7.611,7.762,7.819,7.915,7.836,7.761,7.478,7.675,7.884,7.804,7.705,7.548,7.341,6.746,7.178,7.516,7.524,7.59,7.58,7.295,6.653,6.08,6.315,6.576,6.591,6.799,6.898,6.643,6.915,7.142,7.221,7.332,7.279,7.172,6.794,6.922,7.182,7.369,7.189,7.511,7.43,7.165,7.355,7.406,6.944,6.61,6.332,6.509,6.777,7.103,7.227,7.064,7.693,7.834,8.144,7.55,7.93,8.011,8.179,8.288,8.223,7.911,7.572,7.884,7.843,7.699,7.803,8.014,7.868,7.493,7.737,7.785,7.913,7.961,7.948,7.695,7.051,7.086,7.301,7.225,7.044,6.886,5.333,5.284,5.646,5.678,5.534,5.342,5.429,5.243,5.184,5.621,5.624,5.719,5.634,5.596,5.486,5.334,5.521,5.485,5.359,5.505,5.566,5.31,5.051,5.342,5.388,5.155,5.038,4.9,4.756,4.792,5.109,9.458,9.318,9.444,9.786,10.056,9.506,9.619,9.97,10.257,10.484,10.871,10.454,10.139,10.55,10.363,10.811,10.915,10.827,10.555,10.483,10.822,10.907,10.412,10.339,10.661,10.689,10.439,10.685,11.198,11.39,11.497,8.348,8.2,7.947,7.811,7.967,7.842,7.408,7.286,7.176,6.839,7.232,7.551,7.798,8.098,7.85,7.376,6.821,7.033,7.196,7.466,7.566,7.436,7.136,6.623,7.069,7.424,7.532,7.521,7.609,7.504,6.805,6.752,7.041,7.22,7.307,7.384,7.502,7.476,7.59,7.695,7.838,7.884,7.897,7.83,7.577,7.629,7.419,7.69,7.775,7.794,7.69,7.401,7.358,7.19,7.438,7.673,7.697,7.751,7.453,7.557,7.683,7.251,7.204,7.246,7.116,6.889,7.027,7.091,7.117,7.073,6.823,6.402,5.81,5.696,6.091,6.27,6.43,6.521,6.662,6.439,6.58,6.729,6.783,6.877,6.732,6.543,6.098,6.116,6.205,6.225,6.073,6.099,5.987,5.797,5.857,5.82,6.078,6.251,6.353,6.273,6.061,6.37,6.483,6.496,6.433,6.517,6.506,6.174,6.223,6.472,6.612,6.655,6.82,6.649,6.341,6.571,6.701,6.685,6.62,6.749,6.846,6.615,6.219,6.331,6.495,6.49,6.51,6.342,6.067,6.273,6.266,6.376,6.414,6.508,6.598,6.302,6.358,6.576,6.642,6.647,6.679,6.728,6.583,6.605,6.698,6.657,6.209,5.803,5.99,6.168,6.011,6.09,6.097,6.394,6.481,6.688,6.669,6.516,6.559,6.672,6.837,6.743,6.754,6.785,6.471,6.779,6.892,6.804,6.789,6.88,6.836,6.656,6.842,6.906,6.883,6.997,7.055,6.916,6.769,7.061,6.986,6.171,7.383,7.411,7.563,7.49,7.198,7.344,6.935,6.766,7.022,7.428,7.515,7.325,7.708,7.746,7.726,7.558,7.141,6.755,6.271,6.752,7.013,7.199,7.345,7.386,7.558,7.27,7.546,7.635,7.674,7.636,7.346,6.113,6.034,6.296,6.559,6.582,6.622,6.721,6.571,6.404,6.671,6.804,6.853,6.937,6.868,6.803,6.555,6.727,6.91,6.84,6.754,6.616,6.435,5.913,6.292,6.587,6.594,6.653,6.644,6.394,5.831,6.114,6.35,6.613,6.628,6.837,6.937,6.68,6.953,7.182,7.262,7.373,7.32,7.212,6.832,6.961,7.222,7.41,7.229,7.553,7.471,7.205,7.396,7.447,6.982,6.647,6.368,6.545,6.815,7.143,7.268,7.104,7.693,7.834,8.144,7.55,7.93,8.011,8.179,8.288,8.223,7.911,7.572,7.884,7.843,7.699,7.803,8.014,7.868,7.493,7.737,7.785,7.913,7.961,7.948,7.695,7.051,7.086,7.301,7.225,7.044,6.886,6.488,6.428,6.868,6.907,6.732,6.499,6.604,6.378,6.307,6.838,6.842,6.957,6.854,6.808,6.674,6.489,6.716,6.673,6.519,6.697,6.772,6.459,6.144,6.499,6.555,6.271,6.129,5.961,5.786,5.829,6.215,4.306,4.242,4.3,4.456,4.579,4.328,4.38,4.539,4.67,4.773,4.95,4.759,4.616,4.803,4.718,4.922,4.969,4.93,4.806,4.773,4.927,4.966,4.74,4.707,4.854,4.867,4.753,4.865,5.098,5.186,5.235,8.349,8.201,7.948,7.812,7.968,7.843,7.409,7.287,7.177,6.839,7.233,7.552,7.799,8.099,7.851,7.377,6.822,7.034,7.196,7.467,7.567,7.437,7.136,6.624,7.07,7.425,7.533,7.521,7.61,7.505,6.805,6.752,7.041,7.22,7.307,7.384,7.502,7.476,7.59,7.695,7.838,7.884,7.897,7.83,7.577,7.629,7.419,7.69,7.775,7.794,7.69,7.401,7.358,7.19,7.438,7.673,7.697,7.751,7.453,7.557,7.683,7.251,7.204,7.246,7.116,6.889,7.027,7.091,7.117,7.073,6.823,6.402,5.81,5.696,6.091,6.27,6.43,6.521,6.662,6.439,6.58,6.729,6.783,6.877,6.732,6.543,6.098,6.116,6.205,6.225,6.073,6.099,5.987,5.797,5.857,5.82,6.078,6.251,6.353,6.273,6.061,6.37,6.483,6.496,6.433,6.517,6.506,6.174,6.223,6.472,6.612,6.655,6.82,6.649,6.341,6.571,6.701,6.685,6.62,6.749,6.846,6.615
Guntur_210,4.587,4.618,4.705,4.717,4.542,4.568,4.667,4.673,4.58,4.529,4.611,4.613,4.67,4.587,4.453,4.429,4.636,4.615,4.428,4.617,4.65,4.547,4.598,4.709,4.76,4.542,4.689,4.757,4.793,4.826,4.786,5.219,4.968,5.127,5.26,5.261,5.256,5.315,5.132,5.02,5.106,5.129,5.182,5.366,5.357,5.41,5.183,5.31,5.419,5.397,5.279,5.096,5.139,5.004,5.172,5.264,5.321,5.257,5.226,5.167,4.945,5.086,5.142,5.061,4.981,5.012,5.08,4.931,4.894,4.539,4.715,5.002,5.033,5.001,4.808,4.976,5.134,5.113,5.667,5.584,5.386,5.3,5.206,5.417,5.609,5.672,5.649,5.619,5.445,5.302,5.29,6.77,6.919,6.967,6.923,6.654,6.989,7.023,6.987,7.032,7.085,6.953,6.788,7.174,7.043,6.993,6.789,6.739,6.673,6.449,6.853,6.889,6.719,6.826,6.897,6.83,6.697,6.944,6.952,6.964,6.844,5.572,5.585,5.504,5.665,5.643,5.713,5.864,5.858,5.821,5.59,5.501,5.548,5.527,5.482,5.513,5.449,5.467,5.117,5.358,5.519,5.349,5.276,5.414,5.499,5.257,5.382,5.474,5.631,5.615,5.487,5.36,3.899,3.948,3.938,4.045,4.015,4.04,3.963,4.213,4.289,4.344,4.291,4.302,4.177,4.034,4.238,4.234,4.3,4.359,4.27,4.242,4.078,4.312,4.423,4.368,4.367,4.219,4.128,4.003,4.192,4.402,0.0,0.0,0.0,0.0,0.0,0.0,0.0,0.0,0.0,0.0,0.0,0.0,0.0,0.0,0.0,0.0,0.0,0.0,0.0,0.0,0.0,0.0,0.0,0.0,0.0,0.0,0.0,0.0,0.0,0.0,0.0,0.0,0.0,0.0,0.0,0.0,0.0,0.0,0.0,0.0,0.0,0.0,0.0,0.0,0.0,0.0,0.0,0.0,0.0,0.0,0.0,0.0,0.0,0.0,0.0,0.0,0.0,0.0,0.0,0.0,0.0,0.0,7.098,7.122,7.125,7.263,7.319,6.935,7.01,7.205,7.528,7.422,7.325,7.09,6.875,6.951,7.068,7.168,7.032,6.981,7.169,6.853,6.976,6.881,6.76,6.974,7.008,6.696,6.475,6.974,7.122,7.063,6.608,6.566,6.76,6.549,6.671,6.871,7.1,7.198,7.201,6.988,6.602,6.671,6.774,6.484,6.596,6.67,6.819,6.643,6.799,6.806,6.78,6.65,6.483,6.474,6.144,6.268,6.591,6.72,6.872,7.0,6.945,4.763,4.929,4.982,4.965,4.915,5.026,4.953,4.753,4.851,4.834,4.8,4.884,4.795,4.365,4.24,4.272,4.552,4.683,4.763,4.799,4.761,4.681,4.909,4.889,4.755,4.48,4.49,4.578,4.659,4.822,5.341,5.419,5.363,5.415,5.382,5.15,5.253,5.343,5.247,5.332,5.378,5.275,5.133,5.279,5.421,5.427,5.477,5.553,5.46,5.383,5.527,5.664,5.736,5.65,5.642,5.73,5.512,5.677,5.738,5.707,5.707,6.3,6.116,5.904,6.065,6.113,6.137,6.054,6.127,6.008,5.986,6.229,6.263,6.241,6.168,6.179,6.303,6.227,6.293,6.503,6.632,6.746,6.711,6.608,6.376,6.434,6.213,6.377,6.457,6.579,6.566,6.373,6.207,6.283,6.333,6.217,6.24,6.194,6.021,6.087,6.228,6.346,6.375,6.378,6.349,6.199,6.298,6.298,6.276,6.22,6.15,6.152,6.049,6.285,6.388,6.483,6.504,6.547,6.516,6.413,6.166,6.198,6.177,6.154,6.292,6.256,6.012,6.154,6.271,6.338,6.273,6.057,5.947,5.944,6.166,6.212,6.306,6.398,6.379,6.312,6.112,6.177,6.023,6.167,6.265,6.179,6.21,5.977,5.634,5.728,5.995,6.394,6.558,6.609,6.468,6.64,6.638,6.644,6.799,6.733,6.717,6.476,6.685,6.728,6.479,6.507,6.561,6.401,6.357,6.482,6.604,6.393,6.267,6.202,6.3,6.174,6.406,6.502,6.475,6.502,6.464,6.481,6.36,6.398,6.429,6.305,6.377,6.513,6.466,6.327,6.45,6.294,6.088,5.912,6.112,6.067,5.614,5.644,5.515,5.528,5.487,5.564,5.756,5.875,6.008,5.912,5.802,5.824,6.046,6.189,5.837,6.128,6.35,6.836,6.969,6.99,6.824,6.507,6.705,6.597,6.578,6.437,6.223,6.208,5.906,6.439,6.47,6.636,6.679,6.727,6.442,6.115,6.625,6.875,7.253,6.967,6.937,6.746,6.909,7.425,7.675,7.511,5.364,5.179,5.194,5.257,5.557,5.661,5.62,5.513,5.431,5.53,5.16,5.104,5.049,4.981,5.067,5.309,5.357,4.86,4.491,4.496,4.403,4.535,4.775,4.673,4.6,4.75,4.707,4.432,4.519,4.495,4.427,0.0,0.0,0.0,0.0,0.0,0.0,0.0,0.0,0.0,0.0,0.0,0.0,0.0,0.0,0.0,0.0,0.0,0.0,0.0,0.0,0.0,0.0,0.0,0.0,0.0,0.0,0.0,0.0,0.0,0.0,0.0,0.0,0.0,0.0,0.0,0.0,0.0,0.0,0.0,0.0,0.0,0.0,0.0,0.0,0.0,0.0,0.0,0.0,0.0,0.0,0.0,0.0,0.0,0.0,0.0,0.0,0.0,0.0,0.0,0.0,0.0,5.587,5.385,5.254,5.496,5.615,5.726,5.729,5.786,5.702,5.522,5.784,5.844,5.854,5.772,5.591,5.663,5.366,5.239,5.469,5.52,5.486,5.452,5.523,5.189,5.4,5.446,5.432,5.393,5.462,5.407,5.321,7.117,7.117,7.038,6.501,6.297,6.735,6.602,6.959,7.147,7.399,7.196,7.351,7.296,7.177,7.273,7.261,7.344,7.408,7.221,7.225,6.916,7.314,7.425,7.469,7.402,7.346,7.244,6.851,6.98,7.012,5.803,5.639,5.751,5.763,5.641,5.828,5.944,5.928,5.992,5.9,5.849,5.607,5.882,6.077,6.06,6.001,5.97,5.961,5.663,6.07,6.251,6.359,6.422,6.47,6.405,6.213,6.344,6.214,6.063,6.001,6.104,6.314,6.073,6.415,6.591,6.691,6.564,6.537,6.309,6.025,6.226,6.262,6.292,6.418,6.296,6.138,6.135,6.428,6.627,6.632,6.6,6.659,6.304,6.203,6.547,6.586,6.377,6.486,6.579,6.606,6.599,6.72,5.815,5.838,5.614,5.711,5.779,5.697,5.798,5.958,5.851,5.727,5.759,5.745,5.675,5.712,5.751,5.835,5.784,5.814,5.764,5.667,5.813,5.796,5.804,5.967,5.84,5.746,5.531,5.776,6.902,6.76,6.721,6.908,7.02,6.848,6.821,6.871,6.939,7.061,7.154,7.136,6.962,7.118,7.165,7.262,7.235,6.832,6.882,7.016,7.215,7.274,7.315,7.382,7.35,7.301,7.075,7.206,7.274,7.408,7.453,8.223,8.214,7.959,8.242,8.327,8.174,8.304,8.256,8.287,8.025,8.186,8.306,8.323,8.242,8.156,8.274,7.896,8.111,8.254,8.192,8.224,8.242,8.232,7.972,8.25,8.348,8.433,8.378,8.302,8.088,6.064,6.214,6.192,6.339,6.333,6.501,6.461,6.172,6.266,6.17,6.197,6.189,6.131,6.072,5.905,6.144,6.291,6.467,6.405,6.137,5.597,5.201,5.138,5.594,6.011,6.049,5.958,5.906,5.856,6.184,6.273,5.616,5.672,5.665,5.602,5.465,5.615,5.653,5.533,5.481,5.614,5.558,5.396,5.661,5.741,5.587,5.463,5.383,5.254,4.877,4.891,4.932,5.325,5.531,5.467,5.359,5.203,5.506,5.583,5.361,4.991,4.938,5.022,4.895,5.262,5.284,5.278,5.296,5.196,4.978,4.664,4.841,4.852,4.928,4.855,4.867,4.876,4.665,5.019,5.096,5.006,4.699,4.841,4.716,4.383,4.716,5.026,5.083,5.044,5.133,4.966,4.67,5.053,5.181,5.395,5.391,5.203,5.049,4.803,4.921,4.916,4.914,4.631,4.882,5.068,4.724,4.48,4.798,5.075,5.249,5.186,5.121,4.9,5.167,5.296,5.249,5.336,5.511,5.33,5.104,5.473,5.616,5.58,6.761,6.825,6.79,6.392,6.718,6.824,6.852,6.759,6.583,6.417,5.992,6.088,6.113,6.117,6.023,5.724,5.918,5.961,6.297,6.287,6.209,5.95,5.856,5.778,5.798,6.311,6.36,6.339,6.429,6.446,5.649,5.396,5.726,5.899,5.592,5.672,5.645,5.677,5.488,5.662,5.611,5.707,5.713,5.665,5.583,5.39,5.82,5.877,5.886,5.867,5.792,5.639,5.303,5.001,4.896,5.247,5.536,5.65,5.679,5.522,5.58,5.702,5.775,5.725,5.817,5.797,5.677,5.76,5.805,5.806,5.804,5.809,5.636,5.498,5.54,5.686,5.772,5.814,5.866,5.884,5.656,5.863,5.945,5.932,5.929,5.931,5.936,5.806,5.955,5.881,5.888,5.743,5.827,5.837,5.633,5.752,5.885,5.954,5.81,5.768,5.545,5.397,5.682,5.691,5.725,5.832,5.949,5.993,5.859,6.089,6.109,6.062,6.087,6.187,6.147,5.936,6.056,6.171,6.269,6.291,6.219,6.153,6.329,6.5,6.474,6.365,6.445,6.493,6.531,6.471,6.576,6.585,6.645,6.662,6.7,6.462,6.205,6.38,6.509,6.633,6.574,6.656,6.577,6.387,6.435,6.549,6.499,6.074,6.27,6.456,6.292,6.375,6.383,6.37,6.457,6.663,6.644,6.491,6.534,6.647,6.811,6.718,6.729,6.76,6.447,6.754,6.866,6.779,6.763,6.855,6.81,6.631,6.817,6.88,6.857,6.971,7.028,6.89,6.744,7.035,6.96,6.543,6.567,6.702,6.637,6.378,6.507,6.145,5.996,6.223,6.582,6.66,6.491,6.83,6.864,6.846,6.697,6.328,5.985,5.557,5.983,6.215,6.379,6.508,6.545,6.698,6.442,6.687,6.765,6.8,6.767,6.509,6.356,6.274,6.546,6.82,6.843,6.886,6.988,6.832,6.659,6.936,7.074,7.126,7.213,7.142,7.073,6.816,6.995,7.185,7.113,7.022,6.879,6.691,6.148,6.542,6.849,6.857,6.917,6.908,6.648,6.063,5.742,5.964,6.21,6.224,6.421,6.514,6.273,6.53,6.745,6.82,6.924,6.874,6.773,6.416,6.537,6.783,6.959,6.789,7.093,7.017,6.767,6.946,6.994,6.557,6.243,5.98,6.147,6.4,6.708,6.825,6.671,7.517,7.656,7.958,7.379,7.749,7.828,7.993,8.099,8.036,7.731,7.4,7.704,7.665,7.524,7.626,7.832,7.689,7.322,7.56,7.607,7.733,7.78,7.767,7.52,6.89,6.925,7.135,7.061,6.884,6.729,5.333,5.284,5.646,5.678,5.534,5.342,5.429,5.243,5.184,5.621,5.624,5.719,5.634,5.596,5.486,5.334,5.521,5.485,5.359,5.505,5.566,5.31,5.051,5.342,5.388,5.155,5.038,4.9,4.756,4.792,5.109,9.909,9.762,9.894,10.253,10.536,9.959,10.078,10.446,10.745,10.984,11.39,10.952,10.622,11.053,10.857,11.326,11.435,11.343,11.058,10.983,11.337,11.427,10.908,10.832,11.169,11.198,10.937,11.195,11.732,11.933,12.046,8.348,8.2,7.947,7.811,7.967,7.842,7.408,7.286,7.176,6.839,7.232,7.551,7.798,8.098,7.85,7.376,6.821,7.033,7.196,7.466,7.566,7.436,7.136,6.623,7.069,7.424,7.532,7.521,7.609,7.504,6.76,6.708,6.995,7.172,7.259,7.336,7.453,7.427,7.541,7.644,7.786,7.832,7.845,7.779,7.528,7.579,7.37,7.64,7.724,7.743,7.64,7.353,7.31,7.143,7.389,7.622,7.647,7.701,7.404,7.507,7.632,8.359,8.304,8.353,8.203,7.942,8.101,8.174,8.205,8.154,7.865,7.38,6.698,6.567,7.022,7.228,7.413,7.518,7.68,7.423,7.586,7.758,7.82,7.928,7.761,7.542,7.03,7.05,7.153,7.177,7.001,5.682,5.578,5.401,5.457,5.422,5.663,5.824,5.919,5.845,5.647,5.935,6.041,6.052,5.993,6.072,6.061,5.752,5.798,6.03,6.16,6.201,6.354,6.195,5.908,6.122,6.243,6.228,6.168,6.288,6.379,6.163,5.923,6.03,6.186,6.181,6.2,6.04,5.778,5.974,5.968,6.072,6.109,6.198,6.284,6.002,6.055,6.263,6.326,6.331,6.361,6.408,6.27,6.291,6.379,6.34,5.913,5.527,5.705,5.874,5.725,5.8,5.807,5.788,5.867,6.054,6.037,5.898,5.937,6.04,6.189,6.104,6.114,6.142,5.858,6.137,6.239,6.159,6.145,6.228,6.188,6.025,6.194,6.251,6.231,6.334,6.386,6.26,6.128,6.392,6.324,5.586,7.327,7.355,7.505,7.433,7.143,7.288,6.882,6.715,6.969,7.372,7.458,7.269,7.649,7.687,7.667,7.5,7.087,6.703,6.223,6.701,6.96,7.144,7.289,7.33,7.501,7.214,7.489,7.577,7.615,7.578,7.29,6.227,6.146,6.413,6.681,6.704,6.746,6.846,6.693,6.523,6.795,6.93,6.981,7.066,6.996,6.929,6.677,6.852,7.038,6.968,6.879,6.739,6.554,6.023,6.409,6.71,6.717,6.776,6.768,6.513,5.94,6.114,6.35,6.613,6.628,6.837,6.937,6.68,6.953,7.182,7.262,7.373,7.32,7.212,6.832,6.961,7.222,7.41,7.229,7.553,7.471,7.205,7.396,7.447,6.982,6.647,6.368,6.545,6.815,7.143,7.268,7.104,7.517,7.656,7.958,7.379,7.749,7.828,7.993,8.099,8.036,7.731,7.4,7.704,7.665,7.524,7.626,7.832,7.689,7.322,7.56,7.607,7.733,7.78,7.767,7.52,6.89,6.925,7.135,7.061,6.884,6.729,6.488,6.428,6.868,6.907,6.732,6.499,6.604,6.378,6.307,6.838,6.842,6.957,6.854,6.808,6.674,6.489,6.716,6.673,6.519,6.697,6.772,6.459,6.144,6.499,6.555,6.271,6.129,5.961,5.786,5.829,6.215,5.841,5.754,5.831,6.043,6.21,5.87,5.94,6.157,6.333,6.474,6.713,6.455,6.261,6.515,6.399,6.676,6.74,6.686,6.518,6.473,6.682,6.735,6.429,6.385,6.583,6.6,6.446,6.598,6.915,7.033,7.1,7.876,7.737,7.498,7.37,7.517,7.399,6.989,6.875,6.771,6.452,6.824,7.125,7.357,7.641,7.407,6.959,6.436,6.636,6.789,7.044,7.139,7.016,6.733,6.249,6.67,7.005,7.107,7.096,7.179,7.08,6.76,6.708,6.995,7.172,7.259,7.336,7.453,7.427,7.541,7.644,7.786,7.832,7.845,7.779,7.528,7.579,7.37,7.64,7.724,7.743,7.64,7.353,7.31,7.143,7.389,7.622,7.647,7.701,7.404,7.507,7.632,8.359,8.304,8.353,8.203,7.942,8.101,8.174,8.205,8.154,7.865,7.38,6.698,6.567,7.022,7.228,7.413,7.518,7.68,7.423,7.586,7.758,7.82,7.928,7.761,7.542,7.03,7.05,7.153,7.177,7.001,5.682,5.578,5.401,5.457,5.422,5.663,5.824,5.919,5.845,5.647,5.935,6.041,6.052,5.993,6.072,6.061,5.752,5.798,6.03,6.16,6.201,6.354,6.195,5.908,6.122,6.243,6.228,6.168,6.288,6.379,6.163
Guntur_211,6.965,7.013,7.145,7.163,6.897,6.936,7.087,7.097,6.955,6.877,7.003,7.006,7.091,6.965,6.762,6.726,7.039,7.008,6.725,7.011,7.062,6.904,6.982,7.151,7.228,6.898,7.12,7.224,7.279,7.328,7.268,6.237,5.937,6.127,6.286,6.287,6.282,6.352,6.133,5.999,6.101,6.13,6.193,6.412,6.402,6.465,6.194,6.346,6.476,6.449,6.309,6.09,6.142,5.98,6.181,6.29,6.359,6.283,6.246,6.175,6.528,6.714,6.788,6.681,6.576,6.616,6.706,6.509,6.46,5.991,6.225,6.604,6.644,6.601,6.347,6.568,6.777,6.749,7.48,7.371,7.11,6.996,6.872,7.151,7.405,7.487,7.457,7.418,7.187,6.999,6.984,7.507,7.673,7.726,7.677,7.379,7.75,7.788,7.748,7.798,7.857,7.711,7.527,7.956,7.81,7.754,7.528,7.473,7.4,7.152,7.599,7.639,7.451,7.569,7.648,7.574,7.427,7.701,7.709,7.723,7.59,7.585,7.602,7.491,7.711,7.681,7.776,7.982,7.973,7.924,7.609,7.487,7.551,7.523,7.462,7.504,7.417,7.441,6.965,7.293,7.512,7.28,7.181,7.37,7.485,7.156,7.326,7.451,7.664,7.643,7.468,7.295,5.866,5.94,5.924,6.086,6.039,6.077,5.962,6.338,6.452,6.535,6.455,6.472,6.284,6.069,6.375,6.37,6.47,6.558,6.424,6.382,6.135,6.487,6.654,6.571,6.57,6.346,6.211,6.022,6.307,6.622,0.0,0.0,0.0,0.0,0.0,0.0,0.0,0.0,0.0,0.0,0.0,0.0,0.0,0.0,0.0,0.0,0.0,0.0,0.0,0.0,0.0,0.0,0.0,0.0,0.0,0.0,0.0,0.0,0.0,0.0,0.0,0.0,0.0,0.0,0.0,0.0,0.0,0.0,0.0,0.0,0.0,0.0,0.0,0.0,0.0,0.0,0.0,0.0,0.0,0.0,0.0,0.0,0.0,0.0,0.0,0.0,0.0,0.0,0.0,0.0,0.0,0.0,7.098,7.122,7.125,7.263,7.319,6.935,7.01,7.205,7.528,7.422,7.325,7.09,6.875,6.951,7.068,7.168,7.032,6.981,7.169,6.853,6.976,6.881,6.76,6.974,7.008,6.696,6.475,6.974,7.122,7.063,8.27,8.218,8.461,8.197,8.35,8.6,8.886,9.01,9.013,8.746,8.264,8.349,8.479,8.115,8.256,8.349,8.535,8.315,8.51,8.518,8.486,8.324,8.115,8.103,7.69,7.845,8.25,8.412,8.601,8.762,8.692,6.244,6.462,6.531,6.509,6.443,6.588,6.493,6.232,6.359,6.337,6.292,6.403,6.286,5.722,5.559,5.6,5.968,6.14,6.244,6.291,6.242,6.137,6.436,6.41,6.234,5.874,5.887,6.002,6.108,6.322,6.602,6.699,6.63,6.694,6.654,6.366,6.493,6.605,6.487,6.591,6.648,6.521,6.346,6.526,6.702,6.708,6.771,6.865,6.749,6.654,6.833,7.002,7.091,6.985,6.975,7.083,6.814,7.018,7.093,7.055,7.055,7.253,7.041,6.797,6.983,7.038,7.065,6.97,7.054,6.917,6.891,7.171,7.21,7.185,7.101,7.114,7.257,7.169,7.245,7.487,7.635,7.767,7.727,7.607,7.341,7.407,7.153,7.341,7.433,7.574,7.559,7.337,7.42,7.511,7.571,7.432,7.46,7.404,7.197,7.276,7.445,7.586,7.621,7.625,7.59,7.41,7.529,7.529,7.502,7.435,7.352,7.354,7.231,7.513,7.636,7.749,7.775,7.826,7.789,7.666,7.013,7.049,7.025,6.999,7.156,7.115,6.838,6.999,7.132,7.208,7.135,6.889,6.764,6.76,7.013,7.065,7.172,7.277,7.255,7.178,6.951,7.025,6.85,7.013,7.126,7.027,7.063,6.797,6.408,6.514,6.818,7.554,7.747,7.808,7.641,7.845,7.842,7.849,8.032,7.954,7.936,7.651,7.898,7.948,7.654,7.687,7.751,7.562,7.51,7.658,7.801,7.553,7.404,7.327,7.443,7.294,7.568,7.682,7.649,7.681,7.636,6.685,6.56,6.6,6.632,6.504,6.578,6.718,6.67,6.526,6.654,6.492,6.28,6.098,6.304,6.258,5.791,5.822,5.688,5.702,5.66,5.739,5.938,6.06,6.197,6.099,5.984,6.008,6.236,6.384,6.021,6.321,6.925,7.456,7.601,7.624,7.442,7.097,7.313,7.196,7.175,7.02,6.788,6.771,6.442,7.023,7.057,7.237,7.285,7.337,7.026,6.669,7.225,7.499,7.91,7.599,7.566,7.357,7.536,8.098,8.371,8.192,5.364,5.179,5.194,5.257,5.557,5.661,5.62,5.513,5.431,5.53,5.16,5.104,5.049,4.981,5.067,5.309,5.357,4.86,4.491,4.496,4.403,4.535,4.775,4.673,4.6,4.75,4.707,4.432,4.519,4.495,4.427,11.942,13.041,13.403,13.622,14.094,14.292,14.758,14.668,14.953,14.977,15.003,15.215,15.344,14.961,14.58,13.709,15.621,15.361,14.956,14.846,14.56,13.937,14.532,14.632,14.701,14.825,15.027,14.893,14.354,14.598,14.504,0.0,0.0,0.0,0.0,0.0,0.0,0.0,0.0,0.0,0.0,0.0,0.0,0.0,0.0,0.0,0.0,0.0,0.0,0.0,0.0,0.0,0.0,0.0,0.0,0.0,0.0,0.0,0.0,0.0,0.0,6.658,6.417,6.261,6.549,6.691,6.824,6.827,6.894,6.795,6.58,6.892,6.964,6.976,6.878,6.663,6.749,6.395,6.243,6.517,6.578,6.537,6.497,6.582,6.184,6.435,6.489,6.474,6.426,6.509,6.444,6.34,7.956,7.955,7.867,7.267,7.039,7.528,7.38,7.779,7.989,8.27,8.044,8.217,8.156,8.022,8.13,8.116,8.209,8.281,8.071,8.076,7.731,8.176,8.3,8.349,8.274,8.212,8.097,7.659,7.802,7.838,6.737,6.547,6.677,6.691,6.549,6.767,6.901,6.882,6.957,6.85,6.79,6.509,6.829,7.055,7.035,6.967,6.932,6.921,6.575,7.047,7.257,7.383,7.456,7.511,7.436,7.213,7.366,7.215,7.04,6.967,7.087,6.919,6.655,7.029,7.222,7.332,7.193,7.163,6.914,6.602,6.823,6.862,6.895,7.032,6.899,6.726,6.723,7.044,7.262,7.267,7.232,7.297,6.908,6.797,7.174,7.217,6.988,7.107,7.209,7.238,7.231,7.364,7.631,7.662,7.368,7.494,7.584,7.476,7.608,7.819,7.678,7.516,7.557,7.539,7.448,7.496,7.548,7.657,7.591,7.63,7.564,7.437,7.629,7.606,7.616,7.83,7.664,7.54,7.259,7.579,7.915,7.752,7.707,7.922,8.05,7.853,7.822,7.879,7.957,8.098,8.203,8.184,7.984,8.163,8.216,8.328,8.297,7.835,7.892,8.046,8.274,8.342,8.389,8.465,8.429,8.372,8.113,8.263,8.342,8.496,8.547,9.049,9.04,8.759,9.071,9.164,8.995,9.138,9.086,9.12,8.832,9.009,9.141,9.159,9.07,8.976,9.106,8.69,8.927,9.083,9.015,9.05,9.071,9.06,8.773,9.079,9.187,9.281,9.22,9.137,8.901,7.832,8.025,7.997,8.187,8.179,8.396,8.344,7.971,8.093,7.968,8.004,7.994,7.918,7.841,7.626,7.935,8.125,8.352,8.272,7.927,7.229,6.717,6.636,7.225,7.763,7.812,7.695,7.628,7.563,7.987,8.102,5.616,5.672,5.665,5.602,5.465,5.615,5.653,5.533,5.481,5.614,5.558,5.396,5.661,5.741,5.587,5.463,5.383,5.254,4.877,4.891,4.932,5.325,5.531,5.467,5.359,5.203,5.506,5.583,5.361,4.991,4.938,5.022,4.895,5.262,5.284,5.278,5.296,5.196,4.978,4.664,4.841,4.852,4.928,4.855,4.867,4.876,4.665,5.019,5.096,5.006,4.699,4.841,4.716,4.383,4.716,5.026,5.083,5.044,5.133,4.966,4.67,6.065,6.219,6.476,6.471,6.245,6.061,5.765,5.907,5.901,5.898,5.559,5.86,6.082,5.67,5.377,5.759,6.091,6.3,6.225,6.146,5.881,6.201,6.357,6.3,6.405,6.614,6.398,6.126,6.569,6.741,6.697,7.276,7.346,7.308,6.879,7.23,7.344,7.374,7.274,7.085,6.906,6.449,6.552,6.579,6.583,6.483,6.16,6.37,6.416,6.778,6.766,6.683,6.404,6.302,6.219,6.24,6.793,6.845,6.822,6.92,6.938,7.334,7.006,7.434,7.658,7.26,7.365,7.329,7.371,7.125,7.351,7.285,7.409,7.417,7.355,7.249,6.998,7.557,7.63,7.642,7.618,7.52,7.321,6.885,6.493,6.357,6.812,7.188,7.335,7.373,7.17,7.245,8.272,8.378,8.305,8.44,8.41,8.236,8.356,8.422,8.424,8.42,8.428,8.176,7.976,8.037,8.25,8.373,8.436,8.51,8.537,8.205,8.506,8.626,8.606,8.602,8.604,8.612,8.423,8.639,8.533,8.543,6.432,6.526,6.538,6.308,6.442,6.59,6.669,6.507,6.459,6.21,6.044,6.364,6.374,6.412,6.532,6.663,6.712,6.562,6.82,6.842,6.789,6.817,6.929,6.884,6.649,6.782,6.911,7.021,7.046,6.965,6.891,7.877,8.091,8.058,7.922,8.022,8.081,8.128,8.054,8.184,8.196,8.27,8.291,8.339,8.043,7.723,7.941,8.102,8.255,8.182,8.284,8.186,7.949,8.009,8.15,8.089,7.56,7.804,8.036,7.832,7.934,7.944,6.799,6.891,7.112,7.091,6.928,6.974,7.094,7.27,7.17,7.182,7.215,6.881,7.208,7.329,7.235,7.219,7.316,7.268,7.078,7.275,7.343,7.319,7.44,7.501,7.354,7.198,7.508,7.429,7.085,7.111,7.257,7.187,6.907,7.047,6.654,6.493,6.738,7.128,7.212,7.029,7.396,7.433,7.413,7.252,6.852,6.481,6.018,6.479,6.73,6.908,7.048,7.087,7.253,6.976,7.241,7.326,7.363,7.328,7.049,6.813,6.725,7.016,7.31,7.335,7.381,7.491,7.324,7.137,7.435,7.583,7.638,7.732,7.655,7.582,7.305,7.498,7.701,7.624,7.527,7.373,7.172,6.59,7.012,7.342,7.35,7.415,7.405,7.126,6.499,6.91,7.176,7.473,7.49,7.726,7.839,7.549,7.858,8.116,8.206,8.332,8.272,8.151,7.72,7.866,8.162,8.374,8.169,8.536,8.443,8.143,8.359,8.416,7.891,7.512,7.196,7.397,7.701,8.072,8.213,8.028,7.975,8.122,8.443,7.828,8.222,8.305,8.48,8.593,8.525,8.202,7.851,8.174,8.132,7.982,8.09,8.309,8.158,7.768,8.021,8.071,8.204,8.254,8.24,7.978,7.31,7.346,7.569,7.491,7.303,7.139,7.064,6.999,7.478,7.521,7.33,7.076,7.191,6.944,6.867,7.445,7.45,7.575,7.462,7.412,7.266,7.065,7.313,7.266,7.098,7.292,7.373,7.033,6.69,7.076,7.137,6.828,6.673,6.491,6.3,6.347,6.767,9.909,9.762,9.894,10.253,10.536,9.959,10.078,10.446,10.745,10.984,11.39,10.952,10.622,11.053,10.857,11.326,11.435,11.343,11.058,10.983,11.337,11.427,10.908,10.832,11.169,11.198,10.937,11.195,11.732,11.933,12.046,8.555,8.404,8.144,8.005,8.165,8.037,7.592,7.467,7.355,7.009,7.412,7.739,7.992,8.299,8.045,7.559,6.991,7.208,7.374,7.651,7.754,7.621,7.313,6.788,7.245,7.609,7.719,7.708,7.798,7.69,7.844,7.783,8.116,8.322,8.422,8.512,8.647,8.617,8.749,8.869,9.034,9.087,9.102,9.025,8.734,8.793,8.551,8.864,8.961,8.984,8.864,8.531,8.481,8.287,8.573,8.844,8.872,8.934,8.59,8.71,8.855,8.94,8.882,8.934,8.774,8.494,8.664,8.743,8.776,8.722,8.412,7.894,7.164,7.024,7.511,7.731,7.929,8.041,8.214,7.939,8.114,8.298,8.364,8.48,8.301,8.067,7.519,7.541,7.651,7.676,7.489,8.493,8.339,8.073,8.157,8.105,8.465,8.706,8.848,8.737,8.441,8.872,9.029,9.047,8.959,9.076,9.06,8.598,8.667,9.014,9.208,9.269,9.498,9.259,8.831,9.151,9.332,9.31,9.219,9.399,9.535,9.213,7.235,7.366,7.556,7.55,7.574,7.378,7.058,7.298,7.29,7.418,7.462,7.571,7.676,7.332,7.397,7.651,7.728,7.734,7.771,7.827,7.659,7.684,7.793,7.745,7.224,6.751,6.969,7.176,6.994,7.085,7.094,6.266,6.351,6.554,6.535,6.385,6.427,6.538,6.699,6.608,6.618,6.649,6.341,6.643,6.754,6.668,6.653,6.742,6.698,6.523,6.705,6.767,6.745,6.857,6.913,6.777,6.633,6.919,6.846,6.047,8.171,8.202,8.37,8.29,7.966,8.127,7.674,7.488,7.772,8.221,8.317,8.106,8.53,8.572,8.55,8.364,7.903,7.475,6.94,7.473,7.762,7.967,8.128,8.174,8.365,8.045,8.351,8.449,8.492,8.451,8.129,6.829,6.74,7.033,7.327,7.352,7.398,7.508,7.341,7.154,7.452,7.601,7.656,7.75,7.673,7.599,7.322,7.515,7.719,7.641,7.544,7.39,7.188,6.605,7.029,7.359,7.367,7.432,7.422,7.143,6.514,6.965,7.234,7.533,7.55,7.789,7.902,7.61,7.921,8.182,8.273,8.399,8.338,8.216,7.783,7.93,8.228,8.441,8.235,8.604,8.511,8.209,8.426,8.484,7.954,7.573,7.254,7.457,7.763,8.137,8.279,8.093,7.975,8.122,8.443,7.828,8.222,8.305,8.48,8.593,8.525,8.202,7.851,8.174,8.132,7.982,8.09,8.309,8.158,7.768,8.021,8.071,8.204,8.254,8.24,7.978,7.31,7.346,7.569,7.491,7.303,7.139,7.391,7.323,7.824,7.869,7.669,7.403,7.524,7.266,7.185,7.79,7.795,7.926,7.808,7.755,7.603,7.392,7.651,7.602,7.426,7.629,7.714,7.358,7.0,7.404,7.467,7.144,6.982,6.791,6.591,6.641,7.08,6.597,6.499,6.587,6.826,7.014,6.63,6.709,6.954,7.154,7.312,7.583,7.291,7.072,7.358,7.228,7.54,7.613,7.552,7.362,7.312,7.548,7.607,7.262,7.212,7.436,7.455,7.281,7.453,7.81,7.945,8.019,12.855,12.627,12.238,12.029,12.268,12.076,11.407,11.22,11.051,10.531,11.137,11.629,12.008,12.47,12.088,11.358,10.504,10.831,11.081,11.497,11.651,11.451,10.988,10.199,10.886,11.433,11.599,11.581,11.717,11.555,7.844,7.783,8.116,8.322,8.422,8.512,8.647,8.617,8.749,8.869,9.034,9.087,9.102,9.025,8.734,8.793,8.551,8.864,8.961,8.984,8.864,8.531,8.481,8.287,8.573,8.844,8.872,8.934,8.59,8.71,8.855,8.94,8.882,8.934,8.774,8.494,8.664,8.743,8.776,8.722,8.412,7.894,7.164,7.024,7.511,7.731,7.929,8.041,8.214,7.939,8.114,8.298,8.364,8.48,8.301,8.067,7.519,7.541,7.651,7.676,7.489,8.493,8.339,8.073,8.157,8.105,8.465,8.706,8.848,8.737,8.441,8.872,9.029,9.047,8.959,9.076,9.06,8.598,8.667,9.014,9.208,9.269,9.498,9.259,8.831,9.151,9.332,9.31,9.219,9.399,9.535,9.213
Guntur_212,8.946,9.008,9.178,9.2,8.859,8.909,9.103,9.115,8.933,8.833,8.995,8.998,9.108,8.946,8.686,8.638,9.041,9.002,8.637,9.005,9.07,8.868,8.968,9.185,9.284,8.86,9.145,9.279,9.349,9.412,9.335,8.867,8.441,8.711,8.937,8.938,8.931,9.03,8.72,8.528,8.674,8.714,8.805,9.116,9.101,9.191,8.806,9.022,9.207,9.169,8.969,8.658,8.731,8.502,8.787,8.943,9.041,8.932,8.88,8.779,8.856,9.108,9.208,9.064,8.921,8.975,9.097,8.83,8.764,8.128,8.444,8.958,9.013,8.955,8.61,8.911,9.194,9.155,10.148,10.0,9.646,9.49,9.322,9.701,10.045,10.156,10.116,10.063,9.75,9.495,9.474,9.663,9.877,9.944,9.881,9.498,9.976,10.024,9.973,10.037,10.113,9.925,9.688,10.24,10.053,9.981,9.69,9.619,9.525,9.205,9.781,9.833,9.59,9.743,9.844,9.749,9.559,9.912,9.922,9.94,9.769,10.542,10.566,10.412,10.717,10.676,10.807,11.094,11.081,11.013,10.576,10.407,10.495,10.456,10.371,10.43,10.309,10.342,9.681,10.137,10.441,10.119,9.981,10.243,10.403,9.946,10.182,10.356,10.652,10.622,10.38,10.14,6.345,6.425,6.407,6.583,6.532,6.573,6.449,6.856,6.979,7.069,6.982,7.001,6.797,6.565,6.896,6.89,6.998,7.094,6.948,6.903,6.636,7.016,7.198,7.108,7.106,6.864,6.718,6.514,6.821,7.162,0.0,0.0,0.0,0.0,0.0,0.0,0.0,0.0,0.0,0.0,0.0,0.0,0.0,0.0,0.0,0.0,0.0,0.0,0.0,0.0,0.0,0.0,0.0,0.0,0.0,0.0,0.0,0.0,0.0,0.0,0.0,0.0,0.0,0.0,0.0,0.0,0.0,0.0,0.0,0.0,0.0,0.0,0.0,0.0,0.0,0.0,0.0,0.0,0.0,0.0,0.0,0.0,0.0,0.0,0.0,0.0,0.0,0.0,0.0,0.0,0.0,0.0,9.236,9.268,9.272,9.451,9.525,9.025,9.123,9.376,9.796,9.658,9.532,9.227,8.946,9.045,9.198,9.328,9.151,9.084,9.329,8.918,9.078,8.955,8.796,9.076,9.12,8.714,8.426,9.075,9.268,9.192,8.469,8.416,8.664,8.394,8.551,8.807,9.1,9.227,9.23,8.957,8.463,8.55,8.683,8.311,8.455,8.55,8.741,8.515,8.715,8.724,8.69,8.524,8.31,8.298,7.875,8.034,8.449,8.614,8.808,8.973,8.902,7.923,8.199,8.287,8.26,8.176,8.36,8.239,7.907,8.07,8.042,7.985,8.125,7.976,7.261,7.054,7.106,7.573,7.791,7.924,7.983,7.92,7.787,8.166,8.133,7.91,7.453,7.47,7.616,7.751,8.022,8.857,8.987,8.893,8.98,8.925,8.54,8.711,8.86,8.702,8.842,8.918,8.747,8.513,8.754,8.99,8.999,9.083,9.209,9.054,8.926,9.166,9.393,9.512,9.37,9.356,9.502,9.141,9.415,9.515,9.464,9.465,9.747,9.463,9.134,9.384,9.459,9.495,9.367,9.48,9.296,9.261,9.638,9.69,9.656,9.543,9.561,9.753,9.635,9.737,10.062,10.261,10.438,10.384,10.224,9.866,9.955,9.613,9.866,9.99,10.179,10.158,9.86,8.256,8.358,8.425,8.27,8.301,8.239,8.009,8.097,8.285,8.441,8.48,8.484,8.445,8.245,8.378,8.378,8.348,8.274,8.181,8.183,8.046,8.36,8.497,8.623,8.652,8.709,8.668,8.53,9.51,9.558,9.526,9.491,9.704,9.649,9.273,9.49,9.672,9.774,9.675,9.342,9.172,9.167,9.51,9.58,9.726,9.868,9.839,9.734,9.426,9.526,9.289,9.51,9.663,9.529,9.577,9.217,8.69,8.834,9.245,9.587,9.833,9.91,9.698,9.957,9.953,9.962,10.194,10.096,10.072,9.71,10.024,10.088,9.714,9.756,9.837,9.597,9.531,9.72,9.901,9.586,9.397,9.3,9.446,9.257,9.605,9.749,9.708,9.749,9.692,10.025,9.837,9.896,9.944,9.752,9.863,10.073,10.001,9.786,9.977,9.735,9.417,9.144,9.453,9.384,8.684,8.73,8.53,8.55,8.488,8.606,8.904,9.087,9.293,9.145,8.974,9.008,9.352,9.574,9.029,9.478,8.418,9.062,9.239,9.267,9.046,8.627,8.889,8.746,8.721,8.533,8.25,8.23,7.83,8.536,8.578,8.797,8.855,8.918,8.54,8.107,8.782,9.115,9.615,9.237,9.196,8.943,9.159,9.843,10.175,9.957,14.69,14.183,14.225,14.399,15.219,15.504,15.393,15.1,14.876,15.147,14.133,13.98,13.829,13.644,13.879,14.542,14.672,13.311,12.301,12.315,12.061,12.42,13.078,12.8,12.598,13.008,12.893,12.14,12.376,12.312,12.126,17.875,19.521,20.062,20.39,21.095,21.393,22.09,21.956,22.382,22.418,22.457,22.773,22.966,22.395,21.824,20.519,23.381,22.993,22.386,22.222,21.794,20.862,21.752,21.901,22.004,22.191,22.493,22.292,21.486,21.851,21.71,0.0,0.0,0.0,0.0,0.0,0.0,0.0,0.0,0.0,0.0,0.0,0.0,0.0,0.0,0.0,0.0,0.0,0.0,0.0,0.0,0.0,0.0,0.0,0.0,0.0,0.0,0.0,0.0,0.0,0.0,10.386,10.01,9.767,10.216,10.438,10.645,10.65,10.755,10.6,10.265,10.752,10.865,10.883,10.729,10.395,10.528,9.976,9.739,10.166,10.262,10.198,10.135,10.268,9.646,10.038,10.123,10.099,10.025,10.154,10.052,9.891,8.628,8.627,8.531,7.881,7.634,8.164,8.004,8.437,8.664,8.969,8.723,8.911,8.845,8.7,8.817,8.802,8.903,8.98,8.753,8.759,8.384,8.866,9.002,9.055,8.973,8.906,8.782,8.306,8.461,8.5,10.932,10.622,10.834,10.857,10.626,10.979,11.197,11.166,11.288,11.115,11.017,10.561,11.081,11.447,11.415,11.305,11.247,11.229,10.668,11.434,11.775,11.978,12.098,12.187,12.065,11.704,11.951,11.706,11.422,11.304,11.499,10.737,10.327,10.908,11.208,11.378,11.162,11.116,10.729,10.246,10.588,10.648,10.7,10.913,10.707,10.437,10.433,10.931,11.27,11.277,11.222,11.324,10.72,10.547,11.133,11.2,10.845,11.029,11.187,11.233,11.221,11.427,10.004,10.043,9.658,9.824,9.942,9.8,9.973,10.249,10.065,9.852,9.907,9.883,9.763,9.826,9.894,10.037,9.951,10.002,9.915,9.749,10.0,9.971,9.984,10.264,10.047,9.884,9.515,9.935,10.311,10.099,10.04,10.32,10.487,10.23,10.19,10.264,10.366,10.549,10.687,10.661,10.401,10.634,10.703,10.849,10.808,10.207,10.281,10.482,10.779,10.867,10.928,11.028,10.981,10.907,10.569,10.765,10.867,11.068,11.135,10.967,10.955,10.615,10.992,11.105,10.901,11.074,11.011,11.052,10.703,10.918,11.077,11.1,10.992,10.878,11.035,10.531,10.818,11.008,10.925,10.968,10.992,10.979,10.631,11.003,11.134,11.247,11.173,11.073,10.786,12.559,12.868,12.824,13.129,13.116,13.463,13.38,12.781,12.977,12.777,12.835,12.818,12.697,12.574,12.228,12.724,13.029,13.393,13.265,12.711,11.591,10.771,10.642,11.585,12.448,12.527,12.339,12.232,12.128,12.807,12.992,13.976,14.117,14.1,13.941,13.601,13.975,14.068,13.77,13.64,13.972,13.832,13.429,14.089,14.287,13.905,13.595,13.397,13.076,12.137,12.172,12.275,13.251,13.766,13.606,13.336,12.948,13.702,13.896,13.341,12.422,12.29,12.498,12.181,13.095,13.152,13.136,13.179,12.932,12.39,11.607,12.048,12.076,12.264,12.082,12.112,12.136,11.611,12.491,12.684,12.458,11.695,12.048,11.738,10.909,11.738,12.508,12.651,12.552,12.774,12.358,11.623,9.263,9.499,9.891,9.883,9.539,9.257,8.806,9.022,9.013,9.009,8.49,8.951,9.291,8.661,8.213,8.797,9.304,9.624,9.508,9.388,8.983,9.472,9.71,9.622,9.783,10.103,9.773,9.358,10.034,10.296,10.23,7.96,8.036,7.994,7.525,7.909,8.034,8.066,7.957,7.751,7.555,7.055,7.167,7.197,7.201,7.091,6.739,6.968,7.018,7.414,7.401,7.31,7.005,6.894,6.803,6.826,7.431,7.488,7.463,7.57,7.589,10.187,9.731,10.326,10.637,10.084,10.229,10.179,10.238,9.897,10.211,10.118,10.291,10.302,10.216,10.068,9.721,10.496,10.597,10.615,10.581,10.445,10.169,9.563,9.019,8.83,9.462,9.984,10.189,10.241,9.959,10.063,10.3,10.432,10.341,10.509,10.472,10.255,10.405,10.487,10.489,10.484,10.495,10.18,9.932,10.007,10.272,10.426,10.504,10.596,10.63,10.217,10.591,10.74,10.715,10.711,10.714,10.724,10.488,10.757,10.625,10.637,12.255,12.436,12.457,12.02,12.275,12.558,12.707,12.399,12.308,11.832,11.517,12.125,12.144,12.218,12.446,12.695,12.789,12.503,12.994,13.038,12.936,12.99,13.203,13.117,12.668,12.924,13.168,13.378,13.425,13.271,13.131,11.329,11.636,11.589,11.394,11.538,11.622,11.69,11.584,11.771,11.788,11.894,11.925,11.993,11.568,11.107,11.421,11.652,11.873,11.768,11.915,11.774,11.433,11.519,11.722,11.634,10.873,11.224,11.557,11.264,11.412,11.425,10.936,11.085,11.439,11.406,11.144,11.217,11.412,11.693,11.533,11.552,11.606,11.068,11.595,11.788,11.638,11.611,11.768,11.691,11.385,11.703,11.811,11.772,11.968,12.066,11.828,11.578,12.077,11.949,10.148,10.186,10.395,10.295,9.893,10.094,9.531,9.3,9.652,10.21,10.33,10.068,10.595,10.646,10.619,10.388,9.815,9.284,8.62,9.281,9.64,9.895,10.095,10.152,10.389,9.992,10.372,10.494,10.547,10.496,10.096,11.537,11.387,11.881,12.378,12.421,12.498,12.684,12.401,12.086,12.59,12.84,12.934,13.092,12.962,12.838,12.37,12.696,13.041,12.909,12.745,12.485,12.143,11.158,11.874,12.432,12.445,12.555,12.539,12.067,11.005,8.243,8.561,8.915,8.935,9.217,9.352,9.005,9.374,9.683,9.79,9.94,9.868,9.724,9.21,9.384,9.737,9.99,9.746,10.183,10.073,9.714,9.972,10.04,9.414,8.962,8.585,8.824,9.187,9.63,9.798,9.577,11.68,11.896,12.365,11.465,12.041,12.163,12.419,12.585,12.486,12.012,11.498,11.971,11.909,11.69,11.849,12.169,11.947,11.377,11.747,11.82,12.015,12.088,12.068,11.684,10.706,10.759,11.086,10.971,10.696,10.455,11.569,11.462,12.247,12.316,12.005,11.588,11.777,11.373,11.246,12.193,12.2,12.406,12.221,12.139,11.9,11.57,11.976,11.899,11.624,11.942,12.075,11.518,10.956,11.589,11.688,11.182,10.929,10.63,10.317,10.394,11.083,13.157,12.962,13.136,13.613,13.989,13.223,13.381,13.869,14.267,14.584,15.123,14.541,14.104,14.676,14.416,15.038,15.183,15.061,14.683,14.583,15.053,15.172,14.483,14.383,14.83,14.869,14.521,14.864,15.577,15.845,15.994,10.894,10.701,10.371,10.194,10.397,10.234,9.667,9.509,9.365,8.925,9.438,9.855,10.176,10.568,10.244,9.626,8.902,9.179,9.39,9.743,9.874,9.704,9.312,8.644,9.226,9.689,9.829,9.815,9.93,9.793,9.194,9.123,9.514,9.755,9.873,9.977,10.136,10.101,10.255,10.397,10.59,10.652,10.669,10.58,10.238,10.307,10.024,10.39,10.505,10.531,10.391,10.0,9.942,9.714,10.05,10.367,10.4,10.473,10.069,10.21,10.38,12.001,11.923,11.993,11.778,11.402,11.631,11.737,11.781,11.708,11.293,10.596,9.616,9.428,10.082,10.377,10.644,10.794,11.026,10.658,10.892,11.138,11.228,11.384,11.143,10.829,10.093,10.123,10.271,10.304,10.053,14.23,13.971,13.525,13.666,13.579,14.182,14.587,14.825,14.637,14.143,14.864,15.128,15.157,15.01,15.206,15.18,14.406,14.52,15.102,15.428,15.529,15.913,15.514,14.795,15.333,15.635,15.598,15.446,15.747,15.975,15.436,14.151,14.407,14.779,14.767,14.814,14.431,13.804,14.274,14.259,14.508,14.595,14.809,15.014,14.341,14.468,14.964,15.114,15.126,15.198,15.309,14.98,15.029,15.242,15.148,14.128,13.204,13.631,14.035,13.679,13.858,13.875,8.936,9.058,9.348,9.32,9.106,9.166,9.325,9.555,9.424,9.439,9.483,9.044,9.475,9.632,9.51,9.488,9.616,9.553,9.303,9.563,9.651,9.619,9.78,9.859,9.665,9.461,9.868,9.764,8.624,9.99,10.028,10.233,10.135,9.74,9.937,9.383,9.155,9.502,10.051,10.169,9.911,10.43,10.481,10.453,10.226,9.663,9.14,8.486,9.136,9.49,9.741,9.938,9.994,10.227,9.836,10.211,10.331,10.383,10.333,9.939,10.164,10.032,10.467,10.905,10.943,11.011,11.175,10.925,10.648,11.092,11.312,11.395,11.534,11.42,11.31,10.898,11.185,11.489,11.373,11.229,11.0,10.699,9.831,10.461,10.953,10.964,11.061,11.047,10.631,9.695,9.503,9.869,10.277,10.3,10.626,10.781,10.382,10.807,11.162,11.286,11.458,11.376,11.209,10.618,10.818,11.225,11.516,11.235,11.739,11.612,11.199,11.495,11.575,10.852,10.331,9.897,10.173,10.591,11.101,11.295,11.041,11.68,11.896,12.365,11.465,12.041,12.163,12.419,12.585,12.486,12.012,11.498,11.971,11.909,11.69,11.849,12.169,11.947,11.377,11.747,11.82,12.015,12.088,12.068,11.684,10.706,10.759,11.086,10.971,10.696,10.455,10.084,9.99,10.674,10.735,10.463,10.1,10.265,9.913,9.802,10.627,10.634,10.813,10.652,10.58,10.372,10.084,10.438,10.371,10.131,10.409,10.524,10.039,9.55,10.101,10.187,9.746,9.526,9.265,8.992,9.06,9.66,9.057,8.923,9.043,9.371,9.63,9.103,9.211,9.547,9.821,10.039,10.41,10.01,9.709,10.102,9.923,10.352,10.452,10.368,10.107,10.038,10.362,10.444,9.97,9.901,10.208,10.235,9.996,10.232,10.723,10.907,11.01,12.855,12.627,12.238,12.029,12.268,12.076,11.407,11.22,11.051,10.531,11.137,11.629,12.008,12.47,12.088,11.358,10.504,10.831,11.081,11.497,11.651,11.451,10.988,10.199,10.886,11.433,11.599,11.581,11.717,11.555,9.194,9.123,9.514,9.755,9.873,9.977,10.136,10.101,10.255,10.397,10.59,10.652,10.669,10.58,10.238,10.307,10.024,10.39,10.505,10.531,10.391,10.0,9.942,9.714,10.05,10.367,10.4,10.473,10.069,10.21,10.38,12.001,11.923,11.993,11.778,11.402,11.631,11.737,11.781,11.708,11.293,10.596,9.616,9.428,10.082,10.377,10.644,10.794,11.026,10.658,10.892,11.138,11.228,11.384,11.143,10.829,10.093,10.123,10.271,10.304,10.053,14.23,13.971,13.525,13.666,13.579,14.182,14.587,14.825,14.637,14.143,14.864,15.128,15.157,15.01,15.206,15.18,14.406,14.52,15.102,15.428,15.529,15.913,15.514,14.795,15.333,15.635,15.598,15.446,15.747,15.975,15.436
Guntur_213,8.524,8.582,8.744,8.766,8.44,8.488,8.673,8.685,8.511,8.416,8.57,8.573,8.677,8.523,8.275,8.23,8.614,8.576,8.229,8.58,8.642,8.449,8.544,8.751,8.845,8.441,8.713,8.84,8.908,8.967,8.894,9.949,9.472,9.775,10.028,10.03,10.021,10.133,9.784,9.569,9.733,9.778,9.88,10.229,10.213,10.313,9.881,10.124,10.331,10.288,10.064,9.715,9.798,9.54,9.86,10.035,10.145,10.023,9.964,9.851,9.219,9.481,9.586,9.436,9.287,9.344,9.47,9.193,9.124,8.461,8.791,9.326,9.383,9.322,8.964,9.276,9.571,9.531,10.564,10.41,10.041,9.88,9.705,10.099,10.457,10.573,10.531,10.476,10.15,9.884,9.863,10.966,11.208,11.286,11.214,10.779,11.321,11.376,11.317,11.391,11.477,11.263,10.995,11.621,11.408,11.327,10.996,10.916,10.809,10.447,11.1,11.159,10.884,11.057,11.172,11.064,10.848,11.249,11.261,11.281,11.087,10.134,10.158,10.01,10.303,10.264,10.39,10.666,10.653,10.587,10.167,10.004,10.09,10.052,9.97,10.027,9.91,9.942,9.307,9.745,10.038,9.728,9.596,9.847,10.001,9.561,9.789,9.955,10.24,10.212,9.979,9.748,8.779,8.89,8.866,9.108,9.039,9.095,8.923,9.486,9.656,9.781,9.661,9.687,9.405,9.083,9.541,9.533,9.682,9.815,9.613,9.552,9.182,9.708,9.959,9.835,9.833,9.498,9.295,9.013,9.438,9.91,0.0,0.0,0.0,0.0,0.0,0.0,0.0,0.0,0.0,0.0,0.0,0.0,0.0,0.0,0.0,0.0,0.0,0.0,0.0,0.0,0.0,0.0,0.0,0.0,0.0,0.0,0.0,0.0,0.0,0.0,0.0,0.0,0.0,0.0,0.0,0.0,0.0,0.0,0.0,0.0,0.0,0.0,0.0,0.0,0.0,0.0,0.0,0.0,0.0,0.0,0.0,0.0,0.0,0.0,0.0,0.0,0.0,0.0,0.0,0.0,0.0,0.0,9.377,9.409,9.412,9.594,9.669,9.162,9.261,9.519,9.945,9.804,9.676,9.367,9.082,9.182,9.337,9.469,9.29,9.222,9.47,9.054,9.216,9.091,8.93,9.213,9.258,8.846,8.554,9.213,9.409,9.331,9.431,9.371,9.648,9.347,9.522,9.807,10.133,10.274,10.277,9.973,9.423,9.521,9.669,9.254,9.415,9.52,9.733,9.481,9.704,9.714,9.676,9.492,9.253,9.24,8.769,8.946,9.408,9.592,9.808,9.991,9.912,8.733,9.038,9.135,9.105,9.013,9.216,9.082,8.717,8.895,8.864,8.802,8.956,8.793,8.004,7.776,7.833,8.348,8.588,8.735,8.8,8.731,8.584,9.002,8.966,8.72,8.216,8.234,8.395,8.544,8.843,11.176,11.34,11.222,11.332,11.262,10.776,10.991,11.18,10.98,11.157,11.253,11.037,10.741,11.046,11.344,11.355,11.461,11.62,11.424,11.263,11.566,11.852,12.002,11.823,11.806,11.99,11.534,11.88,12.007,11.942,11.943,10.322,10.022,9.674,9.938,10.017,10.056,9.92,10.04,9.845,9.808,10.207,10.262,10.226,10.106,10.125,10.329,10.204,10.312,10.656,10.867,11.054,10.997,10.827,10.448,10.543,10.18,10.449,10.58,10.78,10.758,10.442,10.072,10.197,10.278,10.089,10.127,10.052,9.77,9.877,10.107,10.298,10.345,10.351,10.303,10.059,10.221,10.221,10.185,10.094,9.98,9.983,9.816,10.199,10.366,10.52,10.555,10.624,10.574,10.406,10.538,10.591,10.556,10.517,10.753,10.691,10.275,10.516,10.717,10.831,10.72,10.351,10.163,10.158,10.538,10.616,10.777,10.934,10.902,10.786,10.445,10.555,10.293,10.538,10.707,10.559,10.612,10.213,9.629,9.788,10.244,11.01,11.292,11.381,11.138,11.435,11.431,11.441,11.707,11.594,11.567,11.152,11.512,11.585,11.156,11.205,11.297,11.022,10.946,11.163,11.371,11.009,10.792,10.68,10.849,10.631,11.031,11.197,11.15,11.197,11.131,11.717,11.498,11.568,11.623,11.399,11.529,11.774,11.69,11.439,11.662,11.378,11.007,10.688,11.05,10.969,10.15,10.204,9.97,9.994,9.921,10.059,10.407,10.621,10.862,10.689,10.489,10.529,10.931,11.19,10.553,11.079,8.658,9.321,9.503,9.531,9.304,8.873,9.143,8.996,8.97,8.777,8.486,8.465,8.054,8.78,8.823,9.048,9.108,9.173,8.784,8.338,9.033,9.375,9.889,9.5,9.459,9.198,9.421,10.124,10.466,10.241,14.69,14.183,14.225,14.399,15.219,15.504,15.393,15.1,14.876,15.147,14.133,13.98,13.829,13.644,13.879,14.542,14.672,13.311,12.301,12.315,12.061,12.42,13.078,12.8,12.598,13.008,12.893,12.14,12.376,12.312,12.126,17.875,19.521,20.062,20.39,21.095,21.393,22.09,21.956,22.382,22.418,22.457,22.773,22.966,22.395,21.824,20.519,23.381,22.993,22.386,22.222,21.794,20.862,21.752,21.901,22.004,22.191,22.493,22.292,21.486,21.851,21.71,0.0,0.0,0.0,0.0,0.0,0.0,0.0,0.0,0.0,0.0,0.0,0.0,0.0,0.0,0.0,0.0,0.0,0.0,0.0,0.0,0.0,0.0,0.0,0.0,0.0,0.0,0.0,0.0,0.0,0.0,10.874,10.481,10.226,10.697,10.928,11.145,11.15,11.261,11.098,10.748,11.258,11.375,11.395,11.234,10.883,11.023,10.445,10.197,10.644,10.745,10.677,10.612,10.75,10.1,10.51,10.599,10.573,10.496,10.632,10.525,10.356,9.584,9.584,9.477,8.755,8.48,9.069,8.891,9.372,9.625,9.963,9.69,9.899,9.825,9.664,9.794,9.778,9.889,9.976,9.724,9.729,9.313,9.849,9.999,10.058,9.968,9.893,9.755,9.226,9.399,9.442,12.987,12.62,12.871,12.898,12.624,13.043,13.302,13.266,13.41,13.205,13.089,12.547,13.164,13.6,13.561,13.43,13.361,13.341,12.674,13.584,13.989,14.231,14.373,14.479,14.334,13.905,14.198,13.907,13.57,13.429,13.661,11.692,11.245,11.878,12.204,12.39,12.154,12.104,11.683,11.157,11.529,11.595,11.651,11.883,11.658,11.365,11.36,11.903,12.272,12.28,12.22,12.331,11.673,11.485,12.123,12.195,11.809,12.01,12.182,12.231,12.219,12.443,11.482,11.528,11.086,11.277,11.412,11.248,11.448,11.764,11.553,11.309,11.371,11.344,11.206,11.279,11.357,11.521,11.422,11.481,11.381,11.191,11.479,11.445,11.46,11.782,11.532,11.346,10.922,11.404,10.709,10.489,10.428,10.719,10.892,10.625,10.584,10.661,10.766,10.957,11.1,11.073,10.802,11.044,11.117,11.268,11.226,10.601,10.678,10.887,11.195,11.287,11.35,11.454,11.405,11.328,10.977,11.181,11.287,11.495,11.565,11.87,11.857,11.489,11.898,12.02,11.799,11.986,11.917,11.962,11.585,11.817,11.99,12.014,11.897,11.774,11.944,11.399,11.709,11.914,11.825,11.871,11.898,11.883,11.507,11.909,12.051,12.174,12.093,11.985,11.675,13.573,13.908,13.86,14.189,14.175,14.551,14.461,13.814,14.026,13.809,13.871,13.854,13.723,13.59,13.216,13.752,14.081,14.475,14.336,13.737,12.528,11.642,11.501,12.521,13.454,13.539,13.336,13.22,13.107,13.841,14.042,13.976,14.117,14.1,13.941,13.601,13.975,14.068,13.77,13.64,13.972,13.832,13.429,14.089,14.287,13.905,13.595,13.397,13.076,12.137,12.172,12.275,13.251,13.766,13.606,13.336,12.948,13.702,13.896,13.341,12.422,12.29,12.498,12.181,13.095,13.152,13.136,13.179,12.932,12.39,11.607,12.048,12.076,12.264,12.082,12.112,12.136,11.611,12.491,12.684,12.458,11.695,12.048,11.738,10.909,11.738,12.508,12.651,12.552,12.774,12.358,11.623,8.449,8.665,9.022,9.015,8.701,8.444,8.032,8.23,8.221,8.217,7.745,8.165,8.474,7.9,7.492,8.024,8.486,8.778,8.673,8.563,8.194,8.64,8.857,8.777,8.924,9.215,8.914,8.536,9.153,9.392,9.331,7.702,7.775,7.735,7.281,7.653,7.774,7.805,7.7,7.5,7.31,6.826,6.935,6.964,6.968,6.862,6.52,6.742,6.791,7.174,7.162,7.073,6.778,6.671,6.583,6.605,7.19,7.245,7.221,7.324,7.343,12.27,11.721,12.437,12.812,12.145,12.321,12.261,12.332,11.92,12.299,12.187,12.395,12.408,12.305,12.127,11.708,12.642,12.764,12.785,12.744,12.581,12.248,11.518,10.863,10.635,11.396,12.025,12.272,12.335,11.995,12.12,11.902,12.055,11.951,12.144,12.101,11.851,12.024,12.118,12.121,12.115,12.128,11.765,11.477,11.564,11.87,12.049,12.138,12.245,12.284,11.807,12.239,12.411,12.383,12.377,12.381,12.392,12.119,12.431,12.278,12.292,12.503,12.687,12.708,12.263,12.523,12.811,12.964,12.649,12.557,12.071,11.75,12.37,12.39,12.465,12.697,12.952,13.047,12.756,13.257,13.301,13.197,13.252,13.469,13.382,12.924,13.185,13.434,13.648,13.697,13.539,13.396,13.897,14.274,14.216,13.977,14.153,14.257,14.341,14.21,14.439,14.46,14.591,14.628,14.712,14.191,13.625,14.01,14.294,14.565,14.436,14.616,14.443,14.024,14.13,14.38,14.272,13.338,13.769,14.177,13.817,13.999,14.015,11.538,11.694,12.068,12.033,11.757,11.834,12.039,12.336,12.167,12.187,12.244,11.677,12.232,12.436,12.278,12.25,12.415,12.334,12.011,12.346,12.461,12.42,12.626,12.729,12.479,12.214,12.741,12.606,10.754,10.794,11.016,10.91,10.484,10.696,10.1,9.855,10.228,10.82,10.946,10.669,11.227,11.282,11.252,11.008,10.401,9.838,9.134,9.835,10.215,10.486,10.698,10.758,11.009,10.588,10.991,11.12,11.177,11.123,10.699,12.135,11.977,12.497,13.019,13.065,13.146,13.341,13.044,12.712,13.242,13.506,13.604,13.771,13.634,13.503,13.011,13.354,13.717,13.578,13.406,13.132,12.773,11.737,12.49,13.076,13.09,13.206,13.189,12.692,11.575,9.264,9.621,10.019,10.042,10.359,10.51,10.121,10.535,10.882,11.003,11.17,11.09,10.928,10.351,10.546,10.943,11.227,10.953,11.444,11.32,10.917,11.206,11.284,10.579,10.072,9.648,9.917,10.325,10.822,11.011,10.763,11.357,11.566,12.023,11.147,11.707,11.826,12.075,12.236,12.14,11.68,11.179,11.639,11.579,11.366,11.521,11.832,11.616,11.062,11.422,11.493,11.682,11.754,11.734,11.36,10.41,10.461,10.779,10.667,10.4,10.166,11.569,11.462,12.247,12.316,12.005,11.588,11.777,11.373,11.246,12.193,12.2,12.406,12.221,12.139,11.9,11.57,11.976,11.899,11.624,11.942,12.075,11.518,10.956,11.589,11.688,11.182,10.929,10.63,10.317,10.394,11.083,12.623,12.436,12.604,13.061,13.422,12.687,12.838,13.307,13.689,13.993,14.509,13.952,13.532,14.08,13.831,14.428,14.567,14.45,14.087,13.991,14.443,14.557,13.896,13.799,14.228,14.266,13.932,14.261,14.945,15.202,15.345,12.366,12.147,11.772,11.571,11.801,11.617,10.973,10.793,10.63,10.13,10.713,11.186,11.551,11.996,11.628,10.926,10.105,10.419,10.659,11.059,11.208,11.015,10.57,9.811,10.472,10.998,11.157,11.14,11.271,11.116,11.501,11.412,11.9,12.202,12.349,12.48,12.679,12.635,12.828,13.005,13.246,13.325,13.346,13.234,12.806,12.893,12.538,12.997,13.14,13.173,12.997,12.509,12.435,12.151,12.571,12.967,13.009,13.101,12.595,12.772,12.984,12.091,12.013,12.083,11.866,11.488,11.718,11.825,11.869,11.795,11.377,10.676,9.688,9.499,10.158,10.455,10.724,10.875,11.109,10.737,10.974,11.222,11.312,11.469,11.227,10.911,10.169,10.199,10.348,10.382,10.128,16.967,16.658,16.127,16.295,16.191,16.909,17.392,17.676,17.453,16.863,17.723,18.037,18.072,17.897,18.131,18.099,17.176,17.313,18.006,18.395,18.516,18.974,18.497,17.641,18.281,18.642,18.598,18.417,18.775,19.047,18.404,16.654,16.955,17.393,17.378,17.434,16.983,16.246,16.798,16.781,17.074,17.176,17.427,17.669,16.877,17.027,17.61,17.788,17.801,17.886,18.017,17.629,17.688,17.937,17.827,16.627,15.539,16.041,16.517,16.098,16.309,16.328,10.837,10.984,11.335,11.302,11.043,11.115,11.308,11.587,11.428,11.446,11.5,10.967,11.489,11.681,11.532,11.506,11.661,11.585,11.281,11.596,11.703,11.665,11.859,11.956,11.721,11.472,11.967,11.84,10.458,10.991,11.032,11.258,11.15,10.715,10.932,10.323,10.072,10.453,11.058,11.187,10.904,11.474,11.53,11.5,11.25,10.63,10.055,9.335,10.051,10.44,10.716,10.933,10.995,11.251,10.821,11.233,11.365,11.423,11.367,10.934,12.278,12.118,12.644,13.172,13.218,13.3,13.498,13.197,12.862,13.398,13.664,13.764,13.933,13.794,13.662,13.164,13.511,13.878,13.738,13.564,13.287,12.923,11.875,12.636,13.23,13.244,13.361,13.344,12.842,11.711,10.381,10.781,11.227,11.252,11.608,11.777,11.341,11.805,12.193,12.329,12.517,12.427,12.245,11.599,11.818,12.262,12.58,12.273,12.823,12.685,12.233,12.558,12.644,11.855,11.286,10.811,11.113,11.57,12.127,12.339,12.061,11.357,11.566,12.023,11.147,11.707,11.826,12.075,12.236,12.14,11.68,11.179,11.639,11.579,11.366,11.521,11.832,11.616,11.062,11.422,11.493,11.682,11.754,11.734,11.36,10.41,10.461,10.779,10.667,10.4,10.166,11.016,10.913,11.66,11.727,11.43,11.033,11.213,10.829,10.708,11.609,11.616,11.812,11.636,11.558,11.331,11.016,11.403,11.329,11.067,11.37,11.497,10.967,10.432,11.034,11.129,10.647,10.406,10.121,9.823,9.897,10.552,9.057,8.923,9.043,9.371,9.63,9.103,9.211,9.547,9.821,10.039,10.41,10.01,9.709,10.102,9.923,10.352,10.452,10.368,10.107,10.038,10.362,10.444,9.97,9.901,10.208,10.235,9.996,10.232,10.723,10.907,11.01,12.58,12.358,11.976,11.772,12.006,11.818,11.164,10.98,10.815,10.306,10.899,11.38,11.752,12.204,11.83,11.116,10.28,10.599,10.844,11.251,11.402,11.207,10.754,9.982,10.654,11.189,11.351,11.334,11.467,11.309,11.501,11.412,11.9,12.202,12.349,12.48,12.679,12.635,12.828,13.005,13.246,13.325,13.346,13.234,12.806,12.893,12.538,12.997,13.14,13.173,12.997,12.509,12.435,12.151,12.571,12.967,13.009,13.101,12.595,12.772,12.984,12.091,12.013,12.083,11.866,11.488,11.718,11.825,11.869,11.795,11.377,10.676,9.688,9.499,10.158,10.455,10.724,10.875,11.109,10.737,10.974,11.222,11.312,11.469,11.227,10.911,10.169,10.199,10.348,10.382,10.128,16.967,16.658,16.127,16.295,16.191,16.909,17.392,17.676,17.453,16.863,17.723,18.037,18.072,17.897,18.131,18.099,17.176,17.313,18.006,18.395,18.516,18.974,18.497,17.641,18.281,18.642,18.598,18.417,18.775,19.047,18.404
Guntur_214,8.524,8.582,8.744,8.766,8.44,8.488,8.673,8.685,8.511,8.416,8.57,8.573,8.677,8.523,8.275,8.23,8.614,8.576,8.229,8.58,8.642,8.449,8.544,8.751,8.845,8.441,8.713,8.84,8.908,8.967,8.894,9.949,9.472,9.775,10.028,10.03,10.021,10.133,9.784,9.569,9.733,9.778,9.88,10.229,10.213,10.313,9.881,10.124,10.331,10.288,10.064,9.715,9.798,9.54,9.86,10.035,10.145,10.023,9.964,9.851,9.219,9.481,9.586,9.436,9.287,9.344,9.47,9.193,9.124,8.461,8.791,9.326,9.383,9.322,8.964,9.276,9.571,9.531,10.564,10.41,10.041,9.88,9.705,10.099,10.457,10.573,10.531,10.476,10.15,9.884,9.863,10.966,11.208,11.286,11.214,10.779,11.321,11.376,11.317,11.391,11.477,11.263,10.995,11.621,11.408,11.327,10.996,10.916,10.809,10.447,11.1,11.159,10.884,11.057,11.172,11.064,10.848,11.249,11.261,11.281,11.087,10.134,10.158,10.01,10.303,10.264,10.39,10.666,10.653,10.587,10.167,10.004,10.09,10.052,9.97,10.027,9.91,9.942,9.307,9.745,10.038,9.728,9.596,9.847,10.001,9.561,9.789,9.955,10.24,10.212,9.979,9.748,8.779,8.89,8.866,9.108,9.039,9.095,8.923,9.486,9.656,9.781,9.661,9.687,9.405,9.083,9.541,9.533,9.682,9.815,9.613,9.552,9.182,9.708,9.959,9.835,9.833,9.498,9.295,9.013,9.438,9.91,0.0,0.0,0.0,0.0,0.0,0.0,0.0,0.0,0.0,0.0,0.0,0.0,0.0,0.0,0.0,0.0,0.0,0.0,0.0,0.0,0.0,0.0,0.0,0.0,0.0,0.0,0.0,0.0,0.0,0.0,0.0,0.0,0.0,0.0,0.0,0.0,0.0,0.0,0.0,0.0,0.0,0.0,0.0,0.0,0.0,0.0,0.0,0.0,0.0,0.0,0.0,0.0,0.0,0.0,0.0,0.0,0.0,0.0,0.0,0.0,0.0,0.0,9.377,9.409,9.412,9.594,9.669,9.162,9.261,9.519,9.945,9.804,9.676,9.367,9.082,9.182,9.337,9.469,9.29,9.222,9.47,9.054,9.216,9.091,8.93,9.213,9.258,8.846,8.554,9.213,9.409,9.331,9.431,9.371,9.648,9.347,9.522,9.807,10.133,10.274,10.277,9.973,9.423,9.521,9.669,9.254,9.415,9.52,9.733,9.481,9.704,9.714,9.676,9.492,9.253,9.24,8.769,8.946,9.408,9.592,9.808,9.991,9.912,8.733,9.038,9.135,9.105,9.013,9.216,9.082,8.717,8.895,8.864,8.802,8.956,8.793,8.004,7.776,7.833,8.348,8.588,8.735,8.8,8.731,8.584,9.002,8.966,8.72,8.216,8.234,8.395,8.544,8.843,11.176,11.34,11.222,11.332,11.262,10.776,10.991,11.18,10.98,11.157,11.253,11.037,10.741,11.046,11.344,11.355,11.461,11.62,11.424,11.263,11.566,11.852,12.002,11.823,11.806,11.99,11.534,11.88,12.007,11.942,11.943,10.322,10.022,9.674,9.938,10.017,10.056,9.92,10.04,9.845,9.808,10.207,10.262,10.226,10.106,10.125,10.329,10.204,10.312,10.656,10.867,11.054,10.997,10.827,10.448,10.543,10.18,10.449,10.58,10.78,10.758,10.442,10.072,10.197,10.278,10.089,10.127,10.052,9.77,9.877,10.107,10.298,10.345,10.351,10.303,10.059,10.221,10.221,10.185,10.094,9.98,9.983,9.816,10.199,10.366,10.52,10.555,10.624,10.574,10.406,10.538,10.591,10.556,10.517,10.753,10.691,10.275,10.516,10.717,10.831,10.72,10.351,10.163,10.158,10.538,10.616,10.777,10.934,10.902,10.786,10.445,10.555,10.293,10.538,10.707,10.559,10.612,10.213,9.629,9.788,10.244,11.01,11.292,11.381,11.138,11.435,11.431,11.441,11.707,11.594,11.567,11.152,11.512,11.585,11.156,11.205,11.297,11.022,10.946,11.163,11.371,11.009,10.792,10.68,10.849,10.631,11.031,11.197,11.15,11.197,11.131,11.717,11.498,11.568,11.623,11.399,11.529,11.774,11.69,11.439,11.662,11.378,11.007,10.688,11.05,10.969,10.15,10.204,9.97,9.994,9.921,10.059,10.407,10.621,10.862,10.689,10.489,10.529,10.931,11.19,10.553,11.079,8.658,9.321,9.503,9.531,9.304,8.873,9.143,8.996,8.97,8.777,8.486,8.465,8.054,8.78,8.823,9.048,9.108,9.173,8.784,8.338,9.033,9.375,9.889,9.5,9.459,9.198,9.421,10.124,10.466,10.241,14.69,14.183,14.225,14.399,15.219,15.504,15.393,15.1,14.876,15.147,14.133,13.98,13.829,13.644,13.879,14.542,14.672,13.311,12.301,12.315,12.061,12.42,13.078,12.8,12.598,13.008,12.893,12.14,12.376,12.312,12.126,17.875,19.521,20.062,20.39,21.095,21.393,22.09,21.956,22.382,22.418,22.457,22.773,22.966,22.395,21.824,20.519,23.381,22.993,22.386,22.222,21.794,20.862,21.752,21.901,22.004,22.191,22.493,22.292,21.486,21.851,21.71,0.0,0.0,0.0,0.0,0.0,0.0,0.0,0.0,0.0,0.0,0.0,0.0,0.0,0.0,0.0,0.0,0.0,0.0,0.0,0.0,0.0,0.0,0.0,0.0,0.0,0.0,0.0,0.0,0.0,0.0,10.874,10.481,10.226,10.697,10.928,11.145,11.15,11.261,11.098,10.748,11.258,11.375,11.395,11.234,10.883,11.023,10.445,10.197,10.644,10.745,10.677,10.612,10.75,10.1,10.51,10.599,10.573,10.496,10.632,10.525,10.356,9.584,9.584,9.477,8.755,8.48,9.069,8.891,9.372,9.625,9.963,9.69,9.899,9.825,9.664,9.794,9.778,9.889,9.976,9.724,9.729,9.313,9.849,9.999,10.058,9.968,9.893,9.755,9.226,9.399,9.442,12.987,12.62,12.871,12.898,12.624,13.043,13.302,13.266,13.41,13.205,13.089,12.547,13.164,13.6,13.561,13.43,13.361,13.341,12.674,13.584,13.989,14.231,14.373,14.479,14.334,13.905,14.198,13.907,13.57,13.429,13.661,11.692,11.245,11.878,12.204,12.39,12.154,12.104,11.683,11.157,11.529,11.595,11.651,11.883,11.658,11.365,11.36,11.903,12.272,12.28,12.22,12.331,11.673,11.485,12.123,12.195,11.809,12.01,12.182,12.231,12.219,12.443,11.482,11.528,11.086,11.277,11.412,11.248,11.448,11.764,11.553,11.309,11.371,11.344,11.206,11.279,11.357,11.521,11.422,11.481,11.381,11.191,11.479,11.445,11.46,11.782,11.532,11.346,10.922,11.404,10.709,10.489,10.428,10.719,10.892,10.625,10.584,10.661,10.766,10.957,11.1,11.073,10.802,11.044,11.117,11.268,11.226,10.601,10.678,10.887,11.195,11.287,11.35,11.454,11.405,11.328,10.977,11.181,11.287,11.495,11.565,11.87,11.857,11.489,11.898,12.02,11.799,11.986,11.917,11.962,11.585,11.817,11.99,12.014,11.897,11.774,11.944,11.399,11.709,11.914,11.825,11.871,11.898,11.883,11.507,11.909,12.051,12.174,12.093,11.985,11.675,13.573,13.908,13.86,14.189,14.175,14.551,14.461,13.814,14.026,13.809,13.871,13.854,13.723,13.59,13.216,13.752,14.081,14.475,14.336,13.737,12.528,11.642,11.501,12.521,13.454,13.539,13.336,13.22,13.107,13.841,14.042,13.976,14.117,14.1,13.941,13.601,13.975,14.068,13.77,13.64,13.972,13.832,13.429,14.089,14.287,13.905,13.595,13.397,13.076,12.137,12.172,12.275,13.251,13.766,13.606,13.336,12.948,13.702,13.896,13.341,12.422,12.29,12.498,12.181,13.095,13.152,13.136,13.179,12.932,12.39,11.607,12.048,12.076,12.264,12.082,12.112,12.136,11.611,12.491,12.684,12.458,11.695,12.048,11.738,10.909,11.738,12.508,12.651,12.552,12.774,12.358,11.623,8.449,8.665,9.022,9.015,8.701,8.444,8.032,8.23,8.221,8.217,7.745,8.165,8.474,7.9,7.492,8.024,8.486,8.778,8.673,8.563,8.194,8.64,8.857,8.777,8.924,9.215,8.914,8.536,9.153,9.392,9.331,7.702,7.775,7.735,7.281,7.653,7.774,7.805,7.7,7.5,7.31,6.826,6.935,6.964,6.968,6.862,6.52,6.742,6.791,7.174,7.162,7.073,6.778,6.671,6.583,6.605,7.19,7.245,7.221,7.324,7.343,12.27,11.721,12.437,12.812,12.145,12.321,12.261,12.332,11.92,12.299,12.187,12.395,12.408,12.305,12.127,11.708,12.642,12.764,12.785,12.744,12.581,12.248,11.518,10.863,10.635,11.396,12.025,12.272,12.335,11.995,12.12,11.902,12.055,11.951,12.144,12.101,11.851,12.024,12.118,12.121,12.115,12.128,11.765,11.477,11.564,11.87,12.049,12.138,12.245,12.284,11.807,12.239,12.411,12.383,12.377,12.381,12.392,12.119,12.431,12.278,12.292,12.503,12.687,12.708,12.263,12.523,12.811,12.964,12.649,12.557,12.071,11.75,12.37,12.39,12.465,12.697,12.952,13.047,12.756,13.257,13.301,13.197,13.252,13.469,13.382,12.924,13.185,13.434,13.648,13.697,13.539,13.396,13.897,14.274,14.216,13.977,14.153,14.257,14.341,14.21,14.439,14.46,14.591,14.628,14.712,14.191,13.625,14.01,14.294,14.565,14.436,14.616,14.443,14.024,14.13,14.38,14.272,13.338,13.769,14.177,13.817,13.999,14.015,11.538,11.694,12.068,12.033,11.757,11.834,12.039,12.336,12.167,12.187,12.244,11.677,12.232,12.436,12.278,12.25,12.415,12.334,12.011,12.346,12.461,12.42,12.626,12.729,12.479,12.214,12.741,12.606,10.754,10.794,11.016,10.91,10.484,10.696,10.1,9.855,10.228,10.82,10.946,10.669,11.227,11.282,11.252,11.008,10.401,9.838,9.134,9.835,10.215,10.486,10.698,10.758,11.009,10.588,10.991,11.12,11.177,11.123,10.699,12.135,11.977,12.497,13.019,13.065,13.146,13.341,13.044,12.712,13.242,13.506,13.604,13.771,13.634,13.503,13.011,13.354,13.717,13.578,13.406,13.132,12.773,11.737,12.49,13.076,13.09,13.206,13.189,12.692,11.575,9.264,9.621,10.019,10.042,10.359,10.51,10.121,10.535,10.882,11.003,11.17,11.09,10.928,10.351,10.546,10.943,11.227,10.953,11.444,11.32,10.917,11.206,11.284,10.579,10.072,9.648,9.917,10.325,10.822,11.011,10.763,11.357,11.566,12.023,11.147,11.707,11.826,12.075,12.236,12.14,11.68,11.179,11.639,11.579,11.366,11.521,11.832,11.616,11.062,11.422,11.493,11.682,11.754,11.734,11.36,10.41,10.461,10.779,10.667,10.4,10.166,11.569,11.462,12.247,12.316,12.005,11.588,11.777,11.373,11.246,12.193,12.2,12.406,12.221,12.139,11.9,11.57,11.976,11.899,11.624,11.942,12.075,11.518,10.956,11.589,11.688,11.182,10.929,10.63,10.317,10.394,11.083,12.623,12.436,12.604,13.061,13.422,12.687,12.838,13.307,13.689,13.993,14.509,13.952,13.532,14.08,13.831,14.428,14.567,14.45,14.087,13.991,14.443,14.557,13.896,13.799,14.228,14.266,13.932,14.261,14.945,15.202,15.345,12.366,12.147,11.772,11.571,11.801,11.617,10.973,10.793,10.63,10.13,10.713,11.186,11.551,11.996,11.628,10.926,10.105,10.419,10.659,11.059,11.208,11.015,10.57,9.811,10.472,10.998,11.157,11.14,11.271,11.116,11.501,11.412,11.9,12.202,12.349,12.48,12.679,12.635,12.828,13.005,13.246,13.325,13.346,13.234,12.806,12.893,12.538,12.997,13.14,13.173,12.997,12.509,12.435,12.151,12.571,12.967,13.009,13.101,12.595,12.772,12.984,12.091,12.013,12.083,11.866,11.488,11.718,11.825,11.869,11.795,11.377,10.676,9.688,9.499,10.158,10.455,10.724,10.875,11.109,10.737,10.974,11.222,11.312,11.469,11.227,10.911,10.169,10.199,10.348,10.382,10.128,16.967,16.658,16.127,16.295,16.191,16.909,17.392,17.676,17.453,16.863,17.723,18.037,18.072,17.897,18.131,18.099,17.176,17.313,18.006,18.395,18.516,18.974,18.497,17.641,18.281,18.642,18.598,18.417,18.775,19.047,18.404,16.654,16.955,17.393,17.378,17.434,16.983,16.246,16.798,16.781,17.074,17.176,17.427,17.669,16.877,17.027,17.61,17.788,17.801,17.886,18.017,17.629,17.688,17.937,17.827,16.627,15.539,16.041,16.517,16.098,16.309,16.328,10.837,10.984,11.335,11.302,11.043,11.115,11.308,11.587,11.428,11.446,11.5,10.967,11.489,11.681,11.532,11.506,11.661,11.585,11.281,11.596,11.703,11.665,11.859,11.956,11.721,11.472,11.967,11.84,10.458,10.991,11.032,11.258,11.15,10.715,10.932,10.323,10.072,10.453,11.058,11.187,10.904,11.474,11.53,11.5,11.25,10.63,10.055,9.335,10.051,10.44,10.716,10.933,10.995,11.251,10.821,11.233,11.365,11.423,11.367,10.934,12.278,12.118,12.644,13.172,13.218,13.3,13.498,13.197,12.862,13.398,13.664,13.764,13.933,13.794,13.662,13.164,13.511,13.878,13.738,13.564,13.287,12.923,11.875,12.636,13.23,13.244,13.361,13.344,12.842,11.711,10.381,10.781,11.227,11.252,11.608,11.777,11.341,11.805,12.193,12.329,12.517,12.427,12.245,11.599,11.818,12.262,12.58,12.273,12.823,12.685,12.233,12.558,12.644,11.855,11.286,10.811,11.113,11.57,12.127,12.339,12.061,11.357,11.566,12.023,11.147,11.707,11.826,12.075,12.236,12.14,11.68,11.179,11.639,11.579,11.366,11.521,11.832,11.616,11.062,11.422,11.493,11.682,11.754,11.734,11.36,10.41,10.461,10.779,10.667,10.4,10.166,11.016,10.913,11.66,11.727,11.43,11.033,11.213,10.829,10.708,11.609,11.616,11.812,11.636,11.558,11.331,11.016,11.403,11.329,11.067,11.37,11.497,10.967,10.432,11.034,11.129,10.647,10.406,10.121,9.823,9.897,10.552,9.057,8.923,9.043,9.371,9.63,9.103,9.211,9.547,9.821,10.039,10.41,10.01,9.709,10.102,9.923,10.352,10.452,10.368,10.107,10.038,10.362,10.444,9.97,9.901,10.208,10.235,9.996,10.232,10.723,10.907,11.01,12.58,12.358,11.976,11.772,12.006,11.818,11.164,10.98,10.815,10.306,10.899,11.38,11.752,12.204,11.83,11.116,10.28,10.599,10.844,11.251,11.402,11.207,10.754,9.982,10.654,11.189,11.351,11.334,11.467,11.309,11.501,11.412,11.9,12.202,12.349,12.48,12.679,12.635,12.828,13.005,13.246,13.325,13.346,13.234,12.806,12.893,12.538,12.997,13.14,13.173,12.997,12.509,12.435,12.151,12.571,12.967,13.009,13.101,12.595,12.772,12.984,12.091,12.013,12.083,11.866,11.488,11.718,11.825,11.869,11.795,11.377,10.676,9.688,9.499,10.158,10.455,10.724,10.875,11.109,10.737,10.974,11.222,11.312,11.469,11.227,10.911,10.169,10.199,10.348,10.382,10.128,16.967,16.658,16.127,16.295,16.191,16.909,17.392,17.676,17.453,16.863,17.723,18.037,18.072,17.897,18.131,18.099,17.176,17.313,18.006,18.395,18.516,18.974,18.497,17.641,18.281,18.642,18.598,18.417,18.775,19.047,18.404
Guntur_215,9.249,9.313,9.488,9.512,9.159,9.211,9.411,9.424,9.235,9.132,9.299,9.303,9.416,9.249,8.98,8.931,9.348,9.306,8.93,9.31,9.377,9.168,9.271,9.495,9.598,9.16,9.455,9.593,9.666,9.731,9.651,8.784,8.363,8.63,8.854,8.855,8.848,8.946,8.639,8.449,8.594,8.633,8.723,9.032,9.017,9.106,8.724,8.938,9.121,9.083,8.886,8.577,8.65,8.423,8.706,8.86,8.957,8.849,8.797,8.697,8.936,9.19,9.292,9.146,9.001,9.057,9.179,8.91,8.843,8.201,8.521,9.039,9.094,9.036,8.688,8.991,9.277,9.238,10.24,10.09,9.733,9.576,9.407,9.789,10.136,10.248,10.207,10.154,9.838,9.581,9.56,10.204,10.429,10.501,10.434,10.029,10.534,10.585,10.531,10.599,10.679,10.48,10.231,10.813,10.615,10.54,10.232,10.157,10.058,9.721,10.329,10.383,10.127,10.288,10.395,10.295,10.094,10.467,10.478,10.497,10.316,10.802,10.828,10.67,10.982,10.94,11.075,11.369,11.355,11.285,10.838,10.664,10.755,10.714,10.628,10.688,10.564,10.598,9.921,10.388,10.699,10.369,10.228,10.496,10.661,10.192,10.434,10.612,10.915,10.885,10.637,10.39,8.864,8.976,8.952,9.197,9.127,9.183,9.01,9.578,9.75,9.876,9.755,9.781,9.496,9.172,9.634,9.626,9.777,9.911,9.707,9.645,9.271,9.803,10.056,9.931,9.929,9.59,9.386,9.101,9.53,10.007,0.0,0.0,0.0,0.0,0.0,0.0,0.0,0.0,0.0,0.0,0.0,0.0,0.0,0.0,0.0,0.0,0.0,0.0,0.0,0.0,0.0,0.0,0.0,0.0,0.0,0.0,0.0,0.0,0.0,0.0,0.0,0.0,0.0,0.0,0.0,0.0,0.0,0.0,0.0,0.0,0.0,0.0,0.0,0.0,0.0,0.0,0.0,0.0,0.0,0.0,0.0,0.0,0.0,0.0,0.0,0.0,0.0,0.0,0.0,0.0,0.0,0.0,10.18,10.215,10.219,10.416,10.497,9.947,10.055,10.334,10.797,10.644,10.505,10.169,9.86,9.969,10.137,10.28,10.086,10.012,10.281,9.829,10.005,9.869,9.695,10.002,10.051,9.604,9.287,10.002,10.215,10.131,10.34,10.275,10.578,10.248,10.44,10.752,11.11,11.264,11.268,10.935,10.332,10.439,10.601,10.146,10.322,10.438,10.672,10.396,10.64,10.65,10.609,10.407,10.145,10.131,9.615,9.808,10.315,10.517,10.753,10.955,10.868,9.219,9.541,9.643,9.611,9.513,9.728,9.586,9.201,9.39,9.357,9.291,9.454,9.281,8.449,8.208,8.269,8.811,9.065,9.22,9.289,9.216,9.061,9.502,9.464,9.204,8.672,8.691,8.862,9.019,9.335,9.227,9.363,9.265,9.356,9.299,8.897,9.075,9.231,9.066,9.211,9.291,9.113,8.869,9.12,9.366,9.375,9.463,9.594,9.432,9.299,9.549,9.786,9.909,9.762,9.748,9.899,9.523,9.808,9.913,9.86,9.86,9.171,8.904,8.595,8.83,8.9,8.935,8.814,8.92,8.747,8.714,9.068,9.118,9.086,8.979,8.996,9.177,9.066,9.162,9.467,9.655,9.821,9.771,9.62,9.283,9.367,9.045,9.283,9.4,9.578,9.558,9.278,8.84,8.949,9.02,8.855,8.888,8.822,8.575,8.669,8.87,9.038,9.079,9.084,9.043,8.828,8.97,8.971,8.939,8.859,8.759,8.762,8.615,8.951,9.097,9.233,9.263,9.324,9.28,9.133,10.002,10.053,10.019,9.982,10.206,10.148,9.752,9.981,10.172,10.28,10.175,9.825,9.647,9.642,10.002,10.076,10.229,10.379,10.348,10.238,9.914,10.019,9.769,10.003,10.163,10.022,10.073,9.694,9.139,9.291,9.724,10.506,10.775,10.86,10.627,10.911,10.907,10.916,11.171,11.063,11.037,10.641,10.984,11.054,10.645,10.691,10.78,10.517,10.445,10.651,10.85,10.505,10.297,10.191,10.351,10.144,10.526,10.684,10.639,10.683,10.621,10.907,10.703,10.768,10.82,10.611,10.732,10.96,10.882,10.648,10.856,10.592,10.246,9.949,10.286,10.21,9.448,9.499,9.281,9.303,9.235,9.364,9.687,9.887,10.111,9.95,9.764,9.801,10.175,10.416,9.824,10.313,11.553,12.438,12.68,12.719,12.416,11.84,12.201,12.004,11.969,11.712,11.324,11.295,10.747,11.716,11.773,12.074,12.154,12.24,11.721,11.126,12.054,12.51,13.196,12.677,12.622,12.274,12.571,13.509,13.965,13.666,12.074,11.657,11.691,11.834,12.509,12.742,12.652,12.411,12.227,12.449,11.615,11.49,11.366,11.214,11.407,11.952,12.059,10.94,10.11,10.122,9.913,10.208,10.749,10.52,10.354,10.692,10.597,9.978,10.172,10.119,9.966,15.343,16.756,17.22,17.502,18.107,18.363,18.962,18.846,19.212,19.242,19.276,19.548,19.713,19.223,18.733,17.613,20.07,19.736,19.215,19.074,18.707,17.907,18.671,18.799,18.887,19.048,19.307,19.135,18.443,18.756,18.635,0.0,0.0,0.0,0.0,0.0,0.0,0.0,0.0,0.0,0.0,0.0,0.0,0.0,0.0,0.0,0.0,0.0,0.0,0.0,0.0,0.0,0.0,0.0,0.0,0.0,0.0,0.0,0.0,0.0,0.0,12.145,11.706,11.421,11.946,12.205,12.448,12.453,12.577,12.395,12.003,12.573,12.704,12.726,12.546,12.155,12.311,11.665,11.389,11.887,12.0,11.925,11.852,12.006,11.28,11.738,11.837,11.809,11.722,11.874,11.754,11.566,10.783,10.782,10.663,9.85,9.541,10.204,10.003,10.544,10.829,11.21,10.902,11.137,11.054,10.873,11.019,11.001,11.127,11.224,10.94,10.946,10.478,11.081,11.25,11.317,11.215,11.131,10.975,10.38,10.575,10.624,10.096,9.81,10.006,10.027,9.813,10.14,10.341,10.313,10.425,10.265,10.175,9.754,10.234,10.572,10.542,10.44,10.387,10.371,9.852,10.56,10.875,11.063,11.173,11.255,11.143,10.809,11.038,10.811,10.549,10.44,10.62,11.205,10.778,11.384,11.697,11.874,11.649,11.6,11.197,10.693,11.05,11.113,11.167,11.389,11.174,10.892,10.888,11.408,11.761,11.769,11.712,11.818,11.188,11.007,11.619,11.688,11.318,11.51,11.675,11.723,11.711,11.925,11.642,11.688,11.24,11.433,11.571,11.405,11.607,11.928,11.714,11.466,11.53,11.501,11.362,11.436,11.515,11.681,11.581,11.64,11.539,11.346,11.639,11.604,11.619,11.946,11.693,11.504,11.074,11.563,10.974,10.749,10.686,10.985,11.162,10.889,10.846,10.925,11.033,11.228,11.375,11.348,11.07,11.318,11.392,11.547,11.504,10.864,10.942,11.157,11.472,11.567,11.632,11.737,11.688,11.609,11.249,11.458,11.566,11.78,11.851,12.765,12.751,12.355,12.795,12.926,12.688,12.89,12.816,12.864,12.458,12.708,12.893,12.92,12.794,12.661,12.844,12.258,12.591,12.813,12.717,12.766,12.794,12.779,12.374,12.807,12.959,13.091,13.005,12.888,12.555,13.012,13.333,13.287,13.603,13.589,13.949,13.863,13.243,13.446,13.238,13.298,13.281,13.156,13.028,12.67,13.183,13.499,13.877,13.744,13.169,12.01,11.16,11.026,12.003,12.897,12.979,12.784,12.674,12.566,13.269,13.461,13.424,13.559,13.543,13.39,13.064,13.423,13.512,13.226,13.101,13.42,13.285,12.899,13.532,13.723,13.356,13.058,12.868,12.559,11.657,11.691,11.79,12.728,13.222,13.068,12.809,12.436,13.161,13.347,12.814,11.931,11.805,12.005,11.7,12.578,12.632,12.617,12.659,12.421,11.901,11.149,11.572,11.599,11.78,11.605,11.633,11.657,11.152,11.998,12.183,11.966,11.233,11.572,11.274,10.478,11.274,12.013,12.151,12.056,12.27,11.87,11.164,10.862,11.139,11.599,11.59,11.186,10.855,10.326,10.58,10.569,10.564,9.956,10.496,10.895,10.156,9.632,10.315,10.91,11.285,11.149,11.009,10.534,11.107,11.386,11.284,11.472,11.847,11.46,10.973,11.767,12.074,11.996,10.808,10.911,10.855,10.218,10.74,10.909,10.953,10.805,10.524,10.259,9.58,9.732,9.773,9.779,9.629,9.15,9.461,9.53,10.067,10.05,9.926,9.513,9.361,9.238,9.268,10.09,10.168,10.133,10.279,10.305,10.396,9.93,10.537,10.855,10.29,10.438,10.388,10.448,10.099,10.42,10.325,10.501,10.513,10.425,10.274,9.919,10.711,10.814,10.832,10.797,10.659,10.377,9.759,9.203,9.011,9.655,10.188,10.397,10.45,10.162,10.268,9.918,10.045,9.958,10.119,10.084,9.875,10.019,10.097,10.1,10.095,10.105,9.803,9.563,9.636,9.891,10.039,10.114,10.203,10.236,9.838,10.198,10.342,10.318,10.313,10.316,10.326,10.099,10.358,10.23,10.242,9.973,10.12,10.137,9.782,9.99,10.219,10.341,10.09,10.016,9.629,9.373,9.867,9.883,9.943,10.128,10.331,10.407,10.175,10.575,10.61,10.527,10.571,10.744,10.675,10.309,10.517,10.716,10.887,10.925,10.8,10.686,10.285,10.564,10.521,10.344,10.474,10.551,10.613,10.517,10.686,10.702,10.798,10.826,10.888,10.502,10.084,10.368,10.578,10.779,10.684,10.817,10.689,10.379,10.457,10.642,10.562,9.871,10.19,10.492,10.226,10.36,10.373,9.227,9.352,9.651,9.623,9.402,9.464,9.628,9.865,9.73,9.746,9.792,9.338,9.782,9.945,9.819,9.796,9.929,9.864,9.605,9.873,9.965,9.932,10.097,10.18,9.979,9.768,10.189,10.081,11.219,11.261,11.492,11.381,10.937,11.159,10.537,10.281,10.67,11.287,11.419,11.13,11.712,11.769,11.739,11.484,10.851,10.263,9.529,10.26,10.657,10.939,11.16,11.223,11.485,11.046,11.466,11.601,11.66,11.603,11.161,9.32,9.199,9.597,9.999,10.034,10.096,10.246,10.018,9.763,10.17,10.372,10.448,10.576,10.471,10.371,9.993,10.256,10.534,10.428,10.296,10.086,9.81,9.014,9.592,10.043,10.053,10.142,10.129,9.748,8.89,8.537,8.866,9.232,9.253,9.546,9.685,9.326,9.708,10.027,10.139,10.293,10.219,10.07,9.538,9.718,10.084,10.345,10.093,10.545,10.431,10.06,10.327,10.398,9.749,9.281,8.891,9.139,9.514,9.973,10.147,9.918,10.576,10.771,11.196,10.38,10.902,11.013,11.244,11.394,11.305,10.876,10.41,10.838,10.783,10.584,10.728,11.018,10.817,10.301,10.636,10.702,10.878,10.945,10.927,10.579,9.694,9.741,10.037,9.933,9.684,9.466,13.67,13.543,14.47,14.553,14.184,13.692,13.915,13.438,13.288,14.407,14.416,14.658,14.44,14.343,14.061,13.671,14.15,14.06,13.735,14.11,14.267,13.609,12.946,13.693,13.811,13.213,12.914,12.56,12.191,12.282,13.095,0.0,0.0,0.0,0.0,0.0,0.0,0.0,0.0,0.0,0.0,0.0,0.0,0.0,0.0,0.0,0.0,0.0,0.0,0.0,0.0,0.0,0.0,0.0,0.0,0.0,0.0,0.0,0.0,0.0,0.0,0.0,10.68,10.491,10.167,9.994,10.193,10.033,9.478,9.322,9.181,8.75,9.253,9.661,9.977,10.361,10.043,9.437,8.727,8.999,9.206,9.552,9.68,9.514,9.129,8.474,9.045,9.499,9.637,9.622,9.735,9.601,9.583,9.509,9.916,10.167,10.29,10.399,10.564,10.528,10.689,10.836,11.037,11.103,11.12,11.027,10.671,10.743,10.447,10.829,10.949,10.976,10.83,10.423,10.362,10.125,10.475,10.805,10.839,10.916,10.495,10.642,10.819,10.893,10.823,10.886,10.69,10.35,10.557,10.653,10.693,10.627,10.25,9.618,8.728,8.558,9.152,9.419,9.661,9.797,10.008,9.674,9.886,10.11,10.191,10.333,10.115,9.83,9.161,9.188,9.322,9.353,9.124,9.996,9.813,9.501,9.6,9.538,9.962,10.246,10.413,10.282,9.935,10.441,10.626,10.647,10.543,10.681,10.663,10.119,10.2,10.608,10.837,10.908,11.178,10.897,10.393,10.77,10.983,10.956,10.85,11.061,11.221,10.843,11.027,11.226,11.516,11.507,11.544,11.245,10.757,11.123,11.111,11.305,11.373,11.539,11.699,11.175,11.274,11.66,11.778,11.786,11.843,11.929,11.673,11.712,11.877,11.804,11.009,10.289,10.621,10.936,10.659,10.799,10.812,8.782,8.902,9.186,9.16,8.949,9.008,9.164,9.39,9.262,9.277,9.32,8.888,9.311,9.466,9.346,9.324,9.45,9.389,9.142,9.398,9.485,9.454,9.611,9.689,9.499,9.298,9.698,9.596,8.476,9.49,9.526,9.721,9.628,9.252,9.439,8.913,8.697,9.026,9.548,9.66,9.415,9.908,9.956,9.93,9.714,9.179,8.682,8.061,8.679,9.015,9.253,9.441,9.494,9.715,9.344,9.7,9.814,9.863,9.816,9.442,9.0,8.883,9.268,9.655,9.689,9.749,9.894,9.674,9.428,9.821,10.016,10.089,10.213,10.111,10.014,9.649,9.904,10.172,10.07,9.942,9.739,9.473,8.704,9.262,9.698,9.708,9.794,9.781,9.413,8.584,8.641,8.974,9.345,9.366,9.662,9.803,9.44,9.827,10.15,10.262,10.419,10.344,10.193,9.655,9.837,10.207,10.472,10.216,10.674,10.559,10.183,10.453,10.525,9.868,9.394,8.999,9.25,9.63,10.094,10.271,10.039,10.576,10.771,11.196,10.38,10.902,11.013,11.244,11.394,11.305,10.876,10.41,10.838,10.783,10.584,10.728,11.018,10.817,10.301,10.636,10.702,10.878,10.945,10.927,10.579,9.694,9.741,10.037,9.933,9.684,9.466,9.169,9.084,9.706,9.761,9.514,9.184,9.334,9.013,8.913,9.663,9.669,9.832,9.686,9.621,9.431,9.17,9.491,9.43,9.212,9.464,9.57,9.128,8.683,9.185,9.263,8.862,8.662,8.425,8.177,8.238,8.783,9.184,9.048,9.17,9.502,9.765,9.23,9.34,9.681,9.959,10.18,10.556,10.15,9.845,10.244,10.062,10.497,10.598,10.513,10.249,10.179,10.508,10.591,10.11,10.039,10.352,10.379,10.136,10.375,10.873,11.06,11.164,16.276,15.988,15.494,15.23,15.533,15.29,14.443,14.206,13.992,13.334,14.101,14.723,15.204,15.789,15.305,14.381,13.3,13.713,14.03,14.556,14.752,14.499,13.913,12.914,13.783,14.475,14.685,14.663,14.836,14.631,9.583,9.509,9.916,10.167,10.29,10.399,10.564,10.528,10.689,10.836,11.037,11.103,11.12,11.027,10.671,10.743,10.447,10.829,10.949,10.976,10.83,10.423,10.362,10.125,10.475,10.805,10.839,10.916,10.495,10.642,10.819,10.893,10.823,10.886,10.69,10.35,10.557,10.653,10.693,10.627,10.25,9.618,8.728,8.558,9.152,9.419,9.661,9.797,10.008,9.674,9.886,10.11,10.191,10.333,10.115,9.83,9.161,9.188,9.322,9.353,9.124,9.996,9.813,9.501,9.6,9.538,9.962,10.246,10.413,10.282,9.935,10.441,10.626,10.647,10.543,10.681,10.663,10.119,10.2,10.608,10.837,10.908,11.178,10.897,10.393,10.77,10.983,10.956,10.85,11.061,11.221,10.843
Guntur_216,8.908,8.97,9.139,9.161,8.821,8.872,9.065,9.077,8.895,8.796,8.957,8.96,9.069,8.908,8.649,8.602,9.003,8.963,8.601,8.967,9.032,8.831,8.93,9.146,9.245,8.822,9.106,9.239,9.31,9.372,9.295,8.99,8.559,8.833,9.062,9.063,9.055,9.156,8.841,8.647,8.795,8.836,8.927,9.243,9.228,9.319,8.929,9.148,9.335,9.296,9.094,8.778,8.853,8.62,8.91,9.068,9.167,9.056,9.003,8.901,8.868,9.12,9.221,9.076,8.933,8.988,9.11,8.843,8.776,8.139,8.456,8.971,9.025,8.967,8.622,8.923,9.207,9.168,10.162,10.013,9.659,9.504,9.335,9.714,10.059,10.171,10.13,10.077,9.764,9.508,9.487,10.31,10.538,10.611,10.543,10.134,10.644,10.696,10.641,10.71,10.79,10.59,10.338,10.926,10.726,10.65,10.339,10.263,10.163,9.822,10.436,10.491,10.233,10.395,10.504,10.402,10.2,10.576,10.587,10.607,10.424,11.12,11.146,10.984,11.305,11.262,11.4,11.703,11.689,11.617,11.156,10.978,11.071,11.029,10.94,11.002,10.874,10.909,10.212,10.693,11.014,10.674,10.529,10.805,10.974,10.491,10.741,10.924,11.236,11.205,10.95,10.696,8.978,9.092,9.067,9.315,9.244,9.302,9.126,9.701,9.875,10.003,9.88,9.907,9.618,9.289,9.758,9.749,9.902,10.038,9.832,9.769,9.391,9.929,10.185,10.058,10.056,9.714,9.506,9.218,9.653,10.136,0.0,0.0,0.0,0.0,0.0,0.0,0.0,0.0,0.0,0.0,0.0,0.0,0.0,0.0,0.0,0.0,0.0,0.0,0.0,0.0,0.0,0.0,0.0,0.0,0.0,0.0,0.0,0.0,0.0,0.0,0.0,0.0,0.0,0.0,0.0,0.0,0.0,0.0,0.0,0.0,0.0,0.0,0.0,0.0,0.0,0.0,0.0,0.0,0.0,0.0,0.0,0.0,0.0,0.0,0.0,0.0,0.0,0.0,0.0,0.0,0.0,0.0,9.208,9.24,9.244,9.422,9.496,8.998,9.095,9.348,9.767,9.629,9.503,9.199,8.919,9.018,9.17,9.299,9.123,9.056,9.3,8.891,9.051,8.928,8.77,9.048,9.092,8.688,8.401,9.048,9.24,9.164,7.344,7.297,7.513,7.278,7.415,7.637,7.891,8.0,8.003,7.766,7.338,7.414,7.529,7.206,7.331,7.413,7.579,7.383,7.557,7.564,7.535,7.391,7.205,7.195,6.829,6.966,7.326,7.469,7.637,7.78,7.718,9.155,9.474,9.576,9.544,9.447,9.66,9.52,9.137,9.325,9.292,9.226,9.388,9.217,8.39,8.151,8.211,8.75,9.003,9.156,9.225,9.152,8.998,9.436,9.398,9.14,8.612,8.631,8.8,8.956,9.27,9.743,9.886,9.783,9.878,9.818,9.394,9.582,9.747,9.572,9.726,9.81,9.622,9.364,9.629,9.889,9.899,9.991,10.13,9.959,9.819,10.083,10.332,10.463,10.307,10.292,10.452,10.055,10.356,10.467,10.41,10.411,9.472,9.196,8.877,9.119,9.192,9.227,9.103,9.212,9.034,9.0,9.366,9.417,9.384,9.274,9.291,9.478,9.363,9.462,9.778,9.972,10.143,10.091,9.935,9.587,9.674,9.341,9.588,9.708,9.892,9.872,9.582,9.417,9.533,9.609,9.433,9.468,9.398,9.135,9.235,9.449,9.628,9.672,9.677,9.633,9.405,9.556,9.556,9.522,9.437,9.331,9.334,9.178,9.535,9.692,9.836,9.868,9.933,9.886,9.73,10.263,10.315,10.28,10.243,10.472,10.412,10.006,10.241,10.437,10.548,10.44,10.081,9.898,9.893,10.263,10.338,10.495,10.649,10.617,10.505,10.172,10.28,10.024,10.263,10.427,10.283,10.335,9.947,9.378,9.533,9.977,9.549,9.794,9.871,9.66,9.917,9.914,9.923,10.154,10.056,10.032,9.672,9.984,10.048,9.676,9.718,9.798,9.56,9.494,9.682,9.862,9.548,9.36,9.263,9.409,9.221,9.568,9.711,9.67,9.711,9.654,10.598,10.399,10.462,10.513,10.31,10.427,10.649,10.573,10.346,10.547,10.291,9.955,9.667,9.994,9.92,9.18,9.229,9.017,9.039,8.973,9.098,9.412,9.606,9.824,9.668,9.487,9.523,9.886,10.121,9.545,10.02,11.386,12.258,12.496,12.534,12.236,11.669,12.024,11.83,11.796,11.542,11.159,11.131,10.591,11.546,11.602,11.899,11.977,12.062,11.551,10.965,11.879,12.329,13.005,12.493,12.439,12.096,12.389,13.313,13.763,13.468,12.074,11.657,11.691,11.834,12.509,12.742,12.652,12.411,12.227,12.449,11.615,11.49,11.366,11.214,11.407,11.952,12.059,10.94,10.11,10.122,9.913,10.208,10.749,10.52,10.354,10.692,10.597,9.978,10.172,10.119,9.966,14.408,15.735,16.171,16.436,17.005,17.244,17.807,17.698,18.042,18.07,18.102,18.357,18.513,18.052,17.592,16.54,18.847,18.534,18.045,17.913,17.568,16.816,17.534,17.654,17.737,17.888,18.131,17.969,17.319,17.614,17.5,0.0,0.0,0.0,0.0,0.0,0.0,0.0,0.0,0.0,0.0,0.0,0.0,0.0,0.0,0.0,0.0,0.0,0.0,0.0,0.0,0.0,0.0,0.0,0.0,0.0,0.0,0.0,0.0,0.0,0.0,11.79,11.363,11.087,11.597,11.848,12.084,12.089,12.209,12.033,11.652,12.205,12.333,12.354,12.179,11.799,11.951,11.324,11.056,11.54,11.649,11.576,11.505,11.655,10.95,11.395,11.491,11.464,11.38,11.527,11.411,11.228,10.229,10.228,10.114,9.343,9.05,9.679,9.489,10.002,10.272,10.633,10.342,10.564,10.486,10.314,10.453,10.435,10.554,10.647,10.377,10.384,9.94,10.511,10.672,10.735,10.638,10.558,10.411,9.847,10.031,10.077,9.727,9.452,9.641,9.661,9.455,9.769,9.964,9.936,10.044,9.89,9.804,9.398,9.86,10.186,10.157,10.059,10.008,9.992,9.493,10.175,10.478,10.659,10.765,10.844,10.736,10.415,10.635,10.416,10.164,10.058,10.232,10.773,10.361,10.944,11.245,11.416,11.199,11.152,10.765,10.28,10.623,10.683,10.736,10.949,10.742,10.472,10.467,10.967,11.307,11.314,11.26,11.362,10.756,10.582,11.17,11.237,10.881,11.066,11.224,11.27,11.259,11.465,11.281,11.326,10.891,11.079,11.212,11.051,11.247,11.558,11.351,11.111,11.172,11.145,11.01,11.081,11.158,11.319,11.222,11.279,11.181,10.995,11.278,11.245,11.259,11.575,11.33,11.147,10.73,11.205,11.03,10.804,10.741,11.041,11.218,10.944,10.901,10.981,11.089,11.286,11.433,11.405,11.127,11.376,11.45,11.606,11.563,10.919,10.998,11.213,11.531,11.626,11.691,11.797,11.747,11.668,11.306,11.516,11.625,11.84,11.912,11.802,11.789,11.423,11.829,11.951,11.731,11.918,11.849,11.893,11.518,11.749,11.921,11.945,11.829,11.706,11.875,11.333,11.642,11.846,11.757,11.803,11.829,11.815,11.441,11.841,11.982,12.104,12.024,11.916,11.608,11.536,11.821,11.78,12.06,12.048,12.367,12.291,11.741,11.921,11.737,11.79,11.775,11.664,11.551,11.233,11.688,11.968,12.303,12.185,11.676,10.648,9.895,9.775,10.642,11.435,11.507,11.335,11.236,11.141,11.764,11.935,13.424,13.559,13.543,13.39,13.064,13.423,13.512,13.226,13.101,13.42,13.285,12.899,13.532,13.723,13.356,13.058,12.868,12.559,11.657,11.691,11.79,12.728,13.222,13.068,12.809,12.436,13.161,13.347,12.814,11.931,11.805,12.005,11.7,12.578,12.632,12.617,12.659,12.421,11.901,11.149,11.572,11.599,11.78,11.605,11.633,11.657,11.152,11.998,12.183,11.966,11.233,11.572,11.274,10.478,11.274,12.013,12.151,12.056,12.27,11.87,11.164,10.862,11.139,11.599,11.59,11.186,10.855,10.326,10.58,10.569,10.564,9.956,10.496,10.895,10.156,9.632,10.315,10.91,11.285,11.149,11.009,10.534,11.107,11.386,11.284,11.472,11.847,11.46,10.973,11.767,12.074,11.996,9.687,9.779,9.729,9.158,9.626,9.777,9.817,9.684,9.432,9.194,8.586,8.722,8.759,8.764,8.63,8.201,8.48,8.541,9.023,9.007,8.896,8.526,8.39,8.279,8.307,9.043,9.113,9.082,9.212,9.236,9.013,8.61,9.136,9.411,8.922,9.05,9.006,9.058,8.756,9.034,8.952,9.105,9.115,9.039,8.908,8.6,9.286,9.376,9.392,9.362,9.241,8.997,8.461,7.98,7.812,8.371,8.833,9.014,9.061,8.811,8.903,9.474,9.595,9.512,9.666,9.632,9.433,9.571,9.646,9.648,9.643,9.653,9.364,9.135,9.205,9.448,9.59,9.661,9.747,9.778,9.398,9.742,9.879,9.856,9.852,9.855,9.864,9.647,9.894,9.773,9.784,10.086,10.235,10.252,9.893,10.103,10.335,10.458,10.204,10.13,9.738,9.479,9.979,9.995,10.056,10.243,10.448,10.525,10.29,10.695,10.73,10.647,10.691,10.866,10.796,10.426,10.636,10.838,11.01,11.049,10.922,10.807,9.419,9.674,9.635,9.473,9.592,9.663,9.719,9.631,9.786,9.801,9.889,9.914,9.971,9.618,9.235,9.495,9.688,9.872,9.784,9.906,9.789,9.505,9.577,9.746,9.673,9.04,9.332,9.609,9.365,9.488,9.499,9.527,9.657,9.966,9.937,9.708,9.772,9.942,10.187,10.047,10.064,10.111,9.642,10.101,10.27,10.139,10.116,10.252,10.185,9.918,10.195,10.29,10.256,10.426,10.512,10.305,10.086,10.521,10.41,10.113,10.151,10.359,10.26,9.859,10.059,9.498,9.268,9.619,10.175,10.294,10.033,10.558,10.609,10.582,10.352,9.781,9.252,8.59,9.248,9.606,9.861,10.06,10.117,10.353,9.957,10.336,10.458,10.511,10.46,10.061,9.38,9.258,9.66,10.064,10.099,10.161,10.313,10.083,9.826,10.236,10.44,10.516,10.644,10.539,10.438,10.058,10.322,10.603,10.496,10.363,10.151,9.873,9.072,9.654,10.108,10.118,10.208,10.195,9.811,8.948,8.313,8.634,8.991,9.011,9.296,9.431,9.082,9.454,9.765,9.874,10.024,9.952,9.806,9.289,9.464,9.82,10.075,9.829,10.269,10.159,9.797,10.056,10.126,9.494,9.038,8.658,8.899,9.265,9.712,9.881,9.659,10.347,10.537,10.953,10.155,10.666,10.774,11.001,11.148,11.06,10.641,10.185,10.604,10.549,10.355,10.496,10.779,10.583,10.078,10.406,10.47,10.643,10.708,10.69,10.35,9.484,9.531,9.82,9.718,9.475,9.261,9.358,9.271,9.905,9.962,9.71,9.373,9.525,9.199,9.096,9.862,9.868,10.034,9.885,9.818,9.625,9.358,9.686,9.624,9.402,9.659,9.766,9.316,8.862,9.373,9.454,9.045,8.84,8.598,8.345,8.407,8.964,0.0,0.0,0.0,0.0,0.0,0.0,0.0,0.0,0.0,0.0,0.0,0.0,0.0,0.0,0.0,0.0,0.0,0.0,0.0,0.0,0.0,0.0,0.0,0.0,0.0,0.0,0.0,0.0,0.0,0.0,0.0,10.992,10.797,10.464,10.285,10.49,10.326,9.754,9.594,9.449,9.005,9.523,9.943,10.268,10.663,10.336,9.712,8.982,9.261,9.475,9.83,9.962,9.791,9.396,8.721,9.308,9.776,9.918,9.903,10.019,9.881,9.188,9.117,9.507,9.748,9.866,9.97,10.129,10.094,10.248,10.389,10.582,10.645,10.662,10.572,10.231,10.3,10.017,10.383,10.497,10.524,10.384,9.993,9.935,9.708,10.043,10.359,10.393,10.466,10.062,10.203,10.373,10.457,10.389,10.45,10.262,9.935,10.134,10.227,10.265,10.201,9.84,9.233,8.379,8.215,8.785,9.042,9.274,9.405,9.608,9.286,9.49,9.705,9.783,9.919,9.71,9.436,8.795,8.82,8.949,8.978,8.759,8.811,8.65,8.374,8.462,8.408,8.781,9.032,9.179,9.063,8.757,9.203,9.367,9.385,9.294,9.415,9.399,8.919,8.99,9.35,9.552,9.615,9.853,9.605,9.161,9.493,9.681,9.658,9.564,9.75,9.891,9.557,9.866,10.044,10.304,10.295,10.328,10.061,9.624,9.951,9.941,10.115,10.175,10.324,10.467,9.998,10.086,10.432,10.537,10.545,10.596,10.673,10.444,10.478,10.626,10.561,9.85,9.205,9.503,9.784,9.536,9.661,9.673,8.495,8.61,8.886,8.86,8.656,8.713,8.864,9.083,8.958,8.973,9.015,8.597,9.006,9.156,9.04,9.019,9.141,9.081,8.843,9.09,9.174,9.144,9.296,9.372,9.188,8.993,9.381,9.281,8.198,9.19,9.225,9.414,9.323,8.959,9.141,8.632,8.422,8.741,9.246,9.355,9.117,9.594,9.641,9.616,9.407,8.889,8.407,7.806,8.404,8.73,8.961,9.142,9.194,9.408,9.049,9.393,9.503,9.551,9.505,9.143,8.892,8.776,9.157,9.539,9.573,9.632,9.775,9.557,9.314,9.703,9.896,9.968,10.09,9.99,9.894,9.534,9.785,10.05,9.949,9.823,9.622,9.359,8.6,9.151,9.581,9.591,9.676,9.664,9.3,8.481,8.064,8.376,8.722,8.741,9.017,9.149,8.81,9.171,9.473,9.578,9.724,9.654,9.513,9.011,9.181,9.526,9.773,9.535,9.962,9.854,9.504,9.755,9.823,9.209,8.768,8.399,8.633,8.988,9.421,9.586,9.37,10.347,10.537,10.953,10.155,10.666,10.774,11.001,11.148,11.06,10.641,10.185,10.604,10.549,10.355,10.496,10.779,10.583,10.078,10.406,10.47,10.643,10.708,10.69,10.35,9.484,9.531,9.82,9.718,9.475,9.261,8.558,8.478,9.058,9.11,8.879,8.571,8.711,8.412,8.319,9.019,9.024,9.176,9.039,8.979,8.802,8.558,8.858,8.801,8.598,8.833,8.931,8.519,8.104,8.572,8.645,8.271,8.084,7.863,7.631,7.688,8.197,10.221,10.069,10.205,10.575,10.867,10.272,10.395,10.774,11.083,11.329,11.748,11.296,10.956,11.401,11.199,11.682,11.795,11.7,11.406,11.328,11.694,11.786,11.251,11.173,11.52,11.551,11.281,11.547,12.101,12.309,12.424,10.372,10.188,9.874,9.705,9.898,9.744,9.204,9.053,8.916,8.497,8.986,9.383,9.689,10.062,9.753,9.164,8.475,8.739,8.94,9.276,9.401,9.239,8.866,8.229,8.783,9.224,9.358,9.344,9.454,9.324,9.188,9.117,9.507,9.748,9.866,9.97,10.129,10.094,10.248,10.389,10.582,10.645,10.662,10.572,10.231,10.3,10.017,10.383,10.497,10.524,10.384,9.993,9.935,9.708,10.043,10.359,10.393,10.466,10.062,10.203,10.373,10.457,10.389,10.45,10.262,9.935,10.134,10.227,10.265,10.201,9.84,9.233,8.379,8.215,8.785,9.042,9.274,9.405,9.608,9.286,9.49,9.705,9.783,9.919,9.71,9.436,8.795,8.82,8.949,8.978,8.759,8.811,8.65,8.374,8.462,8.408,8.781,9.032,9.179,9.063,8.757,9.203,9.367,9.385,9.294,9.415,9.399,8.919,8.99,9.35,9.552,9.615,9.853,9.605,9.161,9.493,9.681,9.658,9.564,9.75,9.891,9.557
Guntur_217,6.984,7.032,7.165,7.183,6.916,6.955,7.107,7.116,6.974,6.896,7.022,7.025,7.11,6.984,6.781,6.744,7.058,7.027,6.743,7.03,7.081,6.923,7.001,7.17,7.248,6.917,7.139,7.244,7.299,7.348,7.288,7.949,7.567,7.81,8.012,8.013,8.006,8.096,7.817,7.645,7.776,7.812,7.893,8.173,8.159,8.24,7.894,8.088,8.253,8.219,8.041,7.762,7.828,7.622,7.878,8.017,8.105,8.007,7.961,7.87,7.747,7.968,8.056,7.929,7.804,7.852,7.958,7.725,7.667,7.11,7.387,7.837,7.885,7.834,7.533,7.795,8.043,8.009,8.878,8.748,8.438,8.302,8.155,8.487,8.788,8.885,8.85,8.803,8.53,8.306,8.288,8.884,9.081,9.143,9.085,8.732,9.172,9.216,9.169,9.229,9.298,9.125,8.908,9.415,9.243,9.177,8.909,8.843,8.757,8.464,8.993,9.04,8.818,8.958,9.051,8.963,8.789,9.113,9.123,9.14,8.982,8.147,8.166,8.047,8.282,8.251,8.352,8.574,8.564,8.511,8.173,8.042,8.111,8.08,8.015,8.06,7.967,7.992,7.482,7.834,8.069,7.82,7.713,7.916,8.04,7.686,7.869,8.003,8.232,8.209,8.022,7.836,6.96,7.048,7.029,7.221,7.166,7.211,7.075,7.521,7.656,7.755,7.659,7.68,7.456,7.202,7.565,7.558,7.677,7.782,7.622,7.573,7.28,7.697,7.896,7.798,7.796,7.531,7.37,7.146,7.483,7.857,0.0,0.0,0.0,0.0,0.0,0.0,0.0,0.0,0.0,0.0,0.0,0.0,0.0,0.0,0.0,0.0,0.0,0.0,0.0,0.0,0.0,0.0,0.0,0.0,0.0,0.0,0.0,0.0,0.0,0.0,0.0,0.0,0.0,0.0,0.0,0.0,0.0,0.0,0.0,0.0,0.0,0.0,0.0,0.0,0.0,0.0,0.0,0.0,0.0,0.0,0.0,0.0,0.0,0.0,0.0,0.0,0.0,0.0,0.0,0.0,0.0,0.0,7.2,7.225,7.228,7.368,7.425,7.036,7.112,7.31,7.637,7.529,7.431,7.193,6.974,7.051,7.17,7.272,7.134,7.082,7.272,6.953,7.077,6.981,6.857,7.075,7.11,6.793,6.569,7.075,7.225,7.166,6.097,6.058,6.237,6.042,6.155,6.34,6.551,6.642,6.644,6.447,6.092,6.155,6.25,5.982,6.086,6.154,6.292,6.129,6.273,6.28,6.256,6.136,5.982,5.974,5.669,5.783,6.082,6.201,6.34,6.459,6.408,5.988,6.197,6.264,6.243,6.18,6.319,6.227,5.977,6.099,6.078,6.035,6.141,6.029,5.488,5.332,5.371,5.724,5.889,5.989,6.034,5.986,5.886,6.172,6.148,5.979,5.633,5.646,5.756,5.858,6.064,8.132,8.252,8.166,8.246,8.195,7.842,7.998,8.136,7.99,8.118,8.188,8.032,7.816,8.038,8.255,8.263,8.34,8.456,8.313,8.196,8.416,8.624,8.733,8.603,8.591,8.724,8.393,8.644,8.737,8.69,8.69,7.464,7.246,6.995,7.186,7.243,7.271,7.173,7.259,7.118,7.092,7.38,7.42,7.394,7.307,7.321,7.468,7.378,7.456,7.705,7.858,7.993,7.951,7.829,7.555,7.623,7.361,7.555,7.65,7.794,7.779,7.55,8.218,8.319,8.385,8.231,8.262,8.201,7.971,8.058,8.245,8.402,8.44,8.444,8.406,8.206,8.338,8.339,8.309,8.235,8.142,8.145,8.008,8.32,8.457,8.582,8.611,8.667,8.627,8.49,7.252,7.289,7.264,7.238,7.4,7.358,7.071,7.237,7.375,7.454,7.378,7.124,6.994,6.991,7.252,7.305,7.416,7.525,7.502,7.423,7.188,7.264,7.083,7.252,7.368,7.266,7.303,7.029,6.626,6.736,7.05,7.373,7.562,7.621,7.458,7.657,7.654,7.661,7.84,7.764,7.746,7.468,7.709,7.758,7.471,7.503,7.565,7.381,7.33,7.475,7.615,7.372,7.226,7.152,7.265,7.119,7.387,7.498,7.466,7.498,7.453,8.141,7.988,8.037,8.076,7.92,8.01,8.181,8.122,7.947,8.102,7.905,7.647,7.426,7.677,7.621,7.052,7.089,6.927,6.943,6.893,6.989,7.23,7.379,7.547,7.426,7.287,7.316,7.594,7.775,7.332,7.697,8.01,8.623,8.791,8.818,8.608,8.209,8.458,8.322,8.298,8.119,7.85,7.831,7.45,8.123,8.162,8.37,8.426,8.486,8.126,7.714,8.357,8.673,9.149,8.789,8.751,8.509,8.715,9.366,9.682,9.474,6.087,5.877,5.894,5.966,6.306,6.424,6.378,6.257,6.164,6.276,5.856,5.792,5.73,5.653,5.751,6.025,6.08,5.516,5.097,5.103,4.997,5.146,5.419,5.304,5.22,5.39,5.342,5.03,5.128,5.101,5.024,8.237,8.995,9.244,9.396,9.721,9.858,10.179,10.117,10.314,10.33,10.348,10.494,10.583,10.319,10.056,9.455,10.774,10.595,10.315,10.24,10.042,9.613,10.023,10.092,10.139,10.225,10.365,10.272,9.9,10.069,10.004,0.0,0.0,0.0,0.0,0.0,0.0,0.0,0.0,0.0,0.0,0.0,0.0,0.0,0.0,0.0,0.0,0.0,0.0,0.0,0.0,0.0,0.0,0.0,0.0,0.0,0.0,0.0,0.0,0.0,0.0,7.568,7.294,7.116,7.444,7.605,7.756,7.76,7.837,7.724,7.479,7.834,7.916,7.93,7.818,7.574,7.671,7.269,7.096,7.407,7.477,7.43,7.385,7.481,7.029,7.314,7.376,7.358,7.304,7.399,7.324,7.207,7.886,7.886,7.798,7.204,6.978,7.463,7.316,7.712,7.92,8.198,7.974,8.145,8.085,7.952,8.059,8.046,8.138,8.209,8.001,8.006,7.663,8.104,8.228,8.277,8.202,8.14,8.027,7.592,7.734,7.77,6.795,6.602,6.734,6.748,6.604,6.824,6.96,6.94,7.016,6.909,6.848,6.564,6.887,7.115,7.095,7.026,6.99,6.98,6.631,7.107,7.319,7.445,7.52,7.575,7.499,7.275,7.428,7.276,7.099,7.026,7.147,7.63,7.339,7.752,7.965,8.086,7.932,7.899,7.625,7.281,7.524,7.567,7.604,7.756,7.609,7.417,7.414,7.768,8.009,8.014,7.975,8.048,7.619,7.496,7.912,7.959,7.707,7.838,7.95,7.983,7.975,8.121,9.045,9.081,8.733,8.883,8.99,8.861,9.018,9.267,9.101,8.909,8.958,8.936,8.828,8.885,8.946,9.075,8.997,9.044,8.965,8.815,9.042,9.016,9.027,9.281,9.084,8.937,8.604,8.984,8.578,8.402,8.353,8.586,8.725,8.511,8.478,8.54,8.624,8.777,8.891,8.87,8.653,8.847,8.905,9.026,8.992,8.492,8.553,8.721,8.968,9.041,9.092,9.175,9.136,9.074,8.793,8.956,9.041,9.208,9.264,8.751,8.742,8.47,8.772,8.862,8.699,8.837,8.786,8.819,8.541,8.712,8.839,8.857,8.771,8.68,8.806,8.404,8.632,8.784,8.718,8.752,8.772,8.761,8.484,8.78,8.885,8.975,8.916,8.836,8.607,8.124,8.324,8.296,8.493,8.484,8.709,8.655,8.268,8.395,8.265,8.302,8.292,8.214,8.134,7.91,8.231,8.428,8.664,8.581,8.222,7.498,6.968,6.884,7.494,8.052,8.103,7.982,7.913,7.845,8.284,8.404,8.786,8.875,8.864,8.764,8.55,8.786,8.844,8.657,8.575,8.784,8.696,8.443,8.857,8.982,8.742,8.547,8.423,8.22,7.63,7.652,7.717,8.331,8.654,8.554,8.384,8.14,8.614,8.736,8.387,7.809,7.726,7.857,7.658,8.233,8.268,8.258,8.285,8.13,7.789,7.297,7.574,7.592,7.71,7.596,7.614,7.63,7.3,7.853,7.974,7.832,7.352,7.574,7.379,6.858,7.379,7.863,7.953,7.891,8.031,7.769,7.307,7.324,7.511,7.821,7.815,7.542,7.319,6.963,7.134,7.126,7.123,6.713,7.077,7.346,6.848,6.494,6.955,7.356,7.609,7.518,7.423,7.103,7.489,7.677,7.608,7.735,7.988,7.727,7.399,7.934,8.141,8.088,7.089,7.157,7.12,6.702,7.045,7.156,7.185,7.087,6.903,6.729,6.284,6.384,6.41,6.414,6.316,6.002,6.206,6.251,6.604,6.592,6.511,6.24,6.14,6.059,6.079,6.618,6.669,6.647,6.742,6.76,6.962,6.65,7.057,7.269,6.891,6.991,6.957,6.997,6.763,6.978,6.915,7.033,7.04,6.981,6.881,6.643,7.173,7.242,7.254,7.231,7.138,6.949,6.535,6.164,6.034,6.466,6.823,6.963,6.999,6.806,6.877,7.692,7.791,7.724,7.849,7.821,7.659,7.771,7.832,7.834,7.83,7.838,7.603,7.418,7.474,7.672,7.787,7.845,7.914,7.939,7.631,7.91,8.021,8.003,8.0,8.002,8.009,7.833,8.034,7.935,7.944,7.713,7.826,7.84,7.565,7.725,7.903,7.997,7.803,7.746,7.446,7.248,7.631,7.643,7.689,7.832,7.99,8.048,7.869,8.178,8.205,8.141,8.175,8.309,8.255,7.973,8.133,8.287,8.419,8.449,8.352,8.264,7.622,7.829,7.797,7.666,7.762,7.819,7.865,7.793,7.919,7.931,8.002,8.023,8.069,7.783,7.473,7.684,7.839,7.988,7.917,8.016,7.921,7.692,7.749,7.886,7.827,7.315,7.552,7.775,7.578,7.678,7.687,7.863,7.969,8.224,8.2,8.012,8.065,8.204,8.407,8.292,8.305,8.344,7.957,8.336,8.475,8.367,8.348,8.461,8.405,8.185,8.414,8.491,8.464,8.604,8.675,8.504,8.324,8.682,8.591,7.768,7.797,7.957,7.881,7.573,7.726,7.296,7.119,7.388,7.815,7.907,7.706,8.11,8.149,8.128,7.951,7.513,7.106,6.598,7.104,7.379,7.574,7.727,7.771,7.952,7.648,7.939,8.033,8.073,8.034,7.728,7.143,7.05,7.356,7.663,7.69,7.737,7.853,7.678,7.482,7.794,7.949,8.007,8.105,8.025,7.948,7.658,7.86,8.074,7.992,7.891,7.73,7.518,6.908,7.351,7.697,7.705,7.773,7.763,7.471,6.813,6.999,7.269,7.57,7.587,7.826,7.94,7.646,7.96,8.221,8.313,8.439,8.379,8.256,7.82,7.968,8.267,8.482,8.275,8.646,8.552,8.248,8.467,8.525,7.993,7.609,7.289,7.493,7.801,8.176,8.319,8.132,6.83,6.956,7.231,6.704,7.041,7.113,7.262,7.359,7.301,7.024,6.724,7.0,6.964,6.836,6.929,7.116,6.986,6.653,6.869,6.912,7.026,7.069,7.057,6.832,6.261,6.292,6.483,6.416,6.255,6.114,5.193,5.145,5.497,5.528,5.388,5.201,5.286,5.105,5.048,5.473,5.476,5.568,5.485,5.449,5.341,5.193,5.375,5.341,5.217,5.36,5.42,5.17,4.918,5.202,5.246,5.019,4.905,4.771,4.631,4.665,4.974,0.0,0.0,0.0,0.0,0.0,0.0,0.0,0.0,0.0,0.0,0.0,0.0,0.0,0.0,0.0,0.0,0.0,0.0,0.0,0.0,0.0,0.0,0.0,0.0,0.0,0.0,0.0,0.0,0.0,0.0,0.0,8.189,8.044,7.796,7.663,7.815,7.693,7.267,7.147,7.04,6.709,7.094,7.408,7.649,7.944,7.7,7.235,6.692,6.899,7.059,7.324,7.422,7.295,7.0,6.497,6.935,7.283,7.389,7.377,7.464,7.361,7.206,7.151,7.457,7.646,7.738,7.82,7.944,7.917,8.038,8.149,8.3,8.349,8.362,8.292,8.024,8.079,7.856,8.144,8.233,8.254,8.144,7.838,7.792,7.614,7.877,8.125,8.151,8.209,7.892,8.003,8.136,8.151,8.098,8.145,7.999,7.744,7.899,7.971,8.001,7.951,7.67,7.197,6.531,6.403,6.848,7.048,7.229,7.331,7.489,7.238,7.397,7.565,7.626,7.731,7.568,7.355,6.855,6.875,6.976,6.998,6.827,6.996,6.868,6.65,6.719,6.676,6.972,7.171,7.288,7.196,6.953,7.308,7.437,7.452,7.379,7.476,7.463,7.082,7.139,7.424,7.585,7.635,7.824,7.627,7.274,7.538,7.687,7.668,7.594,7.742,7.854,7.589,7.659,7.797,7.999,7.992,8.018,7.811,7.471,7.725,7.717,7.852,7.899,8.015,8.126,7.762,7.831,8.099,8.181,8.187,8.226,8.286,8.108,8.135,8.249,8.199,7.647,7.147,7.377,7.596,7.403,7.501,7.509,7.149,7.246,7.478,7.456,7.285,7.333,7.46,7.644,7.539,7.551,7.587,7.235,7.58,7.706,7.608,7.59,7.693,7.643,7.442,7.65,7.721,7.696,7.824,7.888,7.732,7.568,7.895,7.811,6.899,8.259,8.29,8.46,8.378,8.051,8.214,7.757,7.568,7.855,8.309,8.406,8.193,8.622,8.664,8.641,8.454,7.988,7.555,7.015,7.553,7.845,8.052,8.216,8.262,8.454,8.131,8.441,8.54,8.583,8.542,8.216,7.591,7.492,7.817,8.144,8.172,8.223,8.345,8.159,7.951,8.283,8.448,8.509,8.614,8.528,8.446,8.139,8.353,8.58,8.493,8.385,8.214,7.99,7.341,7.812,8.179,8.188,8.26,8.25,7.939,7.24,6.114,6.35,6.613,6.628,6.837,6.937,6.68,6.953,7.182,7.262,7.373,7.32,7.212,6.832,6.961,7.222,7.41,7.229,7.553,7.471,7.205,7.396,7.447,6.982,6.647,6.368,6.545,6.815,7.143,7.268,7.104,6.83,6.956,7.231,6.704,7.041,7.113,7.262,7.359,7.301,7.024,6.724,7.0,6.964,6.836,6.929,7.116,6.986,6.653,6.869,6.912,7.026,7.069,7.057,6.832,6.261,6.292,6.483,6.416,6.255,6.114,6.488,6.428,6.868,6.907,6.732,6.499,6.604,6.378,6.307,6.838,6.842,6.957,6.854,6.808,6.674,6.489,6.716,6.673,6.519,6.697,6.772,6.459,6.144,6.499,6.555,6.271,6.129,5.961,5.786,5.829,6.215,6.317,6.223,6.307,6.536,6.716,6.348,6.424,6.659,6.85,7.002,7.26,6.981,6.771,7.046,6.921,7.22,7.289,7.231,7.049,7.001,7.227,7.284,6.953,6.905,7.12,7.138,6.972,7.136,7.479,7.607,7.678,10.372,10.188,9.874,9.705,9.898,9.744,9.204,9.053,8.916,8.497,8.986,9.383,9.689,10.062,9.753,9.164,8.475,8.739,8.94,9.276,9.401,9.239,8.866,8.229,8.783,9.224,9.358,9.344,9.454,9.324,7.206,7.151,7.457,7.646,7.738,7.82,7.944,7.917,8.038,8.149,8.3,8.349,8.362,8.292,8.024,8.079,7.856,8.144,8.233,8.254,8.144,7.838,7.792,7.614,7.877,8.125,8.151,8.209,7.892,8.003,8.136,8.151,8.098,8.145,7.999,7.744,7.899,7.971,8.001,7.951,7.67,7.197,6.531,6.403,6.848,7.048,7.229,7.331,7.489,7.238,7.397,7.565,7.626,7.731,7.568,7.355,6.855,6.875,6.976,6.998,6.827,6.996,6.868,6.65,6.719,6.676,6.972,7.171,7.288,7.196,6.953,7.308,7.437,7.452,7.379,7.476,7.463,7.082,7.139,7.424,7.585,7.635,7.824,7.627,7.274,7.538,7.687,7.668,7.594,7.742,7.854,7.589
Guntur_218,4.164,4.193,4.272,4.282,4.123,4.147,4.237,4.243,4.158,4.111,4.186,4.188,4.239,4.164,4.043,4.021,4.208,4.19,4.02,4.191,4.222,4.128,4.174,4.275,4.321,4.124,4.256,4.319,4.352,4.381,4.345,4.472,4.257,4.393,4.507,4.508,4.504,4.554,4.397,4.301,4.375,4.395,4.44,4.597,4.59,4.635,4.441,4.55,4.643,4.624,4.523,4.366,4.403,4.287,4.432,4.51,4.559,4.505,4.478,4.427,4.354,4.478,4.527,4.456,4.386,4.413,4.473,4.341,4.309,3.996,4.152,4.404,4.431,4.403,4.233,4.381,4.52,4.501,4.989,4.916,4.742,4.666,4.583,4.769,4.939,4.993,4.974,4.948,4.794,4.668,4.658,5.385,5.504,5.542,5.506,5.293,5.559,5.586,5.557,5.593,5.635,5.53,5.399,5.706,5.602,5.562,5.4,5.36,5.308,5.13,5.451,5.479,5.344,5.429,5.486,5.433,5.327,5.524,5.529,5.539,5.444,4.904,4.916,4.844,4.986,4.967,5.028,5.161,5.155,5.124,4.92,4.841,4.883,4.864,4.825,4.852,4.796,4.811,4.504,4.716,4.857,4.708,4.643,4.765,4.84,4.627,4.737,4.818,4.956,4.942,4.829,4.717,4.116,4.168,4.156,4.27,4.238,4.264,4.184,4.447,4.527,4.585,4.529,4.541,4.409,4.258,4.473,4.469,4.539,4.602,4.507,4.478,4.305,4.552,4.669,4.611,4.61,4.453,4.358,4.226,4.425,4.646,0.0,0.0,0.0,0.0,0.0,0.0,0.0,0.0,0.0,0.0,0.0,0.0,0.0,0.0,0.0,0.0,0.0,0.0,0.0,0.0,0.0,0.0,0.0,0.0,0.0,0.0,0.0,0.0,0.0,0.0,0.0,0.0,0.0,0.0,0.0,0.0,0.0,0.0,0.0,0.0,0.0,0.0,0.0,0.0,0.0,0.0,0.0,0.0,0.0,0.0,0.0,0.0,0.0,0.0,0.0,0.0,0.0,0.0,0.0,0.0,0.0,0.0,5.052,5.07,5.072,5.17,5.21,4.937,4.99,5.129,5.359,5.283,5.214,5.047,4.894,4.948,5.031,5.102,5.006,4.969,5.103,4.879,4.966,4.898,4.812,4.965,4.989,4.767,4.609,4.964,5.07,5.028,5.438,5.404,5.564,5.39,5.491,5.655,5.844,5.925,5.927,5.751,5.434,5.49,5.576,5.337,5.429,5.49,5.613,5.468,5.596,5.602,5.58,5.474,5.336,5.329,5.057,5.159,5.425,5.531,5.656,5.762,5.716,3.99,4.129,4.174,4.16,4.118,4.21,4.149,3.982,4.064,4.05,4.021,4.092,4.017,3.657,3.553,3.579,3.814,3.924,3.991,4.021,3.989,3.922,4.113,4.096,3.984,3.754,3.762,3.836,3.904,4.04,4.509,4.575,4.528,4.572,4.544,4.348,4.434,4.511,4.43,4.501,4.54,4.453,4.334,4.457,4.577,4.581,4.624,4.688,4.609,4.544,4.666,4.782,4.842,4.77,4.763,4.837,4.654,4.793,4.844,4.818,4.818,5.315,5.16,4.981,5.117,5.158,5.178,5.108,5.169,5.069,5.05,5.255,5.284,5.265,5.203,5.213,5.318,5.254,5.309,5.486,5.595,5.691,5.662,5.575,5.379,5.428,5.241,5.38,5.447,5.55,5.539,5.376,4.644,4.701,4.739,4.652,4.669,4.634,4.505,4.554,4.66,4.748,4.77,4.772,4.75,4.638,4.712,4.712,4.696,4.654,4.601,4.603,4.526,4.702,4.779,4.85,4.866,4.898,4.875,4.798,5.421,5.448,5.43,5.41,5.531,5.5,5.286,5.41,5.513,5.572,5.515,5.325,5.228,5.226,5.421,5.461,5.544,5.625,5.608,5.549,5.373,5.43,5.295,5.421,5.508,5.432,5.459,5.254,4.953,5.035,5.27,5.889,6.04,6.088,5.957,6.116,6.114,6.119,6.262,6.202,6.187,5.965,6.157,6.197,5.967,5.993,6.043,5.896,5.855,5.971,6.082,5.889,5.772,5.713,5.803,5.687,5.901,5.989,5.964,5.989,5.954,4.65,4.563,4.591,4.613,4.524,4.575,4.673,4.639,4.539,4.628,4.515,4.368,4.242,4.385,4.353,4.028,4.049,3.957,3.966,3.937,3.992,4.13,4.215,4.311,4.242,4.163,4.179,4.338,4.441,4.188,4.397,3.907,4.206,4.288,4.301,4.199,4.004,4.126,4.06,4.048,3.961,3.829,3.82,3.634,3.962,3.981,4.083,4.11,4.139,3.964,3.763,4.076,4.231,4.463,4.287,4.268,4.151,4.251,4.568,4.723,4.622,6.087,5.877,5.894,5.966,6.306,6.424,6.378,6.257,6.164,6.276,5.856,5.792,5.73,5.653,5.751,6.025,6.08,5.516,5.097,5.103,4.997,5.146,5.419,5.304,5.22,5.39,5.342,5.03,5.128,5.101,5.024,8.237,8.995,9.244,9.396,9.721,9.858,10.179,10.117,10.314,10.33,10.348,10.494,10.583,10.319,10.056,9.455,10.774,10.595,10.315,10.24,10.042,9.613,10.023,10.092,10.139,10.225,10.365,10.272,9.9,10.069,10.004,0.0,0.0,0.0,0.0,0.0,0.0,0.0,0.0,0.0,0.0,0.0,0.0,0.0,0.0,0.0,0.0,0.0,0.0,0.0,0.0,0.0,0.0,0.0,0.0,0.0,0.0,0.0,0.0,0.0,0.0,5.959,5.743,5.603,5.861,5.988,6.107,6.11,6.171,6.081,5.889,6.169,6.233,6.244,6.156,5.964,6.04,5.723,5.588,5.832,5.888,5.851,5.815,5.891,5.534,5.759,5.808,5.794,5.751,5.826,5.767,5.675,4.394,4.393,4.345,4.013,3.887,4.158,4.076,4.296,4.412,4.567,4.442,4.538,4.504,4.43,4.49,4.482,4.534,4.573,4.457,4.46,4.269,4.515,4.584,4.611,4.57,4.535,4.472,4.23,4.309,4.329,4.661,4.529,4.62,4.629,4.531,4.681,4.774,4.761,4.813,4.739,4.698,4.503,4.725,4.881,4.867,4.82,4.796,4.788,4.549,4.876,5.021,5.108,5.159,5.197,5.145,4.991,5.096,4.991,4.87,4.82,4.903,5.128,4.933,5.21,5.353,5.435,5.331,5.309,5.125,4.894,5.057,5.086,5.111,5.213,5.114,4.985,4.983,5.221,5.383,5.386,5.36,5.409,5.12,5.038,5.318,5.349,5.18,5.268,5.343,5.365,5.36,5.458,4.49,4.508,4.335,4.41,4.462,4.399,4.476,4.6,4.518,4.422,4.447,4.436,4.382,4.41,4.441,4.505,4.466,4.489,4.45,4.376,4.489,4.475,4.481,4.607,4.51,4.437,4.271,4.46,5.567,5.453,5.421,5.573,5.663,5.524,5.502,5.542,5.597,5.696,5.771,5.757,5.616,5.742,5.78,5.858,5.836,5.511,5.551,5.66,5.82,5.868,5.901,5.955,5.929,5.889,5.707,5.813,5.868,5.976,6.012,6.612,6.605,6.4,6.628,6.696,6.573,6.677,6.639,6.664,6.453,6.583,6.679,6.693,6.627,6.559,6.654,6.35,6.523,6.637,6.587,6.613,6.628,6.62,6.41,6.634,6.713,6.782,6.737,6.676,6.504,4.95,5.072,5.054,5.174,5.169,5.306,5.273,5.037,5.115,5.036,5.058,5.052,5.004,4.956,4.82,5.015,5.135,5.279,5.228,5.01,4.568,4.245,4.194,4.566,4.906,4.937,4.863,4.821,4.78,5.047,5.121,4.322,4.366,4.36,4.311,4.206,4.322,4.351,4.258,4.218,4.321,4.278,4.153,4.357,4.418,4.3,4.204,4.143,4.044,3.753,3.764,3.796,4.098,4.257,4.208,4.124,4.004,4.237,4.297,4.126,3.842,3.801,3.865,3.767,4.05,4.067,4.062,4.076,3.999,3.832,3.59,3.726,3.735,3.793,3.736,3.746,3.753,3.591,3.863,3.922,3.853,3.617,3.726,3.63,3.374,3.63,3.868,3.912,3.882,3.951,3.822,3.594,2.802,2.874,2.992,2.99,2.886,2.8,2.664,2.729,2.727,2.725,2.569,2.708,2.811,2.62,2.485,2.661,2.815,2.911,2.876,2.84,2.718,2.865,2.937,2.911,2.96,3.056,2.956,2.831,3.036,3.115,3.095,5.137,5.186,5.159,4.856,5.104,5.185,5.206,5.135,5.002,4.875,4.553,4.625,4.645,4.647,4.576,4.349,4.496,4.529,4.785,4.776,4.717,4.521,4.449,4.39,4.405,4.795,4.832,4.816,4.885,4.898,4.601,4.395,4.664,4.804,4.554,4.62,4.598,4.624,4.47,4.612,4.57,4.648,4.653,4.614,4.548,4.391,4.741,4.787,4.795,4.779,4.718,4.593,4.319,4.074,3.988,4.274,4.509,4.602,4.626,4.498,4.545,4.943,5.007,4.963,5.044,5.026,4.922,4.994,5.033,5.034,5.032,5.037,4.886,4.767,4.803,4.93,5.004,5.041,5.086,5.102,4.904,5.083,5.155,5.143,5.141,5.142,5.147,5.034,5.163,5.099,5.105,4.914,4.986,4.995,4.82,4.922,5.035,5.095,4.971,4.935,4.744,4.618,4.862,4.869,4.899,4.99,5.09,5.128,5.013,5.21,5.228,5.187,5.208,5.294,5.26,5.08,5.182,5.28,5.364,5.383,5.321,5.265,4.876,5.008,4.988,4.904,4.965,5.002,5.031,4.985,5.066,5.073,5.119,5.132,5.162,4.979,4.78,4.915,5.015,5.11,5.065,5.128,5.067,4.92,4.957,5.045,5.007,4.679,4.831,4.974,4.848,4.911,4.917,4.722,4.786,4.939,4.925,4.812,4.843,4.927,5.049,4.98,4.988,5.011,4.779,5.006,5.09,5.025,5.013,5.081,5.048,4.916,5.053,5.1,5.083,5.167,5.21,5.107,4.999,5.214,5.159,4.676,4.694,4.79,4.744,4.559,4.651,4.392,4.285,4.448,4.705,4.76,4.639,4.882,4.906,4.893,4.787,4.523,4.278,3.972,4.276,4.442,4.56,4.652,4.678,4.787,4.604,4.779,4.836,4.86,4.837,4.652,5.725,5.65,5.895,6.142,6.163,6.202,6.294,6.154,5.997,6.247,6.371,6.418,6.496,6.432,6.37,6.138,6.3,6.471,6.406,6.324,6.195,6.026,5.537,5.892,6.169,6.175,6.23,6.222,5.988,5.461,4.76,4.943,5.148,5.159,5.322,5.4,5.2,5.413,5.591,5.653,5.739,5.698,5.614,5.318,5.418,5.622,5.768,5.627,5.88,5.816,5.609,5.758,5.797,5.435,5.175,4.957,5.095,5.305,5.56,5.657,5.53,5.268,5.365,5.577,5.17,5.43,5.485,5.601,5.675,5.631,5.417,5.185,5.399,5.371,5.272,5.343,5.488,5.388,5.131,5.298,5.331,5.418,5.452,5.443,5.269,4.828,4.852,4.999,4.948,4.824,4.715,5.193,5.145,5.497,5.528,5.388,5.201,5.286,5.105,5.048,5.473,5.476,5.568,5.485,5.449,5.341,5.193,5.375,5.341,5.217,5.36,5.42,5.17,4.918,5.202,5.246,5.019,4.905,4.771,4.631,4.665,4.974,0.0,0.0,0.0,0.0,0.0,0.0,0.0,0.0,0.0,0.0,0.0,0.0,0.0,0.0,0.0,0.0,0.0,0.0,0.0,0.0,0.0,0.0,0.0,0.0,0.0,0.0,0.0,0.0,0.0,0.0,0.0,3.957,3.887,3.767,3.703,3.776,3.717,3.511,3.454,3.402,3.242,3.428,3.58,3.696,3.839,3.721,3.496,3.234,3.334,3.411,3.539,3.586,3.525,3.382,3.14,3.351,3.519,3.57,3.565,3.607,3.557,5.499,5.456,5.69,5.834,5.904,5.967,6.062,6.041,6.133,6.218,6.333,6.371,6.381,6.327,6.123,6.164,5.995,6.214,6.282,6.298,6.214,5.981,5.946,5.81,6.01,6.2,6.22,6.264,6.022,6.106,6.208,5.436,5.401,5.432,5.335,5.165,5.268,5.316,5.336,5.303,5.115,4.8,4.356,4.271,4.567,4.701,4.821,4.889,4.995,4.828,4.934,5.045,5.086,5.156,5.048,4.905,4.572,4.585,4.652,4.668,4.554,4.71,4.624,4.477,4.524,4.495,4.694,4.828,4.907,4.845,4.681,4.92,5.007,5.017,4.968,5.033,5.025,4.768,4.806,4.999,5.107,5.14,5.268,5.135,4.897,5.075,5.175,5.163,5.113,5.212,5.288,5.109,5.76,5.864,6.016,6.011,6.03,5.874,5.619,5.81,5.804,5.906,5.941,6.028,6.111,5.838,5.889,6.091,6.152,6.157,6.187,6.232,6.098,6.118,6.204,6.166,5.751,5.375,5.548,5.713,5.568,5.641,5.648,5.762,5.841,6.028,6.01,5.872,5.911,6.013,6.161,6.077,6.087,6.115,5.832,6.109,6.211,6.132,6.118,6.201,6.16,5.999,6.166,6.223,6.203,6.306,6.358,6.233,6.1,6.363,6.296,5.561,5.995,6.018,6.141,6.082,5.845,5.963,5.631,5.494,5.702,6.032,6.103,5.948,6.259,6.29,6.273,6.137,5.799,5.485,5.092,5.483,5.695,5.846,5.964,5.998,6.138,5.903,6.128,6.2,6.231,6.201,5.965,5.272,5.204,5.43,5.657,5.676,5.712,5.797,5.667,5.523,5.753,5.868,5.911,5.983,5.924,5.867,5.653,5.802,5.96,5.9,5.825,5.706,5.55,5.099,5.426,5.681,5.687,5.738,5.73,5.515,5.029,5.075,5.27,5.488,5.501,5.674,5.757,5.544,5.771,5.961,6.027,6.119,6.075,5.986,5.67,5.777,5.994,6.15,6.0,6.269,6.201,5.98,6.139,6.181,5.795,5.517,5.285,5.432,5.656,5.928,6.032,5.896,5.268,5.365,5.577,5.17,5.43,5.485,5.601,5.675,5.631,5.417,5.185,5.399,5.371,5.272,5.343,5.488,5.388,5.131,5.298,5.331,5.418,5.452,5.443,5.269,4.828,4.852,4.999,4.948,4.824,4.715,5.385,5.335,5.7,5.733,5.587,5.394,5.481,5.293,5.234,5.675,5.679,5.774,5.688,5.65,5.539,5.385,5.574,5.538,5.41,5.558,5.62,5.361,5.1,5.394,5.44,5.205,5.087,4.948,4.802,4.838,5.158,6.317,6.223,6.307,6.536,6.716,6.348,6.424,6.659,6.85,7.002,7.26,6.981,6.771,7.046,6.921,7.22,7.289,7.231,7.049,7.001,7.227,7.284,6.953,6.905,7.12,7.138,6.972,7.136,7.479,7.607,7.678,4.04,3.969,3.846,3.781,3.856,3.796,3.585,3.526,3.473,3.31,3.5,3.655,3.774,3.919,3.799,3.57,3.302,3.404,3.483,3.613,3.662,3.599,3.454,3.206,3.421,3.593,3.645,3.64,3.683,3.632,5.499,5.456,5.69,5.834,5.904,5.967,6.062,6.041,6.133,6.218,6.333,6.371,6.381,6.327,6.123,6.164,5.995,6.214,6.282,6.298,6.214,5.981,5.946,5.81,6.01,6.2,6.22,6.264,6.022,6.106,6.208,5.436,5.401,5.432,5.335,5.165,5.268,5.316,5.336,5.303,5.115,4.8,4.356,4.271,4.567,4.701,4.821,4.889,4.995,4.828,4.934,5.045,5.086,5.156,5.048,4.905,4.572,4.585,4.652,4.668,4.554,4.71,4.624,4.477,4.524,4.495,4.694,4.828,4.907,4.845,4.681,4.92,5.007,5.017,4.968,5.033,5.025,4.768,4.806,4.999,5.107,5.14,5.268,5.135,4.897,5.075,5.175,5.163,5.113,5.212,5.288,5.109
Guntur_219,4.341,4.37,4.453,4.464,4.298,4.323,4.417,4.423,4.334,4.286,4.364,4.366,4.419,4.34,4.214,4.191,4.387,4.367,4.191,4.369,4.401,4.303,4.351,4.456,4.505,4.299,4.437,4.502,4.536,4.567,4.529,4.736,4.509,4.653,4.774,4.775,4.77,4.824,4.658,4.556,4.634,4.655,4.703,4.87,4.862,4.91,4.704,4.819,4.918,4.898,4.791,4.625,4.664,4.541,4.694,4.777,4.829,4.771,4.743,4.69,4.693,4.826,4.88,4.803,4.727,4.756,4.821,4.679,4.644,4.307,4.475,4.747,4.776,4.745,4.563,4.722,4.872,4.852,5.377,5.299,5.111,5.029,4.94,5.141,5.323,5.382,5.361,5.332,5.167,5.031,5.02,5.188,5.303,5.339,5.305,5.099,5.356,5.382,5.354,5.389,5.43,5.328,5.202,5.498,5.397,5.359,5.202,5.164,5.114,4.942,5.251,5.279,5.149,5.231,5.285,5.234,5.132,5.322,5.327,5.337,5.245,5.124,5.136,5.061,5.209,5.19,5.253,5.393,5.387,5.353,5.141,5.059,5.102,5.082,5.041,5.07,5.011,5.027,4.706,4.927,5.075,4.919,4.852,4.979,5.057,4.834,4.95,5.034,5.178,5.163,5.046,4.929,3.854,3.902,3.892,3.998,3.968,3.992,3.917,4.164,4.239,4.293,4.241,4.252,4.128,3.987,4.188,4.185,4.25,4.308,4.22,4.193,4.03,4.262,4.372,4.317,4.316,4.169,4.08,3.956,4.143,4.35,0.0,0.0,0.0,0.0,0.0,0.0,0.0,0.0,0.0,0.0,0.0,0.0,0.0,0.0,0.0,0.0,0.0,0.0,0.0,0.0,0.0,0.0,0.0,0.0,0.0,0.0,0.0,0.0,0.0,0.0,0.0,0.0,0.0,0.0,0.0,0.0,0.0,0.0,0.0,0.0,0.0,0.0,0.0,0.0,0.0,0.0,0.0,0.0,0.0,0.0,0.0,0.0,0.0,0.0,0.0,0.0,0.0,0.0,0.0,0.0,0.0,0.0,5.015,5.032,5.034,5.132,5.172,4.9,4.953,5.091,5.319,5.244,5.175,5.01,4.857,4.911,4.994,5.065,4.969,4.932,5.065,4.842,4.929,4.862,4.776,4.928,4.952,4.732,4.575,4.928,5.032,4.991,4.798,4.767,4.908,4.755,4.844,4.989,5.155,5.227,5.228,5.074,4.794,4.844,4.919,4.708,4.789,4.843,4.951,4.823,4.937,4.942,4.923,4.829,4.707,4.701,4.461,4.551,4.786,4.88,4.989,5.083,5.042,4.411,4.565,4.614,4.599,4.552,4.655,4.587,4.403,4.493,4.478,4.446,4.524,4.441,4.043,3.928,3.957,4.217,4.338,4.412,4.445,4.41,4.336,4.547,4.529,4.405,4.15,4.159,4.241,4.316,4.467,3.929,3.987,3.945,3.984,3.96,3.789,3.864,3.931,3.86,3.922,3.956,3.881,3.777,3.884,3.988,3.992,4.03,4.086,4.017,3.96,4.066,4.167,4.22,4.157,4.151,4.215,4.055,4.177,4.221,4.199,4.199,4.765,4.626,4.465,4.587,4.624,4.642,4.579,4.634,4.544,4.527,4.711,4.737,4.72,4.665,4.674,4.768,4.71,4.76,4.919,5.016,5.102,5.076,4.998,4.823,4.866,4.699,4.823,4.883,4.976,4.966,4.82,4.741,4.8,4.838,4.749,4.767,4.731,4.599,4.649,4.757,4.847,4.869,4.872,4.85,4.735,4.811,4.811,4.794,4.751,4.698,4.699,4.621,4.8,4.879,4.952,4.968,5.001,4.977,4.898,5.508,5.536,5.517,5.497,5.62,5.588,5.37,5.496,5.601,5.661,5.603,5.41,5.312,5.309,5.508,5.548,5.633,5.715,5.698,5.638,5.459,5.517,5.38,5.508,5.596,5.519,5.547,5.338,5.033,5.116,5.354,5.249,5.384,5.426,5.31,5.451,5.45,5.454,5.581,5.528,5.515,5.317,5.488,5.523,5.319,5.342,5.386,5.255,5.219,5.322,5.421,5.249,5.145,5.092,5.172,5.068,5.259,5.338,5.316,5.338,5.306,4.709,4.621,4.649,4.672,4.581,4.634,4.732,4.698,4.597,4.687,4.573,4.424,4.296,4.441,4.408,4.079,4.101,4.007,4.017,3.987,4.043,4.183,4.269,4.366,4.296,4.216,4.232,4.393,4.497,4.242,4.453,3.89,4.188,4.27,4.283,4.181,3.987,4.108,4.042,4.03,3.944,3.813,3.803,3.619,3.945,3.964,4.066,4.092,4.121,3.947,3.746,4.059,4.212,4.443,4.269,4.25,4.133,4.233,4.549,4.702,4.602,4.556,4.398,4.411,4.465,4.72,4.808,4.774,4.683,4.613,4.697,4.383,4.335,4.288,4.231,4.304,4.51,4.55,4.128,3.815,3.819,3.74,3.852,4.056,3.969,3.907,4.034,3.998,3.765,3.838,3.818,3.76,7.411,8.093,8.317,8.454,8.746,8.869,9.158,9.103,9.28,9.294,9.31,9.442,9.522,9.285,9.048,8.507,9.694,9.533,9.281,9.213,9.036,8.649,9.018,9.08,9.123,9.2,9.325,9.242,8.908,9.059,9.001,47.458,48.034,47.768,45.738,45.157,46.616,44.856,43.906,46.715,45.328,43.346,40.269,41.962,42.891,43.97,43.929,45.025,47.193,48.104,48.625,47.638,46.024,46.261,46.694,45.891,45.595,44.932,44.541,44.282,45.87,4.727,4.556,4.445,4.65,4.751,4.845,4.847,4.895,4.824,4.672,4.894,4.945,4.953,4.883,4.731,4.792,4.54,4.433,4.627,4.671,4.641,4.613,4.673,4.39,4.569,4.607,4.596,4.563,4.622,4.575,4.502,5.17,5.169,5.112,4.722,4.574,4.892,4.796,5.055,5.192,5.374,5.227,5.339,5.3,5.213,5.283,5.274,5.334,5.381,5.245,5.248,5.024,5.313,5.394,5.426,5.377,5.336,5.262,4.977,5.07,5.093,4.277,4.156,4.239,4.248,4.157,4.296,4.381,4.369,4.416,4.349,4.311,4.132,4.335,4.479,4.466,4.423,4.4,4.394,4.174,4.474,4.607,4.687,4.733,4.768,4.721,4.579,4.676,4.58,4.469,4.423,4.499,4.879,4.693,4.957,5.093,5.171,5.072,5.051,4.876,4.656,4.812,4.839,4.863,4.959,4.866,4.743,4.741,4.967,5.121,5.125,5.1,5.146,4.872,4.793,5.059,5.09,4.928,5.012,5.084,5.105,5.1,5.193,5.301,5.322,5.117,5.205,5.268,5.192,5.284,5.431,5.333,5.22,5.249,5.236,5.173,5.207,5.242,5.318,5.273,5.3,5.254,5.166,5.299,5.283,5.29,5.439,5.324,5.237,5.042,5.264,5.595,5.481,5.449,5.601,5.691,5.552,5.53,5.57,5.625,5.725,5.8,5.786,5.644,5.771,5.809,5.888,5.866,5.539,5.579,5.688,5.849,5.898,5.931,5.985,5.959,5.919,5.736,5.842,5.897,6.006,6.043,6.28,6.273,6.078,6.295,6.359,6.242,6.342,6.305,6.329,6.129,6.252,6.343,6.356,6.294,6.229,6.319,6.031,6.195,6.304,6.256,6.281,6.295,6.287,6.088,6.301,6.376,6.441,6.398,6.341,6.177,5.941,6.088,6.067,6.211,6.205,6.369,6.33,6.046,6.139,6.044,6.072,6.064,6.007,5.948,5.785,6.019,6.163,6.336,6.275,6.013,5.483,5.096,5.034,5.481,5.889,5.926,5.837,5.787,5.737,6.059,6.146,7.075,7.146,7.137,7.057,6.885,7.074,7.121,6.97,6.905,7.073,7.002,6.798,7.132,7.232,7.039,6.882,6.782,6.619,6.144,6.162,6.214,6.708,6.968,6.887,6.751,6.554,6.936,7.034,6.753,6.288,6.221,6.327,6.166,6.629,6.657,6.65,6.671,6.546,6.272,5.876,6.099,6.113,6.208,6.116,6.131,6.144,5.878,6.323,6.421,6.306,5.92,6.099,5.942,5.522,5.942,6.331,6.404,6.354,6.467,6.256,5.884,4.854,4.978,5.184,5.18,4.999,4.851,4.615,4.728,4.723,4.721,4.45,4.691,4.869,4.539,4.304,4.61,4.876,5.043,4.983,4.92,4.708,4.964,5.089,5.043,5.127,5.294,5.121,4.904,5.259,5.396,5.361,5.343,5.394,5.366,5.051,5.309,5.393,5.415,5.341,5.203,5.071,4.736,4.811,4.831,4.834,4.76,4.523,4.677,4.711,4.977,4.968,4.907,4.702,4.628,4.567,4.582,4.988,5.026,5.009,5.081,5.094,4.545,4.341,4.606,4.745,4.498,4.563,4.541,4.567,4.415,4.555,4.514,4.591,4.596,4.557,4.491,4.336,4.682,4.728,4.735,4.72,4.66,4.536,4.266,4.023,3.939,4.221,4.454,4.545,4.568,4.442,4.489,4.641,4.701,4.66,4.736,4.719,4.621,4.689,4.726,4.727,4.724,4.729,4.588,4.475,4.51,4.629,4.698,4.733,4.775,4.79,4.604,4.773,4.84,4.829,4.827,4.828,4.832,4.726,4.847,4.788,4.793,4.279,4.342,4.349,4.197,4.286,4.384,4.437,4.329,4.297,4.131,4.021,4.233,4.24,4.266,4.345,4.433,4.465,4.365,4.537,4.552,4.517,4.535,4.61,4.58,4.423,4.512,4.598,4.671,4.687,4.634,4.585,4.822,4.953,4.933,4.85,4.911,4.947,4.976,4.931,5.01,5.018,5.063,5.076,5.105,4.924,4.728,4.861,4.96,5.054,5.009,5.071,5.012,4.866,4.903,4.99,4.952,4.628,4.778,4.919,4.795,4.857,4.863,5.407,5.48,5.656,5.639,5.51,5.546,5.642,5.781,5.702,5.711,5.738,5.472,5.732,5.828,5.754,5.741,5.818,5.78,5.629,5.786,5.839,5.82,5.917,5.965,5.848,5.724,5.971,5.908,5.838,5.86,5.98,5.923,5.692,5.807,5.483,5.35,5.553,5.874,5.943,5.792,6.095,6.125,6.109,5.976,5.647,5.341,4.959,5.339,5.546,5.693,5.808,5.84,5.977,5.748,5.967,6.037,6.068,6.038,5.808,5.375,5.306,5.536,5.767,5.787,5.823,5.91,5.778,5.631,5.866,5.983,6.026,6.1,6.039,5.982,5.764,5.915,6.076,6.015,5.938,5.817,5.658,5.199,5.532,5.792,5.799,5.85,5.842,5.622,5.128,5.519,5.732,5.969,5.982,6.171,6.261,6.029,6.276,6.482,6.555,6.655,6.607,6.51,6.166,6.283,6.519,6.688,6.525,6.817,6.744,6.504,6.676,6.722,6.302,6.0,5.748,5.908,6.151,6.447,6.56,6.412,9.956,10.139,10.54,9.772,10.263,10.367,10.585,10.727,10.642,10.239,9.8,10.203,10.151,9.964,10.099,10.372,10.183,9.697,10.013,10.075,10.241,10.304,10.286,9.959,9.126,9.171,9.449,9.351,9.117,8.912,4.964,4.917,5.254,5.284,5.15,4.972,5.053,4.879,4.825,5.231,5.234,5.322,5.243,5.208,5.106,4.964,5.138,5.105,4.987,5.123,5.18,4.941,4.701,4.972,5.015,4.798,4.689,4.56,4.426,4.459,4.755,0.0,0.0,0.0,0.0,0.0,0.0,0.0,0.0,0.0,0.0,0.0,0.0,0.0,0.0,0.0,0.0,0.0,0.0,0.0,0.0,0.0,0.0,0.0,0.0,0.0,0.0,0.0,0.0,0.0,0.0,0.0,5.477,5.381,5.215,5.126,5.228,5.146,4.861,4.781,4.709,4.487,4.745,4.955,5.117,5.314,5.151,4.84,4.476,4.615,4.722,4.899,4.965,4.879,4.682,4.346,4.639,4.872,4.942,4.935,4.993,4.924,5.531,5.488,5.723,5.868,5.939,6.002,6.097,6.076,6.169,6.254,6.37,6.408,6.418,6.364,6.158,6.2,6.029,6.25,6.319,6.335,6.25,6.015,5.98,5.843,6.045,6.236,6.256,6.3,6.057,6.142,6.244,5.734,5.697,5.73,5.627,5.448,5.557,5.608,5.629,5.594,5.395,5.063,4.594,4.505,4.817,4.958,5.085,5.157,5.268,5.092,5.204,5.322,5.364,5.439,5.324,5.174,4.822,4.837,4.907,4.923,4.803,4.527,4.444,4.303,4.347,4.32,4.511,4.64,4.716,4.656,4.499,4.728,4.812,4.822,4.775,4.837,4.829,4.583,4.619,4.804,4.908,4.94,5.062,4.935,4.707,4.878,4.974,4.962,4.914,5.009,5.082,4.91,5.667,5.77,5.919,5.914,5.933,5.78,5.529,5.716,5.711,5.81,5.845,5.931,6.013,5.743,5.794,5.993,6.053,6.058,6.087,6.131,5.999,6.019,6.104,6.067,5.658,5.288,5.459,5.621,5.478,5.55,5.557,4.951,5.018,5.179,5.164,5.045,5.078,5.166,5.294,5.221,5.23,5.254,5.011,5.249,5.337,5.269,5.257,5.328,5.293,5.154,5.298,5.347,5.329,5.418,5.462,5.355,5.241,5.467,5.41,4.778,5.877,5.899,6.02,5.962,5.729,5.845,5.52,5.385,5.589,5.913,5.982,5.83,6.135,6.165,6.149,6.016,5.684,5.376,4.992,5.374,5.582,5.73,5.846,5.879,6.016,5.786,6.006,6.077,6.108,6.078,5.847,5.074,5.008,5.225,5.443,5.462,5.496,5.578,5.454,5.315,5.536,5.647,5.688,5.757,5.7,5.646,5.44,5.583,5.735,5.677,5.605,5.491,5.34,4.907,5.222,5.467,5.473,5.521,5.514,5.307,4.84,5.102,5.298,5.517,5.53,5.704,5.788,5.573,5.802,5.992,6.059,6.151,6.107,6.018,5.7,5.808,6.026,6.182,6.032,6.302,6.234,6.012,6.171,6.214,5.826,5.546,5.313,5.461,5.686,5.96,6.064,5.927,9.956,10.139,10.54,9.772,10.263,10.367,10.585,10.727,10.642,10.239,9.8,10.203,10.151,9.964,10.099,10.372,10.183,9.697,10.013,10.075,10.241,10.304,10.286,9.959,9.126,9.171,9.449,9.351,9.117,8.912,5.414,5.363,5.73,5.763,5.617,5.422,5.511,5.322,5.262,5.705,5.709,5.805,5.718,5.68,5.568,5.414,5.604,5.568,5.439,5.588,5.65,5.389,5.127,5.423,5.469,5.232,5.114,4.974,4.828,4.864,5.186,5.629,5.545,5.62,5.824,5.985,5.657,5.725,5.934,6.104,6.239,6.47,6.221,6.034,6.279,6.167,6.434,6.496,6.444,6.282,6.239,6.44,6.491,6.196,6.153,6.344,6.361,6.213,6.359,6.664,6.779,6.842,5.042,4.953,4.8,4.718,4.812,4.737,4.475,4.401,4.335,4.131,4.368,4.561,4.71,4.891,4.742,4.455,4.12,4.248,4.346,4.51,4.57,4.492,4.31,4.001,4.27,4.485,4.55,4.543,4.596,4.533,5.531,5.488,5.723,5.868,5.939,6.002,6.097,6.076,6.169,6.254,6.37,6.408,6.418,6.364,6.158,6.2,6.029,6.25,6.319,6.335,6.25,6.015,5.98,5.843,6.045,6.236,6.256,6.3,6.057,6.142,6.244,5.734,5.697,5.73,5.627,5.448,5.557,5.608,5.629,5.594,5.395,5.063,4.594,4.505,4.817,4.958,5.085,5.157,5.268,5.092,5.204,5.322,5.364,5.439,5.324,5.174,4.822,4.837,4.907,4.923,4.803,4.527,4.444,4.303,4.347,4.32,4.511,4.64,4.716,4.656,4.499,4.728,4.812,4.822,4.775,4.837,4.829,4.583,4.619,4.804,4.908,4.94,5.062,4.935,4.707,4.878,4.974,4.962,4.914,5.009,5.082,4.91
Guntur_220,3.804,3.83,3.903,3.912,3.767,3.789,3.871,3.876,3.799,3.756,3.825,3.826,3.873,3.804,3.693,3.673,3.845,3.828,3.673,3.829,3.857,3.771,3.813,3.906,3.948,3.768,3.889,3.946,3.976,4.002,3.97,3.736,3.557,3.671,3.766,3.766,3.763,3.805,3.674,3.593,3.655,3.672,3.71,3.841,3.835,3.873,3.711,3.802,3.879,3.863,3.779,3.648,3.679,3.582,3.703,3.768,3.81,3.764,3.742,3.699,4.138,4.256,4.303,4.236,4.169,4.194,4.251,4.127,4.096,3.798,3.946,4.186,4.212,4.185,4.024,4.164,4.297,4.279,4.742,4.673,4.507,4.435,4.356,4.533,4.694,4.746,4.727,4.703,4.556,4.437,4.427,4.163,4.256,4.285,4.257,4.092,4.298,4.319,4.297,4.325,4.357,4.276,4.174,4.412,4.331,4.301,4.175,4.144,4.104,3.966,4.214,4.237,4.132,4.198,4.242,4.201,4.119,4.271,4.275,4.283,4.209,4.261,4.271,4.208,4.332,4.315,4.368,4.484,4.479,4.451,4.275,4.206,4.242,4.226,4.192,4.216,4.167,4.18,3.913,4.097,4.22,4.09,4.034,4.14,4.205,4.02,4.115,4.185,4.305,4.293,4.195,4.098,2.964,3.002,2.994,3.075,3.052,3.071,3.013,3.203,3.26,3.303,3.262,3.271,3.176,3.067,3.222,3.219,3.269,3.314,3.246,3.225,3.1,3.278,3.363,3.321,3.32,3.207,3.139,3.043,3.187,3.346,0.0,0.0,0.0,0.0,0.0,0.0,0.0,0.0,0.0,0.0,0.0,0.0,0.0,0.0,0.0,0.0,0.0,0.0,0.0,0.0,0.0,0.0,0.0,0.0,0.0,0.0,0.0,0.0,0.0,0.0,0.0,0.0,0.0,0.0,0.0,0.0,0.0,0.0,0.0,0.0,0.0,0.0,0.0,0.0,0.0,0.0,0.0,0.0,0.0,0.0,0.0,0.0,0.0,0.0,0.0,0.0,0.0,0.0,0.0,0.0,0.0,0.0,2.531,2.54,2.541,2.59,2.61,2.473,2.5,2.569,2.684,2.646,2.612,2.528,2.451,2.478,2.52,2.556,2.508,2.489,2.556,2.444,2.488,2.454,2.41,2.487,2.499,2.388,2.309,2.487,2.54,2.519,3.897,3.872,3.987,3.862,3.935,4.052,4.187,4.245,4.247,4.121,3.894,3.934,3.995,3.824,3.89,3.934,4.022,3.918,4.01,4.014,3.999,3.922,3.824,3.818,3.624,3.697,3.887,3.964,4.053,4.129,4.096,4.188,4.334,4.381,4.366,4.322,4.419,4.355,4.18,4.266,4.251,4.221,4.295,4.216,3.838,3.729,3.756,4.003,4.118,4.188,4.22,4.187,4.116,4.317,4.299,4.181,3.94,3.948,4.026,4.097,4.241,3.264,3.312,3.277,3.309,3.289,3.147,3.21,3.265,3.206,3.258,3.286,3.223,3.137,3.226,3.313,3.316,3.347,3.393,3.336,3.289,3.378,3.461,3.505,3.453,3.448,3.501,3.368,3.469,3.506,3.487,3.488,4.24,4.117,3.974,4.082,4.115,4.131,4.075,4.124,4.044,4.029,4.193,4.216,4.201,4.151,4.159,4.243,4.191,4.236,4.377,4.464,4.541,4.517,4.448,4.292,4.331,4.182,4.292,4.346,4.428,4.419,4.289,4.572,4.629,4.666,4.58,4.597,4.563,4.435,4.484,4.588,4.675,4.696,4.699,4.677,4.566,4.64,4.64,4.623,4.582,4.531,4.532,4.456,4.63,4.706,4.776,4.791,4.823,4.8,4.724,5.088,5.114,5.097,5.078,5.192,5.162,4.961,5.077,5.174,5.229,5.176,4.998,4.907,4.905,5.088,5.125,5.203,5.279,5.264,5.208,5.043,5.096,4.97,5.088,5.17,5.098,5.124,4.931,4.649,4.726,4.946,4.293,4.403,4.437,4.342,4.458,4.457,4.46,4.564,4.52,4.51,4.348,4.488,4.517,4.35,4.368,4.405,4.297,4.268,4.352,4.433,4.292,4.207,4.164,4.23,4.145,4.301,4.365,4.347,4.365,4.34,3.728,3.658,3.68,3.698,3.627,3.668,3.746,3.719,3.639,3.71,3.62,3.502,3.401,3.516,3.49,3.229,3.246,3.172,3.18,3.156,3.2,3.311,3.379,3.456,3.401,3.337,3.35,3.478,3.56,3.358,3.525,3.069,3.304,3.368,3.378,3.298,3.145,3.241,3.188,3.179,3.111,3.008,3.0,2.854,3.112,3.127,3.207,3.228,3.251,3.113,2.955,3.202,3.323,3.505,3.367,3.352,3.26,3.339,3.588,3.709,3.63,4.556,4.398,4.411,4.465,4.72,4.808,4.774,4.683,4.613,4.697,4.383,4.335,4.288,4.231,4.304,4.51,4.55,4.128,3.815,3.819,3.74,3.852,4.056,3.969,3.907,4.034,3.998,3.765,3.838,3.818,3.76,5.509,6.016,6.183,6.284,6.502,6.593,6.808,6.767,6.898,6.909,6.921,7.019,7.078,6.902,6.726,6.324,7.206,7.087,6.9,6.849,6.717,6.43,6.704,6.75,6.782,6.839,6.933,6.871,6.622,6.735,6.691,0.0,0.0,0.0,0.0,0.0,0.0,0.0,0.0,0.0,0.0,0.0,0.0,0.0,0.0,0.0,0.0,0.0,0.0,0.0,0.0,0.0,0.0,0.0,0.0,0.0,0.0,0.0,0.0,0.0,0.0,4.056,3.909,3.814,3.989,4.076,4.157,4.159,4.2,4.139,4.008,4.199,4.243,4.25,4.19,4.059,4.111,3.895,3.803,3.97,4.007,3.982,3.958,4.009,3.767,3.92,3.953,3.943,3.915,3.965,3.925,3.862,4.082,4.082,4.036,3.728,3.611,3.863,3.787,3.991,4.099,4.243,4.127,4.216,4.184,4.116,4.171,4.164,4.212,4.249,4.141,4.144,3.966,4.195,4.259,4.284,4.245,4.213,4.155,3.929,4.003,4.021,3.524,3.425,3.493,3.5,3.426,3.54,3.61,3.6,3.639,3.584,3.552,3.405,3.573,3.691,3.68,3.645,3.626,3.62,3.439,3.686,3.796,3.862,3.9,3.929,3.89,3.773,3.853,3.774,3.683,3.644,3.707,4.654,4.476,4.728,4.858,4.932,4.838,4.818,4.651,4.441,4.589,4.616,4.638,4.73,4.641,4.524,4.522,4.738,4.885,4.888,4.865,4.909,4.647,4.572,4.826,4.855,4.701,4.781,4.849,4.869,4.864,4.953,4.484,4.502,4.329,4.404,4.457,4.393,4.471,4.594,4.512,4.416,4.441,4.43,4.376,4.405,4.435,4.499,4.46,4.483,4.444,4.37,4.483,4.47,4.475,4.601,4.504,4.431,4.265,4.454,5.295,5.187,5.156,5.3,5.385,5.254,5.233,5.271,5.323,5.418,5.488,5.475,5.341,5.461,5.497,5.572,5.551,5.242,5.28,5.383,5.535,5.581,5.612,5.663,5.639,5.601,5.428,5.528,5.581,5.684,5.718,5.649,5.643,5.468,5.663,5.721,5.616,5.705,5.672,5.693,5.514,5.624,5.706,5.718,5.662,5.604,5.685,5.425,5.573,5.671,5.628,5.65,5.663,5.656,5.477,5.668,5.736,5.794,5.756,5.704,5.557,5.641,5.78,5.761,5.897,5.892,6.048,6.01,5.741,5.829,5.739,5.765,5.758,5.704,5.648,5.493,5.716,5.853,6.016,5.958,5.71,5.207,4.839,4.78,5.204,5.592,5.627,5.543,5.495,5.448,5.753,5.836,7.075,7.146,7.137,7.057,6.885,7.074,7.121,6.97,6.905,7.073,7.002,6.798,7.132,7.232,7.039,6.882,6.782,6.619,6.144,6.162,6.214,6.708,6.968,6.887,6.751,6.554,6.936,7.034,6.753,6.288,6.221,6.327,6.166,6.629,6.657,6.65,6.671,6.546,6.272,5.876,6.099,6.113,6.208,6.116,6.131,6.144,5.878,6.323,6.421,6.306,5.92,6.099,5.942,5.522,5.942,6.331,6.404,6.354,6.467,6.256,5.884,3.092,3.171,3.302,3.299,3.184,3.09,2.94,3.012,3.009,3.007,2.834,2.988,3.102,2.891,2.742,2.937,3.106,3.213,3.174,3.134,2.999,3.162,3.242,3.212,3.266,3.373,3.262,3.124,3.35,3.437,3.415,4.763,4.808,4.784,4.503,4.733,4.807,4.827,4.761,4.638,4.521,4.222,4.289,4.307,4.309,4.243,4.032,4.169,4.2,4.436,4.429,4.374,4.192,4.125,4.071,4.084,4.446,4.481,4.465,4.529,4.541,3.825,3.654,3.877,3.994,3.786,3.841,3.822,3.844,3.716,3.834,3.799,3.864,3.868,3.836,3.78,3.65,3.941,3.979,3.986,3.973,3.922,3.818,3.591,3.386,3.315,3.553,3.749,3.825,3.845,3.739,3.778,4.463,4.52,4.481,4.553,4.537,4.443,4.508,4.544,4.545,4.543,4.547,4.411,4.303,4.336,4.451,4.517,4.551,4.591,4.606,4.427,4.589,4.653,4.643,4.641,4.642,4.646,4.544,4.661,4.603,4.609,4.327,4.391,4.398,4.244,4.334,4.434,4.487,4.378,4.346,4.178,4.067,4.281,4.288,4.314,4.394,4.483,4.516,4.415,4.588,4.603,4.568,4.587,4.662,4.632,4.473,4.563,4.65,4.724,4.74,4.686,4.637,4.419,4.539,4.52,4.444,4.5,4.533,4.56,4.518,4.591,4.598,4.639,4.651,4.678,4.512,4.332,4.455,4.545,4.631,4.59,4.647,4.592,4.459,4.493,4.572,4.538,4.241,4.378,4.508,4.394,4.451,4.456,4.338,4.397,4.537,4.524,4.42,4.449,4.526,4.638,4.575,4.582,4.603,4.39,4.599,4.676,4.616,4.606,4.668,4.637,4.516,4.642,4.685,4.669,4.747,4.786,4.692,4.592,4.79,4.74,4.944,4.962,5.064,5.016,4.82,4.917,4.643,4.531,4.702,4.974,5.032,4.905,5.161,5.186,5.173,5.061,4.782,4.523,4.199,4.521,4.696,4.82,4.918,4.946,5.061,4.868,5.053,5.112,5.138,5.113,4.919,6.33,6.247,6.518,6.791,6.814,6.857,6.959,6.804,6.631,6.907,7.044,7.096,7.183,7.111,7.043,6.787,6.965,7.155,7.082,6.992,6.85,6.662,6.122,6.514,6.821,6.828,6.888,6.879,6.62,6.038,5.927,6.156,6.41,6.425,6.628,6.724,6.475,6.741,6.962,7.04,7.147,7.095,6.992,6.623,6.748,7.001,7.183,7.008,7.322,7.243,6.985,7.17,7.219,6.769,6.444,6.173,6.345,6.606,6.924,7.045,6.886,9.525,9.7,10.083,9.349,9.819,9.918,10.127,10.262,10.181,9.795,9.376,9.762,9.711,9.533,9.662,9.923,9.742,9.277,9.579,9.639,9.797,9.858,9.841,9.528,8.73,8.774,9.04,8.946,8.722,8.526,6.125,6.068,6.483,6.52,6.355,6.135,6.235,6.021,5.954,6.455,6.459,6.568,6.47,6.426,6.3,6.125,6.34,6.299,6.154,6.322,6.392,6.098,5.8,6.135,6.188,5.92,5.786,5.628,5.462,5.503,5.867,0.0,0.0,0.0,0.0,0.0,0.0,0.0,0.0,0.0,0.0,0.0,0.0,0.0,0.0,0.0,0.0,0.0,0.0,0.0,0.0,0.0,0.0,0.0,0.0,0.0,0.0,0.0,0.0,0.0,0.0,0.0,4.085,4.013,3.889,3.823,3.899,3.838,3.625,3.566,3.512,3.347,3.539,3.696,3.816,3.963,3.842,3.61,3.338,3.442,3.521,3.654,3.703,3.639,3.492,3.241,3.46,3.633,3.686,3.68,3.724,3.672,5.002,4.963,5.175,5.307,5.371,5.428,5.514,5.495,5.579,5.656,5.761,5.795,5.804,5.755,5.57,5.607,5.453,5.652,5.715,5.729,5.653,5.44,5.408,5.285,5.467,5.64,5.658,5.697,5.478,5.554,5.647,5.893,5.855,5.889,5.784,5.599,5.711,5.763,5.785,5.749,5.545,5.203,4.722,4.63,4.951,5.096,5.227,5.3,5.415,5.233,5.349,5.47,5.513,5.59,5.472,5.318,4.956,4.971,5.043,5.06,4.936,4.849,4.761,4.609,4.657,4.627,4.833,4.971,5.052,4.988,4.819,5.065,5.155,5.165,5.115,5.182,5.173,4.909,4.948,5.146,5.257,5.292,5.423,5.287,5.042,5.225,5.328,5.315,5.263,5.366,5.444,5.26,5.447,5.545,5.688,5.684,5.702,5.554,5.313,5.494,5.488,5.584,5.618,5.7,5.779,5.52,5.569,5.759,5.818,5.822,5.85,5.892,5.766,5.785,5.866,5.831,5.438,5.082,5.246,5.402,5.265,5.334,5.34,5.275,5.346,5.517,5.501,5.375,5.41,5.504,5.64,5.562,5.571,5.597,5.338,5.592,5.685,5.613,5.6,5.676,5.639,5.491,5.644,5.696,5.678,5.772,5.819,5.705,5.584,5.825,5.763,5.09,6.952,6.978,7.121,7.053,6.777,6.915,6.529,6.371,6.612,6.994,7.076,6.897,7.258,7.293,7.274,7.116,6.724,6.36,5.905,6.358,6.604,6.778,6.916,6.955,7.117,6.845,7.105,7.189,7.225,7.19,6.916,5.022,4.957,5.172,5.388,5.407,5.441,5.522,5.399,5.261,5.481,5.59,5.63,5.699,5.643,5.589,5.385,5.527,5.677,5.62,5.548,5.435,5.286,4.858,5.169,5.412,5.418,5.466,5.459,5.253,4.791,4.918,5.108,5.319,5.331,5.5,5.58,5.373,5.593,5.777,5.841,5.931,5.888,5.802,5.495,5.599,5.81,5.96,5.815,6.076,6.01,5.796,5.95,5.991,5.617,5.347,5.122,5.265,5.482,5.746,5.846,5.714,9.525,9.7,10.083,9.349,9.819,9.918,10.127,10.262,10.181,9.795,9.376,9.762,9.711,9.533,9.662,9.923,9.742,9.277,9.579,9.639,9.797,9.858,9.841,9.528,8.73,8.774,9.04,8.946,8.722,8.526,5.219,5.171,5.525,5.556,5.415,5.227,5.313,5.131,5.073,5.5,5.504,5.596,5.513,5.476,5.368,5.219,5.402,5.368,5.244,5.387,5.447,5.196,4.943,5.228,5.273,5.045,4.93,4.795,4.654,4.689,5.0,4.925,4.852,4.918,5.096,5.237,4.95,5.009,5.192,5.341,5.459,5.661,5.443,5.28,5.494,5.396,5.629,5.684,5.638,5.497,5.459,5.635,5.68,5.422,5.384,5.551,5.566,5.436,5.564,5.831,5.931,5.987,4.142,4.069,3.943,3.876,3.953,3.892,3.676,3.616,3.561,3.394,3.589,3.747,3.87,4.018,3.895,3.66,3.385,3.49,3.571,3.705,3.754,3.69,3.541,3.287,3.508,3.684,3.738,3.732,3.776,3.724,5.002,4.963,5.175,5.307,5.371,5.428,5.514,5.495,5.579,5.656,5.761,5.795,5.804,5.755,5.57,5.607,5.453,5.652,5.715,5.729,5.653,5.44,5.408,5.285,5.467,5.64,5.658,5.697,5.478,5.554,5.647,5.893,5.855,5.889,5.784,5.599,5.711,5.763,5.785,5.749,5.545,5.203,4.722,4.63,4.951,5.096,5.227,5.3,5.415,5.233,5.349,5.47,5.513,5.59,5.472,5.318,4.956,4.971,5.043,5.06,4.936,4.849,4.761,4.609,4.657,4.627,4.833,4.971,5.052,4.988,4.819,5.065,5.155,5.165,5.115,5.182,5.173,4.909,4.948,5.146,5.257,5.292,5.423,5.287,5.042,5.225,5.328,5.315,5.263,5.366,5.444,5.26
Guntur_221,7.483,7.534,7.676,7.695,7.409,7.452,7.614,7.624,7.472,7.388,7.523,7.526,7.618,7.482,7.264,7.225,7.562,7.529,7.224,7.532,7.586,7.417,7.5,7.682,7.765,7.41,7.649,7.761,7.82,7.872,7.808,7.025,6.688,6.902,7.081,7.082,7.076,7.155,6.909,6.757,6.873,6.904,6.976,7.223,7.211,7.282,6.977,7.148,7.294,7.264,7.106,6.86,6.918,6.736,6.962,7.086,7.163,7.077,7.035,6.956,7.261,7.467,7.55,7.431,7.314,7.359,7.459,7.24,7.186,6.664,6.923,7.345,7.39,7.342,7.06,7.306,7.538,7.506,8.32,8.199,7.908,7.781,7.643,7.954,8.236,8.327,8.294,8.251,7.994,7.785,7.768,8.54,8.729,8.789,8.733,8.394,8.817,8.859,8.814,8.871,8.938,8.771,8.563,9.05,8.884,8.821,8.564,8.501,8.418,8.136,8.645,8.69,8.476,8.611,8.7,8.616,8.448,8.76,8.769,8.785,8.634,9.792,9.815,9.672,9.955,9.917,10.039,10.306,10.294,10.23,9.824,9.667,9.749,9.712,9.634,9.689,9.576,9.607,8.993,9.416,9.699,9.399,9.272,9.515,9.664,9.239,9.458,9.619,9.895,9.867,9.642,9.419,8.397,8.503,8.48,8.712,8.645,8.699,8.535,9.073,9.236,9.355,9.24,9.265,8.995,8.688,9.126,9.118,9.261,9.388,9.195,9.136,8.782,9.286,9.526,9.407,9.405,9.085,8.891,8.621,9.028,9.479,0.0,0.0,0.0,0.0,0.0,0.0,0.0,0.0,0.0,0.0,0.0,0.0,0.0,0.0,0.0,0.0,0.0,0.0,0.0,0.0,0.0,0.0,0.0,0.0,0.0,0.0,0.0,0.0,0.0,0.0,0.0,0.0,0.0,0.0,0.0,0.0,0.0,0.0,0.0,0.0,0.0,0.0,0.0,0.0,0.0,0.0,0.0,0.0,0.0,0.0,0.0,0.0,0.0,0.0,0.0,0.0,0.0,0.0,0.0,0.0,0.0,0.0,5.706,5.726,5.728,5.839,5.884,5.576,5.636,5.793,6.052,5.967,5.889,5.7,5.527,5.588,5.682,5.763,5.653,5.612,5.763,5.51,5.608,5.532,5.434,5.607,5.634,5.384,5.206,5.607,5.726,5.679,6.512,6.471,6.662,6.454,6.575,6.772,6.997,7.095,7.097,6.887,6.507,6.575,6.677,6.39,6.501,6.574,6.721,6.547,6.701,6.708,6.682,6.554,6.39,6.381,6.056,6.177,6.496,6.624,6.773,6.899,6.845,7.163,7.413,7.493,7.468,7.392,7.559,7.449,7.149,7.296,7.27,7.219,7.346,7.212,6.565,6.378,6.425,6.847,7.044,7.164,7.218,7.161,7.04,7.383,7.353,7.152,6.738,6.753,6.886,7.008,7.253,6.039,6.127,6.064,6.123,6.086,5.823,5.939,6.041,5.933,6.028,6.08,5.964,5.804,5.969,6.13,6.136,6.193,6.279,6.173,6.086,6.25,6.404,6.485,6.388,6.379,6.479,6.233,6.419,6.488,6.453,6.453,6.76,6.563,6.335,6.508,6.56,6.586,6.497,6.575,6.447,6.423,6.684,6.721,6.697,6.619,6.631,6.764,6.682,6.753,6.978,7.117,7.239,7.202,7.091,6.842,6.904,6.667,6.843,6.929,7.06,7.045,6.838,7.549,7.643,7.703,7.562,7.59,7.534,7.323,7.403,7.575,7.719,7.754,7.758,7.722,7.539,7.661,7.661,7.634,7.565,7.48,7.483,7.357,7.644,7.769,7.885,7.911,7.963,7.925,7.8,8.012,8.053,8.026,7.996,8.175,8.129,7.812,7.995,8.148,8.235,8.151,7.87,7.727,7.723,8.012,8.071,8.193,8.313,8.289,8.201,7.941,8.025,7.825,8.012,8.141,8.028,8.068,7.765,7.321,7.442,7.789,7.042,7.222,7.279,7.123,7.313,7.31,7.317,7.487,7.415,7.398,7.132,7.362,7.409,7.135,7.166,7.225,7.049,7.001,7.139,7.272,7.041,6.902,6.83,6.938,6.799,7.055,7.161,7.131,7.161,7.118,6.073,5.959,5.995,6.024,5.908,5.975,6.102,6.059,5.928,6.044,5.897,5.704,5.539,5.727,5.685,5.26,5.288,5.167,5.179,5.142,5.213,5.394,5.504,5.629,5.54,5.436,5.457,5.665,5.8,5.47,5.742,5.964,6.421,6.546,6.566,6.409,6.112,6.298,6.197,6.179,6.046,5.845,5.831,5.548,6.048,6.077,6.233,6.274,6.318,6.051,5.744,6.222,6.458,6.812,6.544,6.516,6.336,6.489,6.974,7.209,7.055,10.381,10.023,10.052,10.175,10.755,10.956,10.878,10.671,10.512,10.704,9.987,9.879,9.772,9.641,9.807,10.276,10.368,9.406,8.693,8.702,8.523,8.777,9.242,9.045,8.902,9.192,9.111,8.579,8.746,8.7,8.569,7.834,8.556,8.793,8.937,9.246,9.376,9.682,9.623,9.81,9.826,9.843,9.982,10.066,9.816,9.565,8.994,10.248,10.078,9.812,9.74,9.552,9.144,9.534,9.599,9.644,9.726,9.859,9.771,9.417,9.577,9.516,26.848,27.174,27.023,25.875,25.546,26.371,25.376,24.838,26.427,25.643,24.522,22.781,23.738,24.264,24.875,24.851,25.471,26.698,27.213,27.508,26.95,26.036,26.17,26.415,25.961,25.794,25.419,25.197,25.051,25.949,5.775,5.567,5.431,5.681,5.804,5.92,5.922,5.981,5.895,5.708,5.979,6.042,6.052,5.966,5.78,5.855,5.547,5.416,5.653,5.707,5.671,5.636,5.71,5.364,5.582,5.629,5.616,5.575,5.647,5.59,5.5,4.99,4.989,4.934,4.558,4.415,4.722,4.629,4.879,5.011,5.187,5.045,5.153,5.115,5.031,5.099,5.09,5.149,5.194,5.062,5.065,4.849,5.128,5.206,5.237,5.189,5.15,5.079,4.803,4.893,4.916,5.637,5.478,5.587,5.598,5.479,5.661,5.774,5.758,5.821,5.732,5.681,5.446,5.714,5.903,5.886,5.829,5.8,5.791,5.501,5.896,6.072,6.177,6.238,6.284,6.222,6.035,6.163,6.036,5.89,5.829,5.93,5.36,5.155,5.445,5.595,5.68,5.572,5.549,5.356,5.114,5.285,5.315,5.341,5.448,5.344,5.21,5.208,5.456,5.626,5.629,5.602,5.653,5.351,5.265,5.557,5.591,5.413,5.505,5.584,5.607,5.601,5.704,5.644,5.666,5.449,5.542,5.609,5.529,5.626,5.782,5.678,5.558,5.589,5.575,5.508,5.544,5.582,5.662,5.614,5.643,5.594,5.5,5.642,5.625,5.632,5.791,5.668,5.576,5.368,5.605,6.923,6.781,6.741,6.929,7.041,6.869,6.842,6.892,6.96,7.083,7.175,7.158,6.983,7.139,7.186,7.284,7.257,6.853,6.903,7.038,7.237,7.296,7.337,7.404,7.373,7.323,7.096,7.228,7.296,7.431,7.476,7.004,6.997,6.779,7.021,7.093,6.962,7.073,7.032,7.059,6.836,6.973,7.075,7.089,7.02,6.948,7.048,6.726,6.909,7.031,6.978,7.005,7.021,7.012,6.79,7.028,7.111,7.184,7.136,7.072,6.889,6.679,6.844,6.82,6.982,6.975,7.16,7.116,6.797,6.902,6.795,6.826,6.817,6.753,6.687,6.503,6.767,6.929,7.123,7.054,6.76,6.164,5.729,5.659,6.161,6.62,6.662,6.562,6.505,6.45,6.811,6.91,7.224,7.298,7.289,7.207,7.031,7.224,7.272,7.118,7.051,7.222,7.15,6.942,7.283,7.385,7.188,7.028,6.926,6.759,6.274,6.292,6.345,6.85,7.116,7.033,6.894,6.693,7.083,7.183,6.896,6.421,6.353,6.461,6.297,6.769,6.799,6.791,6.813,6.685,6.405,6.0,6.228,6.243,6.34,6.246,6.261,6.274,6.002,6.457,6.557,6.44,6.045,6.228,6.068,5.639,6.068,6.466,6.539,6.489,6.603,6.388,6.008,5.442,5.58,5.811,5.806,5.604,5.438,5.173,5.3,5.295,5.292,4.988,5.258,5.458,5.088,4.825,5.168,5.466,5.654,5.586,5.515,5.277,5.564,5.704,5.653,5.747,5.935,5.741,5.497,5.895,6.049,6.01,4.988,5.036,5.01,4.716,4.957,5.035,5.055,4.987,4.857,4.735,4.421,4.492,4.511,4.513,4.444,4.223,4.367,4.399,4.646,4.639,4.581,4.39,4.321,4.264,4.278,4.657,4.693,4.677,4.744,4.756,6.444,6.156,6.532,6.729,6.379,6.471,6.439,6.477,6.261,6.459,6.401,6.51,6.517,6.462,6.369,6.149,6.64,6.704,6.715,6.693,6.607,6.433,6.049,5.705,5.586,5.985,6.316,6.445,6.478,6.3,6.366,5.985,6.062,6.009,6.106,6.085,5.959,6.046,6.094,6.095,6.092,6.098,5.916,5.771,5.815,5.969,6.059,6.104,6.157,6.177,5.937,6.154,6.241,6.227,6.224,6.226,6.231,6.094,6.251,6.174,6.181,5.571,5.653,5.662,5.464,5.58,5.708,5.776,5.636,5.595,5.378,5.235,5.512,5.52,5.554,5.657,5.771,5.813,5.683,5.907,5.926,5.88,5.904,6.001,5.962,5.758,5.874,5.986,6.081,6.102,6.032,5.969,5.208,5.349,5.327,5.238,5.304,5.343,5.374,5.325,5.411,5.419,5.468,5.482,5.513,5.318,5.106,5.25,5.356,5.458,5.41,5.477,5.412,5.255,5.295,5.389,5.348,4.998,5.16,5.313,5.178,5.246,5.252,6.326,6.412,6.617,6.597,6.446,6.488,6.601,6.763,6.671,6.682,6.713,6.402,6.707,6.818,6.731,6.716,6.807,6.762,6.585,6.769,6.832,6.809,6.922,6.979,6.842,6.697,6.985,6.912,6.148,6.171,6.298,6.237,5.994,6.115,5.774,5.634,5.848,6.186,6.258,6.099,6.419,6.45,6.433,6.293,5.946,5.625,5.222,5.623,5.84,5.995,6.116,6.15,6.294,6.053,6.284,6.358,6.39,6.359,6.117,6.068,5.989,6.248,6.51,6.532,6.573,6.671,6.522,6.356,6.621,6.753,6.802,6.885,6.817,6.752,6.506,6.677,6.858,6.789,6.703,6.566,6.386,5.868,6.245,6.538,6.545,6.603,6.594,6.346,5.788,6.769,7.031,7.321,7.338,7.569,7.68,7.395,7.698,7.951,8.04,8.162,8.104,7.985,7.564,7.706,7.996,8.204,8.003,8.362,8.272,7.977,8.189,8.245,7.73,7.36,7.05,7.247,7.545,7.908,8.046,7.865,10.528,10.722,11.146,10.334,10.853,10.964,11.194,11.344,11.254,10.828,10.364,10.79,10.735,10.537,10.68,10.969,10.769,10.255,10.589,10.654,10.83,10.896,10.878,10.532,9.65,9.698,9.992,9.889,9.641,9.424,14.447,14.313,15.293,15.38,14.99,14.47,14.706,14.202,14.043,15.226,15.235,15.491,15.26,15.158,14.86,14.448,14.954,14.858,14.515,14.912,15.078,14.383,13.682,14.471,14.595,13.964,13.647,13.274,12.883,12.98,13.839,11.814,11.639,11.795,12.223,12.561,11.873,12.015,12.453,12.811,13.095,13.579,13.057,12.664,13.177,12.944,13.503,13.633,13.524,13.184,13.094,13.516,13.623,13.004,12.914,13.316,13.351,13.039,13.346,13.987,14.227,14.361,12.61,12.387,12.004,11.8,12.034,11.846,11.19,11.006,10.84,10.33,10.925,11.407,11.779,12.233,11.858,11.142,10.304,10.624,10.87,11.278,11.429,11.233,10.779,10.005,10.679,11.215,11.378,11.361,11.494,11.335,6.429,6.379,6.652,6.821,6.903,6.977,7.087,7.063,7.171,7.27,7.405,7.449,7.46,7.398,7.159,7.207,7.009,7.265,7.345,7.364,7.266,6.993,6.951,6.793,7.027,7.249,7.272,7.323,7.041,7.139,7.258,9.259,9.199,9.253,9.087,8.797,8.973,9.055,9.089,9.032,8.712,8.175,7.419,7.274,7.779,8.006,8.212,8.327,8.507,8.222,8.403,8.593,8.662,8.782,8.597,8.355,7.787,7.81,7.924,7.95,7.755,5.216,5.121,4.958,5.009,4.977,5.198,5.347,5.434,5.365,5.184,5.448,5.545,5.556,5.502,5.574,5.564,5.28,5.322,5.535,5.655,5.692,5.833,5.687,5.423,5.62,5.731,5.717,5.662,5.772,5.856,5.658,6.434,6.55,6.719,6.714,6.735,6.561,6.276,6.49,6.483,6.596,6.636,6.733,6.826,6.52,6.578,6.803,6.872,6.877,6.91,6.96,6.811,6.833,6.93,6.887,6.424,6.003,6.197,6.381,6.219,6.301,6.308,6.471,6.559,6.769,6.749,6.594,6.638,6.752,6.919,6.824,6.835,6.867,6.549,6.861,6.975,6.886,6.871,6.963,6.918,6.736,6.925,6.989,6.966,7.082,7.14,6.999,6.851,7.146,7.071,6.245,7.096,7.122,7.268,7.199,6.918,7.058,6.665,6.503,6.749,7.139,7.223,7.04,7.408,7.444,7.425,7.263,6.863,6.491,6.027,6.489,6.74,6.919,7.059,7.098,7.264,6.986,7.252,7.338,7.375,7.339,7.06,6.057,5.978,6.237,6.498,6.52,6.561,6.659,6.51,6.345,6.609,6.741,6.79,6.873,6.805,6.739,6.494,6.665,6.846,6.777,6.691,6.554,6.375,5.858,6.233,6.526,6.533,6.591,6.582,6.335,5.777,6.508,6.759,7.038,7.054,7.277,7.383,7.109,7.401,7.644,7.729,7.847,7.79,7.676,7.271,7.408,7.687,7.886,7.694,8.039,7.952,7.669,7.872,7.926,7.432,7.075,6.778,6.966,7.253,7.602,7.735,7.561,10.528,10.722,11.146,10.334,10.853,10.964,11.194,11.344,11.254,10.828,10.364,10.79,10.735,10.537,10.68,10.969,10.769,10.255,10.589,10.654,10.83,10.896,10.878,10.532,9.65,9.698,9.992,9.889,9.641,9.424,6.906,6.841,7.31,7.351,7.165,6.917,7.029,6.788,6.713,7.278,7.282,7.405,7.294,7.245,7.103,6.906,7.148,7.102,6.938,7.128,7.207,6.875,6.54,6.917,6.976,6.674,6.523,6.345,6.158,6.204,6.615,4.29,4.227,4.284,4.439,4.562,4.312,4.363,4.523,4.652,4.756,4.931,4.742,4.599,4.786,4.701,4.904,4.951,4.911,4.788,4.755,4.909,4.948,4.723,4.69,4.836,4.849,4.735,4.847,5.08,5.167,5.215,11.616,11.411,11.059,10.87,11.086,10.913,10.308,10.139,9.986,9.517,10.064,10.508,10.851,11.269,10.924,10.264,9.493,9.787,10.013,10.389,10.529,10.348,9.93,9.217,9.837,10.331,10.481,10.466,10.589,10.442,6.429,6.379,6.652,6.821,6.903,6.977,7.087,7.063,7.171,7.27,7.405,7.449,7.46,7.398,7.159,7.207,7.009,7.265,7.345,7.364,7.266,6.993,6.951,6.793,7.027,7.249,7.272,7.323,7.041,7.139,7.258,9.259,9.199,9.253,9.087,8.797,8.973,9.055,9.089,9.032,8.712,8.175,7.419,7.274,7.779,8.006,8.212,8.327,8.507,8.222,8.403,8.593,8.662,8.782,8.597,8.355,7.787,7.81,7.924,7.95,7.755,5.216,5.121,4.958,5.009,4.977,5.198,5.347,5.434,5.365,5.184,5.448,5.545,5.556,5.502,5.574,5.564,5.28,5.322,5.535,5.655,5.692,5.833,5.687,5.423,5.62,5.731,5.717,5.662,5.772,5.856,5.658
Guntur_222,3.792,3.818,3.89,3.899,3.755,3.776,3.858,3.863,3.786,3.744,3.812,3.814,3.86,3.792,3.681,3.661,3.832,3.815,3.661,3.817,3.844,3.759,3.801,3.893,3.935,3.755,3.876,3.933,3.963,3.989,3.956,5.148,4.901,5.058,5.189,5.19,5.185,5.243,5.063,4.952,5.036,5.06,5.112,5.293,5.285,5.337,5.113,5.238,5.346,5.324,5.208,5.027,5.07,4.936,5.102,5.193,5.249,5.186,5.156,5.097,5.185,5.333,5.392,5.307,5.223,5.255,5.327,5.17,5.132,4.759,4.944,5.245,5.277,5.243,5.042,5.217,5.383,5.361,5.942,5.855,5.648,5.557,5.459,5.68,5.882,5.947,5.923,5.892,5.709,5.56,5.547,6.016,6.149,6.191,6.152,5.913,6.211,6.241,6.209,6.249,6.296,6.179,6.032,6.375,6.258,6.214,6.032,5.988,5.93,5.731,6.089,6.121,5.971,6.065,6.129,6.069,5.951,6.171,6.177,6.189,6.082,6.322,6.337,6.244,6.427,6.403,6.481,6.653,6.645,6.604,6.342,6.241,6.294,6.27,6.219,6.255,6.182,6.202,5.806,6.079,6.261,6.068,5.986,6.143,6.239,5.964,6.106,6.21,6.388,6.37,6.225,6.081,4.173,4.226,4.214,4.329,4.296,4.323,4.242,4.509,4.59,4.649,4.592,4.604,4.47,4.317,4.535,4.531,4.602,4.665,4.569,4.54,4.364,4.615,4.734,4.675,4.674,4.515,4.418,4.284,4.486,4.711,0.0,0.0,0.0,0.0,0.0,0.0,0.0,0.0,0.0,0.0,0.0,0.0,0.0,0.0,0.0,0.0,0.0,0.0,0.0,0.0,0.0,0.0,0.0,0.0,0.0,0.0,0.0,0.0,0.0,0.0,0.0,0.0,0.0,0.0,0.0,0.0,0.0,0.0,0.0,0.0,0.0,0.0,0.0,0.0,0.0,0.0,0.0,0.0,0.0,0.0,0.0,0.0,0.0,0.0,0.0,0.0,0.0,0.0,0.0,0.0,0.0,0.0,7.266,7.291,7.294,7.435,7.493,7.1,7.177,7.376,7.706,7.597,7.498,7.258,7.037,7.115,7.235,7.338,7.199,7.146,7.338,7.016,7.141,7.044,6.92,7.139,7.174,6.855,6.628,7.139,7.291,7.231,6.512,6.471,6.662,6.454,6.575,6.772,6.997,7.095,7.097,6.887,6.507,6.575,6.677,6.39,6.501,6.574,6.721,6.547,6.701,6.708,6.682,6.554,6.39,6.381,6.056,6.177,6.496,6.624,6.773,6.899,6.845,4.067,4.209,4.254,4.24,4.197,4.291,4.229,4.059,4.142,4.128,4.098,4.17,4.094,3.727,3.621,3.648,3.887,3.999,4.067,4.098,4.065,3.997,4.192,4.175,4.06,3.826,3.834,3.909,3.978,4.118,5.47,5.55,5.492,5.546,5.512,5.274,5.379,5.472,5.374,5.46,5.507,5.402,5.257,5.406,5.552,5.557,5.609,5.687,5.591,5.513,5.661,5.801,5.874,5.786,5.778,5.868,5.645,5.814,5.876,5.845,5.845,4.714,4.576,4.417,4.538,4.574,4.592,4.53,4.584,4.495,4.479,4.661,4.686,4.67,4.615,4.624,4.716,4.659,4.709,4.866,4.962,5.048,5.022,4.944,4.771,4.814,4.649,4.771,4.831,4.922,4.912,4.768,6.246,6.323,6.373,6.256,6.279,6.233,6.059,6.125,6.267,6.386,6.415,6.418,6.389,6.237,6.338,6.338,6.315,6.259,6.189,6.191,6.087,6.324,6.428,6.523,6.545,6.588,6.557,6.453,5.595,5.623,5.604,5.584,5.709,5.676,5.455,5.583,5.69,5.75,5.691,5.496,5.396,5.393,5.595,5.636,5.721,5.805,5.788,5.726,5.545,5.604,5.464,5.595,5.684,5.606,5.634,5.422,5.112,5.197,5.439,5.234,5.368,5.41,5.295,5.436,5.434,5.439,5.565,5.512,5.499,5.301,5.472,5.507,5.303,5.326,5.37,5.24,5.204,5.307,5.406,5.234,5.13,5.077,5.157,5.054,5.244,5.323,5.3,5.323,5.291,3.142,3.083,3.102,3.117,3.056,3.091,3.157,3.134,3.067,3.127,3.051,2.951,2.866,2.963,2.941,2.722,2.736,2.673,2.68,2.66,2.697,2.79,2.848,2.912,2.866,2.812,2.823,2.931,3.0,2.83,2.971,4.052,4.363,4.448,4.461,4.355,4.153,4.279,4.211,4.198,4.108,3.972,3.962,3.769,4.11,4.129,4.235,4.263,4.293,4.111,3.903,4.228,4.388,4.629,4.447,4.427,4.305,4.409,4.738,4.898,4.793,10.381,10.023,10.052,10.175,10.755,10.956,10.878,10.671,10.512,10.704,9.987,9.879,9.772,9.641,9.807,10.276,10.368,9.406,8.693,8.702,8.523,8.777,9.242,9.045,8.902,9.192,9.111,8.579,8.746,8.7,8.569,7.834,8.556,8.793,8.937,9.246,9.376,9.682,9.623,9.81,9.826,9.843,9.982,10.066,9.816,9.565,8.994,10.248,10.078,9.812,9.74,9.552,9.144,9.534,9.599,9.644,9.726,9.859,9.771,9.417,9.577,9.516,0.0,0.0,0.0,0.0,0.0,0.0,0.0,0.0,0.0,0.0,0.0,0.0,0.0,0.0,0.0,0.0,0.0,0.0,0.0,0.0,0.0,0.0,0.0,0.0,0.0,0.0,0.0,0.0,0.0,0.0,3.645,3.513,3.428,3.586,3.663,3.736,3.738,3.775,3.72,3.603,3.774,3.813,3.819,3.766,3.648,3.695,3.501,3.418,3.568,3.602,3.579,3.557,3.604,3.385,3.523,3.553,3.544,3.518,3.564,3.528,3.471,3.652,3.652,3.611,3.336,3.231,3.456,3.388,3.571,3.668,3.797,3.693,3.772,3.744,3.683,3.732,3.726,3.768,3.801,3.705,3.707,3.549,3.753,3.81,3.833,3.798,3.77,3.717,3.516,3.582,3.598,4.371,4.247,4.332,4.341,4.248,4.389,4.477,4.464,4.513,4.444,4.405,4.222,4.43,4.577,4.564,4.52,4.497,4.49,4.265,4.571,4.708,4.789,4.837,4.872,4.824,4.679,4.778,4.68,4.567,4.519,4.597,4.654,4.476,4.728,4.858,4.932,4.838,4.818,4.651,4.441,4.589,4.616,4.638,4.73,4.641,4.524,4.522,4.738,4.885,4.888,4.865,4.909,4.647,4.572,4.826,4.855,4.701,4.781,4.849,4.869,4.864,4.953,4.431,4.448,4.278,4.351,4.404,4.341,4.417,4.54,4.458,4.364,4.388,4.377,4.324,4.352,4.382,4.446,4.408,4.43,4.392,4.318,4.43,4.416,4.422,4.546,4.45,4.378,4.215,4.401,4.841,4.742,4.714,4.846,4.924,4.803,4.784,4.819,4.867,4.953,5.018,5.006,4.883,4.993,5.025,5.094,5.075,4.792,4.827,4.921,5.061,5.102,5.131,5.178,5.156,5.121,4.962,5.054,5.102,5.196,5.228,5.649,5.643,5.468,5.663,5.721,5.616,5.705,5.672,5.693,5.514,5.624,5.706,5.718,5.662,5.604,5.685,5.425,5.573,5.671,5.628,5.65,5.663,5.656,5.477,5.668,5.736,5.794,5.756,5.704,5.557,4.442,4.552,4.536,4.644,4.639,4.762,4.733,4.521,4.591,4.52,4.54,4.534,4.491,4.448,4.326,4.501,4.609,4.738,4.692,4.496,4.1,3.81,3.764,4.098,4.403,4.431,4.365,4.327,4.29,4.53,4.596,2.477,2.502,2.498,2.47,2.41,2.476,2.493,2.44,2.417,2.476,2.451,2.38,2.497,2.532,2.464,2.409,2.374,2.317,2.151,2.157,2.175,2.348,2.439,2.411,2.363,2.294,2.428,2.462,2.364,2.201,2.178,2.215,2.159,2.321,2.33,2.328,2.335,2.291,2.196,2.057,2.135,2.14,2.173,2.141,2.146,2.151,2.057,2.213,2.248,2.208,2.072,2.135,2.08,1.933,2.08,2.216,2.242,2.224,2.264,2.19,2.06,3.984,4.086,4.254,4.251,4.103,3.981,3.787,3.881,3.876,3.875,3.652,3.85,3.996,3.725,3.533,3.783,4.002,4.139,4.089,4.038,3.864,4.074,4.176,4.139,4.208,4.345,4.203,4.025,4.316,4.428,4.4,4.086,4.125,4.104,3.863,4.06,4.124,4.141,4.085,3.979,3.878,3.622,3.679,3.695,3.697,3.64,3.459,3.577,3.603,3.806,3.8,3.753,3.596,3.539,3.492,3.504,3.815,3.844,3.831,3.886,3.896,5.352,5.113,5.425,5.589,5.298,5.374,5.348,5.379,5.2,5.365,5.316,5.407,5.413,5.367,5.29,5.107,5.515,5.568,5.577,5.559,5.488,5.343,5.024,4.739,4.639,4.971,5.245,5.353,5.381,5.232,5.287,3.803,3.852,3.818,3.88,3.867,3.787,3.842,3.872,3.873,3.871,3.875,3.759,3.667,3.695,3.793,3.85,3.878,3.913,3.925,3.773,3.911,3.966,3.957,3.955,3.956,3.96,3.872,3.972,3.923,3.928,4.306,4.369,4.377,4.223,4.313,4.412,4.464,4.356,4.324,4.157,4.047,4.26,4.267,4.293,4.373,4.46,4.493,4.393,4.565,4.581,4.545,4.564,4.639,4.609,4.451,4.541,4.626,4.7,4.717,4.663,4.613,4.294,4.411,4.393,4.319,4.373,4.406,4.431,4.391,4.462,4.468,4.509,4.52,4.546,4.385,4.21,4.329,4.417,4.501,4.461,4.516,4.463,4.334,4.366,4.443,4.41,4.122,4.255,4.381,4.27,4.326,4.331,4.427,4.487,4.631,4.617,4.511,4.541,4.619,4.733,4.668,4.676,4.698,4.48,4.693,4.772,4.711,4.7,4.764,4.732,4.608,4.737,4.781,4.765,4.845,4.884,4.788,4.687,4.889,4.837,5.049,5.068,5.172,5.123,4.923,5.022,4.743,4.627,4.803,5.08,5.14,5.009,5.272,5.297,5.284,5.169,4.884,4.619,4.289,4.618,4.797,4.923,5.023,5.051,5.169,4.972,5.161,5.222,5.248,5.223,5.024,4.099,4.046,4.221,4.397,4.413,4.44,4.506,4.406,4.294,4.473,4.562,4.595,4.651,4.605,4.561,4.395,4.511,4.633,4.586,4.528,4.436,4.314,3.964,4.219,4.417,4.421,4.46,4.455,4.287,3.91,4.511,4.685,4.878,4.889,5.044,5.117,4.928,5.13,5.298,5.357,5.439,5.4,5.321,5.04,5.135,5.328,5.466,5.333,5.572,5.512,5.316,5.457,5.494,5.151,4.904,4.698,4.829,5.027,5.27,5.362,5.241,4.008,4.082,4.243,3.934,4.132,4.174,4.261,4.318,4.284,4.122,3.945,4.108,4.086,4.011,4.066,4.176,4.1,3.904,4.031,4.056,4.123,4.148,4.141,4.009,3.674,3.692,3.804,3.765,3.67,3.588,7.531,7.461,7.971,8.017,7.814,7.543,7.665,7.403,7.32,7.936,7.941,8.075,7.954,7.901,7.746,7.531,7.795,7.745,7.566,7.773,7.859,7.497,7.132,7.543,7.608,7.279,7.114,6.919,6.715,6.766,7.214,11.814,11.639,11.795,12.223,12.561,11.873,12.015,12.453,12.811,13.095,13.579,13.057,12.664,13.177,12.944,13.503,13.633,13.524,13.184,13.094,13.516,13.623,13.004,12.914,13.316,13.351,13.039,13.346,13.987,14.227,14.361,4.085,4.013,3.889,3.823,3.899,3.838,3.625,3.566,3.512,3.347,3.539,3.696,3.816,3.963,3.842,3.61,3.338,3.442,3.521,3.654,3.703,3.639,3.492,3.241,3.46,3.633,3.686,3.68,3.724,3.672,5.492,5.45,5.683,5.827,5.898,5.96,6.055,6.034,6.126,6.211,6.326,6.363,6.374,6.32,6.116,6.157,5.988,6.207,6.275,6.291,6.207,5.974,5.939,5.803,6.003,6.193,6.213,6.256,6.015,6.099,6.201,6.482,6.44,6.477,6.361,6.158,6.282,6.339,6.363,6.323,6.099,5.723,5.194,5.092,5.446,5.605,5.749,5.83,5.955,5.756,5.883,6.016,6.064,6.148,6.019,5.849,5.451,5.467,5.547,5.565,5.429,4.661,4.576,4.43,4.476,4.447,4.645,4.778,4.855,4.794,4.632,4.868,4.955,4.964,4.916,4.98,4.972,4.718,4.756,4.946,5.053,5.086,5.212,5.081,4.846,5.022,5.121,5.109,5.059,5.157,5.232,5.056,5.319,5.415,5.555,5.55,5.568,5.424,5.189,5.365,5.359,5.453,5.486,5.566,5.643,5.39,5.438,5.624,5.681,5.685,5.713,5.754,5.631,5.649,5.729,5.694,5.31,4.963,5.123,5.275,5.141,5.209,5.215,4.391,4.451,4.593,4.58,4.475,4.504,4.582,4.695,4.631,4.638,4.66,4.444,4.656,4.733,4.673,4.662,4.725,4.694,4.571,4.699,4.742,4.727,4.805,4.845,4.749,4.649,4.849,4.798,4.238,6.358,6.382,6.513,6.45,6.198,6.324,5.972,5.827,6.047,6.397,6.472,6.308,6.638,6.67,6.653,6.508,6.149,5.817,5.4,5.815,6.04,6.199,6.325,6.36,6.509,6.26,6.498,6.575,6.608,6.576,6.326,4.988,4.924,5.137,5.352,5.371,5.404,5.484,5.362,5.226,5.443,5.552,5.592,5.661,5.605,5.551,5.349,5.489,5.639,5.582,5.511,5.398,5.251,4.825,5.134,5.375,5.381,5.429,5.422,5.217,4.758,4.531,4.705,4.9,4.911,5.066,5.14,4.949,5.152,5.322,5.381,5.463,5.424,5.344,5.062,5.158,5.351,5.49,5.356,5.597,5.536,5.339,5.48,5.518,5.174,4.925,4.718,4.85,5.049,5.293,5.385,5.264,4.008,4.082,4.243,3.934,4.132,4.174,4.261,4.318,4.284,4.122,3.945,4.108,4.086,4.011,4.066,4.176,4.1,3.904,4.031,4.056,4.123,4.148,4.141,4.009,3.674,3.692,3.804,3.765,3.67,3.588,4.808,4.763,5.089,5.118,4.988,4.815,4.894,4.726,4.673,5.067,5.07,5.155,5.078,5.044,4.945,4.808,4.976,4.944,4.83,4.962,5.017,4.786,4.553,4.816,4.857,4.647,4.541,4.417,4.287,4.319,4.605,4.29,4.227,4.284,4.439,4.562,4.312,4.363,4.523,4.652,4.756,4.931,4.742,4.599,4.786,4.701,4.904,4.951,4.911,4.788,4.755,4.909,4.948,4.723,4.69,4.836,4.849,4.735,4.847,5.08,5.167,5.215,5.336,5.241,5.08,4.993,5.092,5.013,4.735,4.657,4.587,4.371,4.623,4.827,4.984,5.176,5.018,4.715,4.36,4.496,4.6,4.772,4.836,4.753,4.561,4.234,4.519,4.746,4.815,4.807,4.864,4.797,5.492,5.45,5.683,5.827,5.898,5.96,6.055,6.034,6.126,6.211,6.326,6.363,6.374,6.32,6.116,6.157,5.988,6.207,6.275,6.291,6.207,5.974,5.939,5.803,6.003,6.193,6.213,6.256,6.015,6.099,6.201,6.482,6.44,6.477,6.361,6.158,6.282,6.339,6.363,6.323,6.099,5.723,5.194,5.092,5.446,5.605,5.749,5.83,5.955,5.756,5.883,6.016,6.064,6.148,6.019,5.849,5.451,5.467,5.547,5.565,5.429,4.661,4.576,4.43,4.476,4.447,4.645,4.778,4.855,4.794,4.632,4.868,4.955,4.964,4.916,4.98,4.972,4.718,4.756,4.946,5.053,5.086,5.212,5.081,4.846,5.022,5.121,5.109,5.059,5.157,5.232,5.056
Guntur_223,2.82,2.84,2.893,2.9,2.793,2.809,2.87,2.873,2.816,2.784,2.835,2.836,2.871,2.82,2.738,2.723,2.85,2.838,2.723,2.839,2.859,2.796,2.827,2.895,2.927,2.793,2.883,2.925,2.947,2.967,2.943,2.907,2.767,2.856,2.93,2.93,2.927,2.96,2.858,2.796,2.843,2.857,2.886,2.988,2.983,3.013,2.887,2.957,3.018,3.005,2.94,2.838,2.862,2.787,2.881,2.932,2.964,2.928,2.911,2.878,2.975,3.059,3.093,3.044,2.996,3.015,3.056,2.966,2.944,2.73,2.836,3.009,3.027,3.008,2.892,2.993,3.088,3.075,3.409,3.359,3.24,3.188,3.131,3.258,3.374,3.411,3.398,3.38,3.275,3.189,3.182,4.155,4.247,4.276,4.249,4.084,4.29,4.311,4.288,4.316,4.349,4.268,4.166,4.403,4.323,4.292,4.167,4.136,4.096,3.959,4.206,4.228,4.124,4.19,4.233,4.192,4.111,4.262,4.267,4.275,4.201,2.99,2.997,2.953,3.04,3.028,3.065,3.147,3.143,3.123,3.0,2.951,2.977,2.965,2.941,2.958,2.924,2.933,2.746,2.875,2.961,2.87,2.831,2.905,2.951,2.821,2.888,2.937,3.021,3.013,2.944,2.876,2.257,2.286,2.28,2.342,2.324,2.339,2.295,2.439,2.483,2.515,2.484,2.491,2.418,2.336,2.453,2.451,2.49,2.524,2.472,2.456,2.361,2.496,2.561,2.529,2.528,2.442,2.39,2.318,2.427,2.548,0.0,0.0,0.0,0.0,0.0,0.0,0.0,0.0,0.0,0.0,0.0,0.0,0.0,0.0,0.0,0.0,0.0,0.0,0.0,0.0,0.0,0.0,0.0,0.0,0.0,0.0,0.0,0.0,0.0,0.0,0.0,0.0,0.0,0.0,0.0,0.0,0.0,0.0,0.0,0.0,0.0,0.0,0.0,0.0,0.0,0.0,0.0,0.0,0.0,0.0,0.0,0.0,0.0,0.0,0.0,0.0,0.0,0.0,0.0,0.0,0.0,0.0,3.287,3.299,3.3,3.364,3.39,3.212,3.247,3.337,3.487,3.437,3.393,3.284,3.184,3.219,3.274,3.32,3.257,3.233,3.32,3.174,3.231,3.187,3.131,3.23,3.246,3.101,2.999,3.23,3.299,3.272,4.209,4.182,4.306,4.171,4.249,4.377,4.522,4.585,4.586,4.451,4.205,4.249,4.315,4.13,4.202,4.249,4.344,4.231,4.331,4.335,4.318,4.236,4.129,4.124,3.914,3.992,4.198,4.281,4.377,4.459,4.424,2.337,2.418,2.444,2.436,2.411,2.466,2.43,2.332,2.38,2.372,2.355,2.396,2.352,2.141,2.08,2.096,2.233,2.298,2.337,2.354,2.336,2.297,2.408,2.399,2.333,2.198,2.203,2.246,2.286,2.366,2.856,2.898,2.867,2.895,2.878,2.754,2.808,2.857,2.806,2.851,2.875,2.82,2.745,2.822,2.899,2.901,2.929,2.969,2.919,2.878,2.955,3.028,3.067,3.021,3.017,3.064,2.947,3.036,3.068,3.051,3.052,3.198,3.105,2.997,3.079,3.103,3.115,3.073,3.11,3.05,3.038,3.162,3.179,3.168,3.131,3.137,3.2,3.161,3.194,3.301,3.367,3.424,3.407,3.354,3.237,3.266,3.154,3.237,3.277,3.34,3.333,3.235,3.003,3.04,3.064,3.008,3.019,2.997,2.913,2.945,3.013,3.07,3.084,3.086,3.072,2.999,3.047,3.047,3.036,3.009,2.975,2.976,2.927,3.041,3.09,3.136,3.147,3.167,3.152,3.102,3.894,3.914,3.9,3.886,3.973,3.951,3.797,3.886,3.96,4.002,3.961,3.825,3.755,3.753,3.894,3.922,3.982,4.04,4.028,3.986,3.859,3.9,3.803,3.894,3.956,3.901,3.921,3.774,3.558,3.617,3.785,3.216,3.298,3.324,3.253,3.34,3.339,3.341,3.419,3.386,3.378,3.257,3.362,3.384,3.258,3.273,3.3,3.219,3.197,3.26,3.321,3.215,3.152,3.119,3.169,3.105,3.222,3.27,3.256,3.27,3.251,2.865,2.811,2.828,2.842,2.787,2.819,2.879,2.858,2.797,2.852,2.782,2.691,2.613,2.702,2.682,2.482,2.495,2.438,2.444,2.426,2.46,2.545,2.597,2.656,2.614,2.565,2.575,2.673,2.736,2.581,2.709,1.833,1.974,2.012,2.018,1.97,1.879,1.936,1.905,1.899,1.858,1.797,1.792,1.705,1.859,1.868,1.916,1.929,1.942,1.86,1.766,1.913,1.985,2.094,2.012,2.003,1.948,1.995,2.144,2.216,2.169,1.855,1.791,1.796,1.818,1.921,1.957,1.943,1.906,1.878,1.912,1.784,1.765,1.746,1.722,1.752,1.836,1.852,1.68,1.553,1.555,1.523,1.568,1.651,1.616,1.59,1.642,1.628,1.533,1.562,1.554,1.531,4.455,4.865,5.0,5.082,5.258,5.332,5.506,5.472,5.579,5.587,5.597,5.676,5.724,5.582,5.439,5.114,5.828,5.731,5.58,5.539,5.432,5.2,5.422,5.459,5.484,5.531,5.606,5.556,5.355,5.446,5.411,0.0,0.0,0.0,0.0,0.0,0.0,0.0,0.0,0.0,0.0,0.0,0.0,0.0,0.0,0.0,0.0,0.0,0.0,0.0,0.0,0.0,0.0,0.0,0.0,0.0,0.0,0.0,0.0,0.0,0.0,2.524,2.433,2.374,2.483,2.537,2.587,2.588,2.614,2.576,2.495,2.613,2.641,2.645,2.608,2.526,2.559,2.425,2.367,2.471,2.494,2.479,2.463,2.496,2.345,2.44,2.46,2.455,2.437,2.468,2.443,2.404,3.721,3.721,3.68,3.399,3.293,3.522,3.452,3.639,3.737,3.869,3.763,3.843,3.815,3.753,3.803,3.797,3.84,3.873,3.776,3.778,3.616,3.824,3.883,3.906,3.87,3.841,3.788,3.582,3.649,3.666,2.928,2.845,2.901,2.907,2.846,2.94,2.999,2.99,3.023,2.977,2.95,2.828,2.967,3.066,3.057,3.027,3.012,3.007,2.857,3.062,3.153,3.208,3.24,3.264,3.231,3.134,3.201,3.135,3.059,3.027,3.08,3.13,3.011,3.18,3.268,3.317,3.254,3.241,3.128,2.987,3.087,3.104,3.12,3.182,3.122,3.043,3.042,3.187,3.286,3.288,3.272,3.302,3.126,3.075,3.246,3.265,3.162,3.216,3.262,3.275,3.272,3.332,3.171,3.183,3.061,3.114,3.151,3.106,3.161,3.249,3.19,3.123,3.14,3.132,3.095,3.115,3.136,3.181,3.154,3.17,3.143,3.09,3.17,3.16,3.165,3.253,3.185,3.133,3.016,3.149,3.535,3.462,3.442,3.538,3.595,3.507,3.493,3.519,3.554,3.617,3.664,3.655,3.566,3.645,3.669,3.719,3.705,3.499,3.524,3.593,3.695,3.726,3.746,3.78,3.764,3.739,3.623,3.69,3.725,3.794,3.817,4.158,4.154,4.025,4.168,4.211,4.133,4.199,4.175,4.191,4.058,4.14,4.2,4.209,4.168,4.125,4.184,3.993,4.102,4.174,4.143,4.159,4.168,4.163,4.031,4.172,4.222,4.265,4.237,4.199,4.09,3.543,3.631,3.618,3.704,3.7,3.798,3.775,3.606,3.661,3.605,3.621,3.616,3.582,3.548,3.45,3.59,3.676,3.779,3.742,3.586,3.27,3.039,3.002,3.269,3.512,3.534,3.481,3.451,3.422,3.613,3.666,2.477,2.502,2.498,2.47,2.41,2.476,2.493,2.44,2.417,2.476,2.451,2.38,2.497,2.532,2.464,2.409,2.374,2.317,2.151,2.157,2.175,2.348,2.439,2.411,2.363,2.294,2.428,2.462,2.364,2.201,2.178,2.215,2.159,2.321,2.33,2.328,2.335,2.291,2.196,2.057,2.135,2.14,2.173,2.141,2.146,2.151,2.057,2.213,2.248,2.208,2.072,2.135,2.08,1.933,2.08,2.216,2.242,2.224,2.264,2.19,2.06,2.816,2.888,3.007,3.005,2.9,2.815,2.677,2.743,2.74,2.739,2.582,2.722,2.825,2.633,2.497,2.675,2.829,2.926,2.891,2.854,2.731,2.88,2.952,2.926,2.975,3.072,2.971,2.845,3.051,3.131,3.11,4.002,4.041,4.02,3.784,3.977,4.04,4.056,4.001,3.897,3.799,3.547,3.604,3.619,3.621,3.566,3.388,3.504,3.529,3.728,3.722,3.676,3.523,3.467,3.421,3.432,3.736,3.765,3.752,3.806,3.816,2.695,2.575,2.732,2.814,2.668,2.706,2.693,2.709,2.618,2.701,2.677,2.723,2.725,2.703,2.664,2.572,2.777,2.804,2.808,2.799,2.763,2.69,2.53,2.386,2.336,2.503,2.641,2.695,2.709,2.635,2.662,3.489,3.533,3.503,3.56,3.547,3.474,3.524,3.552,3.553,3.551,3.555,3.448,3.364,3.39,3.479,3.532,3.558,3.589,3.601,3.461,3.587,3.638,3.63,3.628,3.629,3.632,3.552,3.644,3.599,3.603,3.089,3.135,3.14,3.03,3.094,3.166,3.203,3.126,3.103,2.983,2.903,3.057,3.061,3.08,3.137,3.2,3.224,3.152,3.276,3.287,3.261,3.275,3.328,3.307,3.194,3.258,3.32,3.372,3.384,3.346,3.31,3.417,3.509,3.495,3.436,3.479,3.505,3.525,3.493,3.55,3.555,3.587,3.596,3.617,3.489,3.35,3.444,3.514,3.581,3.549,3.593,3.551,3.448,3.474,3.535,3.509,3.279,3.385,3.485,3.397,3.441,3.446,3.007,3.048,3.145,3.136,3.064,3.084,3.138,3.215,3.171,3.176,3.191,3.043,3.188,3.241,3.2,3.193,3.236,3.215,3.13,3.218,3.247,3.237,3.291,3.318,3.252,3.183,3.32,3.285,3.993,4.008,4.09,4.051,3.893,3.972,3.75,3.659,3.798,4.017,4.065,3.961,4.169,4.189,4.178,4.087,3.862,3.653,3.392,3.652,3.793,3.893,3.972,3.995,4.088,3.932,4.081,4.129,4.15,4.13,3.973,3.319,3.276,3.418,3.561,3.574,3.596,3.649,3.568,3.477,3.622,3.694,3.721,3.767,3.729,3.694,3.559,3.653,3.752,3.714,3.667,3.592,3.494,3.21,3.416,3.577,3.581,3.612,3.608,3.472,3.166,3.79,3.936,4.099,4.108,4.238,4.3,4.14,4.31,4.452,4.501,4.57,4.537,4.47,4.234,4.314,4.477,4.593,4.481,4.682,4.631,4.466,4.584,4.616,4.328,4.12,3.947,4.057,4.224,4.427,4.505,4.403,4.048,4.123,4.286,3.974,4.173,4.216,4.304,4.362,4.327,4.163,3.985,4.149,4.128,4.052,4.107,4.218,4.141,3.943,4.072,4.097,4.164,4.19,4.183,4.05,3.711,3.729,3.842,3.803,3.707,3.624,2.966,2.939,3.14,3.158,3.078,2.971,3.019,2.916,2.883,3.126,3.128,3.181,3.133,3.112,3.051,2.967,3.071,3.051,2.98,3.062,3.096,2.953,2.809,2.971,2.997,2.867,2.802,2.725,2.645,2.665,2.841,4.472,4.405,4.465,4.627,4.754,4.494,4.548,4.714,4.849,4.957,5.14,4.942,4.793,4.988,4.899,5.111,5.16,5.119,4.99,4.956,5.116,5.156,4.922,4.888,5.04,5.053,4.935,5.052,5.294,5.385,5.436,2.583,2.537,2.459,2.417,2.465,2.427,2.292,2.255,2.221,2.116,2.238,2.337,2.413,2.506,2.429,2.282,2.111,2.176,2.227,2.31,2.341,2.301,2.208,2.049,2.187,2.297,2.331,2.327,2.354,2.322,4.135,4.103,4.279,4.387,4.44,4.487,4.559,4.543,4.612,4.676,4.763,4.791,4.799,4.758,4.605,4.636,4.508,4.673,4.725,4.736,4.673,4.498,4.471,4.369,4.52,4.662,4.677,4.71,4.529,4.592,4.669,4.127,4.101,4.125,4.051,3.921,4.0,4.036,4.052,4.026,3.884,3.644,3.307,3.243,3.467,3.569,3.66,3.712,3.792,3.665,3.746,3.831,3.861,3.915,3.832,3.724,3.471,3.481,3.532,3.544,3.457,3.61,3.544,3.431,3.467,3.444,3.597,3.7,3.76,3.713,3.587,3.77,3.837,3.845,3.807,3.857,3.85,3.654,3.683,3.831,3.913,3.939,4.037,3.935,3.753,3.889,3.966,3.956,3.918,3.994,4.052,3.915,3.385,3.446,3.536,3.533,3.544,3.452,3.302,3.415,3.411,3.471,3.492,3.543,3.592,3.431,3.461,3.58,3.616,3.618,3.636,3.662,3.584,3.595,3.646,3.624,3.38,3.159,3.261,3.357,3.272,3.315,3.319,3.097,3.139,3.239,3.23,3.156,3.177,3.232,3.311,3.266,3.271,3.286,3.134,3.283,3.338,3.296,3.288,3.332,3.311,3.224,3.314,3.345,3.334,3.389,3.417,3.35,3.279,3.42,3.384,2.989,4.326,4.342,4.432,4.389,4.218,4.303,4.063,3.965,4.115,4.353,4.404,4.292,4.517,4.539,4.527,4.428,4.184,3.958,3.675,3.956,4.109,4.218,4.304,4.328,4.429,4.26,4.422,4.474,4.496,4.475,4.304,3.335,3.292,3.434,3.578,3.591,3.613,3.667,3.585,3.494,3.639,3.712,3.739,3.785,3.747,3.711,3.576,3.67,3.77,3.732,3.684,3.609,3.51,3.226,3.432,3.594,3.598,3.629,3.625,3.488,3.181,3.124,3.245,3.379,3.387,3.494,3.545,3.413,3.553,3.67,3.711,3.767,3.74,3.686,3.491,3.557,3.691,3.786,3.694,3.86,3.818,3.682,3.78,3.806,3.568,3.397,3.254,3.345,3.482,3.65,3.714,3.63,4.048,4.123,4.286,3.974,4.173,4.216,4.304,4.362,4.327,4.163,3.985,4.149,4.128,4.052,4.107,4.218,4.141,3.943,4.072,4.097,4.164,4.19,4.183,4.05,3.711,3.729,3.842,3.803,3.707,3.624,3.316,3.285,3.51,3.53,3.44,3.321,3.375,3.259,3.223,3.494,3.496,3.555,3.502,3.479,3.41,3.316,3.432,3.41,3.331,3.422,3.46,3.301,3.14,3.321,3.35,3.205,3.132,3.046,2.957,2.979,3.176,2.561,2.523,2.557,2.649,2.722,2.573,2.604,2.699,2.777,2.838,2.943,2.83,2.745,2.856,2.805,2.927,2.955,2.931,2.857,2.838,2.93,2.953,2.819,2.799,2.886,2.894,2.826,2.893,3.031,3.084,3.113,2.24,2.201,2.133,2.096,2.138,2.105,1.988,1.955,1.926,1.835,1.941,2.027,2.093,2.173,2.107,1.979,1.831,1.888,1.931,2.004,2.031,1.996,1.915,1.778,1.897,1.992,2.021,2.018,2.042,2.014,4.135,4.103,4.279,4.387,4.44,4.487,4.559,4.543,4.612,4.676,4.763,4.791,4.799,4.758,4.605,4.636,4.508,4.673,4.725,4.736,4.673,4.498,4.471,4.369,4.52,4.662,4.677,4.71,4.529,4.592,4.669,4.127,4.101,4.125,4.051,3.921,4.0,4.036,4.052,4.026,3.884,3.644,3.307,3.243,3.467,3.569,3.66,3.712,3.792,3.665,3.746,3.831,3.861,3.915,3.832,3.724,3.471,3.481,3.532,3.544,3.457,3.61,3.544,3.431,3.467,3.444,3.597,3.7,3.76,3.713,3.587,3.77,3.837,3.845,3.807,3.857,3.85,3.654,3.683,3.831,3.913,3.939,4.037,3.935,3.753,3.889,3.966,3.956,3.918,3.994,4.052,3.915
Guntur_224,3.123,3.144,3.204,3.212,3.092,3.11,3.178,3.182,3.118,3.084,3.14,3.141,3.179,3.123,3.032,3.016,3.156,3.142,3.015,3.144,3.166,3.096,3.13,3.206,3.241,3.093,3.192,3.239,3.264,3.286,3.259,3.095,2.946,3.041,3.119,3.12,3.117,3.152,3.044,2.977,3.028,3.042,3.073,3.182,3.177,3.208,3.074,3.149,3.213,3.2,3.131,3.022,3.048,2.967,3.067,3.122,3.156,3.118,3.099,3.064,3.048,3.135,3.17,3.12,3.071,3.09,3.131,3.04,3.017,2.798,2.907,3.084,3.102,3.083,2.964,3.067,3.165,3.152,3.493,3.442,3.32,3.267,3.209,3.339,3.458,3.496,3.482,3.464,3.356,3.268,3.261,4.057,4.147,4.175,4.149,3.988,4.188,4.209,4.187,4.214,4.246,4.167,4.068,4.299,4.221,4.19,4.068,4.038,3.999,3.865,4.107,4.128,4.026,4.09,4.133,4.093,4.013,4.162,4.166,4.173,4.102,3.658,3.666,3.613,3.719,3.705,3.75,3.85,3.845,3.821,3.67,3.611,3.642,3.628,3.599,3.619,3.577,3.588,3.359,3.517,3.623,3.511,3.463,3.554,3.61,3.451,3.533,3.593,3.696,3.686,3.602,3.518,2.149,2.176,2.17,2.23,2.213,2.226,2.184,2.322,2.364,2.394,2.365,2.371,2.302,2.224,2.336,2.334,2.37,2.403,2.353,2.338,2.248,2.377,2.438,2.408,2.407,2.325,2.275,2.206,2.311,2.426,0.0,0.0,0.0,0.0,0.0,0.0,0.0,0.0,0.0,0.0,0.0,0.0,0.0,0.0,0.0,0.0,0.0,0.0,0.0,0.0,0.0,0.0,0.0,0.0,0.0,0.0,0.0,0.0,0.0,0.0,0.0,0.0,0.0,0.0,0.0,0.0,0.0,0.0,0.0,0.0,0.0,0.0,0.0,0.0,0.0,0.0,0.0,0.0,0.0,0.0,0.0,0.0,0.0,0.0,0.0,0.0,0.0,0.0,0.0,0.0,0.0,0.0,3.493,3.505,3.506,3.574,3.602,3.413,3.45,3.546,3.705,3.652,3.605,3.489,3.383,3.42,3.478,3.527,3.461,3.435,3.528,3.373,3.433,3.386,3.326,3.432,3.449,3.295,3.186,3.432,3.505,3.476,4.841,4.81,4.952,4.798,4.888,5.034,5.202,5.274,5.275,5.119,4.837,4.887,4.963,4.75,4.833,4.887,4.996,4.867,4.981,4.986,4.967,4.872,4.75,4.743,4.501,4.592,4.829,4.924,5.034,5.129,5.088,2.7,2.795,2.825,2.815,2.787,2.85,2.808,2.695,2.751,2.741,2.722,2.769,2.719,2.475,2.404,2.422,2.581,2.656,2.701,2.721,2.7,2.654,2.784,2.772,2.696,2.54,2.546,2.596,2.642,2.734,3.376,3.426,3.39,3.423,3.403,3.256,3.321,3.378,3.317,3.371,3.4,3.335,3.245,3.337,3.427,3.43,3.463,3.511,3.451,3.403,3.494,3.581,3.626,3.572,3.567,3.622,3.485,3.589,3.627,3.608,3.608,3.684,3.577,3.452,3.547,3.575,3.589,3.54,3.583,3.513,3.5,3.643,3.662,3.649,3.607,3.614,3.686,3.641,3.68,3.803,3.878,3.945,3.925,3.864,3.729,3.762,3.633,3.729,3.776,3.847,3.839,3.727,3.042,3.079,3.104,3.047,3.058,3.036,2.951,2.983,3.052,3.11,3.124,3.126,3.111,3.038,3.087,3.087,3.076,3.048,3.014,3.015,2.964,3.08,3.13,3.177,3.187,3.208,3.193,3.143,3.807,3.826,3.813,3.799,3.885,3.862,3.712,3.799,3.872,3.913,3.873,3.74,3.672,3.67,3.807,3.835,3.893,3.95,3.938,3.897,3.773,3.813,3.718,3.807,3.868,3.814,3.834,3.69,3.479,3.536,3.701,3.637,3.731,3.76,3.68,3.778,3.776,3.78,3.868,3.83,3.821,3.684,3.803,3.827,3.686,3.702,3.732,3.641,3.616,3.688,3.757,3.637,3.565,3.528,3.584,3.512,3.644,3.699,3.684,3.699,3.677,3.273,3.212,3.232,3.247,3.185,3.221,3.289,3.266,3.196,3.258,3.179,3.075,2.986,3.087,3.064,2.836,2.851,2.785,2.792,2.772,2.81,2.907,2.967,3.035,2.986,2.93,2.942,3.054,3.126,2.948,3.095,2.342,2.521,2.57,2.578,2.517,2.4,2.473,2.433,2.426,2.374,2.295,2.29,2.178,2.375,2.386,2.447,2.464,2.481,2.376,2.255,2.443,2.536,2.675,2.57,2.559,2.488,2.548,2.738,2.831,2.77,3.201,3.091,3.1,3.138,3.316,3.378,3.354,3.291,3.242,3.301,3.08,3.046,3.013,2.973,3.024,3.169,3.197,2.901,2.681,2.684,2.628,2.706,2.85,2.789,2.745,2.835,2.81,2.646,2.697,2.683,2.642,6.4,6.989,7.183,7.301,7.553,7.66,7.91,7.861,8.014,8.027,8.041,8.154,8.223,8.018,7.814,7.347,8.372,8.233,8.016,7.957,7.803,7.47,7.788,7.842,7.879,7.946,8.054,7.982,7.693,7.824,7.774,0.0,0.0,0.0,0.0,0.0,0.0,0.0,0.0,0.0,0.0,0.0,0.0,0.0,0.0,0.0,0.0,0.0,0.0,0.0,0.0,0.0,0.0,0.0,0.0,0.0,0.0,0.0,0.0,0.0,0.0,2.968,2.861,2.791,2.92,2.983,3.042,3.044,3.074,3.029,2.934,3.073,3.105,3.11,3.066,2.971,3.009,2.851,2.783,2.905,2.933,2.914,2.897,2.934,2.757,2.869,2.893,2.886,2.865,2.902,2.873,2.827,3.105,3.104,3.07,2.836,2.747,2.938,2.88,3.036,3.118,3.227,3.139,3.206,3.183,3.131,3.173,3.167,3.204,3.232,3.15,3.152,3.017,3.19,3.239,3.258,3.229,3.205,3.16,2.989,3.045,3.059,3.151,3.062,3.123,3.129,3.063,3.164,3.227,3.218,3.253,3.204,3.175,3.044,3.194,3.299,3.29,3.258,3.242,3.237,3.075,3.296,3.394,3.452,3.487,3.513,3.477,3.373,3.445,3.374,3.292,3.258,3.314,3.302,3.176,3.355,3.447,3.5,3.433,3.419,3.3,3.151,3.256,3.275,3.291,3.357,3.293,3.21,3.209,3.362,3.466,3.468,3.452,3.483,3.297,3.244,3.424,3.445,3.335,3.392,3.441,3.455,3.451,3.515,3.011,3.023,2.907,2.957,2.993,2.95,3.002,3.085,3.03,2.966,2.982,2.975,2.939,2.958,2.978,3.021,2.995,3.011,2.984,2.935,3.01,3.001,3.005,3.09,3.024,2.975,2.864,2.991,3.786,3.709,3.687,3.79,3.851,3.757,3.742,3.769,3.806,3.874,3.924,3.915,3.819,3.905,3.93,3.984,3.969,3.748,3.775,3.849,3.958,3.991,4.013,4.049,4.032,4.005,3.881,3.953,3.99,4.064,4.089,4.508,4.503,4.363,4.518,4.565,4.481,4.552,4.526,4.543,4.399,4.488,4.553,4.562,4.518,4.471,4.536,4.329,4.447,4.525,4.491,4.508,4.518,4.513,4.37,4.523,4.576,4.623,4.592,4.551,4.434,3.92,4.016,4.003,4.098,4.094,4.202,4.176,3.989,4.05,3.988,4.006,4.001,3.963,3.925,3.817,3.971,4.066,4.18,4.14,3.967,3.618,3.362,3.321,3.616,3.885,3.91,3.851,3.818,3.785,3.997,4.055,3.178,3.211,3.207,3.171,3.093,3.178,3.199,3.132,3.102,3.178,3.146,3.054,3.204,3.249,3.162,3.092,3.047,2.974,2.76,2.768,2.792,3.014,3.131,3.094,3.033,2.945,3.116,3.16,3.034,2.825,2.795,2.842,2.77,2.978,2.991,2.988,2.997,2.941,2.818,2.64,2.74,2.746,2.789,2.748,2.755,2.76,2.641,2.841,2.885,2.833,2.66,2.74,2.67,2.481,2.669,2.845,2.877,2.855,2.905,2.811,2.643,2.045,2.097,2.184,2.182,2.106,2.044,1.944,1.992,1.99,1.989,1.875,1.976,2.051,1.912,1.813,1.942,2.054,2.125,2.099,2.073,1.983,2.091,2.144,2.124,2.16,2.23,2.158,2.066,2.215,2.273,2.258,3.925,3.962,3.942,3.711,3.9,3.962,3.978,3.924,3.822,3.725,3.479,3.534,3.549,3.551,3.497,3.323,3.436,3.461,3.656,3.65,3.605,3.454,3.4,3.355,3.366,3.664,3.692,3.68,3.733,3.742,3.276,3.129,3.321,3.42,3.242,3.289,3.273,3.292,3.182,3.283,3.254,3.309,3.313,3.285,3.238,3.126,3.375,3.408,3.413,3.402,3.359,3.27,3.075,2.9,2.839,3.043,3.21,3.276,3.293,3.202,3.236,3.68,3.727,3.695,3.754,3.741,3.664,3.717,3.747,3.748,3.746,3.749,3.637,3.548,3.575,3.67,3.725,3.753,3.786,3.798,3.65,3.784,3.837,3.828,3.827,3.828,3.831,3.747,3.843,3.796,3.8,3.509,3.561,3.567,3.442,3.515,3.596,3.639,3.55,3.524,3.388,3.298,3.472,3.477,3.499,3.564,3.635,3.662,3.58,3.721,3.733,3.704,3.719,3.78,3.756,3.627,3.701,3.771,3.831,3.844,3.8,3.76,3.434,3.527,3.513,3.454,3.497,3.523,3.544,3.512,3.568,3.573,3.606,3.615,3.636,3.507,3.367,3.462,3.532,3.599,3.567,3.612,3.569,3.466,3.492,3.554,3.527,3.296,3.403,3.503,3.415,3.459,3.463,3.686,3.736,3.856,3.845,3.756,3.781,3.846,3.941,3.887,3.894,3.912,3.731,3.908,3.973,3.923,3.914,3.967,3.941,3.837,3.945,3.981,3.968,4.034,4.067,3.987,3.902,4.071,4.028,4.803,4.821,4.92,4.873,4.682,4.777,4.511,4.401,4.568,4.832,4.889,4.765,5.014,5.039,5.026,4.916,4.645,4.394,4.08,4.392,4.562,4.683,4.778,4.805,4.917,4.729,4.909,4.967,4.992,4.968,4.778,4.233,4.178,4.359,4.542,4.557,4.586,4.654,4.55,4.434,4.619,4.711,4.746,4.804,4.756,4.711,4.539,4.658,4.785,4.737,4.677,4.581,4.456,4.094,4.357,4.561,4.566,4.607,4.601,4.428,4.038,3.783,3.929,4.092,4.101,4.231,4.292,4.133,4.303,4.444,4.493,4.562,4.529,4.463,4.227,4.307,4.469,4.585,4.473,4.674,4.623,4.459,4.577,4.608,4.321,4.113,3.94,4.05,4.217,4.42,4.497,4.396,4.614,4.699,4.885,4.529,4.757,4.805,4.906,4.971,4.932,4.745,4.542,4.729,4.705,4.618,4.681,4.807,4.72,4.494,4.641,4.669,4.746,4.775,4.767,4.616,4.229,4.25,4.379,4.334,4.225,4.13,2.966,2.939,3.14,3.158,3.078,2.971,3.019,2.916,2.883,3.126,3.128,3.181,3.133,3.112,3.051,2.967,3.071,3.051,2.98,3.062,3.096,2.953,2.809,2.971,2.997,2.867,2.802,2.725,2.645,2.665,2.841,6.017,5.928,6.008,6.226,6.398,6.048,6.12,6.343,6.525,6.67,6.916,6.65,6.45,6.712,6.593,6.878,6.944,6.888,6.715,6.669,6.885,6.939,6.624,6.578,6.782,6.8,6.641,6.798,7.124,7.246,7.315,3.536,3.473,3.366,3.308,3.374,3.322,3.138,3.086,3.039,2.897,3.063,3.198,3.303,3.43,3.325,3.124,2.889,2.979,3.048,3.162,3.205,3.15,3.022,2.805,2.994,3.145,3.19,3.185,3.223,3.178,4.906,4.868,5.077,5.205,5.268,5.324,5.409,5.39,5.472,5.548,5.651,5.684,5.693,5.645,5.463,5.5,5.349,5.544,5.605,5.619,5.545,5.336,5.305,5.184,5.363,5.532,5.549,5.589,5.373,5.448,5.539,4.73,4.699,4.727,4.642,4.494,4.584,4.626,4.643,4.614,4.451,4.176,3.79,3.716,3.974,4.09,4.195,4.254,4.346,4.2,4.293,4.39,4.425,4.486,4.392,4.268,3.978,3.99,4.048,4.061,3.962,3.297,3.237,3.134,3.167,3.146,3.286,3.38,3.435,3.392,3.277,3.444,3.505,3.512,3.478,3.523,3.517,3.338,3.364,3.499,3.575,3.598,3.687,3.595,3.428,3.553,3.623,3.614,3.579,3.649,3.701,3.577,4.076,4.15,4.257,4.254,4.267,4.157,3.976,4.112,4.107,4.179,4.204,4.266,4.325,4.131,4.168,4.31,4.354,4.357,4.378,4.41,4.315,4.329,4.39,4.364,4.07,3.804,3.926,4.043,3.94,3.992,3.997,3.549,3.597,3.712,3.701,3.616,3.64,3.703,3.795,3.743,3.749,3.766,3.592,3.763,3.825,3.777,3.768,3.819,3.794,3.694,3.798,3.833,3.82,3.884,3.915,3.838,3.757,3.919,3.878,3.425,4.508,4.524,4.617,4.573,4.394,4.483,4.234,4.131,4.287,4.535,4.588,4.472,4.706,4.729,4.716,4.614,4.36,4.124,3.829,4.122,4.282,4.395,4.484,4.509,4.614,4.438,4.607,4.661,4.685,4.662,4.485,3.829,3.78,3.943,4.108,4.123,4.148,4.21,4.116,4.011,4.179,4.262,4.293,4.345,4.302,4.261,4.106,4.214,4.328,4.285,4.23,4.144,4.031,3.704,3.941,4.126,4.131,4.167,4.162,4.005,3.653,3.625,3.765,3.921,3.93,4.054,4.113,3.961,4.123,4.259,4.306,4.372,4.34,4.277,4.051,4.127,4.282,4.394,4.286,4.479,4.43,4.272,4.386,4.416,4.14,3.942,3.776,3.881,4.041,4.235,4.309,4.212,4.614,4.699,4.885,4.529,4.757,4.805,4.906,4.971,4.932,4.745,4.542,4.729,4.705,4.618,4.681,4.807,4.72,4.494,4.641,4.669,4.746,4.775,4.767,4.616,4.229,4.25,4.379,4.334,4.225,4.13,3.847,3.811,4.072,4.096,3.992,3.853,3.916,3.782,3.74,4.055,4.057,4.125,4.064,4.037,3.957,3.847,3.982,3.957,3.865,3.971,4.015,3.83,3.643,3.854,3.887,3.718,3.634,3.535,3.431,3.456,3.685,2.576,2.538,2.572,2.666,2.739,2.589,2.62,2.716,2.794,2.856,2.961,2.847,2.762,2.874,2.823,2.945,2.973,2.949,2.875,2.856,2.948,2.971,2.836,2.816,2.904,2.912,2.844,2.911,3.05,3.103,3.132,2.24,2.201,2.133,2.096,2.138,2.105,1.988,1.955,1.926,1.835,1.941,2.027,2.093,2.173,2.107,1.979,1.831,1.888,1.931,2.004,2.031,1.996,1.915,1.778,1.897,1.992,2.021,2.018,2.042,2.014,4.906,4.868,5.077,5.205,5.268,5.324,5.409,5.39,5.472,5.548,5.651,5.684,5.693,5.645,5.463,5.5,5.349,5.544,5.605,5.619,5.545,5.336,5.305,5.184,5.363,5.532,5.549,5.589,5.373,5.448,5.539,4.73,4.699,4.727,4.642,4.494,4.584,4.626,4.643,4.614,4.451,4.176,3.79,3.716,3.974,4.09,4.195,4.254,4.346,4.2,4.293,4.39,4.425,4.486,4.392,4.268,3.978,3.99,4.048,4.061,3.962,3.297,3.237,3.134,3.167,3.146,3.286,3.38,3.435,3.392,3.277,3.444,3.505,3.512,3.478,3.523,3.517,3.338,3.364,3.499,3.575,3.598,3.687,3.595,3.428,3.553,3.623,3.614,3.579,3.649,3.701,3.577
Guntur_225,3.066,3.087,3.146,3.153,3.036,3.054,3.12,3.124,3.062,3.027,3.083,3.084,3.122,3.066,2.977,2.961,3.099,3.085,2.96,3.086,3.109,3.039,3.074,3.148,3.182,3.037,3.134,3.18,3.204,3.226,3.199,3.56,3.389,3.497,3.588,3.588,3.585,3.625,3.501,3.424,3.482,3.499,3.535,3.66,3.654,3.69,3.535,3.622,3.696,3.681,3.601,3.476,3.505,3.413,3.528,3.59,3.63,3.586,3.565,3.524,3.276,3.369,3.407,3.353,3.3,3.321,3.366,3.267,3.242,3.007,3.124,3.314,3.334,3.313,3.186,3.297,3.401,3.387,3.754,3.699,3.568,3.511,3.449,3.589,3.716,3.757,3.743,3.723,3.607,3.513,3.505,4.204,4.297,4.327,4.299,4.133,4.341,4.362,4.339,4.367,4.4,4.318,4.216,4.456,4.374,4.343,4.216,4.185,4.144,4.005,4.256,4.278,4.173,4.239,4.283,4.242,4.159,4.313,4.317,4.325,4.251,4.155,4.164,4.104,4.224,4.208,4.259,4.373,4.367,4.341,4.168,4.102,4.136,4.121,4.088,4.111,4.063,4.076,3.816,3.995,4.115,3.988,3.934,4.037,4.1,3.92,4.013,4.081,4.198,4.187,4.091,3.996,2.075,2.101,2.096,2.153,2.136,2.15,2.109,2.242,2.282,2.312,2.283,2.29,2.223,2.147,2.255,2.253,2.289,2.32,2.272,2.258,2.17,2.295,2.354,2.325,2.324,2.245,2.197,2.13,2.231,2.342,0.0,0.0,0.0,0.0,0.0,0.0,0.0,0.0,0.0,0.0,0.0,0.0,0.0,0.0,0.0,0.0,0.0,0.0,0.0,0.0,0.0,0.0,0.0,0.0,0.0,0.0,0.0,0.0,0.0,0.0,0.0,0.0,0.0,0.0,0.0,0.0,0.0,0.0,0.0,0.0,0.0,0.0,0.0,0.0,0.0,0.0,0.0,0.0,0.0,0.0,0.0,0.0,0.0,0.0,0.0,0.0,0.0,0.0,0.0,0.0,0.0,0.0,5.426,5.445,5.447,5.552,5.595,5.302,5.359,5.508,5.755,5.674,5.6,5.42,5.255,5.314,5.403,5.48,5.376,5.336,5.48,5.239,5.333,5.261,5.168,5.332,5.358,5.119,4.95,5.331,5.445,5.4,5.508,5.473,5.635,5.459,5.561,5.727,5.918,6.0,6.002,5.825,5.503,5.56,5.647,5.405,5.498,5.56,5.684,5.537,5.667,5.673,5.651,5.543,5.404,5.397,5.121,5.224,5.494,5.602,5.728,5.835,5.789,3.339,3.455,3.493,3.481,3.446,3.523,3.472,3.332,3.401,3.389,3.365,3.424,3.362,3.06,2.973,2.995,3.191,3.283,3.339,3.364,3.338,3.282,3.442,3.428,3.334,3.141,3.148,3.21,3.266,3.381,3.623,3.676,3.638,3.674,3.651,3.494,3.563,3.625,3.56,3.617,3.648,3.578,3.482,3.581,3.678,3.681,3.716,3.767,3.704,3.652,3.75,3.842,3.891,3.833,3.828,3.887,3.74,3.851,3.893,3.872,3.872,4.349,4.222,4.076,4.187,4.22,4.237,4.18,4.23,4.148,4.132,4.3,4.324,4.308,4.258,4.266,4.352,4.299,4.345,4.489,4.579,4.657,4.633,4.562,4.402,4.442,4.289,4.402,4.457,4.542,4.533,4.399,3.58,3.624,3.653,3.586,3.599,3.573,3.473,3.511,3.592,3.66,3.677,3.679,3.662,3.575,3.633,3.633,3.62,3.588,3.547,3.548,3.489,3.625,3.684,3.739,3.752,3.776,3.758,3.699,4.35,4.372,4.357,4.341,4.438,4.413,4.241,4.341,4.424,4.471,4.425,4.273,4.195,4.193,4.35,4.382,4.448,4.513,4.5,4.452,4.311,4.357,4.248,4.35,4.42,4.358,4.38,4.216,3.975,4.04,4.229,3.773,3.87,3.9,3.817,3.918,3.917,3.921,4.012,3.973,3.964,3.822,3.945,3.97,3.823,3.84,3.871,3.777,3.751,3.825,3.897,3.773,3.698,3.66,3.718,3.643,3.78,3.837,3.821,3.837,3.814,3.695,3.626,3.648,3.665,3.595,3.636,3.713,3.686,3.607,3.678,3.588,3.471,3.37,3.484,3.459,3.201,3.218,3.144,3.151,3.128,3.172,3.282,3.349,3.425,3.371,3.308,3.32,3.447,3.529,3.328,3.494,4.388,4.724,4.816,4.83,4.715,4.497,4.634,4.559,4.546,4.448,4.301,4.29,4.081,4.45,4.471,4.585,4.616,4.648,4.451,4.226,4.578,4.751,5.012,4.815,4.794,4.661,4.774,5.131,5.304,5.19,3.201,3.091,3.1,3.138,3.316,3.378,3.354,3.291,3.242,3.301,3.08,3.046,3.013,2.973,3.024,3.169,3.197,2.901,2.681,2.684,2.628,2.706,2.85,2.789,2.745,2.835,2.81,2.646,2.697,2.683,2.642,6.4,6.989,7.183,7.301,7.553,7.66,7.91,7.861,8.014,8.027,8.041,8.154,8.223,8.018,7.814,7.347,8.372,8.233,8.016,7.957,7.803,7.47,7.788,7.842,7.879,7.946,8.054,7.982,7.693,7.824,7.774,0.0,0.0,0.0,0.0,0.0,0.0,0.0,0.0,0.0,0.0,0.0,0.0,0.0,0.0,0.0,0.0,0.0,0.0,0.0,0.0,0.0,0.0,0.0,0.0,0.0,0.0,0.0,0.0,0.0,0.0,3.173,3.059,2.984,3.122,3.189,3.253,3.254,3.286,3.239,3.137,3.285,3.32,3.325,3.278,3.176,3.217,3.048,2.976,3.106,3.136,3.116,3.097,3.137,2.947,3.067,3.093,3.086,3.063,3.103,3.072,3.022,4.033,4.033,3.988,3.684,3.569,3.817,3.742,3.944,4.05,4.193,4.078,4.166,4.135,4.067,4.122,4.115,4.162,4.198,4.092,4.094,3.919,4.145,4.208,4.233,4.195,4.163,4.105,3.883,3.955,3.974,4.158,4.04,4.121,4.129,4.041,4.176,4.259,4.247,4.293,4.227,4.19,4.017,4.214,4.354,4.342,4.3,4.278,4.271,4.057,4.349,4.479,4.556,4.601,4.635,4.589,4.451,4.546,4.452,4.344,4.299,4.374,4.168,4.009,4.234,4.351,4.417,4.333,4.315,4.165,3.977,4.11,4.133,4.154,4.236,4.156,4.052,4.05,4.243,4.375,4.378,4.356,4.396,4.161,4.094,4.322,4.348,4.21,4.281,4.343,4.36,4.356,4.436,3.81,3.825,3.678,3.741,3.786,3.732,3.798,3.903,3.833,3.752,3.773,3.764,3.718,3.742,3.768,3.822,3.79,3.809,3.776,3.713,3.809,3.797,3.802,3.909,3.826,3.764,3.624,3.784,4.722,4.625,4.598,4.727,4.803,4.685,4.667,4.701,4.747,4.832,4.895,4.883,4.763,4.87,4.902,4.969,4.95,4.675,4.709,4.801,4.937,4.977,5.005,5.051,5.029,4.995,4.84,4.93,4.977,5.069,5.1,5.275,5.269,5.105,5.287,5.341,5.243,5.326,5.296,5.316,5.148,5.251,5.328,5.339,5.287,5.232,5.307,5.065,5.203,5.294,5.255,5.275,5.287,5.28,5.113,5.292,5.355,5.41,5.374,5.326,5.188,3.82,3.914,3.901,3.993,3.989,4.095,4.07,3.888,3.947,3.886,3.904,3.899,3.862,3.825,3.719,3.87,3.963,4.074,4.035,3.866,3.526,3.276,3.237,3.524,3.786,3.81,3.753,3.721,3.689,3.895,3.952,3.178,3.211,3.207,3.171,3.093,3.178,3.199,3.132,3.102,3.178,3.146,3.054,3.204,3.249,3.162,3.092,3.047,2.974,2.76,2.768,2.792,3.014,3.131,3.094,3.033,2.945,3.116,3.16,3.034,2.825,2.795,2.842,2.77,2.978,2.991,2.988,2.997,2.941,2.818,2.64,2.74,2.746,2.789,2.748,2.755,2.76,2.641,2.841,2.885,2.833,2.66,2.74,2.67,2.481,2.669,2.845,2.877,2.855,2.905,2.811,2.643,2.717,2.787,2.902,2.899,2.798,2.716,2.583,2.647,2.644,2.643,2.491,2.626,2.725,2.541,2.409,2.581,2.729,2.823,2.789,2.754,2.635,2.779,2.848,2.823,2.87,2.964,2.867,2.745,2.944,3.02,3.001,4.189,4.229,4.208,3.96,4.163,4.228,4.245,4.188,4.079,3.976,3.713,3.772,3.788,3.79,3.732,3.547,3.667,3.694,3.902,3.895,3.847,3.687,3.628,3.581,3.592,3.911,3.941,3.928,3.984,3.994,4.002,3.823,4.056,4.178,3.961,4.018,3.999,4.022,3.888,4.011,3.975,4.042,4.047,4.013,3.955,3.818,4.123,4.163,4.17,4.156,4.103,3.994,3.756,3.543,3.469,3.717,3.922,4.002,4.023,3.912,3.953,4.352,4.407,4.369,4.44,4.424,4.333,4.396,4.431,4.432,4.43,4.434,4.301,4.196,4.228,4.34,4.405,4.438,4.477,4.491,4.317,4.475,4.538,4.527,4.525,4.527,4.531,4.431,4.545,4.489,4.494,4.424,4.489,4.497,4.339,4.431,4.533,4.587,4.476,4.443,4.271,4.158,4.377,4.384,4.411,4.493,4.583,4.617,4.514,4.691,4.707,4.67,4.689,4.766,4.735,4.573,4.665,4.754,4.829,4.847,4.791,4.74,4.033,4.143,4.126,4.057,4.108,4.138,4.162,4.124,4.191,4.197,4.235,4.245,4.27,4.118,3.954,4.066,4.148,4.227,4.19,4.242,4.192,4.07,4.101,4.173,4.142,3.871,3.996,4.115,4.01,4.063,4.068,4.132,4.188,4.322,4.309,4.21,4.238,4.311,4.418,4.357,4.364,4.385,4.181,4.381,4.454,4.397,4.387,4.446,4.417,4.301,4.421,4.462,4.448,4.522,4.559,4.469,4.374,4.563,4.514,4.916,4.934,5.035,4.987,4.792,4.889,4.617,4.505,4.675,4.946,5.004,4.877,5.132,5.157,5.144,5.032,4.754,4.497,4.175,4.495,4.669,4.793,4.89,4.918,5.032,4.84,5.024,5.083,5.109,5.084,4.891,4.724,4.662,4.864,5.068,5.086,5.117,5.193,5.077,4.948,5.155,5.257,5.296,5.36,5.307,5.256,5.065,5.198,5.339,5.286,5.218,5.112,4.972,4.569,4.862,5.09,5.095,5.141,5.134,4.941,4.506,4.307,4.473,4.658,4.668,4.816,4.886,4.705,4.898,5.059,5.115,5.193,5.155,5.08,4.812,4.903,5.087,5.219,5.092,5.32,5.262,5.075,5.21,5.246,4.918,4.682,4.485,4.61,4.8,5.031,5.119,5.004,5.14,5.234,5.441,5.045,5.298,5.352,5.465,5.538,5.494,5.286,5.059,5.267,5.24,5.144,5.214,5.354,5.257,5.006,5.169,5.201,5.287,5.319,5.31,5.141,4.711,4.734,4.878,4.828,4.707,4.6,4.431,4.39,4.69,4.717,4.598,4.438,4.51,4.356,4.307,4.67,4.673,4.751,4.68,4.649,4.558,4.431,4.587,4.557,4.452,4.574,4.624,4.411,4.196,4.438,4.476,4.283,4.186,4.071,3.951,3.981,4.245,6.017,5.928,6.008,6.226,6.398,6.048,6.12,6.343,6.525,6.67,6.916,6.65,6.45,6.712,6.593,6.878,6.944,6.888,6.715,6.669,6.885,6.939,6.624,6.578,6.782,6.8,6.641,6.798,7.124,7.246,7.315,4.855,4.769,4.622,4.543,4.633,4.561,4.308,4.237,4.173,3.977,4.206,4.392,4.535,4.709,4.565,4.289,3.967,4.09,4.185,4.342,4.4,4.325,4.15,3.852,4.111,4.318,4.38,4.374,4.425,4.364,5.308,5.267,5.492,5.631,5.699,5.76,5.851,5.831,5.92,6.002,6.113,6.149,6.159,6.107,5.91,5.95,5.786,5.998,6.064,6.079,5.998,5.773,5.739,5.608,5.801,5.984,6.004,6.046,5.813,5.894,5.992,5.665,5.628,5.661,5.559,5.382,5.49,5.54,5.561,5.526,5.33,5.002,4.539,4.45,4.759,4.898,5.024,5.095,5.205,5.03,5.141,5.257,5.3,5.373,5.26,5.112,4.764,4.778,4.848,4.864,4.745,4.715,4.629,4.482,4.528,4.5,4.699,4.833,4.912,4.85,4.686,4.925,5.013,5.022,4.974,5.039,5.03,4.773,4.811,5.004,5.112,5.146,5.273,5.141,4.903,5.081,5.181,5.168,5.118,5.218,5.293,5.115,4.698,4.783,4.906,4.902,4.918,4.791,4.583,4.738,4.733,4.816,4.845,4.916,4.984,4.761,4.803,4.967,5.017,5.021,5.045,5.082,4.973,4.989,5.06,5.029,4.69,4.383,4.525,4.659,4.541,4.6,4.606,3.734,3.785,3.906,3.894,3.805,3.83,3.896,3.992,3.938,3.944,3.962,3.779,3.959,4.025,3.973,3.964,4.018,3.992,3.887,3.995,4.032,4.019,4.086,4.119,4.038,3.953,4.123,4.08,3.603,5.083,5.102,5.206,5.156,4.955,5.055,4.774,4.658,4.834,5.114,5.174,5.042,5.306,5.332,5.318,5.203,4.916,4.65,4.317,4.648,4.828,4.956,5.056,5.085,5.203,5.004,5.195,5.256,5.282,5.257,5.057,4.176,4.122,4.3,4.48,4.496,4.524,4.591,4.489,4.375,4.557,4.648,4.681,4.739,4.692,4.647,4.478,4.595,4.72,4.673,4.613,4.519,4.395,4.039,4.298,4.5,4.505,4.544,4.539,4.368,3.983,4.1,4.258,4.434,4.444,4.584,4.651,4.479,4.662,4.815,4.869,4.943,4.908,4.836,4.581,4.667,4.842,4.968,4.847,5.064,5.009,4.831,4.959,4.993,4.682,4.457,4.27,4.389,4.569,4.789,4.873,4.763,5.14,5.234,5.441,5.045,5.298,5.352,5.465,5.538,5.494,5.286,5.059,5.267,5.24,5.144,5.214,5.354,5.257,5.006,5.169,5.201,5.287,5.319,5.31,5.141,4.711,4.734,4.878,4.828,4.707,4.6,4.35,4.31,4.605,4.631,4.514,4.357,4.428,4.276,4.229,4.585,4.587,4.665,4.595,4.564,4.475,4.351,4.503,4.474,4.371,4.49,4.54,4.331,4.12,4.358,4.395,4.205,4.109,3.997,3.879,3.908,4.167,3.73,3.674,3.724,3.859,3.966,3.748,3.793,3.932,4.044,4.134,4.287,4.122,3.998,4.16,4.086,4.263,4.304,4.269,4.162,4.134,4.267,4.301,4.106,4.077,4.204,4.215,4.116,4.214,4.416,4.491,4.534,5.451,5.354,5.189,5.101,5.202,5.121,4.837,4.758,4.686,4.465,4.722,4.931,5.092,5.288,5.126,4.816,4.454,4.593,4.699,4.875,4.94,4.856,4.659,4.325,4.616,4.848,4.918,4.911,4.968,4.9,5.308,5.267,5.492,5.631,5.699,5.76,5.851,5.831,5.92,6.002,6.113,6.149,6.159,6.107,5.91,5.95,5.786,5.998,6.064,6.079,5.998,5.773,5.739,5.608,5.801,5.984,6.004,6.046,5.813,5.894,5.992,5.665,5.628,5.661,5.559,5.382,5.49,5.54,5.561,5.526,5.33,5.002,4.539,4.45,4.759,4.898,5.024,5.095,5.205,5.03,5.141,5.257,5.3,5.373,5.26,5.112,4.764,4.778,4.848,4.864,4.745,4.715,4.629,4.482,4.528,4.5,4.699,4.833,4.912,4.85,4.686,4.925,5.013,5.022,4.974,5.039,5.03,4.773,4.811,5.004,5.112,5.146,5.273,5.141,4.903,5.081,5.181,5.168,5.118,5.218,5.293,5.115
Guntur_226,3.552,3.576,3.644,3.653,3.517,3.537,3.614,3.619,3.547,3.507,3.571,3.573,3.616,3.552,3.448,3.43,3.59,3.574,3.429,3.575,3.601,3.521,3.561,3.647,3.686,3.518,3.631,3.684,3.712,3.737,3.706,4.336,4.128,4.26,4.371,4.371,4.367,4.416,4.264,4.171,4.242,4.262,4.306,4.458,4.451,4.495,4.307,4.412,4.502,4.484,4.386,4.234,4.27,4.158,4.297,4.374,4.421,4.368,4.343,4.293,4.108,4.225,4.271,4.204,4.138,4.163,4.22,4.096,4.065,3.77,3.917,4.155,4.181,4.154,3.994,4.133,4.265,4.247,4.707,4.638,4.474,4.402,4.324,4.5,4.659,4.711,4.692,4.668,4.523,4.404,4.394,4.54,4.641,4.673,4.643,4.463,4.688,4.71,4.686,4.716,4.752,4.663,4.553,4.812,4.724,4.69,4.553,4.52,4.476,4.326,4.596,4.62,4.506,4.578,4.626,4.581,4.492,4.658,4.662,4.671,4.59,4.098,4.107,4.047,4.166,4.15,4.201,4.313,4.308,4.281,4.111,4.045,4.08,4.064,4.031,4.054,4.007,4.02,3.763,3.94,4.059,3.933,3.88,3.982,4.044,3.866,3.958,4.025,4.141,4.129,4.035,3.941,2.788,2.823,2.815,2.892,2.87,2.888,2.833,3.012,3.066,3.106,3.068,3.076,2.986,2.884,3.03,3.027,3.074,3.117,3.053,3.033,2.916,3.083,3.162,3.123,3.122,3.016,2.951,2.862,2.997,3.147,0.0,0.0,0.0,0.0,0.0,0.0,0.0,0.0,0.0,0.0,0.0,0.0,0.0,0.0,0.0,0.0,0.0,0.0,0.0,0.0,0.0,0.0,0.0,0.0,0.0,0.0,0.0,0.0,0.0,0.0,0.0,0.0,0.0,0.0,0.0,0.0,0.0,0.0,0.0,0.0,0.0,0.0,0.0,0.0,0.0,0.0,0.0,0.0,0.0,0.0,0.0,0.0,0.0,0.0,0.0,0.0,0.0,0.0,0.0,0.0,0.0,0.0,5.426,5.445,5.447,5.552,5.595,5.302,5.359,5.508,5.755,5.674,5.6,5.42,5.255,5.314,5.403,5.48,5.376,5.336,5.48,5.239,5.333,5.261,5.168,5.332,5.358,5.119,4.95,5.331,5.445,5.4,5.62,5.585,5.75,5.57,5.675,5.844,6.039,6.123,6.125,5.944,5.616,5.674,5.762,5.515,5.611,5.674,5.801,5.65,5.783,5.789,5.767,5.657,5.514,5.507,5.226,5.331,5.607,5.716,5.845,5.954,5.907,3.984,4.123,4.167,4.153,4.111,4.204,4.143,3.976,4.058,4.043,4.015,4.085,4.011,3.651,3.547,3.573,3.808,3.917,3.984,4.014,3.982,3.915,4.106,4.09,3.977,3.748,3.756,3.829,3.897,4.034,4.01,4.069,4.026,4.066,4.041,3.866,3.943,4.011,3.94,4.003,4.037,3.96,3.854,3.963,4.07,4.074,4.112,4.169,4.099,4.041,4.15,4.252,4.306,4.242,4.236,4.302,4.138,4.262,4.308,4.285,4.285,4.426,4.297,4.148,4.261,4.295,4.312,4.253,4.304,4.221,4.205,4.376,4.4,4.384,4.333,4.341,4.428,4.375,4.421,4.569,4.659,4.739,4.715,4.642,4.48,4.52,4.365,4.48,4.536,4.622,4.613,4.477,4.002,4.051,4.083,4.008,4.023,3.993,3.882,3.924,4.015,4.091,4.11,4.112,4.093,3.996,4.061,4.061,4.046,4.01,3.965,3.966,3.9,4.052,4.118,4.179,4.193,4.221,4.201,4.134,4.379,4.401,4.386,4.37,4.468,4.443,4.269,4.37,4.453,4.5,4.454,4.301,4.223,4.221,4.379,4.411,4.478,4.544,4.53,4.482,4.34,4.386,4.277,4.379,4.449,4.387,4.41,4.244,4.001,4.067,4.257,5.121,5.252,5.294,5.18,5.319,5.317,5.321,5.445,5.393,5.38,5.187,5.354,5.389,5.189,5.212,5.255,5.127,5.091,5.192,5.289,5.121,5.019,4.968,5.046,4.945,5.131,5.208,5.186,5.208,5.177,4.202,4.123,4.148,4.168,4.088,4.135,4.223,4.192,4.102,4.182,4.081,3.947,3.833,3.963,3.934,3.64,3.659,3.575,3.584,3.558,3.608,3.732,3.809,3.895,3.833,3.762,3.776,3.92,4.013,3.785,3.973,4.723,5.085,5.184,5.199,5.076,4.84,4.988,4.907,4.893,4.788,4.629,4.618,4.393,4.79,4.813,4.936,4.968,5.004,4.792,4.549,4.928,5.114,5.395,5.183,5.16,5.018,5.139,5.523,5.709,5.587,2.309,2.229,2.235,2.263,2.392,2.436,2.419,2.373,2.338,2.38,2.221,2.197,2.173,2.144,2.181,2.285,2.306,2.092,1.933,1.935,1.895,1.952,2.055,2.011,1.98,2.044,2.026,1.908,1.945,1.935,1.906,7.595,8.295,8.525,8.664,8.964,9.09,9.387,9.33,9.511,9.526,9.543,9.677,9.759,9.516,9.274,8.719,9.935,9.77,9.512,9.443,9.261,8.865,9.243,9.306,9.35,9.429,9.558,9.473,9.13,9.285,9.225,0.0,0.0,0.0,0.0,0.0,0.0,0.0,0.0,0.0,0.0,0.0,0.0,0.0,0.0,0.0,0.0,0.0,0.0,0.0,0.0,0.0,0.0,0.0,0.0,0.0,0.0,0.0,0.0,0.0,0.0,4.638,4.47,4.362,4.562,4.661,4.754,4.756,4.803,4.734,4.584,4.802,4.852,4.86,4.792,4.642,4.702,4.455,4.349,4.54,4.583,4.554,4.526,4.585,4.308,4.483,4.521,4.51,4.477,4.535,4.489,4.417,5.274,5.273,5.215,4.817,4.666,4.99,4.892,5.157,5.296,5.482,5.332,5.447,5.406,5.318,5.389,5.38,5.442,5.489,5.35,5.354,5.125,5.42,5.502,5.535,5.485,5.444,5.368,5.077,5.172,5.196,4.422,4.297,4.383,4.392,4.299,4.442,4.53,4.517,4.566,4.497,4.457,4.273,4.483,4.631,4.618,4.573,4.55,4.543,4.316,4.626,4.764,4.846,4.894,4.93,4.881,4.735,4.835,4.736,4.621,4.573,4.652,4.933,4.744,5.011,5.149,5.227,5.128,5.107,4.929,4.707,4.864,4.892,4.916,5.014,4.919,4.795,4.793,5.022,5.177,5.181,5.156,5.203,4.925,4.846,5.115,5.145,4.982,5.067,5.14,5.16,5.155,5.25,5.241,5.262,5.06,5.147,5.209,5.135,5.225,5.37,5.274,5.162,5.191,5.178,5.115,5.148,5.184,5.259,5.214,5.24,5.195,5.108,5.24,5.224,5.231,5.378,5.264,5.179,4.985,5.206,5.19,5.084,5.054,5.195,5.279,5.15,5.13,5.167,5.218,5.31,5.38,5.367,5.236,5.353,5.388,5.461,5.441,5.138,5.175,5.276,5.426,5.471,5.501,5.551,5.528,5.49,5.32,5.419,5.47,5.571,5.605,5.862,5.856,5.674,5.876,5.937,5.827,5.92,5.886,5.908,5.722,5.837,5.922,5.934,5.876,5.815,5.899,5.63,5.783,5.885,5.84,5.863,5.876,5.869,5.683,5.882,5.952,6.013,5.973,5.919,5.766,4.135,4.237,4.222,4.323,4.318,4.433,4.405,4.208,4.273,4.207,4.226,4.22,4.181,4.14,4.026,4.189,4.29,4.41,4.367,4.185,3.816,3.547,3.504,3.814,4.099,4.125,4.063,4.027,3.993,4.217,4.278,2.879,2.908,2.904,2.872,2.802,2.879,2.898,2.836,2.81,2.878,2.849,2.766,2.902,2.943,2.864,2.8,2.76,2.693,2.5,2.507,2.528,2.73,2.836,2.803,2.747,2.667,2.822,2.862,2.748,2.559,2.532,2.574,2.509,2.697,2.709,2.706,2.715,2.664,2.552,2.391,2.482,2.487,2.526,2.489,2.495,2.5,2.392,2.573,2.613,2.566,2.409,2.482,2.418,2.247,2.418,2.576,2.606,2.586,2.631,2.546,2.394,3.913,4.013,4.179,4.175,4.03,3.911,3.72,3.812,3.808,3.806,3.587,3.781,3.925,3.659,3.47,3.716,3.93,4.066,4.017,3.966,3.795,4.002,4.102,4.065,4.133,4.268,4.128,3.953,4.239,4.35,4.322,5.478,5.531,5.502,5.179,5.444,5.529,5.552,5.477,5.334,5.2,4.856,4.933,4.954,4.956,4.881,4.638,4.795,4.83,5.103,5.094,5.031,4.822,4.745,4.682,4.698,5.114,5.154,5.136,5.21,5.223,3.901,3.726,3.954,4.073,3.861,3.917,3.898,3.92,3.789,3.91,3.874,3.94,3.945,3.912,3.855,3.722,4.019,4.058,4.064,4.051,3.999,3.894,3.662,3.453,3.381,3.623,3.823,3.901,3.921,3.813,3.853,5.178,5.244,5.199,5.283,5.264,5.155,5.231,5.271,5.273,5.27,5.276,5.118,4.993,5.031,5.164,5.241,5.28,5.327,5.344,5.136,5.324,5.399,5.387,5.384,5.386,5.391,5.272,5.407,5.341,5.347,4.704,4.773,4.781,4.614,4.712,4.82,4.877,4.759,4.724,4.542,4.421,4.654,4.661,4.69,4.777,4.873,4.909,4.799,4.988,5.004,4.965,4.986,5.068,5.035,4.863,4.961,5.054,5.135,5.153,5.094,5.04,4.638,4.764,4.745,4.665,4.724,4.758,4.786,4.743,4.819,4.826,4.87,4.882,4.91,4.736,4.548,4.676,4.771,4.861,4.818,4.878,4.82,4.681,4.716,4.799,4.763,4.452,4.596,4.732,4.612,4.672,4.678,4.611,4.673,4.823,4.809,4.698,4.729,4.811,4.93,4.862,4.87,4.893,4.666,4.888,4.97,4.906,4.895,4.961,4.929,4.8,4.934,4.979,4.963,5.046,5.087,4.987,4.881,5.091,5.038,5.042,5.061,5.165,5.116,4.916,5.015,4.736,4.621,4.796,5.073,5.133,5.002,5.264,5.29,5.276,5.162,4.877,4.613,4.283,4.611,4.79,4.917,5.016,5.044,5.162,4.965,5.154,5.214,5.241,5.215,5.017,4.892,4.828,5.037,5.248,5.266,5.299,5.378,5.258,5.124,5.338,5.444,5.484,5.551,5.496,5.443,5.245,5.383,5.529,5.473,5.404,5.294,5.149,4.731,5.035,5.271,5.277,5.323,5.316,5.116,4.666,6.15,6.388,6.652,6.667,6.877,6.978,6.719,6.995,7.224,7.305,7.416,7.363,7.255,6.872,7.002,7.265,7.454,7.272,7.598,7.516,7.248,7.44,7.491,7.024,6.687,6.406,6.584,6.855,7.185,7.311,7.146,5.416,5.516,5.733,5.316,5.583,5.64,5.758,5.835,5.789,5.57,5.331,5.55,5.522,5.42,5.494,5.642,5.54,5.275,5.447,5.481,5.571,5.605,5.596,5.417,4.964,4.989,5.14,5.087,4.959,4.848,4.564,4.522,4.831,4.859,4.736,4.571,4.646,4.487,4.437,4.81,4.813,4.894,4.821,4.789,4.695,4.564,4.724,4.694,4.586,4.711,4.763,4.544,4.322,4.572,4.611,4.411,4.312,4.193,4.07,4.101,4.372,6.615,6.517,6.605,6.845,7.034,6.649,6.728,6.973,7.174,7.333,7.604,7.311,7.091,7.379,7.248,7.561,7.634,7.573,7.383,7.332,7.569,7.629,7.282,7.232,7.456,7.476,7.301,7.474,7.832,7.967,8.042,6.18,6.07,5.883,5.783,5.898,5.806,5.484,5.394,5.312,5.063,5.354,5.59,5.773,5.995,5.811,5.46,5.05,5.207,5.327,5.527,5.601,5.505,5.282,4.903,5.233,5.496,5.576,5.567,5.633,5.555,5.531,5.488,5.723,5.868,5.939,6.002,6.097,6.076,6.169,6.254,6.37,6.408,6.418,6.364,6.158,6.2,6.029,6.25,6.319,6.335,6.25,6.015,5.98,5.843,6.045,6.236,6.256,6.3,6.057,6.142,6.244,6.613,6.571,6.609,6.49,6.283,6.409,6.468,6.492,6.452,6.223,5.839,5.299,5.196,5.556,5.719,5.865,5.948,6.076,5.873,6.002,6.138,6.187,6.273,6.141,5.968,5.562,5.578,5.66,5.678,5.54,5.439,5.34,5.17,5.224,5.19,5.421,5.575,5.666,5.595,5.406,5.681,5.782,5.794,5.737,5.812,5.802,5.506,5.55,5.772,5.897,5.936,6.083,5.93,5.655,5.861,5.976,5.962,5.904,6.019,6.106,5.9,5.18,5.273,5.41,5.405,5.422,5.282,5.053,5.224,5.219,5.31,5.342,5.42,5.495,5.249,5.296,5.477,5.532,5.536,5.563,5.603,5.483,5.501,5.579,5.545,5.171,4.833,4.989,5.137,5.007,5.072,5.078,4.088,4.144,4.276,4.264,4.166,4.193,4.266,4.371,4.311,4.318,4.338,4.137,4.334,4.407,4.35,4.341,4.399,4.37,4.256,4.375,4.415,4.401,4.474,4.51,4.422,4.328,4.514,4.467,3.945,5.533,5.554,5.667,5.613,5.394,5.503,5.197,5.07,5.262,5.567,5.632,5.489,5.776,5.804,5.789,5.664,5.351,5.062,4.699,5.06,5.256,5.395,5.504,5.535,5.664,5.448,5.655,5.721,5.75,5.723,5.505,5.182,5.114,5.336,5.559,5.578,5.613,5.697,5.57,5.428,5.654,5.767,5.809,5.88,5.822,5.766,5.556,5.702,5.857,5.798,5.724,5.607,5.454,5.011,5.333,5.583,5.589,5.639,5.632,5.42,4.943,4.563,4.739,4.935,4.946,5.102,5.177,4.985,5.189,5.36,5.419,5.502,5.462,5.382,5.098,5.194,5.39,5.53,5.395,5.636,5.576,5.377,5.52,5.558,5.211,4.961,4.752,4.885,5.085,5.33,5.424,5.301,5.416,5.516,5.733,5.316,5.583,5.64,5.758,5.835,5.789,5.57,5.331,5.55,5.522,5.42,5.494,5.642,5.54,5.275,5.447,5.481,5.571,5.605,5.596,5.417,4.964,4.989,5.14,5.087,4.959,4.848,4.842,4.797,5.125,5.154,5.024,4.85,4.929,4.76,4.707,5.103,5.106,5.192,5.114,5.08,4.98,4.842,5.012,4.98,4.865,4.998,5.053,4.82,4.585,4.85,4.892,4.68,4.574,4.449,4.318,4.35,4.638,5.105,5.029,5.097,5.282,5.428,5.131,5.192,5.381,5.536,5.659,5.868,5.642,5.473,5.694,5.593,5.835,5.891,5.844,5.697,5.658,5.841,5.887,5.62,5.581,5.754,5.769,5.635,5.767,6.044,6.148,6.206,5.451,5.354,5.189,5.101,5.202,5.121,4.837,4.758,4.686,4.465,4.722,4.931,5.092,5.288,5.126,4.816,4.454,4.593,4.699,4.875,4.94,4.856,4.659,4.325,4.616,4.848,4.918,4.911,4.968,4.9,5.531,5.488,5.723,5.868,5.939,6.002,6.097,6.076,6.169,6.254,6.37,6.408,6.418,6.364,6.158,6.2,6.029,6.25,6.319,6.335,6.25,6.015,5.98,5.843,6.045,6.236,6.256,6.3,6.057,6.142,6.244,6.613,6.571,6.609,6.49,6.283,6.409,6.468,6.492,6.452,6.223,5.839,5.299,5.196,5.556,5.719,5.865,5.948,6.076,5.873,6.002,6.138,6.187,6.273,6.141,5.968,5.562,5.578,5.66,5.678,5.54,5.439,5.34,5.17,5.224,5.19,5.421,5.575,5.666,5.595,5.406,5.681,5.782,5.794,5.737,5.812,5.802,5.506,5.55,5.772,5.897,5.936,6.083,5.93,5.655,5.861,5.976,5.962,5.904,6.019,6.106,5.9
Guntur_227,4.618,4.65,4.738,4.749,4.573,4.599,4.699,4.705,4.611,4.56,4.643,4.645,4.702,4.618,4.484,4.459,4.667,4.647,4.459,4.649,4.682,4.578,4.629,4.741,4.793,4.574,4.721,4.79,4.826,4.859,4.819,4.666,4.442,4.584,4.703,4.703,4.699,4.752,4.588,4.488,4.564,4.586,4.633,4.797,4.789,4.836,4.634,4.747,4.845,4.825,4.72,4.556,4.595,4.474,4.624,4.706,4.757,4.7,4.673,4.62,4.138,4.256,4.303,4.236,4.169,4.194,4.251,4.127,4.096,3.798,3.946,4.186,4.212,4.185,4.024,4.164,4.297,4.279,4.742,4.673,4.507,4.435,4.356,4.533,4.694,4.746,4.727,4.703,4.556,4.437,4.427,5.852,5.981,6.022,5.984,5.752,6.041,6.071,6.039,6.079,6.124,6.01,5.867,6.201,6.088,6.044,5.868,5.825,5.768,5.575,5.923,5.955,5.808,5.9,5.962,5.904,5.789,6.003,6.009,6.02,5.916,5.874,5.887,5.802,5.971,5.949,6.022,6.182,6.174,6.136,5.893,5.798,5.848,5.826,5.779,5.812,5.744,5.762,5.394,5.648,5.818,5.638,5.561,5.707,5.797,5.542,5.673,5.77,5.935,5.919,5.784,5.65,4.19,4.243,4.231,4.347,4.314,4.341,4.259,4.527,4.608,4.668,4.611,4.623,4.489,4.335,4.554,4.55,4.621,4.684,4.588,4.559,4.382,4.633,4.753,4.694,4.693,4.533,4.436,4.302,4.505,4.73,0.0,0.0,0.0,0.0,0.0,0.0,0.0,0.0,0.0,0.0,0.0,0.0,0.0,0.0,0.0,0.0,0.0,0.0,0.0,0.0,0.0,0.0,0.0,0.0,0.0,0.0,0.0,0.0,0.0,0.0,0.0,0.0,0.0,0.0,0.0,0.0,0.0,0.0,0.0,0.0,0.0,0.0,0.0,0.0,0.0,0.0,0.0,0.0,0.0,0.0,0.0,0.0,0.0,0.0,0.0,0.0,0.0,0.0,0.0,0.0,0.0,0.0,6.005,6.026,6.028,6.145,6.192,5.868,5.931,6.096,6.369,6.279,6.197,5.999,5.816,5.881,5.98,6.064,5.95,5.906,6.065,5.798,5.902,5.822,5.719,5.901,5.929,5.665,5.478,5.9,6.026,5.976,5.62,5.585,5.75,5.57,5.675,5.844,6.039,6.123,6.125,5.944,5.616,5.674,5.762,5.515,5.611,5.674,5.801,5.65,5.783,5.789,5.767,5.657,5.514,5.507,5.226,5.331,5.607,5.716,5.845,5.954,5.907,4.386,4.539,4.588,4.572,4.526,4.628,4.561,4.377,4.467,4.452,4.42,4.498,4.416,4.02,3.905,3.934,4.192,4.313,4.386,4.419,4.385,4.311,4.521,4.503,4.379,4.126,4.135,4.216,4.291,4.441,4.611,4.679,4.63,4.675,4.647,4.446,4.535,4.613,4.53,4.603,4.643,4.554,4.432,4.557,4.68,4.685,4.729,4.794,4.713,4.647,4.772,4.89,4.952,4.878,4.871,4.947,4.759,4.901,4.954,4.927,4.927,5.027,4.88,4.711,4.84,4.878,4.897,4.831,4.889,4.794,4.776,4.971,4.998,4.98,4.922,4.931,5.03,4.969,5.022,5.189,5.292,5.383,5.356,5.273,5.088,5.134,4.958,5.088,5.152,5.25,5.239,5.085,5.039,5.102,5.142,5.048,5.067,5.029,4.888,4.942,5.057,5.152,5.176,5.179,5.155,5.033,5.114,5.114,5.096,5.05,4.993,4.995,4.911,5.103,5.186,5.263,5.281,5.315,5.29,5.206,5.298,5.325,5.307,5.287,5.406,5.375,5.166,5.287,5.388,5.445,5.39,5.204,5.11,5.107,5.298,5.337,5.418,5.497,5.481,5.423,5.251,5.307,5.175,5.298,5.383,5.308,5.335,5.135,4.841,4.921,5.15,5.558,5.7,5.745,5.622,5.772,5.77,5.775,5.91,5.853,5.839,5.629,5.811,5.848,5.632,5.656,5.703,5.564,5.526,5.635,5.74,5.557,5.447,5.391,5.476,5.367,5.569,5.652,5.628,5.652,5.619,4.63,4.544,4.571,4.593,4.505,4.556,4.653,4.619,4.52,4.608,4.496,4.349,4.224,4.366,4.334,4.011,4.032,3.94,3.949,3.92,3.975,4.112,4.197,4.292,4.224,4.145,4.161,4.319,4.422,4.17,4.378,4.784,5.151,5.251,5.267,5.142,4.903,5.053,4.971,4.957,4.85,4.689,4.678,4.45,4.852,4.876,5.0,5.033,5.069,4.854,4.608,4.992,5.181,5.465,5.25,5.227,5.083,5.206,5.595,5.783,5.66,2.309,2.229,2.235,2.263,2.392,2.436,2.419,2.373,2.338,2.38,2.221,2.197,2.173,2.144,2.181,2.285,2.306,2.092,1.933,1.935,1.895,1.952,2.055,2.011,1.98,2.044,2.026,1.908,1.945,1.935,1.906,7.595,8.295,8.525,8.664,8.964,9.09,9.387,9.33,9.511,9.526,9.543,9.677,9.759,9.516,9.274,8.719,9.935,9.77,9.512,9.443,9.261,8.865,9.243,9.306,9.35,9.429,9.558,9.473,9.13,9.285,9.225,0.0,0.0,0.0,0.0,0.0,0.0,0.0,0.0,0.0,0.0,0.0,0.0,0.0,0.0,0.0,0.0,0.0,0.0,0.0,0.0,0.0,0.0,0.0,0.0,0.0,0.0,0.0,0.0,0.0,0.0,4.782,4.61,4.497,4.704,4.806,4.902,4.904,4.952,4.881,4.727,4.951,5.003,5.011,4.941,4.786,4.848,4.594,4.485,4.681,4.725,4.696,4.667,4.728,4.442,4.622,4.661,4.65,4.616,4.676,4.629,4.554,5.634,5.634,5.571,5.146,4.985,5.331,5.227,5.509,5.658,5.857,5.696,5.819,5.776,5.681,5.757,5.748,5.814,5.864,5.716,5.719,5.475,5.79,5.878,5.913,5.86,5.816,5.735,5.424,5.525,5.551,5.004,4.862,4.959,4.969,4.864,5.025,5.125,5.111,5.167,5.088,5.043,4.834,5.072,5.24,5.225,5.175,5.148,5.14,4.883,5.234,5.39,5.483,5.538,5.578,5.523,5.357,5.471,5.358,5.228,5.174,5.264,5.081,4.887,5.162,5.304,5.384,5.282,5.26,5.077,4.849,5.01,5.039,5.063,5.164,5.067,4.939,4.937,5.173,5.333,5.336,5.311,5.359,5.073,4.991,5.268,5.3,5.132,5.219,5.294,5.315,5.31,5.407,5.916,5.939,5.711,5.81,5.879,5.795,5.898,6.061,5.952,5.826,5.859,5.844,5.774,5.811,5.851,5.935,5.885,5.915,5.863,5.765,5.914,5.896,5.904,6.07,5.941,5.845,5.627,5.876,5.798,5.679,5.646,5.803,5.897,5.753,5.73,5.772,5.829,5.932,6.01,5.995,5.849,5.98,6.019,6.101,6.078,5.74,5.781,5.894,6.061,6.111,6.145,6.201,6.175,6.133,5.943,6.053,6.111,6.224,6.261,6.808,6.801,6.59,6.824,6.894,6.768,6.875,6.836,6.861,6.645,6.778,6.877,6.891,6.824,6.753,6.851,6.538,6.716,6.834,6.783,6.809,6.824,6.816,6.6,6.831,6.912,6.983,6.936,6.874,6.696,5.503,5.639,5.619,5.753,5.747,5.899,5.863,5.601,5.687,5.599,5.624,5.617,5.564,5.51,5.358,5.576,5.709,5.869,5.812,5.57,5.079,4.72,4.663,5.076,5.455,5.489,5.407,5.36,5.314,5.612,5.693,4.085,4.127,4.122,4.075,3.976,4.085,4.112,4.025,3.987,4.084,4.043,3.926,4.118,4.176,4.065,3.974,3.916,3.822,3.548,3.558,3.588,3.874,4.024,3.977,3.898,3.785,4.006,4.062,3.9,3.631,3.593,3.654,3.561,3.828,3.845,3.84,3.853,3.78,3.622,3.393,3.522,3.53,3.585,3.532,3.541,3.548,3.394,3.651,3.708,3.642,3.419,3.522,3.431,3.189,3.431,3.656,3.698,3.669,3.734,3.613,3.398,3.751,3.846,4.005,4.002,3.862,3.748,3.565,3.653,3.649,3.648,3.438,3.624,3.762,3.507,3.326,3.562,3.767,3.896,3.85,3.801,3.637,3.835,3.931,3.896,3.961,4.09,3.957,3.789,4.063,4.169,4.142,5.73,5.784,5.755,5.417,5.693,5.783,5.806,5.728,5.579,5.438,5.078,5.159,5.181,5.184,5.105,4.851,5.016,5.052,5.337,5.328,5.262,5.043,4.963,4.897,4.913,5.349,5.39,5.372,5.449,5.463,5.529,5.282,5.605,5.773,5.473,5.552,5.525,5.557,5.371,5.542,5.492,5.585,5.591,5.545,5.465,5.276,5.697,5.752,5.761,5.743,5.669,5.519,5.19,4.895,4.793,5.135,5.419,5.53,5.558,5.405,5.462,5.572,5.644,5.595,5.685,5.665,5.548,5.629,5.673,5.675,5.672,5.678,5.508,5.373,5.414,5.557,5.641,5.682,5.733,5.751,5.527,5.73,5.81,5.797,5.795,5.796,5.801,5.674,5.819,5.748,5.754,5.113,5.188,5.197,5.015,5.121,5.239,5.302,5.173,5.135,4.937,4.805,5.059,5.067,5.098,5.192,5.297,5.336,5.217,5.421,5.439,5.397,5.419,5.508,5.473,5.285,5.392,5.494,5.581,5.601,5.537,5.479,5.611,5.763,5.74,5.643,5.714,5.756,5.79,5.737,5.83,5.838,5.891,5.906,5.94,5.73,5.501,5.657,5.771,5.881,5.829,5.901,5.831,5.662,5.705,5.806,5.762,5.385,5.559,5.724,5.579,5.652,5.659,5.953,6.033,6.226,6.208,6.066,6.106,6.211,6.365,6.277,6.288,6.317,6.024,6.311,6.416,6.334,6.32,6.405,6.364,6.197,6.37,6.429,6.408,6.514,6.567,6.438,6.302,6.573,6.504,5.916,5.938,6.06,6.001,5.767,5.884,5.556,5.421,5.627,5.952,6.022,5.869,6.176,6.206,6.19,6.055,5.722,5.412,5.025,5.41,5.619,5.768,5.885,5.918,6.056,5.825,6.046,6.117,6.148,6.119,5.885,5.651,5.578,5.819,6.063,6.084,6.122,6.213,6.074,5.92,6.166,6.289,6.335,6.413,6.349,6.288,6.059,6.219,6.387,6.323,6.243,6.115,5.948,5.465,5.816,6.089,6.096,6.15,6.142,5.91,5.39,6.418,6.666,6.942,6.957,7.177,7.282,7.012,7.299,7.539,7.623,7.739,7.684,7.571,7.171,7.307,7.582,7.778,7.588,7.929,7.843,7.564,7.764,7.818,7.33,6.978,6.685,6.871,7.154,7.498,7.629,7.457,5.988,6.099,6.34,5.878,6.173,6.236,6.367,6.452,6.401,6.159,5.895,6.137,6.106,5.993,6.075,6.239,6.125,5.833,6.023,6.06,6.16,6.198,6.187,5.99,5.489,5.516,5.683,5.625,5.484,5.36,4.564,4.522,4.831,4.859,4.736,4.571,4.646,4.487,4.437,4.81,4.813,4.894,4.821,4.789,4.695,4.564,4.724,4.694,4.586,4.711,4.763,4.544,4.322,4.572,4.611,4.411,4.312,4.193,4.07,4.101,4.372,8.446,8.321,8.433,8.739,8.98,8.489,8.59,8.903,9.159,9.362,9.708,9.335,9.054,9.421,9.254,9.654,9.747,9.669,9.426,9.362,9.664,9.74,9.298,9.233,9.52,9.545,9.322,9.542,10.0,10.172,10.267,6.168,6.058,5.871,5.771,5.886,5.794,5.473,5.383,5.302,5.053,5.343,5.579,5.761,5.983,5.8,5.449,5.04,5.196,5.316,5.516,5.59,5.494,5.272,4.893,5.223,5.485,5.565,5.556,5.622,5.544,6.244,6.196,6.461,6.625,6.705,6.776,6.884,6.86,6.965,7.061,7.192,7.235,7.246,7.185,6.953,7.0,6.807,7.056,7.134,7.152,7.057,6.792,6.752,6.597,6.825,7.04,7.063,7.113,6.838,6.934,7.05,7.604,7.554,7.599,7.462,7.224,7.369,7.436,7.464,7.418,7.155,6.714,6.093,5.974,6.388,6.575,6.744,6.839,6.986,6.752,6.901,7.057,7.114,7.212,7.06,6.861,6.395,6.414,6.507,6.529,6.369,6.252,6.138,5.943,6.005,5.966,6.231,6.409,6.513,6.431,6.214,6.531,6.647,6.66,6.595,6.681,6.67,6.329,6.38,6.635,6.779,6.823,6.992,6.816,6.501,6.737,6.87,6.853,6.787,6.919,7.019,6.782,5.987,6.095,6.252,6.247,6.267,6.105,5.84,6.039,6.032,6.138,6.175,6.265,6.352,6.067,6.121,6.33,6.394,6.399,6.43,6.477,6.337,6.358,6.448,6.409,5.977,5.586,5.767,5.937,5.787,5.863,5.87,4.787,4.852,5.007,4.992,4.878,4.91,4.995,5.118,5.048,5.056,5.08,4.844,5.075,5.159,5.094,5.082,5.151,5.117,4.983,5.122,5.169,5.152,5.238,5.281,5.177,5.067,5.286,5.23,4.619,6.664,6.689,6.827,6.761,6.497,6.629,6.259,6.107,6.339,6.705,6.784,6.612,6.958,6.992,6.973,6.822,6.446,6.097,5.661,6.095,6.331,6.498,6.63,6.667,6.822,6.562,6.812,6.891,6.926,6.893,6.63,5.835,5.759,6.009,6.26,6.282,6.321,6.415,6.272,6.112,6.367,6.494,6.541,6.621,6.556,6.493,6.256,6.421,6.595,6.529,6.446,6.315,6.142,5.643,6.005,6.287,6.294,6.35,6.342,6.103,5.566,4.811,4.996,5.203,5.214,5.379,5.458,5.255,5.471,5.651,5.713,5.801,5.759,5.675,5.375,5.477,5.682,5.83,5.688,5.943,5.878,5.669,5.819,5.86,5.494,5.23,5.01,5.15,5.362,5.62,5.718,5.589,5.988,6.099,6.34,5.878,6.173,6.236,6.367,6.452,6.401,6.159,5.895,6.137,6.106,5.993,6.075,6.239,6.125,5.833,6.023,6.06,6.16,6.198,6.187,5.99,5.489,5.516,5.683,5.625,5.484,5.36,5.105,5.057,5.404,5.434,5.297,5.113,5.196,5.018,4.962,5.38,5.383,5.474,5.392,5.356,5.251,5.105,5.284,5.25,5.129,5.269,5.328,5.082,4.834,5.113,5.157,4.934,4.822,4.69,4.552,4.586,4.89,5.105,5.029,5.097,5.282,5.428,5.131,5.192,5.381,5.536,5.659,5.868,5.642,5.473,5.694,5.593,5.835,5.891,5.844,5.697,5.658,5.841,5.887,5.62,5.581,5.754,5.769,5.635,5.767,6.044,6.148,6.206,7.085,6.959,6.745,6.63,6.761,6.656,6.287,6.184,6.09,5.804,6.138,6.409,6.618,6.873,6.662,6.26,5.789,5.969,6.107,6.336,6.421,6.311,6.056,5.621,6.0,6.301,6.393,6.383,6.458,6.369,6.244,6.196,6.461,6.625,6.705,6.776,6.884,6.86,6.965,7.061,7.192,7.235,7.246,7.185,6.953,7.0,6.807,7.056,7.134,7.152,7.057,6.792,6.752,6.597,6.825,7.04,7.063,7.113,6.838,6.934,7.05,7.604,7.554,7.599,7.462,7.224,7.369,7.436,7.464,7.418,7.155,6.714,6.093,5.974,6.388,6.575,6.744,6.839,6.986,6.752,6.901,7.057,7.114,7.212,7.06,6.861,6.395,6.414,6.507,6.529,6.369,6.252,6.138,5.943,6.005,5.966,6.231,6.409,6.513,6.431,6.214,6.531,6.647,6.66,6.595,6.681,6.67,6.329,6.38,6.635,6.779,6.823,6.992,6.816,6.501,6.737,6.87,6.853,6.787,6.919,7.019,6.782
Guntur_228,4.618,4.65,4.738,4.749,4.573,4.599,4.699,4.705,4.611,4.56,4.643,4.645,4.702,4.618,4.484,4.459,4.667,4.647,4.459,4.649,4.682,4.578,4.629,4.741,4.793,4.574,4.721,4.79,4.826,4.859,4.819,4.666,4.442,4.584,4.703,4.703,4.699,4.752,4.588,4.488,4.564,4.586,4.633,4.797,4.789,4.836,4.634,4.747,4.845,4.825,4.72,4.556,4.595,4.474,4.624,4.706,4.757,4.7,4.673,4.62,4.138,4.256,4.303,4.236,4.169,4.194,4.251,4.127,4.096,3.798,3.946,4.186,4.212,4.185,4.024,4.164,4.297,4.279,4.742,4.673,4.507,4.435,4.356,4.533,4.694,4.746,4.727,4.703,4.556,4.437,4.427,5.852,5.981,6.022,5.984,5.752,6.041,6.071,6.039,6.079,6.124,6.01,5.867,6.201,6.088,6.044,5.868,5.825,5.768,5.575,5.923,5.955,5.808,5.9,5.962,5.904,5.789,6.003,6.009,6.02,5.916,5.874,5.887,5.802,5.971,5.949,6.022,6.182,6.174,6.136,5.893,5.798,5.848,5.826,5.779,5.812,5.744,5.762,5.394,5.648,5.818,5.638,5.561,5.707,5.797,5.542,5.673,5.77,5.935,5.919,5.784,5.65,4.19,4.243,4.231,4.347,4.314,4.341,4.259,4.527,4.608,4.668,4.611,4.623,4.489,4.335,4.554,4.55,4.621,4.684,4.588,4.559,4.382,4.633,4.753,4.694,4.693,4.533,4.436,4.302,4.505,4.73,0.0,0.0,0.0,0.0,0.0,0.0,0.0,0.0,0.0,0.0,0.0,0.0,0.0,0.0,0.0,0.0,0.0,0.0,0.0,0.0,0.0,0.0,0.0,0.0,0.0,0.0,0.0,0.0,0.0,0.0,0.0,0.0,0.0,0.0,0.0,0.0,0.0,0.0,0.0,0.0,0.0,0.0,0.0,0.0,0.0,0.0,0.0,0.0,0.0,0.0,0.0,0.0,0.0,0.0,0.0,0.0,0.0,0.0,0.0,0.0,0.0,0.0,6.005,6.026,6.028,6.145,6.192,5.868,5.931,6.096,6.369,6.279,6.197,5.999,5.816,5.881,5.98,6.064,5.95,5.906,6.065,5.798,5.902,5.822,5.719,5.901,5.929,5.665,5.478,5.9,6.026,5.976,5.62,5.585,5.75,5.57,5.675,5.844,6.039,6.123,6.125,5.944,5.616,5.674,5.762,5.515,5.611,5.674,5.801,5.65,5.783,5.789,5.767,5.657,5.514,5.507,5.226,5.331,5.607,5.716,5.845,5.954,5.907,4.386,4.539,4.588,4.572,4.526,4.628,4.561,4.377,4.467,4.452,4.42,4.498,4.416,4.02,3.905,3.934,4.192,4.313,4.386,4.419,4.385,4.311,4.521,4.503,4.379,4.126,4.135,4.216,4.291,4.441,4.611,4.679,4.63,4.675,4.647,4.446,4.535,4.613,4.53,4.603,4.643,4.554,4.432,4.557,4.68,4.685,4.729,4.794,4.713,4.647,4.772,4.89,4.952,4.878,4.871,4.947,4.759,4.901,4.954,4.927,4.927,5.027,4.88,4.711,4.84,4.878,4.897,4.831,4.889,4.794,4.776,4.971,4.998,4.98,4.922,4.931,5.03,4.969,5.022,5.189,5.292,5.383,5.356,5.273,5.088,5.134,4.958,5.088,5.152,5.25,5.239,5.085,5.039,5.102,5.142,5.048,5.067,5.029,4.888,4.942,5.057,5.152,5.176,5.179,5.155,5.033,5.114,5.114,5.096,5.05,4.993,4.995,4.911,5.103,5.186,5.263,5.281,5.315,5.29,5.206,5.298,5.325,5.307,5.287,5.406,5.375,5.166,5.287,5.388,5.445,5.39,5.204,5.11,5.107,5.298,5.337,5.418,5.497,5.481,5.423,5.251,5.307,5.175,5.298,5.383,5.308,5.335,5.135,4.841,4.921,5.15,5.558,5.7,5.745,5.622,5.772,5.77,5.775,5.91,5.853,5.839,5.629,5.811,5.848,5.632,5.656,5.703,5.564,5.526,5.635,5.74,5.557,5.447,5.391,5.476,5.367,5.569,5.652,5.628,5.652,5.619,4.63,4.544,4.571,4.593,4.505,4.556,4.653,4.619,4.52,4.608,4.496,4.349,4.224,4.366,4.334,4.011,4.032,3.94,3.949,3.92,3.975,4.112,4.197,4.292,4.224,4.145,4.161,4.319,4.422,4.17,4.378,4.784,5.151,5.251,5.267,5.142,4.903,5.053,4.971,4.957,4.85,4.689,4.678,4.45,4.852,4.876,5.0,5.033,5.069,4.854,4.608,4.992,5.181,5.465,5.25,5.227,5.083,5.206,5.595,5.783,5.66,2.309,2.229,2.235,2.263,2.392,2.436,2.419,2.373,2.338,2.38,2.221,2.197,2.173,2.144,2.181,2.285,2.306,2.092,1.933,1.935,1.895,1.952,2.055,2.011,1.98,2.044,2.026,1.908,1.945,1.935,1.906,7.595,8.295,8.525,8.664,8.964,9.09,9.387,9.33,9.511,9.526,9.543,9.677,9.759,9.516,9.274,8.719,9.935,9.77,9.512,9.443,9.261,8.865,9.243,9.306,9.35,9.429,9.558,9.473,9.13,9.285,9.225,0.0,0.0,0.0,0.0,0.0,0.0,0.0,0.0,0.0,0.0,0.0,0.0,0.0,0.0,0.0,0.0,0.0,0.0,0.0,0.0,0.0,0.0,0.0,0.0,0.0,0.0,0.0,0.0,0.0,0.0,4.782,4.61,4.497,4.704,4.806,4.902,4.904,4.952,4.881,4.727,4.951,5.003,5.011,4.941,4.786,4.848,4.594,4.485,4.681,4.725,4.696,4.667,4.728,4.442,4.622,4.661,4.65,4.616,4.676,4.629,4.554,5.634,5.634,5.571,5.146,4.985,5.331,5.227,5.509,5.658,5.857,5.696,5.819,5.776,5.681,5.757,5.748,5.814,5.864,5.716,5.719,5.475,5.79,5.878,5.913,5.86,5.816,5.735,5.424,5.525,5.551,5.004,4.862,4.959,4.969,4.864,5.025,5.125,5.111,5.167,5.088,5.043,4.834,5.072,5.24,5.225,5.175,5.148,5.14,4.883,5.234,5.39,5.483,5.538,5.578,5.523,5.357,5.471,5.358,5.228,5.174,5.264,5.081,4.887,5.162,5.304,5.384,5.282,5.26,5.077,4.849,5.01,5.039,5.063,5.164,5.067,4.939,4.937,5.173,5.333,5.336,5.311,5.359,5.073,4.991,5.268,5.3,5.132,5.219,5.294,5.315,5.31,5.407,5.916,5.939,5.711,5.81,5.879,5.795,5.898,6.061,5.952,5.826,5.859,5.844,5.774,5.811,5.851,5.935,5.885,5.915,5.863,5.765,5.914,5.896,5.904,6.07,5.941,5.845,5.627,5.876,5.798,5.679,5.646,5.803,5.897,5.753,5.73,5.772,5.829,5.932,6.01,5.995,5.849,5.98,6.019,6.101,6.078,5.74,5.781,5.894,6.061,6.111,6.145,6.201,6.175,6.133,5.943,6.053,6.111,6.224,6.261,6.808,6.801,6.59,6.824,6.894,6.768,6.875,6.836,6.861,6.645,6.778,6.877,6.891,6.824,6.753,6.851,6.538,6.716,6.834,6.783,6.809,6.824,6.816,6.6,6.831,6.912,6.983,6.936,6.874,6.696,5.503,5.639,5.619,5.753,5.747,5.899,5.863,5.601,5.687,5.599,5.624,5.617,5.564,5.51,5.358,5.576,5.709,5.869,5.812,5.57,5.079,4.72,4.663,5.076,5.455,5.489,5.407,5.36,5.314,5.612,5.693,4.085,4.127,4.122,4.075,3.976,4.085,4.112,4.025,3.987,4.084,4.043,3.926,4.118,4.176,4.065,3.974,3.916,3.822,3.548,3.558,3.588,3.874,4.024,3.977,3.898,3.785,4.006,4.062,3.9,3.631,3.593,3.654,3.561,3.828,3.845,3.84,3.853,3.78,3.622,3.393,3.522,3.53,3.585,3.532,3.541,3.548,3.394,3.651,3.708,3.642,3.419,3.522,3.431,3.189,3.431,3.656,3.698,3.669,3.734,3.613,3.398,3.751,3.846,4.005,4.002,3.862,3.748,3.565,3.653,3.649,3.648,3.438,3.624,3.762,3.507,3.326,3.562,3.767,3.896,3.85,3.801,3.637,3.835,3.931,3.896,3.961,4.09,3.957,3.789,4.063,4.169,4.142,5.73,5.784,5.755,5.417,5.693,5.783,5.806,5.728,5.579,5.438,5.078,5.159,5.181,5.184,5.105,4.851,5.016,5.052,5.337,5.328,5.262,5.043,4.963,4.897,4.913,5.349,5.39,5.372,5.449,5.463,5.529,5.282,5.605,5.773,5.473,5.552,5.525,5.557,5.371,5.542,5.492,5.585,5.591,5.545,5.465,5.276,5.697,5.752,5.761,5.743,5.669,5.519,5.19,4.895,4.793,5.135,5.419,5.53,5.558,5.405,5.462,5.572,5.644,5.595,5.685,5.665,5.548,5.629,5.673,5.675,5.672,5.678,5.508,5.373,5.414,5.557,5.641,5.682,5.733,5.751,5.527,5.73,5.81,5.797,5.795,5.796,5.801,5.674,5.819,5.748,5.754,5.113,5.188,5.197,5.015,5.121,5.239,5.302,5.173,5.135,4.937,4.805,5.059,5.067,5.098,5.192,5.297,5.336,5.217,5.421,5.439,5.397,5.419,5.508,5.473,5.285,5.392,5.494,5.581,5.601,5.537,5.479,5.611,5.763,5.74,5.643,5.714,5.756,5.79,5.737,5.83,5.838,5.891,5.906,5.94,5.73,5.501,5.657,5.771,5.881,5.829,5.901,5.831,5.662,5.705,5.806,5.762,5.385,5.559,5.724,5.579,5.652,5.659,5.953,6.033,6.226,6.208,6.066,6.106,6.211,6.365,6.277,6.288,6.317,6.024,6.311,6.416,6.334,6.32,6.405,6.364,6.197,6.37,6.429,6.408,6.514,6.567,6.438,6.302,6.573,6.504,5.916,5.938,6.06,6.001,5.767,5.884,5.556,5.421,5.627,5.952,6.022,5.869,6.176,6.206,6.19,6.055,5.722,5.412,5.025,5.41,5.619,5.768,5.885,5.918,6.056,5.825,6.046,6.117,6.148,6.119,5.885,5.651,5.578,5.819,6.063,6.084,6.122,6.213,6.074,5.92,6.166,6.289,6.335,6.413,6.349,6.288,6.059,6.219,6.387,6.323,6.243,6.115,5.948,5.465,5.816,6.089,6.096,6.15,6.142,5.91,5.39,6.418,6.666,6.942,6.957,7.177,7.282,7.012,7.299,7.539,7.623,7.739,7.684,7.571,7.171,7.307,7.582,7.778,7.588,7.929,7.843,7.564,7.764,7.818,7.33,6.978,6.685,6.871,7.154,7.498,7.629,7.457,5.988,6.099,6.34,5.878,6.173,6.236,6.367,6.452,6.401,6.159,5.895,6.137,6.106,5.993,6.075,6.239,6.125,5.833,6.023,6.06,6.16,6.198,6.187,5.99,5.489,5.516,5.683,5.625,5.484,5.36,4.564,4.522,4.831,4.859,4.736,4.571,4.646,4.487,4.437,4.81,4.813,4.894,4.821,4.789,4.695,4.564,4.724,4.694,4.586,4.711,4.763,4.544,4.322,4.572,4.611,4.411,4.312,4.193,4.07,4.101,4.372,8.446,8.321,8.433,8.739,8.98,8.489,8.59,8.903,9.159,9.362,9.708,9.335,9.054,9.421,9.254,9.654,9.747,9.669,9.426,9.362,9.664,9.74,9.298,9.233,9.52,9.545,9.322,9.542,10.0,10.172,10.267,6.168,6.058,5.871,5.771,5.886,5.794,5.473,5.383,5.302,5.053,5.343,5.579,5.761,5.983,5.8,5.449,5.04,5.196,5.316,5.516,5.59,5.494,5.272,4.893,5.223,5.485,5.565,5.556,5.622,5.544,6.244,6.196,6.461,6.625,6.705,6.776,6.884,6.86,6.965,7.061,7.192,7.235,7.246,7.185,6.953,7.0,6.807,7.056,7.134,7.152,7.057,6.792,6.752,6.597,6.825,7.04,7.063,7.113,6.838,6.934,7.05,7.604,7.554,7.599,7.462,7.224,7.369,7.436,7.464,7.418,7.155,6.714,6.093,5.974,6.388,6.575,6.744,6.839,6.986,6.752,6.901,7.057,7.114,7.212,7.06,6.861,6.395,6.414,6.507,6.529,6.369,6.252,6.138,5.943,6.005,5.966,6.231,6.409,6.513,6.431,6.214,6.531,6.647,6.66,6.595,6.681,6.67,6.329,6.38,6.635,6.779,6.823,6.992,6.816,6.501,6.737,6.87,6.853,6.787,6.919,7.019,6.782,5.987,6.095,6.252,6.247,6.267,6.105,5.84,6.039,6.032,6.138,6.175,6.265,6.352,6.067,6.121,6.33,6.394,6.399,6.43,6.477,6.337,6.358,6.448,6.409,5.977,5.586,5.767,5.937,5.787,5.863,5.87,4.787,4.852,5.007,4.992,4.878,4.91,4.995,5.118,5.048,5.056,5.08,4.844,5.075,5.159,5.094,5.082,5.151,5.117,4.983,5.122,5.169,5.152,5.238,5.281,5.177,5.067,5.286,5.23,4.619,6.664,6.689,6.827,6.761,6.497,6.629,6.259,6.107,6.339,6.705,6.784,6.612,6.958,6.992,6.973,6.822,6.446,6.097,5.661,6.095,6.331,6.498,6.63,6.667,6.822,6.562,6.812,6.891,6.926,6.893,6.63,5.835,5.759,6.009,6.26,6.282,6.321,6.415,6.272,6.112,6.367,6.494,6.541,6.621,6.556,6.493,6.256,6.421,6.595,6.529,6.446,6.315,6.142,5.643,6.005,6.287,6.294,6.35,6.342,6.103,5.566,4.811,4.996,5.203,5.214,5.379,5.458,5.255,5.471,5.651,5.713,5.801,5.759,5.675,5.375,5.477,5.682,5.83,5.688,5.943,5.878,5.669,5.819,5.86,5.494,5.23,5.01,5.15,5.362,5.62,5.718,5.589,5.988,6.099,6.34,5.878,6.173,6.236,6.367,6.452,6.401,6.159,5.895,6.137,6.106,5.993,6.075,6.239,6.125,5.833,6.023,6.06,6.16,6.198,6.187,5.99,5.489,5.516,5.683,5.625,5.484,5.36,5.105,5.057,5.404,5.434,5.297,5.113,5.196,5.018,4.962,5.38,5.383,5.474,5.392,5.356,5.251,5.105,5.284,5.25,5.129,5.269,5.328,5.082,4.834,5.113,5.157,4.934,4.822,4.69,4.552,4.586,4.89,5.105,5.029,5.097,5.282,5.428,5.131,5.192,5.381,5.536,5.659,5.868,5.642,5.473,5.694,5.593,5.835,5.891,5.844,5.697,5.658,5.841,5.887,5.62,5.581,5.754,5.769,5.635,5.767,6.044,6.148,6.206,7.085,6.959,6.745,6.63,6.761,6.656,6.287,6.184,6.09,5.804,6.138,6.409,6.618,6.873,6.662,6.26,5.789,5.969,6.107,6.336,6.421,6.311,6.056,5.621,6.0,6.301,6.393,6.383,6.458,6.369,6.244,6.196,6.461,6.625,6.705,6.776,6.884,6.86,6.965,7.061,7.192,7.235,7.246,7.185,6.953,7.0,6.807,7.056,7.134,7.152,7.057,6.792,6.752,6.597,6.825,7.04,7.063,7.113,6.838,6.934,7.05,7.604,7.554,7.599,7.462,7.224,7.369,7.436,7.464,7.418,7.155,6.714,6.093,5.974,6.388,6.575,6.744,6.839,6.986,6.752,6.901,7.057,7.114,7.212,7.06,6.861,6.395,6.414,6.507,6.529,6.369,6.252,6.138,5.943,6.005,5.966,6.231,6.409,6.513,6.431,6.214,6.531,6.647,6.66,6.595,6.681,6.67,6.329,6.38,6.635,6.779,6.823,6.992,6.816,6.501,6.737,6.87,6.853,6.787,6.919,7.019,6.782
Guntur_229,4.019,4.046,4.123,4.133,3.98,4.002,4.089,4.095,4.013,3.968,4.041,4.042,4.091,4.019,3.902,3.881,4.062,4.044,3.88,4.045,4.075,3.984,4.028,4.126,4.171,3.98,4.108,4.168,4.2,4.228,4.193,4.054,3.859,3.983,4.086,4.087,4.083,4.129,3.987,3.899,3.966,3.984,4.025,4.168,4.161,4.202,4.026,4.125,4.209,4.192,4.101,3.958,3.992,3.887,4.018,4.089,4.133,4.084,4.06,4.014,3.8,3.908,3.951,3.889,3.828,3.851,3.903,3.789,3.76,3.487,3.623,3.844,3.867,3.842,3.694,3.823,3.945,3.928,4.354,4.29,4.139,4.072,4.0,4.162,4.31,4.358,4.34,4.318,4.184,4.074,4.065,4.917,5.026,5.061,5.029,4.833,5.077,5.101,5.075,5.108,5.146,5.051,4.931,5.211,5.116,5.079,4.931,4.895,4.847,4.685,4.978,5.004,4.881,4.958,5.01,4.961,4.865,5.044,5.05,5.059,4.972,4.855,4.867,4.796,4.936,4.917,4.978,5.11,5.104,5.072,4.871,4.793,4.834,4.816,4.777,4.804,4.748,4.763,4.459,4.669,4.809,4.661,4.597,4.718,4.792,4.581,4.69,4.77,4.906,4.893,4.781,4.67,2.902,2.938,2.93,3.01,2.987,3.006,2.949,3.135,3.191,3.233,3.193,3.202,3.108,3.002,3.154,3.151,3.2,3.244,3.177,3.157,3.035,3.209,3.292,3.251,3.25,3.139,3.072,2.979,3.12,3.276,0.0,0.0,0.0,0.0,0.0,0.0,0.0,0.0,0.0,0.0,0.0,0.0,0.0,0.0,0.0,0.0,0.0,0.0,0.0,0.0,0.0,0.0,0.0,0.0,0.0,0.0,0.0,0.0,0.0,0.0,0.0,0.0,0.0,0.0,0.0,0.0,0.0,0.0,0.0,0.0,0.0,0.0,0.0,0.0,0.0,0.0,0.0,0.0,0.0,0.0,0.0,0.0,0.0,0.0,0.0,0.0,0.0,0.0,0.0,0.0,0.0,0.0,3.904,3.917,3.919,3.994,4.026,3.814,3.856,3.963,4.14,4.082,4.029,3.9,3.781,3.823,3.887,3.942,3.868,3.839,3.943,3.769,3.837,3.785,3.718,3.836,3.855,3.683,3.561,3.836,3.917,3.885,5.993,5.955,6.131,5.939,6.051,6.232,6.439,6.528,6.531,6.338,5.988,6.05,6.144,5.881,5.982,6.049,6.185,6.025,6.166,6.173,6.149,6.031,5.88,5.872,5.572,5.684,5.978,6.095,6.232,6.349,6.299,4.45,4.605,4.654,4.639,4.592,4.695,4.627,4.441,4.532,4.516,4.485,4.563,4.48,4.078,3.962,3.991,4.253,4.376,4.45,4.484,4.448,4.373,4.587,4.568,4.443,4.186,4.195,4.277,4.353,4.506,4.106,4.167,4.123,4.164,4.138,3.96,4.039,4.108,4.034,4.099,4.135,4.056,3.947,4.059,4.168,4.172,4.211,4.27,4.198,4.139,4.25,4.355,4.41,4.344,4.338,4.405,4.238,4.365,4.412,4.388,4.388,4.1,3.98,3.842,3.947,3.978,3.994,3.94,3.987,3.91,3.895,4.054,4.076,4.061,4.014,4.021,4.102,4.052,4.095,4.232,4.316,4.39,4.368,4.3,4.149,4.187,4.043,4.15,4.202,4.281,4.273,4.147,4.871,4.931,4.97,4.879,4.897,4.861,4.725,4.777,4.887,4.98,5.003,5.005,4.982,4.864,4.942,4.943,4.925,4.881,4.826,4.828,4.747,4.932,5.013,5.087,5.104,5.138,5.113,5.032,4.864,4.888,4.872,4.854,4.963,4.935,4.742,4.853,4.946,4.999,4.948,4.777,4.691,4.688,4.864,4.899,4.974,5.047,5.032,4.978,4.821,4.872,4.75,4.864,4.942,4.873,4.898,4.714,4.444,4.518,4.728,4.383,4.495,4.531,4.434,4.552,4.55,4.554,4.661,4.616,4.605,4.439,4.583,4.612,4.441,4.46,4.497,4.388,4.358,4.444,4.527,4.383,4.296,4.252,4.319,4.232,4.391,4.457,4.439,4.457,4.431,4.196,4.117,4.142,4.162,4.082,4.128,4.216,4.186,4.096,4.176,4.074,3.941,3.827,3.957,3.927,3.634,3.654,3.57,3.578,3.552,3.602,3.726,3.803,3.889,3.827,3.756,3.77,3.914,4.007,3.779,3.967,3.158,3.4,3.466,3.477,3.394,3.237,3.335,3.281,3.272,3.201,3.095,3.088,2.938,3.203,3.218,3.3,3.322,3.346,3.204,3.041,3.295,3.42,3.607,3.465,3.45,3.355,3.436,3.693,3.817,3.736,4.286,4.138,4.15,4.201,4.441,4.524,4.491,4.406,4.34,4.42,4.124,4.079,4.035,3.981,4.049,4.243,4.281,3.884,3.589,3.593,3.519,3.624,3.816,3.735,3.676,3.796,3.762,3.542,3.611,3.592,3.538,8.66,9.458,9.72,9.879,10.221,10.365,10.703,10.638,10.844,10.861,10.88,11.034,11.127,10.85,10.574,9.942,11.328,11.14,10.846,10.766,10.559,10.107,10.539,10.611,10.661,10.751,10.898,10.801,10.41,10.587,10.519,0.0,0.0,0.0,0.0,0.0,0.0,0.0,0.0,0.0,0.0,0.0,0.0,0.0,0.0,0.0,0.0,0.0,0.0,0.0,0.0,0.0,0.0,0.0,0.0,0.0,0.0,0.0,0.0,0.0,0.0,3.601,3.471,3.386,3.542,3.619,3.69,3.692,3.729,3.675,3.559,3.728,3.767,3.773,3.72,3.604,3.65,3.458,3.377,3.524,3.558,3.535,3.514,3.56,3.344,3.48,3.51,3.501,3.476,3.52,3.485,3.429,4.699,4.698,4.646,4.292,4.157,4.446,4.359,4.594,4.718,4.884,4.751,4.853,4.817,4.738,4.801,4.793,4.848,4.891,4.767,4.77,4.566,4.828,4.902,4.931,4.887,4.85,4.782,4.523,4.608,4.629,4.682,4.55,4.64,4.65,4.551,4.702,4.796,4.782,4.834,4.761,4.719,4.523,4.746,4.903,4.889,4.842,4.817,4.81,4.569,4.897,5.043,5.13,5.182,5.22,5.168,5.013,5.119,5.013,4.892,4.841,4.925,4.66,4.482,4.734,4.864,4.938,4.844,4.824,4.657,4.447,4.595,4.621,4.644,4.736,4.647,4.53,4.528,4.744,4.891,4.894,4.871,4.915,4.653,4.578,4.832,4.861,4.707,4.787,4.855,4.875,4.87,4.959,4.632,4.65,4.472,4.549,4.604,4.538,4.618,4.746,4.661,4.562,4.587,4.576,4.521,4.55,4.581,4.647,4.608,4.631,4.591,4.514,4.631,4.617,4.623,4.753,4.652,4.577,4.406,4.601,4.771,4.673,4.646,4.776,4.853,4.734,4.715,4.75,4.797,4.882,4.945,4.933,4.813,4.921,4.953,5.02,5.001,4.723,4.757,4.85,4.988,5.029,5.057,5.103,5.081,5.047,4.891,4.981,5.029,5.121,5.152,6.314,6.307,6.111,6.329,6.394,6.276,6.376,6.339,6.363,6.162,6.286,6.378,6.391,6.329,6.263,6.353,6.063,6.228,6.338,6.29,6.315,6.329,6.321,6.121,6.335,6.41,6.476,6.433,6.375,6.21,6.548,6.71,6.687,6.846,6.839,7.02,6.977,6.664,6.767,6.662,6.692,6.684,6.621,6.556,6.376,6.635,6.793,6.984,6.916,6.628,6.044,5.616,5.549,6.041,6.491,6.532,6.434,6.378,6.324,6.678,6.774,7.067,7.138,7.129,7.049,6.877,7.066,7.113,6.963,6.897,7.065,6.994,6.79,7.124,7.224,7.031,6.874,6.774,6.612,6.137,6.155,6.207,6.701,6.961,6.88,6.743,6.547,6.928,7.026,6.746,6.281,6.214,6.32,6.159,6.622,6.65,6.642,6.664,6.539,6.265,5.869,6.092,6.106,6.201,6.109,6.124,6.137,5.871,6.316,6.413,6.299,5.913,6.092,5.935,5.516,5.935,6.324,6.397,6.347,6.459,6.249,5.877,3.977,4.078,4.247,4.243,4.095,3.974,3.781,3.874,3.87,3.868,3.645,3.843,3.989,3.718,3.526,3.777,3.994,4.132,4.082,4.031,3.857,4.067,4.169,4.131,4.2,4.337,4.196,4.018,4.308,4.421,4.392,4.46,4.503,4.479,4.216,4.432,4.502,4.52,4.459,4.343,4.233,3.953,4.016,4.033,4.035,3.973,3.776,3.904,3.933,4.154,4.147,4.096,3.925,3.863,3.812,3.825,4.164,4.196,4.181,4.241,4.252,5.39,5.149,5.464,5.628,5.335,5.412,5.386,5.417,5.237,5.403,5.354,5.445,5.451,5.405,5.327,5.143,5.554,5.607,5.617,5.599,5.527,5.381,5.06,4.772,4.672,5.006,5.283,5.391,5.419,5.269,5.324,4.863,4.926,4.883,4.962,4.945,4.842,4.913,4.951,4.953,4.95,4.955,4.807,4.689,4.725,4.85,4.923,4.96,5.003,5.019,4.824,5.001,5.071,5.06,5.057,5.059,5.063,4.952,5.079,5.017,5.022,4.424,4.489,4.497,4.339,4.431,4.533,4.587,4.476,4.443,4.271,4.158,4.377,4.384,4.411,4.493,4.583,4.617,4.514,4.691,4.707,4.67,4.689,4.766,4.735,4.573,4.665,4.754,4.829,4.847,4.791,4.74,5.042,5.178,5.157,5.071,5.134,5.172,5.202,5.155,5.238,5.246,5.293,5.307,5.337,5.148,4.943,5.083,5.186,5.284,5.237,5.302,5.24,5.088,5.126,5.217,5.178,4.839,4.995,5.143,5.013,5.079,5.085,4.627,4.69,4.84,4.826,4.715,4.746,4.828,4.948,4.88,4.888,4.911,4.683,4.906,4.988,4.924,4.913,4.979,4.947,4.817,4.952,4.997,4.981,5.064,5.105,5.005,4.899,5.11,5.056,5.049,5.068,5.172,5.123,4.923,5.022,4.743,4.627,4.803,5.08,5.14,5.009,5.272,5.297,5.284,5.169,4.884,4.619,4.289,4.618,4.797,4.923,5.023,5.051,5.169,4.972,5.161,5.222,5.248,5.223,5.024,5.94,5.863,6.117,6.373,6.395,6.435,6.53,6.385,6.222,6.482,6.611,6.659,6.74,6.674,6.61,6.369,6.537,6.714,6.646,6.562,6.428,6.252,5.745,6.113,6.401,6.407,6.464,6.456,6.213,5.666,4.415,4.585,4.775,4.786,4.937,5.009,4.823,5.021,5.186,5.244,5.324,5.285,5.208,4.933,5.026,5.215,5.351,5.22,5.454,5.395,5.203,5.341,5.378,5.042,4.8,4.598,4.726,4.921,5.158,5.248,5.13,4.863,4.953,5.149,4.774,5.014,5.064,5.171,5.24,5.199,5.002,4.787,4.984,4.959,4.867,4.934,5.067,4.975,4.737,4.891,4.922,5.003,5.033,5.025,4.865,4.458,4.48,4.616,4.568,4.454,4.353,3.876,3.84,4.103,4.126,4.022,3.882,3.946,3.81,3.768,4.085,4.088,4.156,4.094,4.067,3.987,3.876,4.012,3.987,3.894,4.001,4.045,3.859,3.671,3.883,3.916,3.747,3.662,3.561,3.457,3.482,3.713,0.0,0.0,0.0,0.0,0.0,0.0,0.0,0.0,0.0,0.0,0.0,0.0,0.0,0.0,0.0,0.0,0.0,0.0,0.0,0.0,0.0,0.0,0.0,0.0,0.0,0.0,0.0,0.0,0.0,0.0,0.0,3.627,3.563,3.453,3.394,3.462,3.408,3.219,3.166,3.118,2.972,3.142,3.281,3.388,3.519,3.411,3.205,2.964,3.056,3.127,3.244,3.288,3.231,3.101,2.878,3.072,3.226,3.273,3.268,3.306,3.261,5.282,5.241,5.466,5.604,5.672,5.732,5.823,5.803,5.892,5.973,6.084,6.12,6.13,6.078,5.882,5.921,5.759,5.969,6.035,6.05,5.969,5.745,5.711,5.581,5.774,5.956,5.975,6.017,5.785,5.866,5.963,5.699,5.662,5.695,5.593,5.415,5.523,5.574,5.595,5.56,5.363,5.032,4.567,4.478,4.788,4.928,5.055,5.126,5.236,5.061,5.173,5.29,5.332,5.406,5.292,5.143,4.793,4.807,4.878,4.894,4.774,4.958,4.868,4.713,4.762,4.731,4.941,5.082,5.165,5.1,4.928,5.179,5.271,5.281,5.23,5.298,5.289,5.019,5.059,5.262,5.376,5.411,5.545,5.405,5.155,5.342,5.448,5.435,5.382,5.487,5.566,5.378,5.319,5.415,5.555,5.55,5.568,5.424,5.189,5.365,5.359,5.453,5.486,5.566,5.643,5.39,5.438,5.624,5.681,5.685,5.713,5.754,5.631,5.649,5.729,5.694,5.31,4.963,5.123,5.275,5.141,5.209,5.215,4.489,4.55,4.695,4.682,4.574,4.604,4.684,4.799,4.734,4.741,4.763,4.543,4.759,4.838,4.777,4.766,4.83,4.799,4.673,4.803,4.848,4.832,4.912,4.952,4.855,4.752,4.957,4.904,4.332,6.139,6.162,6.289,6.228,5.985,6.106,5.766,5.626,5.839,6.177,6.249,6.091,6.409,6.441,6.424,6.284,5.938,5.616,5.215,5.614,5.832,5.986,6.107,6.142,6.285,6.045,6.275,6.348,6.381,6.35,6.108,5.068,5.002,5.219,5.437,5.456,5.49,5.572,5.447,5.309,5.53,5.64,5.681,5.751,5.694,5.639,5.434,5.577,5.728,5.671,5.599,5.484,5.334,4.902,5.216,5.461,5.467,5.515,5.508,5.301,4.834,4.999,5.192,5.407,5.419,5.59,5.672,5.461,5.685,5.872,5.937,6.028,5.985,5.897,5.586,5.691,5.905,6.058,5.911,6.175,6.109,5.891,6.047,6.089,5.709,5.435,5.207,5.352,5.572,5.84,5.942,5.808,4.863,4.953,5.149,4.774,5.014,5.064,5.171,5.24,5.199,5.002,4.787,4.984,4.959,4.867,4.934,5.067,4.975,4.737,4.891,4.922,5.003,5.033,5.025,4.865,4.458,4.48,4.616,4.568,4.454,4.353,5.305,5.256,5.615,5.647,5.504,5.313,5.4,5.215,5.157,5.591,5.594,5.688,5.604,5.566,5.457,5.305,5.491,5.456,5.33,5.476,5.537,5.281,5.024,5.314,5.359,5.127,5.011,4.874,4.731,4.766,5.082,4.354,4.289,4.347,4.505,4.629,4.376,4.428,4.59,4.721,4.826,5.004,4.812,4.667,4.856,4.77,4.976,5.024,4.984,4.859,4.826,4.981,5.021,4.793,4.759,4.907,4.92,4.805,4.919,5.155,5.243,5.293,4.698,4.614,4.472,4.396,4.483,4.413,4.169,4.1,4.038,3.848,4.07,4.25,4.388,4.557,4.418,4.151,3.839,3.958,4.049,4.201,4.258,4.185,4.016,3.727,3.978,4.178,4.239,4.232,4.282,4.223,5.282,5.241,5.466,5.604,5.672,5.732,5.823,5.803,5.892,5.973,6.084,6.12,6.13,6.078,5.882,5.921,5.759,5.969,6.035,6.05,5.969,5.745,5.711,5.581,5.774,5.956,5.975,6.017,5.785,5.866,5.963,5.699,5.662,5.695,5.593,5.415,5.523,5.574,5.595,5.56,5.363,5.032,4.567,4.478,4.788,4.928,5.055,5.126,5.236,5.061,5.173,5.29,5.332,5.406,5.292,5.143,4.793,4.807,4.878,4.894,4.774,4.958,4.868,4.713,4.762,4.731,4.941,5.082,5.165,5.1,4.928,5.179,5.271,5.281,5.23,5.298,5.289,5.019,5.059,5.262,5.376,5.411,5.545,5.405,5.155,5.342,5.448,5.435,5.382,5.487,5.566,5.378
Guntur_230,5.268,5.304,5.404,5.418,5.217,5.246,5.36,5.368,5.26,5.201,5.297,5.299,5.363,5.268,5.115,5.087,5.324,5.301,5.086,5.303,5.341,5.222,5.281,5.408,5.467,5.217,5.385,5.464,5.505,5.542,5.497,6.184,5.887,6.075,6.233,6.234,6.228,6.298,6.081,5.948,6.05,6.078,6.14,6.358,6.347,6.41,6.141,6.292,6.421,6.394,6.255,6.038,6.089,5.929,6.128,6.237,6.305,6.229,6.193,6.123,4.317,4.44,4.489,4.418,4.349,4.375,4.435,4.305,4.272,3.962,4.116,4.367,4.394,4.365,4.197,4.344,4.482,4.463,4.947,4.875,4.702,4.626,4.544,4.729,4.897,4.951,4.931,4.906,4.753,4.629,4.618,6.212,6.35,6.393,6.353,6.106,6.414,6.445,6.412,6.453,6.502,6.381,6.229,6.584,6.463,6.417,6.23,6.184,6.124,5.918,6.288,6.322,6.166,6.264,6.329,6.268,6.146,6.373,6.379,6.391,6.281,7.381,7.398,7.29,7.504,7.475,7.567,7.768,7.759,7.711,7.405,7.286,7.348,7.321,7.261,7.303,7.218,7.241,6.778,7.097,7.31,7.085,6.988,7.172,7.284,6.964,7.129,7.251,7.458,7.437,7.268,7.099,5.872,5.946,5.93,6.092,6.045,6.083,5.968,6.344,6.458,6.542,6.461,6.479,6.29,6.075,6.381,6.376,6.476,6.565,6.43,6.388,6.141,6.493,6.661,6.578,6.576,6.353,6.217,6.028,6.313,6.628,0.0,0.0,0.0,0.0,0.0,0.0,0.0,0.0,0.0,0.0,0.0,0.0,0.0,0.0,0.0,0.0,0.0,0.0,0.0,0.0,0.0,0.0,0.0,0.0,0.0,0.0,0.0,0.0,0.0,0.0,0.0,0.0,0.0,0.0,0.0,0.0,0.0,0.0,0.0,0.0,0.0,0.0,0.0,0.0,0.0,0.0,0.0,0.0,0.0,0.0,0.0,0.0,0.0,0.0,0.0,0.0,0.0,0.0,0.0,0.0,0.0,0.0,5.688,5.707,5.709,5.82,5.865,5.557,5.618,5.774,6.032,5.947,5.869,5.682,5.509,5.57,5.664,5.744,5.635,5.594,5.744,5.492,5.59,5.514,5.417,5.589,5.616,5.366,5.189,5.588,5.707,5.66,7.378,7.332,7.548,7.312,7.45,7.673,7.928,8.038,8.041,7.803,7.372,7.449,7.564,7.24,7.366,7.448,7.615,7.418,7.592,7.6,7.571,7.426,7.239,7.229,6.861,6.999,7.36,7.504,7.673,7.817,7.755,5.241,5.424,5.483,5.464,5.409,5.531,5.45,5.231,5.339,5.32,5.282,5.375,5.277,4.804,4.667,4.701,5.01,5.154,5.242,5.281,5.24,5.152,5.403,5.381,5.233,4.931,4.942,5.038,5.128,5.307,5.459,5.539,5.482,5.535,5.501,5.264,5.369,5.461,5.363,5.45,5.497,5.391,5.247,5.396,5.541,5.547,5.598,5.676,5.58,5.502,5.65,5.789,5.863,5.775,5.767,5.857,5.634,5.803,5.865,5.833,5.834,5.2,5.048,4.873,5.006,5.046,5.065,4.997,5.057,4.959,4.94,5.141,5.169,5.151,5.091,5.1,5.203,5.14,5.194,5.367,5.474,5.568,5.539,5.454,5.263,5.31,5.128,5.263,5.329,5.43,5.419,5.26,5.422,5.489,5.533,5.431,5.451,5.411,5.26,5.317,5.441,5.544,5.569,5.572,5.546,5.415,5.502,5.502,5.483,5.434,5.373,5.374,5.284,5.49,5.58,5.663,5.682,5.719,5.692,5.602,5.884,5.914,5.894,5.872,6.004,5.97,5.737,5.872,5.984,6.048,5.986,5.78,5.675,5.672,5.884,5.927,6.017,6.106,6.087,6.023,5.832,5.894,5.747,5.884,5.979,5.896,5.926,5.703,5.377,5.465,5.72,5.543,5.685,5.73,5.607,5.756,5.754,5.76,5.894,5.837,5.823,5.614,5.795,5.832,5.616,5.641,5.687,5.549,5.511,5.62,5.725,5.542,5.433,5.377,5.461,5.352,5.553,5.637,5.613,5.637,5.603,5.309,5.209,5.241,5.266,5.165,5.223,5.335,5.296,5.182,5.284,5.155,4.987,4.842,5.006,4.969,4.599,4.623,4.517,4.528,4.495,4.557,4.715,4.812,4.921,4.843,4.752,4.77,4.952,5.07,4.781,5.019,3.611,3.887,3.963,3.975,3.88,3.701,3.813,3.752,3.741,3.66,3.539,3.53,3.359,3.662,3.679,3.773,3.798,3.825,3.663,3.477,3.767,3.91,4.124,3.962,3.945,3.836,3.929,4.222,4.365,4.271,4.286,4.138,4.15,4.201,4.441,4.524,4.491,4.406,4.34,4.42,4.124,4.079,4.035,3.981,4.049,4.243,4.281,3.884,3.589,3.593,3.519,3.624,3.816,3.735,3.676,3.796,3.762,3.542,3.611,3.592,3.538,6.444,7.037,7.232,7.35,7.605,7.712,7.963,7.915,8.069,8.081,8.095,8.21,8.279,8.073,7.867,7.397,8.429,8.289,8.07,8.011,7.856,7.52,7.841,7.895,7.932,7.999,8.108,8.036,7.745,7.877,7.826,0.0,0.0,0.0,0.0,0.0,0.0,0.0,0.0,0.0,0.0,0.0,0.0,0.0,0.0,0.0,0.0,0.0,0.0,0.0,0.0,0.0,0.0,0.0,0.0,0.0,0.0,0.0,0.0,0.0,0.0,3.684,3.551,3.464,3.624,3.702,3.776,3.777,3.815,3.76,3.641,3.814,3.854,3.86,3.806,3.687,3.734,3.538,3.455,3.606,3.64,3.617,3.595,3.642,3.422,3.561,3.591,3.582,3.556,3.602,3.566,3.508,5.475,5.474,5.414,5.001,4.844,5.181,5.079,5.353,5.498,5.691,5.535,5.654,5.612,5.521,5.595,5.585,5.649,5.698,5.554,5.558,5.32,5.626,5.712,5.746,5.694,5.651,5.572,5.27,5.369,5.394,5.108,4.963,5.062,5.073,4.965,5.13,5.232,5.217,5.274,5.193,5.148,4.935,5.177,5.349,5.333,5.282,5.255,5.247,4.984,5.342,5.502,5.597,5.653,5.694,5.637,5.468,5.584,5.469,5.337,5.282,5.373,5.958,5.731,6.053,6.22,6.314,6.194,6.169,5.954,5.686,5.876,5.909,5.938,6.056,5.942,5.792,5.79,6.066,6.254,6.258,6.228,6.284,5.949,5.853,6.178,6.215,6.018,6.121,6.208,6.233,6.227,6.341,5.33,5.351,5.146,5.234,5.297,5.221,5.314,5.461,5.363,5.25,5.279,5.266,5.202,5.236,5.272,5.348,5.302,5.329,5.283,5.195,5.328,5.313,5.319,5.469,5.353,5.267,5.07,5.294,5.407,5.296,5.265,5.412,5.499,5.365,5.344,5.382,5.436,5.532,5.604,5.591,5.454,5.576,5.613,5.689,5.668,5.352,5.391,5.497,5.652,5.699,5.731,5.783,5.758,5.719,5.542,5.645,5.698,5.804,5.839,6.97,6.963,6.746,6.987,7.058,6.928,7.039,6.998,7.024,6.803,6.939,7.041,7.055,6.986,6.914,7.014,6.693,6.876,6.996,6.944,6.971,6.987,6.978,6.757,6.993,7.076,7.149,7.101,7.038,6.856,7.778,7.97,7.942,8.131,8.123,8.338,8.287,7.916,8.037,7.913,7.949,7.939,7.864,7.788,7.574,7.88,8.069,8.295,8.215,7.872,7.179,6.671,6.591,7.175,7.709,7.758,7.642,7.576,7.511,7.932,8.047,8.147,8.23,8.219,8.127,7.929,8.147,8.201,8.027,7.952,8.145,8.063,7.829,8.213,8.329,8.106,7.925,7.81,7.623,7.075,7.096,7.156,7.725,8.025,7.932,7.774,7.548,7.988,8.101,7.777,7.241,7.165,7.286,7.101,7.634,7.667,7.658,7.683,7.539,7.223,6.766,7.024,7.04,7.149,7.043,7.061,7.075,6.769,7.282,7.394,7.263,6.818,7.024,6.843,6.36,6.843,7.291,7.375,7.317,7.447,7.204,6.776,4.409,4.521,4.707,4.704,4.54,4.406,4.191,4.294,4.29,4.288,4.041,4.26,4.422,4.122,3.909,4.187,4.428,4.58,4.525,4.468,4.275,4.508,4.621,4.58,4.656,4.808,4.651,4.454,4.776,4.9,4.869,5.942,5.999,5.968,5.618,5.905,5.998,6.022,5.941,5.786,5.64,5.267,5.351,5.373,5.376,5.294,5.031,5.202,5.24,5.535,5.526,5.457,5.23,5.147,5.079,5.096,5.547,5.59,5.571,5.651,5.666,6.905,6.596,6.999,7.21,6.835,6.934,6.9,6.94,6.708,6.921,6.858,6.975,6.983,6.924,6.825,6.589,7.114,7.183,7.195,7.172,7.08,6.893,6.482,6.113,5.985,6.413,6.767,6.906,6.941,6.75,6.821,5.313,5.381,5.335,5.421,5.402,5.29,5.368,5.41,5.411,5.408,5.414,5.252,5.123,5.162,5.299,5.378,5.418,5.466,5.484,5.271,5.463,5.54,5.528,5.525,5.527,5.532,5.41,5.549,5.481,5.487,5.005,5.079,5.088,4.909,5.014,5.129,5.19,5.064,5.027,4.833,4.704,4.952,4.96,4.99,5.083,5.185,5.223,5.107,5.307,5.325,5.284,5.305,5.392,5.358,5.174,5.278,5.378,5.464,5.483,5.42,5.363,5.498,5.648,5.625,5.53,5.6,5.641,5.674,5.622,5.713,5.721,5.773,5.788,5.821,5.614,5.391,5.543,5.655,5.763,5.712,5.783,5.714,5.549,5.59,5.689,5.647,5.277,5.448,5.609,5.467,5.539,5.545,5.552,5.627,5.807,5.79,5.657,5.694,5.793,5.936,5.855,5.864,5.891,5.619,5.886,5.984,5.908,5.894,5.974,5.935,5.779,5.941,5.996,5.976,6.075,6.125,6.005,5.877,6.131,6.066,6.585,6.609,6.745,6.68,6.419,6.549,6.185,6.034,6.263,6.625,6.703,6.533,6.874,6.908,6.89,6.74,6.369,6.024,5.593,6.022,6.255,6.42,6.55,6.587,6.741,6.483,6.73,6.809,6.844,6.81,6.551,6.397,6.314,6.587,6.863,6.887,6.93,7.033,6.876,6.701,6.98,7.119,7.171,7.259,7.187,7.118,6.859,7.039,7.23,7.158,7.067,6.923,6.733,6.187,6.584,6.893,6.9,6.961,6.952,6.691,6.102,5.563,5.778,6.017,6.03,6.221,6.312,6.078,6.327,6.535,6.608,6.708,6.66,6.563,6.216,6.334,6.572,6.742,6.578,6.873,6.798,6.556,6.73,6.777,6.353,6.049,5.794,5.956,6.201,6.499,6.613,6.464,5.16,5.255,5.462,5.065,5.319,5.373,5.486,5.559,5.516,5.306,5.079,5.288,5.261,5.164,5.234,5.376,5.278,5.026,5.189,5.222,5.307,5.34,5.331,5.161,4.729,4.753,4.897,4.847,4.725,4.619,3.876,3.84,4.103,4.126,4.022,3.882,3.946,3.81,3.768,4.085,4.088,4.156,4.094,4.067,3.987,3.876,4.012,3.987,3.894,4.001,4.045,3.859,3.671,3.883,3.916,3.747,3.662,3.561,3.457,3.482,3.713,0.0,0.0,0.0,0.0,0.0,0.0,0.0,0.0,0.0,0.0,0.0,0.0,0.0,0.0,0.0,0.0,0.0,0.0,0.0,0.0,0.0,0.0,0.0,0.0,0.0,0.0,0.0,0.0,0.0,0.0,0.0,3.768,3.701,3.587,3.526,3.596,3.54,3.343,3.289,3.239,3.087,3.264,3.408,3.52,3.655,3.543,3.329,3.079,3.174,3.248,3.37,3.415,3.356,3.221,2.989,3.191,3.351,3.4,3.394,3.434,3.387,5.696,5.652,5.894,6.043,6.117,6.181,6.28,6.258,6.354,6.441,6.561,6.6,6.61,6.555,6.343,6.386,6.21,6.437,6.508,6.524,6.438,6.196,6.159,6.018,6.226,6.423,6.443,6.489,6.238,6.326,6.431,5.505,5.47,5.502,5.403,5.231,5.336,5.384,5.404,5.371,5.18,4.861,4.411,4.325,4.625,4.761,4.883,4.951,5.058,4.889,4.997,5.11,5.151,5.222,5.112,4.968,4.63,4.644,4.712,4.727,4.612,5.628,5.525,5.349,5.405,5.37,5.608,5.769,5.863,5.789,5.593,5.878,5.983,5.994,5.936,6.014,6.003,5.697,5.742,5.972,6.101,6.141,6.293,6.135,5.851,6.064,6.183,6.168,6.108,6.227,6.318,6.104,6.428,6.544,6.713,6.708,6.729,6.555,6.271,6.484,6.477,6.59,6.63,6.727,6.82,6.514,6.572,6.797,6.866,6.871,6.904,6.954,6.805,6.827,6.923,6.881,6.418,5.998,6.192,6.375,6.213,6.295,6.302,4.905,4.971,5.13,5.115,4.998,5.031,5.118,5.244,5.172,5.181,5.205,4.964,5.2,5.287,5.219,5.208,5.278,5.243,5.106,5.248,5.297,5.28,5.368,5.411,5.305,5.192,5.416,5.359,4.733,6.346,6.369,6.5,6.438,6.186,6.312,5.96,5.815,6.035,6.384,6.459,6.295,6.625,6.657,6.64,6.495,6.137,5.805,5.39,5.803,6.028,6.187,6.312,6.348,6.496,6.248,6.486,6.562,6.595,6.563,6.313,5.574,5.501,5.74,5.98,6.001,6.038,6.128,5.991,5.839,6.082,6.203,6.248,6.325,6.262,6.202,5.976,6.133,6.3,6.237,6.157,6.032,5.867,5.391,5.736,6.006,6.012,6.065,6.058,5.83,5.317,5.748,5.97,6.217,6.23,6.427,6.521,6.28,6.537,6.752,6.827,6.931,6.881,6.78,6.422,6.544,6.79,6.966,6.796,7.1,7.024,6.774,6.953,7.001,6.564,6.249,5.986,6.153,6.406,6.715,6.832,6.678,5.16,5.255,5.462,5.065,5.319,5.373,5.486,5.559,5.516,5.306,5.079,5.288,5.261,5.164,5.234,5.376,5.278,5.026,5.189,5.222,5.307,5.34,5.331,5.161,4.729,4.753,4.897,4.847,4.725,4.619,6.1,6.043,6.456,6.493,6.329,6.109,6.209,5.996,5.929,6.428,6.432,6.54,6.443,6.4,6.274,6.1,6.314,6.273,6.128,6.296,6.366,6.072,5.776,6.11,6.162,5.895,5.762,5.604,5.439,5.48,5.843,6.586,6.489,6.576,6.815,7.003,6.62,6.699,6.943,7.142,7.301,7.57,7.279,7.06,7.347,7.216,7.528,7.601,7.54,7.35,7.3,7.536,7.595,7.25,7.2,7.424,7.443,7.269,7.441,7.798,7.932,8.006,4.519,4.439,4.302,4.229,4.313,4.245,4.01,3.944,3.885,3.702,3.915,4.088,4.221,4.384,4.249,3.993,3.693,3.807,3.895,4.042,4.096,4.025,3.863,3.585,3.827,4.019,4.077,4.071,4.119,4.062,5.696,5.652,5.894,6.043,6.117,6.181,6.28,6.258,6.354,6.441,6.561,6.6,6.61,6.555,6.343,6.386,6.21,6.437,6.508,6.524,6.438,6.196,6.159,6.018,6.226,6.423,6.443,6.489,6.238,6.326,6.431,5.505,5.47,5.502,5.403,5.231,5.336,5.384,5.404,5.371,5.18,4.861,4.411,4.325,4.625,4.761,4.883,4.951,5.058,4.889,4.997,5.11,5.151,5.222,5.112,4.968,4.63,4.644,4.712,4.727,4.612,5.628,5.525,5.349,5.405,5.37,5.608,5.769,5.863,5.789,5.593,5.878,5.983,5.994,5.936,6.014,6.003,5.697,5.742,5.972,6.101,6.141,6.293,6.135,5.851,6.064,6.183,6.168,6.108,6.227,6.318,6.104
Guntur_231,5.47,5.507,5.612,5.625,5.417,5.447,5.566,5.573,5.462,5.401,5.499,5.502,5.569,5.47,5.311,5.282,5.528,5.504,5.281,5.506,5.546,5.422,5.483,5.616,5.677,5.417,5.591,5.673,5.716,5.755,5.708,6.531,6.218,6.416,6.583,6.584,6.578,6.651,6.423,6.282,6.389,6.419,6.485,6.715,6.704,6.77,6.486,6.645,6.781,6.753,6.606,6.377,6.431,6.262,6.472,6.587,6.659,6.579,6.54,6.466,6.134,6.308,6.378,6.278,6.179,6.217,6.301,6.116,6.07,5.629,5.849,6.205,6.243,6.202,5.964,6.172,6.368,6.341,7.029,6.926,6.681,6.573,6.457,6.719,6.958,7.035,7.007,6.97,6.753,6.576,6.562,6.917,7.07,7.119,7.073,6.799,7.141,7.176,7.139,7.185,7.239,7.105,6.936,7.33,7.196,7.145,6.936,6.886,6.819,6.59,7.002,7.039,6.865,6.974,7.047,6.979,6.843,7.096,7.103,7.116,6.993,7.707,7.725,7.612,7.835,7.805,7.901,8.111,8.101,8.051,7.732,7.608,7.673,7.644,7.582,7.625,7.536,7.561,7.078,7.411,7.633,7.398,7.297,7.488,7.606,7.271,7.444,7.571,7.787,7.766,7.589,7.413,6.966,7.054,7.035,7.227,7.172,7.217,7.081,7.527,7.662,7.761,7.666,7.686,7.463,7.207,7.571,7.564,7.683,7.788,7.628,7.579,7.286,7.704,7.903,7.804,7.802,7.537,7.376,7.152,7.489,7.864,0.0,0.0,0.0,0.0,0.0,0.0,0.0,0.0,0.0,0.0,0.0,0.0,0.0,0.0,0.0,0.0,0.0,0.0,0.0,0.0,0.0,0.0,0.0,0.0,0.0,0.0,0.0,0.0,0.0,0.0,0.0,0.0,0.0,0.0,0.0,0.0,0.0,0.0,0.0,0.0,0.0,0.0,0.0,0.0,0.0,0.0,0.0,0.0,0.0,0.0,0.0,0.0,0.0,0.0,0.0,0.0,0.0,0.0,0.0,0.0,0.0,0.0,5.594,5.613,5.616,5.724,5.769,5.466,5.525,5.679,5.933,5.849,5.773,5.588,5.418,5.478,5.571,5.649,5.542,5.502,5.65,5.402,5.498,5.424,5.328,5.497,5.524,5.278,5.103,5.496,5.613,5.567,7.196,7.151,7.362,7.132,7.266,7.483,7.733,7.84,7.842,7.611,7.191,7.265,7.378,7.062,7.184,7.265,7.427,7.235,7.405,7.412,7.384,7.243,7.061,7.051,6.692,6.826,7.179,7.319,7.484,7.624,7.564,6.92,7.162,7.239,7.215,7.142,7.303,7.196,6.907,7.049,7.024,6.974,7.097,6.967,6.342,6.162,6.207,6.615,6.805,6.921,6.973,6.918,6.802,7.133,7.104,6.91,6.51,6.525,6.652,6.77,7.007,6.688,6.787,6.716,6.782,6.74,6.449,6.578,6.691,6.571,6.677,6.734,6.605,6.428,6.611,6.789,6.795,6.859,6.954,6.837,6.741,6.922,7.093,7.183,7.076,7.065,7.175,6.903,7.109,7.185,7.147,7.147,6.44,6.253,6.036,6.201,6.25,6.274,6.189,6.264,6.142,6.119,6.368,6.403,6.38,6.305,6.317,6.444,6.366,6.434,6.648,6.78,6.897,6.861,6.755,6.519,6.578,6.352,6.519,6.601,6.726,6.712,6.515,6.304,6.382,6.433,6.315,6.338,6.291,6.115,6.182,6.326,6.445,6.475,6.478,6.449,6.296,6.397,6.397,6.374,6.317,6.247,6.248,6.144,6.383,6.488,6.584,6.606,6.649,6.618,6.513,7.628,7.667,7.641,7.613,7.784,7.74,7.438,7.612,7.758,7.84,7.76,7.493,7.357,7.353,7.628,7.685,7.801,7.915,7.892,7.808,7.561,7.641,7.451,7.629,7.751,7.643,7.682,7.394,6.97,7.086,7.416,6.876,7.052,7.108,6.955,7.141,7.138,7.145,7.311,7.241,7.224,6.964,7.189,7.235,6.967,6.997,7.055,6.883,6.836,6.971,7.101,6.875,6.739,6.67,6.775,6.639,6.889,6.992,6.963,6.992,6.951,6.58,6.457,6.496,6.527,6.401,6.474,6.612,6.564,6.423,6.549,6.389,6.181,6.002,6.205,6.159,5.7,5.73,5.599,5.612,5.571,5.649,5.844,5.964,6.1,6.002,5.89,5.913,6.138,6.284,5.926,6.221,4.203,4.525,4.613,4.627,4.517,4.308,4.439,4.367,4.355,4.261,4.12,4.109,3.91,4.263,4.283,4.393,4.422,4.453,4.264,4.048,4.385,4.551,4.801,4.612,4.592,4.466,4.574,4.915,5.081,4.972,9.973,9.629,9.657,9.775,10.332,10.525,10.45,10.251,10.099,10.283,9.594,9.491,9.388,9.263,9.422,9.872,9.961,9.037,8.351,8.361,8.188,8.432,8.879,8.69,8.553,8.831,8.753,8.242,8.402,8.358,8.232,7.552,8.247,8.476,8.615,8.913,9.038,9.333,9.276,9.456,9.471,9.488,9.622,9.703,9.462,9.22,8.669,9.878,9.714,9.458,9.389,9.208,8.814,9.19,9.253,9.297,9.375,9.503,9.418,9.078,9.232,9.173,0.0,0.0,0.0,0.0,0.0,0.0,0.0,0.0,0.0,0.0,0.0,0.0,0.0,0.0,0.0,0.0,0.0,0.0,0.0,0.0,0.0,0.0,0.0,0.0,0.0,0.0,0.0,0.0,0.0,0.0,7.207,6.946,6.777,7.089,7.243,7.387,7.39,7.463,7.356,7.123,7.461,7.539,7.552,7.445,7.213,7.306,6.922,6.758,7.054,7.121,7.076,7.033,7.125,6.694,6.966,7.025,7.008,6.956,7.046,6.975,6.863,5.509,5.509,5.448,5.032,4.874,5.213,5.111,5.387,5.533,5.727,5.57,5.69,5.648,5.556,5.63,5.621,5.685,5.734,5.589,5.593,5.354,5.662,5.748,5.782,5.73,5.687,5.608,5.304,5.403,5.428,6.016,5.846,5.962,5.975,5.848,6.042,6.162,6.145,6.212,6.117,6.063,5.812,6.098,6.3,6.282,6.221,6.189,6.18,5.871,6.293,6.48,6.592,6.658,6.707,6.64,6.441,6.577,6.442,6.286,6.221,6.328,7.375,7.094,7.493,7.699,7.816,7.667,7.635,7.37,7.038,7.273,7.314,7.35,7.496,7.354,7.169,7.166,7.509,7.741,7.746,7.709,7.779,7.364,7.245,7.647,7.693,7.449,7.576,7.685,7.716,7.708,7.849,7.75,7.78,7.482,7.611,7.702,7.592,7.726,7.94,7.797,7.633,7.675,7.656,7.563,7.612,7.665,7.775,7.709,7.748,7.681,7.553,7.747,7.724,7.734,7.952,7.783,7.657,7.371,7.697,6.664,6.528,6.489,6.67,6.778,6.612,6.586,6.634,6.7,6.818,6.907,6.891,6.722,6.873,6.918,7.012,6.986,6.597,6.645,6.775,6.967,7.024,7.063,7.128,7.097,7.05,6.831,6.958,7.024,7.153,7.197,8.104,8.095,7.843,8.123,8.206,8.055,8.183,8.136,8.166,7.909,8.068,8.185,8.202,8.122,8.038,8.154,7.782,7.994,8.134,8.073,8.104,8.123,8.113,7.856,8.13,8.227,8.311,8.256,8.182,7.97,7.939,8.135,8.107,8.3,8.292,8.511,8.459,8.08,8.204,8.077,8.114,8.104,8.027,7.949,7.731,8.044,8.237,8.467,8.386,8.035,7.328,6.81,6.728,7.324,7.869,7.919,7.8,7.733,7.667,8.096,8.214,8.147,8.23,8.219,8.127,7.929,8.147,8.201,8.027,7.952,8.145,8.063,7.829,8.213,8.329,8.106,7.925,7.81,7.623,7.075,7.096,7.156,7.725,8.025,7.932,7.774,7.548,7.988,8.101,7.777,7.241,7.165,7.286,7.101,7.634,7.667,7.658,7.683,7.539,7.223,6.766,7.024,7.04,7.149,7.043,7.061,7.075,6.769,7.282,7.394,7.263,6.818,7.024,6.843,6.36,6.843,7.291,7.375,7.317,7.447,7.204,6.776,3.821,3.919,4.08,4.077,3.935,3.819,3.633,3.722,3.718,3.716,3.503,3.693,3.833,3.573,3.388,3.629,3.838,3.97,3.922,3.873,3.706,3.907,4.006,3.969,4.036,4.168,4.031,3.86,4.139,4.248,4.22,6.561,6.624,6.59,6.203,6.519,6.622,6.649,6.559,6.389,6.227,5.815,5.908,5.933,5.936,5.845,5.555,5.743,5.785,6.111,6.101,6.026,5.774,5.683,5.608,5.626,6.125,6.172,6.151,6.239,6.256,7.877,7.525,7.985,8.225,7.797,7.91,7.871,7.917,7.652,7.896,7.824,7.957,7.966,7.899,7.785,7.516,8.116,8.194,8.208,8.182,8.077,7.863,7.394,6.974,6.828,7.316,7.72,7.878,7.919,7.7,7.781,6.663,6.749,6.69,6.798,6.775,6.634,6.731,6.784,6.786,6.782,6.789,6.586,6.425,6.474,6.645,6.745,6.795,6.855,6.877,6.61,6.852,6.948,6.932,6.929,6.931,6.937,6.785,6.959,6.873,6.881,6.012,6.1,6.111,5.897,6.022,6.16,6.233,6.082,6.038,5.804,5.65,5.948,5.958,5.994,6.105,6.228,6.274,6.134,6.374,6.396,6.346,6.372,6.477,6.435,6.215,6.34,6.46,6.562,6.586,6.51,6.442,6.465,6.641,6.614,6.503,6.584,6.633,6.671,6.611,6.717,6.727,6.788,6.805,6.844,6.602,6.339,6.518,6.65,6.776,6.716,6.799,6.719,6.524,6.573,6.69,6.64,6.205,6.406,6.595,6.428,6.512,6.52,6.793,6.886,7.106,7.085,6.922,6.968,7.089,7.264,7.164,7.176,7.209,6.875,7.203,7.323,7.229,7.213,7.31,7.262,7.072,7.269,7.337,7.313,7.434,7.495,7.348,7.192,7.502,7.423,7.726,7.755,7.914,7.838,7.532,7.684,7.256,7.08,7.348,7.773,7.864,7.664,8.065,8.105,8.084,7.908,7.472,7.068,6.562,7.065,7.339,7.533,7.685,7.729,7.909,7.607,7.896,7.989,8.029,7.99,7.686,6.726,6.639,6.927,7.216,7.241,7.286,7.395,7.23,7.046,7.34,7.486,7.54,7.633,7.557,7.484,7.212,7.402,7.603,7.526,7.43,7.279,7.08,6.505,6.922,7.248,7.255,7.32,7.31,7.035,6.416,5.8,6.023,6.272,6.286,6.485,6.58,6.336,6.595,6.812,6.888,6.993,6.943,6.841,6.48,6.602,6.851,7.028,6.857,7.164,7.087,6.835,7.016,7.064,6.623,6.305,6.04,6.208,6.464,6.775,6.894,6.738,7.659,7.8,8.108,7.517,7.895,7.975,8.143,8.252,8.187,7.877,7.539,7.849,7.809,7.665,7.769,7.979,7.834,7.46,7.703,7.75,7.878,7.927,7.913,7.661,7.02,7.055,7.269,7.194,7.013,6.856,8.485,8.406,8.981,9.033,8.804,8.498,8.637,8.341,8.248,8.942,8.947,9.098,8.962,8.902,8.727,8.485,8.783,8.726,8.525,8.758,8.855,8.447,8.035,8.499,8.572,8.201,8.015,7.796,7.566,7.623,8.128,0.0,0.0,0.0,0.0,0.0,0.0,0.0,0.0,0.0,0.0,0.0,0.0,0.0,0.0,0.0,0.0,0.0,0.0,0.0,0.0,0.0,0.0,0.0,0.0,0.0,0.0,0.0,0.0,0.0,0.0,0.0,5.758,5.656,5.482,5.388,5.496,5.41,5.11,5.026,4.95,4.717,4.989,5.209,5.379,5.586,5.415,5.088,4.706,4.852,4.964,5.15,5.219,5.13,4.922,4.569,4.877,5.121,5.196,5.188,5.249,5.176,7.238,7.182,7.49,7.679,7.772,7.855,7.979,7.952,8.074,8.185,8.337,8.386,8.399,8.329,8.06,8.114,7.891,8.18,8.27,8.291,8.18,7.873,7.826,7.648,7.912,8.161,8.187,8.245,7.927,8.038,8.172,6.835,6.791,6.83,6.708,6.494,6.624,6.685,6.709,6.668,6.432,6.035,5.477,5.37,5.742,5.91,6.062,6.147,6.28,6.07,6.203,6.344,6.395,6.483,6.347,6.168,5.748,5.765,5.849,5.869,5.725,5.915,5.807,5.622,5.681,5.645,5.895,6.063,6.162,6.084,5.879,6.179,6.288,6.301,6.239,6.321,6.31,5.988,6.036,6.277,6.413,6.455,6.615,6.449,6.15,6.373,6.499,6.484,6.421,6.546,6.64,6.416,6.788,6.911,7.089,7.083,7.106,6.922,6.622,6.847,6.84,6.959,7.001,7.103,7.202,6.879,6.94,7.178,7.25,7.256,7.29,7.344,7.186,7.209,7.311,7.266,6.777,6.334,6.538,6.732,6.561,6.648,6.655,5.886,5.966,6.156,6.139,5.998,6.037,6.142,6.293,6.207,6.217,6.246,5.957,6.24,6.344,6.263,6.249,6.333,6.292,6.127,6.298,6.356,6.336,6.441,6.494,6.366,6.231,6.499,6.431,5.68,6.733,6.758,6.897,6.831,6.564,6.697,6.324,6.17,6.404,6.774,6.854,6.68,7.029,7.064,7.045,6.892,6.512,6.16,5.719,6.158,6.396,6.565,6.698,6.736,6.893,6.629,6.882,6.963,6.998,6.964,6.699,6.46,6.376,6.652,6.931,6.955,6.998,7.102,6.944,6.767,7.049,7.189,7.242,7.331,7.258,7.188,6.926,7.109,7.302,7.228,7.136,6.991,6.799,6.248,6.649,6.961,6.968,7.03,7.021,6.757,6.162,6.54,6.792,7.073,7.089,7.313,7.419,7.145,7.437,7.682,7.767,7.886,7.829,7.714,7.307,7.445,7.725,7.926,7.732,8.079,7.991,7.707,7.911,7.966,7.468,7.11,6.811,7.001,7.289,7.64,7.774,7.598,7.659,7.8,8.108,7.517,7.895,7.975,8.143,8.252,8.187,7.877,7.539,7.849,7.809,7.665,7.769,7.979,7.834,7.46,7.703,7.75,7.878,7.927,7.913,7.661,7.02,7.055,7.269,7.194,7.013,6.856,6.94,6.875,7.346,7.388,7.201,6.951,7.064,6.822,6.746,7.314,7.318,7.441,7.331,7.281,7.138,6.94,7.184,7.137,6.972,7.163,7.243,6.909,6.572,6.951,7.011,6.708,6.556,6.376,6.189,6.235,6.648,17.961,17.694,17.932,18.583,19.096,18.051,18.266,18.933,19.476,19.909,20.644,19.85,19.253,20.034,19.679,20.529,20.726,20.56,20.044,19.907,20.549,20.711,19.771,19.634,20.244,20.297,19.823,20.291,21.264,21.629,21.833,4.519,4.439,4.302,4.229,4.313,4.245,4.01,3.944,3.885,3.702,3.915,4.088,4.221,4.384,4.249,3.993,3.693,3.807,3.895,4.042,4.096,4.025,3.863,3.585,3.827,4.019,4.077,4.071,4.119,4.062,7.238,7.182,7.49,7.679,7.772,7.855,7.979,7.952,8.074,8.185,8.337,8.386,8.399,8.329,8.06,8.114,7.891,8.18,8.27,8.291,8.18,7.873,7.826,7.648,7.912,8.161,8.187,8.245,7.927,8.038,8.172,6.835,6.791,6.83,6.708,6.494,6.624,6.685,6.709,6.668,6.432,6.035,5.477,5.37,5.742,5.91,6.062,6.147,6.28,6.07,6.203,6.344,6.395,6.483,6.347,6.168,5.748,5.765,5.849,5.869,5.725,5.915,5.807,5.622,5.681,5.645,5.895,6.063,6.162,6.084,5.879,6.179,6.288,6.301,6.239,6.321,6.31,5.988,6.036,6.277,6.413,6.455,6.615,6.449,6.15,6.373,6.499,6.484,6.421,6.546,6.64,6.416
Guntur_232,7.11,7.159,7.294,7.312,7.041,7.081,7.235,7.245,7.1,7.02,7.149,7.151,7.239,7.11,6.903,6.866,7.186,7.154,6.865,7.157,7.209,7.048,7.127,7.3,7.379,7.042,7.268,7.375,7.431,7.481,7.419,6.972,6.638,6.85,7.027,7.028,7.022,7.101,6.857,6.706,6.821,6.852,6.923,7.168,7.157,7.227,6.924,7.094,7.239,7.21,7.053,6.808,6.866,6.685,6.91,7.032,7.109,7.023,6.982,6.903,6.713,6.904,6.98,6.87,6.762,6.803,6.896,6.693,6.643,6.161,6.401,6.79,6.832,6.788,6.527,6.754,6.969,6.94,7.692,7.58,7.311,7.194,7.066,7.353,7.614,7.699,7.668,7.628,7.391,7.197,7.181,7.261,7.422,7.473,7.425,7.137,7.497,7.533,7.494,7.543,7.6,7.458,7.281,7.695,7.554,7.501,7.282,7.228,7.158,6.918,7.35,7.389,7.207,7.321,7.398,7.326,7.183,7.449,7.457,7.47,7.341,7.699,7.717,7.604,7.827,7.797,7.893,8.102,8.093,8.043,7.724,7.6,7.664,7.636,7.574,7.617,7.528,7.553,7.07,7.403,7.625,7.39,7.289,7.48,7.598,7.263,7.436,7.563,7.779,7.758,7.581,7.405,6.778,6.864,6.845,7.032,6.978,7.022,6.89,7.324,7.455,7.551,7.459,7.479,7.261,7.013,7.367,7.36,7.476,7.578,7.422,7.375,7.089,7.496,7.689,7.593,7.592,7.333,7.176,6.959,7.287,7.652,0.0,0.0,0.0,0.0,0.0,0.0,0.0,0.0,0.0,0.0,0.0,0.0,0.0,0.0,0.0,0.0,0.0,0.0,0.0,0.0,0.0,0.0,0.0,0.0,0.0,0.0,0.0,0.0,0.0,0.0,0.0,0.0,0.0,0.0,0.0,0.0,0.0,0.0,0.0,0.0,0.0,0.0,0.0,0.0,0.0,0.0,0.0,0.0,0.0,0.0,0.0,0.0,0.0,0.0,0.0,0.0,0.0,0.0,0.0,0.0,0.0,0.0,5.547,5.566,5.569,5.676,5.72,5.42,5.479,5.632,5.884,5.801,5.725,5.542,5.373,5.432,5.524,5.602,5.496,5.456,5.603,5.356,5.452,5.378,5.283,5.451,5.477,5.234,5.061,5.451,5.567,5.521,7.196,7.151,7.362,7.132,7.266,7.483,7.733,7.84,7.842,7.611,7.191,7.265,7.378,7.062,7.184,7.265,7.427,7.235,7.405,7.412,7.384,7.243,7.061,7.051,6.692,6.826,7.179,7.319,7.484,7.624,7.564,6.869,7.109,7.185,7.162,7.089,7.249,7.143,6.856,6.997,6.972,6.923,7.044,6.916,6.296,6.116,6.161,6.566,6.755,6.87,6.922,6.867,6.752,7.081,7.052,6.859,6.462,6.476,6.603,6.72,6.956,6.78,6.879,6.808,6.874,6.832,6.537,6.668,6.782,6.661,6.768,6.826,6.696,6.516,6.701,6.882,6.888,6.953,7.049,6.93,6.833,7.016,7.19,7.281,7.172,7.162,7.273,6.997,7.206,7.284,7.244,7.245,6.805,6.607,6.377,6.552,6.604,6.629,6.54,6.618,6.49,6.466,6.729,6.765,6.741,6.662,6.675,6.809,6.727,6.798,7.025,7.164,7.287,7.25,7.138,6.888,6.95,6.711,6.888,6.974,7.106,7.092,6.884,7.413,7.505,7.564,7.426,7.453,7.398,7.191,7.27,7.439,7.579,7.614,7.618,7.583,7.403,7.522,7.523,7.496,7.429,7.346,7.348,7.225,7.506,7.629,7.742,7.768,7.819,7.782,7.659,7.324,7.361,7.337,7.31,7.474,7.431,7.141,7.309,7.449,7.528,7.451,7.195,7.064,7.06,7.324,7.378,7.49,7.6,7.577,7.497,7.26,7.337,7.154,7.325,7.442,7.339,7.376,7.099,6.693,6.803,7.12,7.471,7.662,7.723,7.557,7.759,7.756,7.763,7.944,7.867,7.849,7.567,7.811,7.861,7.57,7.603,7.666,7.479,7.427,7.574,7.716,7.47,7.322,7.247,7.361,7.214,7.485,7.597,7.565,7.597,7.552,8.753,8.589,8.642,8.683,8.516,8.613,8.796,8.733,8.545,8.712,8.5,8.223,7.985,8.255,8.194,7.583,7.623,7.448,7.466,7.411,7.515,7.774,7.934,8.115,7.985,7.836,7.866,8.166,8.36,7.884,8.276,9.021,9.712,9.901,9.931,9.695,9.246,9.527,9.373,9.346,9.145,8.842,8.82,8.391,9.149,9.193,9.428,9.49,9.557,9.152,8.688,9.412,9.768,10.304,9.899,9.856,9.584,9.816,10.549,10.905,10.671,9.103,8.789,8.815,8.923,9.431,9.608,9.539,9.357,9.219,9.387,8.758,8.663,8.57,8.455,8.6,9.012,9.092,8.249,7.623,7.632,7.474,7.697,8.105,7.932,7.807,8.061,7.99,7.523,7.669,7.63,7.514,9.54,10.419,10.708,10.883,11.259,11.418,11.791,11.719,11.946,11.965,11.986,12.155,12.258,11.953,11.648,10.952,12.48,12.272,11.948,11.861,11.632,11.135,11.61,11.69,11.744,11.844,12.005,11.898,11.468,11.663,11.588,58.441,59.151,58.823,56.323,55.607,57.404,55.237,54.067,57.526,55.819,53.378,49.589,51.673,52.817,54.147,54.095,55.445,58.115,59.237,59.879,58.663,56.675,56.967,57.5,56.512,56.146,55.331,54.849,54.53,56.486,7.579,7.305,7.127,7.455,7.616,7.768,7.771,7.848,7.735,7.49,7.846,7.928,7.941,7.829,7.585,7.682,7.279,7.107,7.418,7.488,7.441,7.396,7.492,7.039,7.325,7.387,7.369,7.315,7.41,7.335,7.217,6.015,6.015,5.948,5.495,5.322,5.692,5.58,5.882,6.041,6.253,6.082,6.213,6.167,6.066,6.147,6.137,6.207,6.261,6.103,6.106,5.845,6.182,6.276,6.313,6.256,6.209,6.122,5.791,5.899,5.926,7.179,6.976,7.115,7.129,6.978,7.21,7.353,7.333,7.413,7.299,7.235,6.936,7.277,7.517,7.496,7.424,7.386,7.374,7.005,7.509,7.733,7.866,7.945,8.003,7.923,7.686,7.848,7.687,7.501,7.423,7.551,6.848,6.586,6.957,7.148,7.257,7.119,7.089,6.843,6.534,6.753,6.791,6.824,6.96,6.828,6.657,6.654,6.971,7.187,7.192,7.157,7.222,6.837,6.727,7.1,7.143,6.916,7.034,7.135,7.164,7.157,7.288,7.903,7.935,7.63,7.762,7.855,7.742,7.879,8.098,7.952,7.784,7.827,7.808,7.713,7.763,7.817,7.93,7.862,7.902,7.833,7.703,7.901,7.878,7.888,8.109,7.938,7.809,7.518,7.85,6.699,6.562,6.523,6.705,6.813,6.647,6.621,6.669,6.735,6.854,6.944,6.927,6.758,6.909,6.954,7.049,7.023,6.632,6.68,6.81,7.003,7.061,7.1,7.165,7.135,7.087,6.867,6.994,7.061,7.191,7.234,8.734,8.725,8.454,8.755,8.845,8.682,8.82,8.769,8.802,8.524,8.695,8.822,8.84,8.754,8.663,8.789,8.387,8.616,8.767,8.701,8.735,8.755,8.744,8.467,8.763,8.867,8.958,8.898,8.819,8.591,10.076,10.325,10.289,10.533,10.523,10.802,10.735,10.255,10.412,10.251,10.298,10.284,10.187,10.088,9.811,10.209,10.453,10.746,10.642,10.198,9.3,8.642,8.538,9.295,9.987,10.051,9.9,9.814,9.73,10.275,10.424,8.912,9.002,8.991,8.89,8.673,8.912,8.971,8.781,8.698,8.91,8.82,8.564,8.984,9.111,8.867,8.67,8.544,8.338,7.74,7.762,7.828,8.45,8.778,8.676,8.504,8.257,8.738,8.861,8.508,7.921,7.837,7.97,7.768,8.351,8.387,8.377,8.404,8.246,7.901,7.402,7.683,7.701,7.821,7.705,7.724,7.739,7.404,7.965,8.088,7.944,7.458,7.683,7.485,6.957,7.485,7.976,8.067,8.004,8.146,7.881,7.412,7.586,7.779,8.1,8.094,7.812,7.581,7.211,7.389,7.381,7.378,6.953,7.33,7.608,7.093,6.726,7.204,7.619,7.881,7.786,7.688,7.357,7.757,7.952,7.88,8.012,8.274,8.003,7.663,8.218,8.432,8.377,9.184,9.272,9.224,8.683,9.126,9.27,9.307,9.181,8.943,8.717,8.14,8.27,8.304,8.309,8.182,7.775,8.04,8.098,8.555,8.54,8.435,8.083,7.955,7.85,7.876,8.574,8.64,8.611,8.734,8.757,7.637,7.296,7.741,7.975,7.56,7.669,7.631,7.676,7.419,7.655,7.586,7.715,7.723,7.659,7.548,7.287,7.869,7.945,7.958,7.932,7.831,7.623,7.169,6.761,6.62,7.093,7.485,7.638,7.677,7.466,7.544,7.471,7.566,7.501,7.622,7.596,7.438,7.547,7.606,7.608,7.604,7.612,7.384,7.204,7.258,7.45,7.562,7.619,7.686,7.71,7.411,7.682,7.79,7.772,7.769,7.771,7.778,7.607,7.802,7.706,7.715,7.384,7.493,7.506,7.243,7.396,7.567,7.657,7.471,7.416,7.129,6.94,7.306,7.318,7.362,7.499,7.65,7.706,7.534,7.83,7.856,7.795,7.827,7.955,7.904,7.633,7.787,7.934,8.061,8.089,7.997,7.912,7.141,7.335,7.305,7.183,7.273,7.326,7.369,7.302,7.42,7.431,7.498,7.517,7.56,7.292,7.002,7.199,7.345,7.485,7.418,7.511,7.422,7.207,7.261,7.389,7.334,6.854,7.076,7.285,7.1,7.194,7.202,7.406,7.507,7.747,7.724,7.547,7.596,7.728,7.919,7.81,7.823,7.859,7.495,7.852,7.983,7.881,7.863,7.969,7.917,7.71,7.925,7.998,7.972,8.105,8.171,8.01,7.84,8.178,8.092,7.352,7.38,7.531,7.459,7.168,7.313,6.906,6.738,6.993,7.397,7.484,7.294,7.676,7.713,7.693,7.526,7.111,6.726,6.245,6.724,6.984,7.169,7.314,7.355,7.527,7.239,7.515,7.603,7.641,7.604,7.315,6.968,6.877,7.176,7.476,7.502,7.548,7.661,7.49,7.299,7.604,7.755,7.811,7.907,7.829,7.754,7.471,7.668,7.876,7.797,7.698,7.541,7.334,6.739,7.171,7.508,7.516,7.583,7.573,7.288,6.647,7.292,7.574,7.887,7.905,8.154,8.273,7.967,8.293,8.566,8.661,8.793,8.73,8.602,8.148,8.302,8.614,8.838,8.622,9.008,8.911,8.594,8.822,8.883,8.328,7.928,7.595,7.807,8.128,8.519,8.668,8.473,7.807,7.951,8.265,7.663,8.048,8.13,8.301,8.412,8.345,8.029,7.685,8.001,7.96,7.814,7.92,8.133,7.985,7.604,7.852,7.9,8.031,8.08,8.066,7.809,7.156,7.191,7.41,7.333,7.149,6.988,8.485,8.406,8.981,9.033,8.804,8.498,8.637,8.341,8.248,8.942,8.947,9.098,8.962,8.902,8.727,8.485,8.783,8.726,8.525,8.758,8.855,8.447,8.035,8.499,8.572,8.201,8.015,7.796,7.566,7.623,8.128,0.0,0.0,0.0,0.0,0.0,0.0,0.0,0.0,0.0,0.0,0.0,0.0,0.0,0.0,0.0,0.0,0.0,0.0,0.0,0.0,0.0,0.0,0.0,0.0,0.0,0.0,0.0,0.0,0.0,0.0,0.0,6.509,6.394,6.197,6.091,6.212,6.115,5.777,5.682,5.596,5.333,5.639,5.889,6.081,6.315,6.121,5.752,5.319,5.485,5.611,5.822,5.9,5.799,5.564,5.165,5.513,5.789,5.873,5.865,5.933,5.852,7.168,7.113,7.417,7.605,7.697,7.779,7.902,7.875,7.995,8.105,8.256,8.305,8.318,8.248,7.982,8.036,7.815,8.1,8.19,8.21,8.101,7.797,7.751,7.574,7.835,8.082,8.108,8.165,7.85,7.96,8.093,8.774,8.717,8.768,8.611,8.336,8.503,8.581,8.613,8.559,8.256,7.747,7.03,6.893,7.371,7.587,7.782,7.891,8.061,7.792,7.963,8.143,8.209,8.323,8.147,7.917,7.379,7.401,7.509,7.534,7.349,6.52,6.401,6.197,6.262,6.222,6.498,6.683,6.792,6.707,6.48,6.81,6.931,6.945,6.877,6.967,6.955,6.601,6.653,6.919,7.069,7.115,7.291,7.108,6.779,7.025,7.164,7.147,7.077,7.215,7.319,7.072,7.107,7.236,7.423,7.417,7.44,7.248,6.933,7.169,7.162,7.287,7.33,7.438,7.541,7.203,7.267,7.516,7.591,7.597,7.633,7.689,7.524,7.549,7.655,7.608,7.096,6.632,6.846,7.049,6.87,6.96,6.969,6.014,6.096,6.291,6.272,6.128,6.169,6.275,6.43,6.342,6.353,6.382,6.087,6.376,6.482,6.4,6.385,6.472,6.429,6.261,6.436,6.495,6.474,6.582,6.635,6.505,6.367,6.641,6.571,5.804,7.558,7.587,7.742,7.668,7.369,7.518,7.099,6.927,7.189,7.605,7.694,7.499,7.891,7.929,7.909,7.737,7.31,6.915,6.42,6.912,7.18,7.37,7.519,7.561,7.738,7.442,7.725,7.816,7.856,7.818,7.52,7.341,7.245,7.559,7.875,7.903,7.952,8.07,7.89,7.69,8.01,8.17,8.229,8.33,8.247,8.168,7.871,8.078,8.297,8.214,8.109,7.944,7.726,7.1,7.555,7.91,7.918,7.988,7.978,7.678,7.002,7.289,7.57,7.883,7.9,8.15,8.269,7.963,8.289,8.561,8.657,8.789,8.725,8.598,8.144,8.298,8.609,8.833,8.617,9.004,8.906,8.589,8.817,8.878,8.324,7.924,7.591,7.803,8.123,8.515,8.664,8.468,7.807,7.951,8.265,7.663,8.048,8.13,8.301,8.412,8.345,8.029,7.685,8.001,7.96,7.814,7.92,8.133,7.985,7.604,7.852,7.9,8.031,8.08,8.066,7.809,7.156,7.191,7.41,7.333,7.149,6.988,7.734,7.663,8.187,8.234,8.025,7.747,7.873,7.603,7.518,8.151,8.156,8.294,8.17,8.115,7.956,7.735,8.006,7.955,7.771,7.983,8.072,7.7,7.325,7.747,7.814,7.476,7.306,7.106,6.897,6.949,7.409,17.961,17.694,17.932,18.583,19.096,18.051,18.266,18.933,19.476,19.909,20.644,19.85,19.253,20.034,19.679,20.529,20.726,20.56,20.044,19.907,20.549,20.711,19.771,19.634,20.244,20.297,19.823,20.291,21.264,21.629,21.833,7.646,7.511,7.279,7.155,7.297,7.183,6.785,6.674,6.573,6.264,6.624,6.917,7.143,7.418,7.191,6.756,6.248,6.442,6.591,6.839,6.93,6.812,6.536,6.067,6.475,6.801,6.899,6.889,6.97,6.874,7.168,7.113,7.417,7.605,7.697,7.779,7.902,7.875,7.995,8.105,8.256,8.305,8.318,8.248,7.982,8.036,7.815,8.1,8.19,8.21,8.101,7.797,7.751,7.574,7.835,8.082,8.108,8.165,7.85,7.96,8.093,8.774,8.717,8.768,8.611,8.336,8.503,8.581,8.613,8.559,8.256,7.747,7.03,6.893,7.371,7.587,7.782,7.891,8.061,7.792,7.963,8.143,8.209,8.323,8.147,7.917,7.379,7.401,7.509,7.534,7.349,6.52,6.401,6.197,6.262,6.222,6.498,6.683,6.792,6.707,6.48,6.81,6.931,6.945,6.877,6.967,6.955,6.601,6.653,6.919,7.069,7.115,7.291,7.108,6.779,7.025,7.164,7.147,7.077,7.215,7.319,7.072
Guntur_233,6.946,6.994,7.126,7.144,6.878,6.918,7.068,7.078,6.936,6.858,6.984,6.986,7.072,6.946,6.744,6.707,7.02,6.989,6.706,6.992,7.043,6.886,6.963,7.131,7.209,6.879,7.101,7.204,7.259,7.308,7.248,6.36,6.055,6.249,6.411,6.412,6.406,6.478,6.255,6.117,6.222,6.251,6.316,6.539,6.529,6.593,6.317,6.472,6.604,6.577,6.434,6.21,6.263,6.098,6.303,6.415,6.485,6.407,6.37,6.297,5.961,6.131,6.199,6.101,6.005,6.042,6.124,5.944,5.9,5.471,5.684,6.03,6.067,6.028,5.796,5.998,6.189,6.163,6.831,6.731,6.493,6.388,6.275,6.53,6.762,6.837,6.81,6.774,6.563,6.392,6.378,6.212,6.35,6.393,6.353,6.106,6.414,6.445,6.412,6.453,6.502,6.381,6.229,6.584,6.463,6.417,6.23,6.184,6.124,5.918,6.288,6.322,6.166,6.264,6.329,6.268,6.146,6.373,6.379,6.391,6.281,6.778,6.794,6.695,6.891,6.865,6.949,7.133,7.125,7.081,6.8,6.691,6.748,6.723,6.668,6.706,6.628,6.649,6.225,6.518,6.713,6.506,6.418,6.586,6.689,6.395,6.547,6.658,6.849,6.83,6.674,6.519,5.096,5.161,5.147,5.287,5.247,5.28,5.18,5.507,5.605,5.678,5.608,5.623,5.46,5.273,5.539,5.534,5.621,5.698,5.581,5.545,5.33,5.636,5.781,5.709,5.708,5.514,5.396,5.232,5.479,5.753,0.0,0.0,0.0,0.0,0.0,0.0,0.0,0.0,0.0,0.0,0.0,0.0,0.0,0.0,0.0,0.0,0.0,0.0,0.0,0.0,0.0,0.0,0.0,0.0,0.0,0.0,0.0,0.0,0.0,0.0,0.0,0.0,0.0,0.0,0.0,0.0,0.0,0.0,0.0,0.0,0.0,0.0,0.0,0.0,0.0,0.0,0.0,0.0,0.0,0.0,0.0,0.0,0.0,0.0,0.0,0.0,0.0,0.0,0.0,0.0,0.0,0.0,6.22,6.241,6.244,6.364,6.414,6.077,6.143,6.314,6.597,6.504,6.419,6.213,6.024,6.091,6.194,6.281,6.162,6.117,6.282,6.006,6.113,6.03,5.924,6.112,6.141,5.868,5.674,6.111,6.241,6.19,5.473,5.438,5.599,5.424,5.526,5.691,5.881,5.962,5.964,5.788,5.469,5.525,5.611,5.371,5.464,5.525,5.649,5.502,5.632,5.637,5.616,5.508,5.37,5.363,5.089,5.192,5.46,5.567,5.692,5.798,5.752,6.837,7.076,7.152,7.128,7.056,7.215,7.11,6.824,6.964,6.94,6.891,7.012,6.884,6.266,6.088,6.133,6.535,6.724,6.838,6.89,6.835,6.72,7.048,7.019,6.827,6.432,6.446,6.573,6.689,6.923,6.243,6.334,6.269,6.33,6.291,6.02,6.14,6.245,6.133,6.232,6.286,6.165,6.0,6.17,6.337,6.343,6.402,6.491,6.382,6.292,6.461,6.62,6.704,6.604,6.595,6.697,6.443,6.636,6.707,6.671,6.671,5.814,5.644,5.448,5.597,5.642,5.664,5.587,5.654,5.545,5.524,5.748,5.78,5.759,5.692,5.703,5.817,5.747,5.808,6.001,6.12,6.226,6.194,6.098,5.884,5.938,5.733,5.885,5.958,6.071,6.059,5.881,6.771,6.855,6.909,6.783,6.808,6.757,6.568,6.64,6.794,6.923,6.954,6.958,6.926,6.762,6.871,6.871,6.847,6.785,6.709,6.711,6.599,6.856,6.968,7.072,7.095,7.142,7.108,6.996,6.89,6.925,6.902,6.876,7.031,6.991,6.718,6.876,7.007,7.082,7.009,6.768,6.645,6.642,6.89,6.941,7.046,7.149,7.128,7.053,6.829,6.902,6.73,6.89,7.001,6.904,6.939,6.678,6.296,6.4,6.698,6.921,7.098,7.154,7.001,7.188,7.185,7.192,7.359,7.288,7.271,7.01,7.236,7.282,7.013,7.043,7.101,6.929,6.881,7.017,7.148,6.92,6.784,6.713,6.819,6.683,6.934,7.038,7.009,7.038,6.997,7.08,6.948,6.99,7.024,6.888,6.967,7.115,7.064,6.912,7.047,6.876,6.651,6.459,6.677,6.628,6.133,6.166,6.025,6.039,5.995,6.078,6.289,6.418,6.564,6.459,6.338,6.363,6.605,6.762,6.377,6.695,7.216,7.769,7.92,7.944,7.755,7.395,7.62,7.498,7.476,7.315,7.073,7.055,6.712,7.318,7.353,7.541,7.591,7.645,7.321,6.949,7.529,7.813,8.242,7.918,7.883,7.666,7.852,8.438,8.722,8.536,9.103,8.789,8.815,8.923,9.431,9.608,9.539,9.357,9.219,9.387,8.758,8.663,8.57,8.455,8.6,9.012,9.092,8.249,7.623,7.632,7.474,7.697,8.105,7.932,7.807,8.061,7.99,7.523,7.669,7.63,7.514,9.584,10.466,10.756,10.933,11.311,11.47,11.844,11.772,12.001,12.02,12.041,12.21,12.314,12.007,11.701,11.002,12.536,12.328,12.003,11.915,11.685,11.185,11.663,11.743,11.798,11.898,12.06,11.953,11.52,11.716,11.641,42.577,43.094,42.855,41.034,40.512,41.821,40.243,39.39,41.91,40.666,38.888,36.127,37.645,38.479,39.448,39.41,40.393,42.339,43.156,43.624,42.738,41.29,41.502,41.891,41.171,40.905,40.311,39.96,39.727,41.152,7.468,7.198,7.023,7.346,7.505,7.654,7.657,7.733,7.622,7.381,7.731,7.812,7.825,7.715,7.474,7.57,7.173,7.003,7.31,7.379,7.332,7.287,7.383,6.936,7.218,7.279,7.261,7.208,7.301,7.228,7.112,4.997,4.996,4.941,4.564,4.421,4.728,4.635,4.886,5.018,5.194,5.052,5.16,5.122,5.038,5.106,5.097,5.156,5.201,5.069,5.072,4.855,5.135,5.213,5.244,5.197,5.158,5.086,4.81,4.9,4.923,7.028,6.829,6.966,6.98,6.832,7.059,7.199,7.179,7.257,7.146,7.083,6.79,7.124,7.36,7.339,7.268,7.231,7.22,6.859,7.351,7.57,7.701,7.778,7.835,7.757,7.525,7.684,7.526,7.343,7.267,7.393,6.296,6.056,6.397,6.573,6.672,6.545,6.518,6.292,6.008,6.209,6.244,6.275,6.4,6.278,6.121,6.118,6.41,6.609,6.613,6.581,6.641,6.287,6.185,6.529,6.568,6.359,6.468,6.56,6.587,6.58,6.701,6.383,6.408,6.162,6.269,6.344,6.253,6.364,6.54,6.422,6.287,6.321,6.306,6.23,6.27,6.313,6.404,6.349,6.382,6.327,6.221,6.381,6.362,6.37,6.549,6.411,6.307,6.071,6.34,6.231,6.103,6.068,6.237,6.337,6.183,6.158,6.203,6.264,6.375,6.459,6.443,6.286,6.426,6.468,6.556,6.532,6.168,6.213,6.335,6.514,6.568,6.604,6.664,6.636,6.591,6.387,6.506,6.567,6.689,6.729,7.209,7.201,6.977,7.226,7.3,7.166,7.28,7.238,7.265,7.036,7.177,7.282,7.296,7.225,7.15,7.254,6.923,7.111,7.236,7.182,7.209,7.226,7.217,6.989,7.233,7.319,7.393,7.344,7.279,7.09,9.569,9.805,9.771,10.003,9.993,10.258,10.195,9.738,9.888,9.735,9.779,9.767,9.675,9.581,9.317,9.695,9.927,10.205,10.107,9.685,8.832,8.207,8.108,8.827,9.485,9.545,9.401,9.32,9.24,9.758,9.899,8.912,9.002,8.991,8.89,8.673,8.912,8.971,8.781,8.698,8.91,8.82,8.564,8.984,9.111,8.867,8.67,8.544,8.338,7.74,7.762,7.828,8.45,8.778,8.676,8.504,8.257,8.738,8.861,8.508,7.921,7.837,7.97,7.768,8.351,8.387,8.377,8.404,8.246,7.901,7.402,7.683,7.701,7.821,7.705,7.724,7.739,7.404,7.965,8.088,7.944,7.458,7.683,7.485,6.957,7.485,7.976,8.067,8.004,8.146,7.881,7.412,6.489,6.654,6.929,6.924,6.682,6.485,6.169,6.321,6.314,6.311,5.948,6.271,6.508,6.067,5.754,6.162,6.518,6.742,6.661,6.577,6.293,6.635,6.802,6.741,6.853,7.077,6.846,6.555,7.029,7.213,7.166,8.585,8.667,8.622,8.116,8.53,8.665,8.7,8.582,8.359,8.148,7.609,7.73,7.763,7.767,7.648,7.268,7.515,7.57,7.996,7.983,7.884,7.556,7.435,7.337,7.362,8.014,8.076,8.049,8.164,8.185,6.406,6.12,6.494,6.689,6.341,6.433,6.402,6.439,6.224,6.421,6.363,6.472,6.479,6.424,6.332,6.113,6.601,6.664,6.676,6.654,6.569,6.395,6.014,5.672,5.553,5.95,6.278,6.407,6.44,6.263,6.328,6.965,7.054,6.993,7.106,7.082,6.935,7.036,7.091,7.093,7.09,7.097,6.884,6.716,6.767,6.946,7.051,7.103,7.166,7.189,6.909,7.162,7.263,7.246,7.243,7.245,7.252,7.092,7.274,7.185,7.193,6.808,6.909,6.92,6.678,6.82,6.977,7.059,6.888,6.838,6.573,6.399,6.736,6.747,6.788,6.914,7.053,7.105,6.946,7.219,7.243,7.187,7.216,7.335,7.287,7.038,7.18,7.316,7.432,7.459,7.373,7.295,6.038,6.202,6.177,6.073,6.149,6.195,6.231,6.174,6.274,6.283,6.339,6.356,6.392,6.166,5.92,6.087,6.21,6.328,6.272,6.35,6.275,6.093,6.139,6.248,6.201,5.795,5.982,6.16,6.004,6.082,6.09,6.816,6.908,7.129,7.108,6.945,6.991,7.112,7.287,7.188,7.199,7.233,6.898,7.226,7.347,7.253,7.236,7.334,7.286,7.095,7.293,7.361,7.337,7.459,7.52,7.372,7.215,7.526,7.447,6.937,6.963,7.106,7.037,6.763,6.9,6.515,6.357,6.598,6.979,7.061,6.882,7.242,7.277,7.258,7.101,6.709,6.346,5.892,6.344,6.589,6.764,6.901,6.939,7.101,6.83,7.09,7.173,7.21,7.175,6.901,6.914,6.824,7.12,7.418,7.444,7.49,7.601,7.432,7.243,7.545,7.695,7.751,7.846,7.768,7.694,7.414,7.609,7.815,7.737,7.638,7.482,7.278,6.687,7.116,7.45,7.458,7.524,7.515,7.232,6.595,6.546,6.799,7.08,7.095,7.32,7.426,7.151,7.444,7.689,7.775,7.893,7.836,7.722,7.314,7.452,7.732,7.933,7.739,8.086,7.999,7.714,7.919,7.973,7.475,7.117,6.818,7.008,7.296,7.647,7.781,7.605,7.592,7.731,8.037,7.451,7.826,7.905,8.072,8.179,8.115,7.807,7.473,7.78,7.74,7.598,7.701,7.909,7.765,7.394,7.635,7.682,7.809,7.857,7.844,7.594,6.958,6.993,7.205,7.131,6.952,6.795,6.317,6.259,6.687,6.725,6.555,6.327,6.431,6.21,6.141,6.658,6.662,6.774,6.673,6.628,6.498,6.318,6.539,6.497,6.347,6.521,6.593,6.289,5.983,6.328,6.382,6.106,5.968,5.804,5.634,5.676,6.051,0.0,0.0,0.0,0.0,0.0,0.0,0.0,0.0,0.0,0.0,0.0,0.0,0.0,0.0,0.0,0.0,0.0,0.0,0.0,0.0,0.0,0.0,0.0,0.0,0.0,0.0,0.0,0.0,0.0,0.0,0.0,6.259,6.148,5.959,5.857,5.973,5.88,5.554,5.463,5.381,5.128,5.423,5.662,5.847,6.072,5.886,5.53,5.115,5.274,5.395,5.598,5.673,5.576,5.35,4.966,5.301,5.567,5.648,5.639,5.705,5.627,6.021,5.975,6.23,6.388,6.465,6.534,6.638,6.615,6.716,6.809,6.935,6.976,6.987,6.929,6.705,6.75,6.564,6.804,6.879,6.897,6.805,6.549,6.511,6.362,6.581,6.789,6.811,6.859,6.594,6.686,6.798,8.026,7.974,8.021,7.877,7.626,7.778,7.849,7.879,7.83,7.552,7.087,6.431,6.306,6.743,6.94,7.118,7.219,7.374,7.128,7.284,7.449,7.509,7.613,7.453,7.242,6.75,6.77,6.869,6.891,6.723,5.613,5.51,5.335,5.39,5.356,5.594,5.753,5.847,5.773,5.578,5.863,5.967,5.978,5.92,5.998,5.987,5.682,5.727,5.956,6.085,6.125,6.277,6.119,5.836,6.048,6.167,6.152,6.092,6.211,6.301,6.088,6.26,6.373,6.538,6.532,6.553,6.384,6.106,6.314,6.307,6.418,6.456,6.55,6.641,6.344,6.4,6.619,6.686,6.691,6.723,6.772,6.626,6.648,6.742,6.701,6.25,5.841,6.029,6.208,6.051,6.13,6.137,6.168,6.252,6.452,6.433,6.285,6.327,6.436,6.595,6.505,6.515,6.546,6.242,6.54,6.649,6.564,6.549,6.637,6.594,6.421,6.6,6.662,6.64,6.75,6.805,6.671,6.53,6.811,6.739,5.953,7.527,7.555,7.71,7.636,7.338,7.487,7.07,6.898,7.159,7.573,7.662,7.468,7.858,7.897,7.876,7.705,7.28,6.886,6.393,6.884,7.15,7.339,7.488,7.53,7.706,7.411,7.693,7.784,7.823,7.785,7.489,6.602,6.516,6.799,7.083,7.108,7.152,7.258,7.096,6.916,7.204,7.348,7.401,7.492,7.417,7.346,7.079,7.265,7.462,7.387,7.293,7.145,6.949,6.385,6.795,7.114,7.122,7.185,7.175,6.905,6.297,6.454,6.703,6.98,6.995,7.216,7.322,7.05,7.339,7.581,7.665,7.782,7.726,7.613,7.211,7.347,7.623,7.821,7.63,7.972,7.886,7.605,7.807,7.861,7.37,7.016,6.721,6.909,7.193,7.539,7.671,7.498,7.592,7.731,8.037,7.451,7.826,7.905,8.072,8.179,8.115,7.807,7.473,7.78,7.74,7.598,7.701,7.909,7.765,7.394,7.635,7.682,7.809,7.857,7.844,7.594,6.958,6.993,7.205,7.131,6.952,6.795,6.848,6.785,7.249,7.29,7.106,6.859,6.971,6.732,6.657,7.217,7.222,7.343,7.234,7.185,7.044,6.849,7.089,7.043,6.881,7.069,7.147,6.818,6.486,6.86,6.919,6.619,6.469,6.292,6.107,6.153,6.56,7.068,6.963,7.057,7.313,7.515,7.103,7.188,7.45,7.664,7.834,8.124,7.812,7.577,7.884,7.744,8.078,8.156,8.091,7.888,7.834,8.087,8.15,7.78,7.726,7.966,7.987,7.801,7.985,8.368,8.512,8.592,7.212,7.085,6.866,6.749,6.883,6.776,6.4,6.295,6.2,5.909,6.248,6.524,6.737,6.997,6.782,6.373,5.894,6.077,6.217,6.451,6.537,6.425,6.165,5.723,6.108,6.415,6.508,6.498,6.574,6.483,6.021,5.975,6.23,6.388,6.465,6.534,6.638,6.615,6.716,6.809,6.935,6.976,6.987,6.929,6.705,6.75,6.564,6.804,6.879,6.897,6.805,6.549,6.511,6.362,6.581,6.789,6.811,6.859,6.594,6.686,6.798,8.026,7.974,8.021,7.877,7.626,7.778,7.849,7.879,7.83,7.552,7.087,6.431,6.306,6.743,6.94,7.118,7.219,7.374,7.128,7.284,7.449,7.509,7.613,7.453,7.242,6.75,6.77,6.869,6.891,6.723,5.613,5.51,5.335,5.39,5.356,5.594,5.753,5.847,5.773,5.578,5.863,5.967,5.978,5.92,5.998,5.987,5.682,5.727,5.956,6.085,6.125,6.277,6.119,5.836,6.048,6.167,6.152,6.092,6.211,6.301,6.088
Guntur_234,3.634,3.659,3.728,3.737,3.599,3.619,3.698,3.703,3.629,3.588,3.654,3.655,3.7,3.634,3.528,3.509,3.673,3.656,3.509,3.658,3.684,3.602,3.643,3.731,3.771,3.599,3.715,3.769,3.798,3.823,3.792,4.554,4.335,4.474,4.59,4.591,4.587,4.638,4.478,4.38,4.455,4.476,4.522,4.682,4.675,4.721,4.523,4.634,4.728,4.709,4.607,4.447,4.485,4.366,4.513,4.593,4.643,4.587,4.561,4.509,4.804,4.94,4.995,4.916,4.839,4.868,4.934,4.79,4.754,4.409,4.58,4.859,4.889,4.857,4.67,4.833,4.987,4.966,5.504,5.424,5.232,5.148,5.057,5.262,5.449,5.509,5.487,5.458,5.289,5.15,5.139,5.237,5.353,5.39,5.355,5.148,5.407,5.433,5.405,5.44,5.481,5.379,5.251,5.55,5.448,5.41,5.252,5.213,5.162,4.989,5.301,5.329,5.198,5.28,5.335,5.284,5.181,5.372,5.378,5.388,5.295,3.902,3.911,3.854,3.967,3.952,4.001,4.107,4.102,4.077,3.915,3.852,3.885,3.87,3.839,3.861,3.816,3.828,3.584,3.752,3.865,3.746,3.695,3.792,3.851,3.682,3.769,3.833,3.943,3.932,3.843,3.753,3.483,3.527,3.517,3.614,3.586,3.608,3.54,3.764,3.831,3.881,3.833,3.843,3.731,3.604,3.786,3.782,3.842,3.894,3.814,3.79,3.643,3.852,3.951,3.902,3.901,3.768,3.688,3.576,3.745,3.932,0.0,0.0,0.0,0.0,0.0,0.0,0.0,0.0,0.0,0.0,0.0,0.0,0.0,0.0,0.0,0.0,0.0,0.0,0.0,0.0,0.0,0.0,0.0,0.0,0.0,0.0,0.0,0.0,0.0,0.0,0.0,0.0,0.0,0.0,0.0,0.0,0.0,0.0,0.0,0.0,0.0,0.0,0.0,0.0,0.0,0.0,0.0,0.0,0.0,0.0,0.0,0.0,0.0,0.0,0.0,0.0,0.0,0.0,0.0,0.0,0.0,0.0,5.706,5.726,5.728,5.839,5.884,5.576,5.636,5.793,6.052,5.967,5.889,5.7,5.527,5.588,5.682,5.763,5.653,5.612,5.763,5.51,5.608,5.532,5.434,5.607,5.634,5.384,5.206,5.607,5.726,5.679,4.979,4.948,5.094,4.935,5.028,5.178,5.35,5.425,5.426,5.266,4.976,5.027,5.105,4.886,4.971,5.027,5.139,5.006,5.124,5.129,5.109,5.012,4.886,4.879,4.63,4.723,4.967,5.065,5.179,5.276,5.234,3.307,3.422,3.459,3.448,3.413,3.49,3.439,3.301,3.368,3.357,3.333,3.391,3.329,3.031,2.944,2.966,3.161,3.252,3.307,3.332,3.306,3.25,3.409,3.395,3.302,3.111,3.118,3.179,3.235,3.349,4.568,4.635,4.587,4.632,4.603,4.405,4.493,4.57,4.488,4.56,4.599,4.511,4.39,4.515,4.637,4.641,4.685,4.75,4.67,4.604,4.728,4.844,4.906,4.832,4.826,4.901,4.715,4.856,4.908,4.881,4.881,4.784,4.645,4.483,4.606,4.642,4.66,4.597,4.653,4.563,4.545,4.73,4.756,4.739,4.684,4.693,4.787,4.729,4.779,4.938,5.036,5.123,5.097,5.018,4.842,4.886,4.718,4.842,4.903,4.996,4.986,4.839,4.877,4.937,4.977,4.885,4.904,4.867,4.731,4.783,4.894,4.987,5.009,5.012,4.989,4.871,4.949,4.949,4.932,4.888,4.833,4.834,4.753,4.938,5.019,5.094,5.111,5.144,5.12,5.039,4.386,4.408,4.393,4.377,4.475,4.45,4.276,4.377,4.461,4.508,4.462,4.308,4.23,4.228,4.386,4.418,4.485,4.551,4.537,4.489,4.347,4.393,4.284,4.386,4.456,4.395,4.417,4.251,4.008,4.074,4.264,3.72,3.816,3.846,3.763,3.864,3.862,3.866,3.956,3.918,3.908,3.768,3.89,3.915,3.77,3.786,3.817,3.724,3.699,3.772,3.842,3.72,3.646,3.609,3.666,3.592,3.727,3.783,3.767,3.783,3.761,3.688,3.619,3.641,3.659,3.588,3.629,3.706,3.68,3.601,3.671,3.582,3.465,3.364,3.478,3.453,3.195,3.212,3.138,3.146,3.123,3.166,3.276,3.343,3.419,3.365,3.302,3.314,3.441,3.522,3.322,3.487,5.802,6.246,6.368,6.387,6.235,5.946,6.127,6.028,6.011,5.881,5.687,5.672,5.397,5.884,5.912,6.063,6.103,6.147,5.886,5.587,6.053,6.282,6.627,6.366,6.338,6.164,6.313,6.784,7.013,6.863,2.478,2.392,2.399,2.429,2.567,2.615,2.596,2.547,2.509,2.555,2.384,2.358,2.333,2.301,2.341,2.453,2.475,2.245,2.075,2.077,2.034,2.095,2.206,2.159,2.125,2.194,2.175,2.048,2.088,2.077,2.045,7.834,8.556,8.793,8.937,9.246,9.376,9.682,9.623,9.81,9.826,9.843,9.982,10.066,9.816,9.565,8.994,10.248,10.078,9.812,9.74,9.552,9.144,9.534,9.599,9.644,9.726,9.859,9.771,9.417,9.577,9.516,26.848,27.174,27.023,25.875,25.546,26.371,25.376,24.838,26.427,25.643,24.522,22.781,23.738,24.264,24.875,24.851,25.471,26.698,27.213,27.508,26.95,26.036,26.17,26.415,25.961,25.794,25.419,25.197,25.051,25.949,3.362,3.241,3.162,3.307,3.379,3.446,3.447,3.482,3.431,3.323,3.481,3.517,3.523,3.473,3.365,3.408,3.229,3.153,3.291,3.322,3.301,3.281,3.324,3.123,3.25,3.277,3.269,3.245,3.287,3.254,3.202,3.209,3.208,3.173,2.931,2.839,3.036,2.977,3.138,3.222,3.336,3.244,3.314,3.289,3.235,3.279,3.273,3.311,3.34,3.255,3.257,3.118,3.297,3.348,3.367,3.337,3.312,3.266,3.089,3.147,3.161,4.059,3.944,4.023,4.031,3.946,4.077,4.158,4.146,4.191,4.127,4.091,3.922,4.114,4.251,4.239,4.198,4.176,4.17,3.961,4.246,4.372,4.448,4.492,4.525,4.48,4.346,4.438,4.347,4.241,4.197,4.27,4.696,4.516,4.77,4.902,4.976,4.881,4.861,4.692,4.481,4.63,4.657,4.679,4.773,4.682,4.564,4.562,4.78,4.929,4.932,4.908,4.952,4.688,4.613,4.869,4.898,4.743,4.823,4.893,4.912,4.907,4.997,3.816,3.831,3.684,3.747,3.792,3.738,3.804,3.909,3.839,3.758,3.779,3.77,3.724,3.748,3.774,3.828,3.796,3.815,3.782,3.719,3.814,3.803,3.808,3.915,3.832,3.77,3.629,3.79,4.645,4.55,4.523,4.65,4.725,4.609,4.591,4.624,4.67,4.753,4.815,4.803,4.686,4.791,4.822,4.888,4.87,4.599,4.632,4.723,4.856,4.896,4.924,4.968,4.947,4.914,4.762,4.85,4.896,4.986,5.017,5.343,5.337,5.171,5.355,5.41,5.311,5.395,5.364,5.384,5.214,5.319,5.397,5.408,5.355,5.299,5.376,5.131,5.27,5.363,5.323,5.343,5.355,5.349,5.179,5.36,5.424,5.48,5.443,5.394,5.255,3.766,3.859,3.846,3.937,3.933,4.037,4.012,3.833,3.892,3.832,3.849,3.844,3.808,3.771,3.667,3.816,3.907,4.016,3.978,3.812,3.476,3.23,3.191,3.474,3.733,3.757,3.7,3.668,3.637,3.84,3.896,2.524,2.549,2.546,2.518,2.456,2.524,2.541,2.487,2.463,2.523,2.498,2.425,2.544,2.58,2.511,2.455,2.419,2.361,2.192,2.198,2.217,2.393,2.486,2.457,2.408,2.338,2.474,2.509,2.409,2.243,2.219,2.257,2.2,2.365,2.375,2.372,2.38,2.335,2.237,2.096,2.176,2.181,2.215,2.182,2.187,2.192,2.097,2.256,2.291,2.25,2.112,2.176,2.12,1.97,2.12,2.259,2.285,2.267,2.307,2.232,2.099,3.347,3.432,3.574,3.571,3.447,3.345,3.182,3.26,3.257,3.255,3.068,3.234,3.357,3.13,2.968,3.179,3.362,3.477,3.436,3.392,3.246,3.423,3.509,3.477,3.535,3.651,3.531,3.381,3.626,3.721,3.696,4.183,4.223,4.201,3.954,4.156,4.222,4.239,4.182,4.073,3.97,3.707,3.766,3.782,3.784,3.727,3.541,3.662,3.688,3.896,3.889,3.841,3.681,3.623,3.575,3.587,3.905,3.935,3.922,3.978,3.988,3.535,3.376,3.583,3.691,3.499,3.549,3.532,3.552,3.434,3.543,3.511,3.571,3.574,3.545,3.493,3.373,3.642,3.677,3.683,3.671,3.624,3.528,3.318,3.129,3.064,3.283,3.464,3.535,3.553,3.455,3.491,3.224,3.265,3.237,3.289,3.278,3.21,3.257,3.282,3.283,3.281,3.285,3.186,3.108,3.132,3.215,3.263,3.288,3.317,3.327,3.198,3.315,3.362,3.354,3.352,3.353,3.356,3.282,3.367,3.325,3.329,4.085,4.145,4.152,4.007,4.092,4.186,4.236,4.133,4.103,3.944,3.839,4.042,4.048,4.073,4.149,4.232,4.263,4.168,4.331,4.346,4.312,4.33,4.401,4.372,4.223,4.308,4.389,4.459,4.475,4.424,4.377,4.027,4.137,4.12,4.051,4.102,4.132,4.156,4.118,4.185,4.191,4.228,4.239,4.264,4.112,3.949,4.06,4.142,4.221,4.184,4.236,4.186,4.064,4.095,4.167,4.136,3.865,3.99,4.109,4.004,4.057,4.062,4.199,4.256,4.392,4.379,4.278,4.306,4.381,4.489,4.428,4.435,4.456,4.249,4.451,4.526,4.468,4.458,4.518,4.488,4.371,4.493,4.534,4.519,4.595,4.632,4.541,4.445,4.636,4.587,3.542,3.556,3.629,3.594,3.453,3.523,3.327,3.246,3.369,3.564,3.606,3.514,3.698,3.716,3.707,3.626,3.426,3.241,3.009,3.24,3.365,3.454,3.524,3.544,3.626,3.488,3.621,3.663,3.682,3.664,3.524,3.581,3.535,3.688,3.842,3.856,3.88,3.937,3.85,3.752,3.908,3.986,4.015,4.064,4.024,3.985,3.84,3.941,4.048,4.007,3.956,3.876,3.77,3.464,3.686,3.859,3.863,3.897,3.892,3.746,3.416,3.847,3.996,4.161,4.17,4.302,4.365,4.203,4.375,4.519,4.569,4.639,4.606,4.538,4.299,4.38,4.544,4.662,4.549,4.752,4.701,4.534,4.654,4.686,4.393,4.183,4.007,4.118,4.288,4.494,4.573,4.47,8.077,8.225,8.55,7.927,8.326,8.41,8.587,8.702,8.633,8.306,7.95,8.277,8.235,8.083,8.193,8.414,8.261,7.867,8.123,8.173,8.308,8.359,8.345,8.079,7.403,7.44,7.665,7.586,7.396,7.229,3.884,3.848,4.111,4.134,4.03,3.89,3.953,3.818,3.775,4.093,4.095,4.164,4.102,4.075,3.995,3.884,4.02,3.994,3.902,4.009,4.053,3.866,3.678,3.89,3.923,3.754,3.669,3.568,3.463,3.489,3.72,5.244,5.167,5.236,5.426,5.576,5.271,5.334,5.528,5.687,5.813,6.028,5.796,5.622,5.85,5.746,5.994,6.052,6.003,5.853,5.813,6.0,6.048,5.773,5.733,5.911,5.927,5.788,5.925,6.209,6.316,6.375,7.999,7.858,7.615,7.485,7.634,7.515,7.099,6.982,6.877,6.553,6.93,7.236,7.473,7.76,7.522,7.068,6.537,6.74,6.895,7.154,7.25,7.126,6.838,6.347,6.774,7.115,7.218,7.207,7.292,7.191,4.664,4.628,4.826,4.948,5.008,5.061,5.142,5.124,5.202,5.274,5.372,5.404,5.412,5.367,5.194,5.229,5.085,5.271,5.329,5.342,5.271,5.073,5.043,4.928,5.098,5.259,5.276,5.313,5.108,5.179,5.266,6.177,6.137,6.173,6.062,5.869,5.987,6.041,6.064,6.026,5.812,5.454,4.95,4.853,5.19,5.341,5.478,5.556,5.675,5.486,5.606,5.733,5.779,5.859,5.736,5.574,5.195,5.21,5.286,5.304,5.174,4.016,3.943,3.817,3.857,3.832,4.002,4.117,4.184,4.131,3.992,4.195,4.27,4.278,4.236,4.292,4.284,4.066,4.098,4.262,4.354,4.383,4.491,4.378,4.176,4.327,4.413,4.402,4.359,4.444,4.509,4.356,4.297,4.375,4.488,4.484,4.498,4.382,4.192,4.334,4.33,4.405,4.432,4.497,4.559,4.355,4.393,4.544,4.59,4.593,4.615,4.649,4.549,4.564,4.628,4.6,4.29,4.009,4.139,4.262,4.154,4.208,4.213,3.898,3.951,4.077,4.066,3.972,3.998,4.068,4.168,4.111,4.117,4.137,3.945,4.133,4.202,4.148,4.139,4.195,4.167,4.058,4.171,4.21,4.196,4.266,4.301,4.216,4.127,4.305,4.259,3.762,5.133,5.152,5.258,5.207,5.004,5.105,4.821,4.704,4.882,5.164,5.225,5.092,5.358,5.385,5.371,5.254,4.964,4.696,4.36,4.694,4.876,5.005,5.106,5.135,5.254,5.054,5.246,5.308,5.334,5.309,5.106,4.227,4.172,4.353,4.535,4.551,4.579,4.647,4.544,4.428,4.613,4.704,4.739,4.797,4.749,4.704,4.532,4.652,4.778,4.73,4.67,4.574,4.449,4.088,4.351,4.555,4.56,4.6,4.594,4.421,4.032,4.665,4.845,5.045,5.057,5.217,5.293,5.097,5.305,5.48,5.541,5.625,5.585,5.503,5.213,5.311,5.511,5.654,5.516,5.763,5.701,5.498,5.643,5.682,5.328,5.072,4.859,4.994,5.199,5.45,5.545,5.42,8.077,8.225,8.55,7.927,8.326,8.41,8.587,8.702,8.633,8.306,7.95,8.277,8.235,8.083,8.193,8.414,8.261,7.867,8.123,8.173,8.308,8.359,8.345,8.079,7.403,7.44,7.665,7.586,7.396,7.229,4.95,4.904,5.24,5.27,5.137,4.958,5.039,4.866,4.812,5.217,5.22,5.308,5.229,5.194,5.092,4.951,5.124,5.091,4.974,5.11,5.167,4.928,4.688,4.959,5.001,4.785,4.676,4.548,4.415,4.448,4.742,2.455,2.418,2.451,2.54,2.61,2.467,2.496,2.588,2.662,2.721,2.821,2.713,2.631,2.738,2.689,2.806,2.833,2.81,2.739,2.721,2.808,2.831,2.702,2.683,2.767,2.774,2.709,2.773,2.906,2.956,2.984,11.616,11.411,11.059,10.87,11.086,10.913,10.308,10.139,9.986,9.517,10.064,10.508,10.851,11.269,10.924,10.264,9.493,9.787,10.013,10.389,10.529,10.348,9.93,9.217,9.837,10.331,10.481,10.466,10.589,10.442,4.664,4.628,4.826,4.948,5.008,5.061,5.142,5.124,5.202,5.274,5.372,5.404,5.412,5.367,5.194,5.229,5.085,5.271,5.329,5.342,5.271,5.073,5.043,4.928,5.098,5.259,5.276,5.313,5.108,5.179,5.266,6.177,6.137,6.173,6.062,5.869,5.987,6.041,6.064,6.026,5.812,5.454,4.95,4.853,5.19,5.341,5.478,5.556,5.675,5.486,5.606,5.733,5.779,5.859,5.736,5.574,5.195,5.21,5.286,5.304,5.174,4.016,3.943,3.817,3.857,3.832,4.002,4.117,4.184,4.131,3.992,4.195,4.27,4.278,4.236,4.292,4.284,4.066,4.098,4.262,4.354,4.383,4.491,4.378,4.176,4.327,4.413,4.402,4.359,4.444,4.509,4.356
Guntur_235,3.76,3.786,3.858,3.867,3.723,3.745,3.826,3.831,3.755,3.713,3.781,3.782,3.828,3.76,3.651,3.631,3.8,3.783,3.63,3.785,3.812,3.727,3.769,3.86,3.902,3.724,3.844,3.9,3.93,3.956,3.924,4.272,4.067,4.197,4.305,4.306,4.302,4.35,4.201,4.108,4.179,4.198,4.242,4.392,4.385,4.428,4.242,4.346,4.435,4.417,4.321,4.171,4.206,4.096,4.233,4.308,4.355,4.303,4.278,4.229,4.594,4.725,4.777,4.702,4.628,4.656,4.719,4.581,4.547,4.216,4.381,4.647,4.676,4.646,4.467,4.623,4.77,4.75,5.265,5.188,5.004,4.923,4.836,5.033,5.211,5.269,5.248,5.22,5.058,4.926,4.915,5.606,5.73,5.769,5.733,5.51,5.787,5.815,5.786,5.823,5.867,5.758,5.621,5.941,5.832,5.79,5.621,5.58,5.526,5.341,5.675,5.704,5.564,5.652,5.711,5.656,5.546,5.751,5.757,5.767,5.668,4.09,4.099,4.039,4.158,4.142,4.193,4.304,4.299,4.272,4.103,4.037,4.072,4.056,4.023,4.046,3.999,4.012,3.756,3.933,4.051,3.926,3.872,3.974,4.036,3.858,3.95,4.017,4.132,4.121,4.027,3.934,4.247,4.301,4.289,4.406,4.373,4.4,4.317,4.589,4.671,4.732,4.673,4.686,4.55,4.394,4.616,4.612,4.684,4.748,4.651,4.621,4.442,4.697,4.818,4.758,4.757,4.595,4.497,4.36,4.566,4.794,0.0,0.0,0.0,0.0,0.0,0.0,0.0,0.0,0.0,0.0,0.0,0.0,0.0,0.0,0.0,0.0,0.0,0.0,0.0,0.0,0.0,0.0,0.0,0.0,0.0,0.0,0.0,0.0,0.0,0.0,0.0,0.0,0.0,0.0,0.0,0.0,0.0,0.0,0.0,0.0,0.0,0.0,0.0,0.0,0.0,0.0,0.0,0.0,0.0,0.0,0.0,0.0,0.0,0.0,0.0,0.0,0.0,0.0,0.0,0.0,0.0,0.0,2.989,2.999,3.0,3.058,3.082,2.92,2.952,3.034,3.17,3.125,3.084,2.985,2.895,2.927,2.976,3.018,2.961,2.939,3.018,2.886,2.937,2.897,2.846,2.936,2.951,2.82,2.726,2.936,2.999,2.974,4.979,4.948,5.094,4.935,5.028,5.178,5.35,5.425,5.426,5.266,4.976,5.027,5.105,4.886,4.971,5.027,5.139,5.006,5.124,5.129,5.109,5.012,4.886,4.879,4.63,4.723,4.967,5.065,5.179,5.276,5.234,4.207,4.354,4.401,4.386,4.342,4.439,4.375,4.199,4.285,4.27,4.24,4.314,4.236,3.856,3.746,3.774,4.021,4.137,4.208,4.239,4.206,4.135,4.337,4.319,4.201,3.958,3.967,4.044,4.116,4.26,4.16,4.221,4.177,4.218,4.192,4.011,4.091,4.162,4.087,4.153,4.189,4.109,3.998,4.112,4.223,4.227,4.266,4.326,4.253,4.193,4.305,4.412,4.468,4.401,4.395,4.463,4.294,4.422,4.469,4.445,4.446,4.1,3.98,3.842,3.947,3.978,3.994,3.94,3.987,3.91,3.895,4.054,4.076,4.061,4.014,4.021,4.102,4.052,4.095,4.232,4.316,4.39,4.368,4.3,4.149,4.187,4.043,4.15,4.202,4.281,4.273,4.147,4.378,4.432,4.467,4.385,4.401,4.369,4.247,4.293,4.393,4.476,4.496,4.499,4.478,4.372,4.442,4.442,4.427,4.387,4.338,4.339,4.267,4.433,4.505,4.572,4.587,4.618,4.596,4.523,4.038,4.059,4.045,4.031,4.121,4.097,3.938,4.03,4.107,4.151,4.108,3.967,3.895,3.893,4.038,4.068,4.13,4.191,4.178,4.134,4.003,4.045,3.945,4.039,4.103,4.046,4.067,3.914,3.69,3.751,3.926,3.54,3.63,3.659,3.581,3.676,3.675,3.678,3.764,3.727,3.719,3.585,3.701,3.724,3.587,3.602,3.632,3.543,3.519,3.589,3.656,3.539,3.469,3.433,3.488,3.418,3.546,3.6,3.584,3.599,3.578,2.602,2.553,2.568,2.581,2.531,2.56,2.614,2.596,2.54,2.589,2.526,2.444,2.373,2.453,2.435,2.254,2.266,2.214,2.219,2.203,2.233,2.311,2.358,2.412,2.373,2.329,2.338,2.427,2.485,2.343,2.46,3.885,4.182,4.264,4.277,4.175,3.981,4.102,4.036,4.025,3.938,3.807,3.798,3.613,3.939,3.959,4.06,4.086,4.116,3.941,3.741,4.053,4.206,4.437,4.263,4.244,4.127,4.227,4.542,4.696,4.595,3.494,3.373,3.383,3.424,3.619,3.687,3.661,3.591,3.538,3.602,3.361,3.325,3.289,3.245,3.301,3.458,3.489,3.166,2.925,2.929,2.868,2.954,3.11,3.044,2.996,3.094,3.066,2.887,2.943,2.928,2.884,7.834,8.556,8.793,8.937,9.246,9.376,9.682,9.623,9.81,9.826,9.843,9.982,10.066,9.816,9.565,8.994,10.248,10.078,9.812,9.74,9.552,9.144,9.534,9.599,9.644,9.726,9.859,9.771,9.417,9.577,9.516,0.0,0.0,0.0,0.0,0.0,0.0,0.0,0.0,0.0,0.0,0.0,0.0,0.0,0.0,0.0,0.0,0.0,0.0,0.0,0.0,0.0,0.0,0.0,0.0,0.0,0.0,0.0,0.0,0.0,0.0,2.902,2.797,2.729,2.854,2.916,2.974,2.975,3.005,2.961,2.868,3.004,3.035,3.04,2.998,2.904,2.941,2.787,2.721,2.84,2.867,2.849,2.832,2.869,2.695,2.805,2.828,2.821,2.801,2.837,2.808,2.763,3.52,3.52,3.481,3.216,3.115,3.331,3.266,3.442,3.535,3.66,3.559,3.636,3.609,3.55,3.598,3.592,3.633,3.664,3.572,3.574,3.421,3.618,3.673,3.695,3.661,3.634,3.583,3.389,3.452,3.468,3.203,3.112,3.174,3.181,3.113,3.216,3.28,3.271,3.307,3.256,3.228,3.094,3.246,3.354,3.344,3.312,3.295,3.29,3.125,3.35,3.45,3.509,3.544,3.57,3.535,3.429,3.501,3.429,3.346,3.312,3.369,3.119,2.999,3.168,3.255,3.305,3.242,3.228,3.116,2.976,3.075,3.093,3.108,3.17,3.11,3.031,3.03,3.175,3.273,3.275,3.26,3.289,3.114,3.063,3.234,3.253,3.15,3.203,3.249,3.262,3.259,3.319,3.91,3.926,3.775,3.84,3.886,3.831,3.898,4.006,3.934,3.851,3.872,3.863,3.816,3.841,3.867,3.923,3.89,3.91,3.876,3.811,3.909,3.898,3.903,4.012,3.927,3.864,3.719,3.884,4.135,4.051,4.027,4.139,4.206,4.103,4.087,4.117,4.158,4.231,4.286,4.276,4.172,4.265,4.293,4.351,4.335,4.094,4.123,4.204,4.323,4.359,4.383,4.423,4.404,4.375,4.239,4.318,4.359,4.439,4.466,4.439,4.435,4.297,4.45,4.496,4.413,4.483,4.457,4.474,4.333,4.42,4.484,4.493,4.45,4.404,4.467,4.263,4.379,4.456,4.423,4.44,4.45,4.444,4.304,4.454,4.507,4.553,4.523,4.482,4.367,3.42,3.505,3.492,3.575,3.572,3.667,3.644,3.481,3.534,3.48,3.495,3.491,3.458,3.424,3.33,3.465,3.548,3.648,3.612,3.462,3.157,2.933,2.898,3.155,3.39,3.412,3.36,3.331,3.303,3.488,3.538,2.776,2.804,2.801,2.769,2.702,2.776,2.795,2.735,2.71,2.775,2.748,2.668,2.799,2.838,2.762,2.701,2.661,2.597,2.411,2.418,2.438,2.632,2.735,2.703,2.649,2.572,2.722,2.76,2.65,2.468,2.441,2.483,2.42,2.601,2.613,2.609,2.618,2.569,2.461,2.306,2.393,2.399,2.436,2.4,2.406,2.411,2.306,2.481,2.52,2.475,2.323,2.393,2.332,2.167,2.332,2.485,2.513,2.493,2.538,2.455,2.309,2.845,2.917,3.038,3.035,2.929,2.843,2.704,2.771,2.768,2.767,2.607,2.749,2.853,2.66,2.522,2.701,2.857,2.955,2.92,2.883,2.759,2.909,2.982,2.955,3.004,3.103,3.001,2.874,3.082,3.162,3.142,3.313,3.344,3.327,3.132,3.292,3.344,3.357,3.312,3.226,3.144,2.936,2.983,2.995,2.997,2.951,2.805,2.9,2.921,3.086,3.08,3.042,2.916,2.869,2.831,2.841,3.093,3.116,3.106,3.15,3.159,3.453,3.298,3.5,3.605,3.417,3.467,3.45,3.47,3.354,3.461,3.429,3.488,3.491,3.462,3.412,3.294,3.557,3.592,3.598,3.586,3.54,3.446,3.241,3.057,2.993,3.207,3.384,3.453,3.471,3.375,3.41,3.107,3.146,3.119,3.17,3.159,3.093,3.138,3.163,3.164,3.162,3.165,3.071,2.996,3.018,3.098,3.145,3.168,3.196,3.206,3.082,3.194,3.239,3.232,3.231,3.231,3.234,3.163,3.244,3.205,3.208,3.375,3.424,3.43,3.31,3.38,3.458,3.499,3.414,3.389,3.258,3.171,3.339,3.344,3.364,3.427,3.496,3.522,3.443,3.578,3.59,3.562,3.577,3.635,3.612,3.488,3.559,3.626,3.684,3.697,3.654,3.616,3.511,3.607,3.592,3.532,3.576,3.602,3.623,3.59,3.648,3.654,3.687,3.696,3.717,3.585,3.443,3.54,3.612,3.68,3.648,3.693,3.649,3.544,3.57,3.633,3.606,3.37,3.479,3.582,3.491,3.537,3.541,3.792,3.844,3.967,3.955,3.864,3.89,3.957,4.055,3.999,4.005,4.024,3.838,4.02,4.087,4.035,4.026,4.08,4.054,3.948,4.058,4.095,4.082,4.15,4.184,4.101,4.015,4.188,4.143,3.986,4.001,4.083,4.044,3.886,3.965,3.744,3.653,3.791,4.01,4.057,3.954,4.161,4.182,4.171,4.08,3.855,3.647,3.386,3.645,3.786,3.887,3.965,3.988,4.081,3.925,4.074,4.122,4.143,4.123,3.966,3.333,3.289,3.432,3.576,3.588,3.61,3.664,3.582,3.491,3.637,3.709,3.736,3.782,3.744,3.709,3.573,3.668,3.767,3.729,3.682,3.607,3.508,3.223,3.43,3.591,3.595,3.627,3.622,3.486,3.179,3.917,4.069,4.237,4.246,4.38,4.444,4.28,4.455,4.601,4.653,4.724,4.69,4.621,4.377,4.46,4.627,4.747,4.632,4.839,4.787,4.617,4.739,4.772,4.474,4.259,4.08,4.194,4.366,4.576,4.656,4.551,3.968,4.041,4.2,3.894,4.09,4.132,4.218,4.275,4.241,4.08,3.906,4.066,4.045,3.971,4.025,4.133,4.058,3.864,3.99,4.015,4.081,4.106,4.099,3.969,3.637,3.655,3.766,3.727,3.633,3.551,3.884,3.848,4.111,4.134,4.03,3.89,3.953,3.818,3.775,4.093,4.095,4.164,4.102,4.075,3.995,3.884,4.02,3.994,3.902,4.009,4.053,3.866,3.678,3.89,3.923,3.754,3.669,3.568,3.463,3.489,3.72,0.0,0.0,0.0,0.0,0.0,0.0,0.0,0.0,0.0,0.0,0.0,0.0,0.0,0.0,0.0,0.0,0.0,0.0,0.0,0.0,0.0,0.0,0.0,0.0,0.0,0.0,0.0,0.0,0.0,0.0,0.0,4.733,4.649,4.505,4.428,4.517,4.446,4.2,4.131,4.068,3.877,4.1,4.281,4.421,4.591,4.45,4.182,3.867,3.987,4.079,4.233,4.289,4.216,4.045,3.755,4.008,4.209,4.27,4.264,4.314,4.254,4.575,4.54,4.734,4.854,4.912,4.964,5.043,5.026,5.103,5.173,5.269,5.3,5.309,5.264,5.094,5.129,4.987,5.17,5.227,5.24,5.17,4.976,4.947,4.834,5.0,5.158,5.175,5.211,5.01,5.08,5.165,5.471,5.435,5.467,5.369,5.198,5.302,5.35,5.37,5.337,5.148,4.83,4.384,4.298,4.596,4.731,4.852,4.92,5.026,4.858,4.965,5.078,5.118,5.189,5.08,4.937,4.601,4.615,4.682,4.697,4.583,3.694,3.627,3.511,3.548,3.525,3.681,3.786,3.848,3.8,3.671,3.858,3.927,3.935,3.896,3.947,3.94,3.739,3.769,3.92,4.005,4.031,4.131,4.027,3.841,3.98,4.059,4.049,4.009,4.088,4.147,4.007,3.751,3.819,3.918,3.914,3.927,3.825,3.659,3.784,3.78,3.846,3.869,3.925,3.98,3.801,3.835,3.967,4.007,4.01,4.029,4.058,3.971,3.984,4.04,4.016,3.745,3.5,3.613,3.72,3.626,3.673,3.678,3.893,3.946,4.072,4.06,3.967,3.993,4.062,4.162,4.105,4.112,4.131,3.94,4.127,4.196,4.143,4.133,4.189,4.162,4.053,4.166,4.204,4.191,4.26,4.295,4.211,4.121,4.299,4.254,3.757,4.608,4.625,4.72,4.674,4.492,4.583,4.328,4.222,4.382,4.636,4.69,4.571,4.81,4.834,4.821,4.716,4.456,4.215,3.914,4.214,4.377,4.493,4.584,4.609,4.717,4.537,4.709,4.765,4.789,4.766,4.584,3.568,3.522,3.674,3.828,3.841,3.865,3.923,3.835,3.738,3.894,3.971,4.0,4.049,4.009,3.97,3.826,3.926,4.033,3.992,3.942,3.861,3.756,3.451,3.672,3.845,3.849,3.883,3.878,3.732,3.403,3.458,3.592,3.74,3.749,3.867,3.924,3.778,3.933,4.062,4.108,4.17,4.14,4.08,3.864,3.937,4.085,4.191,4.089,4.272,4.226,4.076,4.184,4.213,3.95,3.76,3.602,3.702,3.855,4.04,4.111,4.018,3.968,4.041,4.2,3.894,4.09,4.132,4.218,4.275,4.241,4.08,3.906,4.066,4.045,3.971,4.025,4.133,4.058,3.864,3.99,4.015,4.081,4.106,4.099,3.969,3.637,3.655,3.766,3.727,3.633,3.551,3.67,3.636,3.885,3.907,3.808,3.676,3.736,3.608,3.567,3.868,3.87,3.935,3.877,3.851,3.775,3.67,3.799,3.775,3.687,3.788,3.83,3.654,3.476,3.676,3.708,3.547,3.467,3.372,3.273,3.297,3.516,3.09,3.044,3.085,3.197,3.285,3.105,3.142,3.257,3.35,3.425,3.551,3.415,3.312,3.446,3.385,3.531,3.565,3.537,3.448,3.424,3.535,3.563,3.401,3.377,3.482,3.491,3.41,3.49,3.658,3.721,3.756,5.336,5.241,5.08,4.993,5.092,5.013,4.735,4.657,4.587,4.371,4.623,4.827,4.984,5.176,5.018,4.715,4.36,4.496,4.6,4.772,4.836,4.753,4.561,4.234,4.519,4.746,4.815,4.807,4.864,4.797,4.575,4.54,4.734,4.854,4.912,4.964,5.043,5.026,5.103,5.173,5.269,5.3,5.309,5.264,5.094,5.129,4.987,5.17,5.227,5.24,5.17,4.976,4.947,4.834,5.0,5.158,5.175,5.211,5.01,5.08,5.165,5.471,5.435,5.467,5.369,5.198,5.302,5.35,5.37,5.337,5.148,4.83,4.384,4.298,4.596,4.731,4.852,4.92,5.026,4.858,4.965,5.078,5.118,5.189,5.08,4.937,4.601,4.615,4.682,4.697,4.583,3.694,3.627,3.511,3.548,3.525,3.681,3.786,3.848,3.8,3.671,3.858,3.927,3.935,3.896,3.947,3.94,3.739,3.769,3.92,4.005,4.031,4.131,4.027,3.841,3.98,4.059,4.049,4.009,4.088,4.147,4.007
Guntur_236,2.593,2.611,2.66,2.667,2.568,2.582,2.639,2.642,2.589,2.56,2.607,2.608,2.64,2.593,2.517,2.504,2.621,2.609,2.503,2.61,2.629,2.57,2.599,2.662,2.691,2.568,2.651,2.689,2.71,2.728,2.706,2.383,2.269,2.341,2.402,2.402,2.4,2.427,2.343,2.292,2.331,2.342,2.366,2.45,2.446,2.47,2.367,2.425,2.474,2.464,2.41,2.327,2.347,2.285,2.362,2.403,2.43,2.4,2.386,2.359,2.925,3.008,3.042,2.994,2.947,2.965,3.005,2.917,2.895,2.685,2.789,2.959,2.977,2.958,2.844,2.943,3.037,3.024,3.352,3.303,3.186,3.135,3.079,3.204,3.318,3.355,3.342,3.324,3.221,3.136,3.129,3.663,3.745,3.77,3.746,3.601,3.782,3.8,3.781,3.806,3.834,3.763,3.673,3.882,3.811,3.784,3.674,3.647,3.611,3.49,3.708,3.728,3.636,3.694,3.732,3.696,3.624,3.758,3.762,3.769,3.704,3.145,3.152,3.106,3.197,3.185,3.224,3.309,3.306,3.285,3.155,3.104,3.131,3.119,3.094,3.111,3.075,3.085,2.888,3.024,3.115,3.018,2.977,3.055,3.103,2.967,3.037,3.089,3.177,3.169,3.096,3.025,1.676,1.697,1.693,1.739,1.726,1.736,1.704,1.811,1.843,1.867,1.844,1.849,1.795,1.734,1.822,1.82,1.848,1.874,1.835,1.823,1.753,1.853,1.901,1.878,1.877,1.813,1.775,1.721,1.802,1.892,0.0,0.0,0.0,0.0,0.0,0.0,0.0,0.0,0.0,0.0,0.0,0.0,0.0,0.0,0.0,0.0,0.0,0.0,0.0,0.0,0.0,0.0,0.0,0.0,0.0,0.0,0.0,0.0,0.0,0.0,0.0,0.0,0.0,0.0,0.0,0.0,0.0,0.0,0.0,0.0,0.0,0.0,0.0,0.0,0.0,0.0,0.0,0.0,0.0,0.0,0.0,0.0,0.0,0.0,0.0,0.0,0.0,0.0,0.0,0.0,0.0,0.0,2.923,2.933,2.934,2.991,3.014,2.856,2.887,2.967,3.1,3.057,3.017,2.92,2.831,2.863,2.911,2.952,2.896,2.875,2.952,2.823,2.873,2.834,2.784,2.872,2.886,2.758,2.667,2.872,2.933,2.909,3.784,3.76,3.872,3.751,3.821,3.935,4.066,4.123,4.124,4.002,3.781,3.821,3.88,3.714,3.778,3.82,3.906,3.805,3.894,3.898,3.883,3.809,3.713,3.708,3.519,3.59,3.775,3.849,3.936,4.009,3.978,2.611,2.702,2.731,2.722,2.695,2.755,2.715,2.606,2.66,2.65,2.632,2.678,2.629,2.393,2.325,2.342,2.496,2.568,2.611,2.631,2.61,2.566,2.691,2.681,2.607,2.456,2.462,2.51,2.554,2.644,2.303,2.337,2.312,2.335,2.321,2.22,2.265,2.304,2.262,2.299,2.319,2.274,2.213,2.276,2.337,2.34,2.362,2.394,2.354,2.321,2.383,2.442,2.473,2.436,2.433,2.47,2.377,2.448,2.474,2.461,2.461,2.904,2.819,2.721,2.795,2.818,2.829,2.79,2.824,2.769,2.759,2.871,2.887,2.877,2.843,2.848,2.905,2.87,2.901,2.997,3.057,3.109,3.093,3.046,2.939,2.966,2.864,2.939,2.976,3.032,3.026,2.937,2.705,2.738,2.76,2.709,2.719,2.699,2.623,2.652,2.714,2.765,2.778,2.779,2.767,2.701,2.744,2.744,2.735,2.71,2.68,2.681,2.636,2.738,2.783,2.825,2.834,2.853,2.839,2.794,3.539,3.557,3.545,3.532,3.611,3.591,3.451,3.532,3.599,3.638,3.6,3.476,3.413,3.412,3.539,3.565,3.619,3.672,3.661,3.623,3.508,3.545,3.457,3.539,3.596,3.546,3.564,3.43,3.234,3.287,3.441,2.749,2.819,2.841,2.781,2.855,2.854,2.856,2.923,2.895,2.888,2.784,2.874,2.892,2.785,2.797,2.82,2.752,2.733,2.787,2.839,2.749,2.694,2.666,2.708,2.654,2.754,2.795,2.784,2.795,2.779,2.285,2.243,2.256,2.267,2.223,2.249,2.297,2.28,2.231,2.275,2.219,2.147,2.085,2.155,2.139,1.98,1.99,1.945,1.949,1.935,1.962,2.03,2.072,2.119,2.085,2.046,2.054,2.132,2.183,2.058,2.161,1.643,1.769,1.804,1.809,1.766,1.684,1.735,1.707,1.702,1.666,1.611,1.607,1.529,1.666,1.675,1.717,1.729,1.741,1.667,1.583,1.714,1.779,1.877,1.803,1.795,1.746,1.788,1.922,1.986,1.944,0.0,0.0,0.0,0.0,0.0,0.0,0.0,0.0,0.0,0.0,0.0,0.0,0.0,0.0,0.0,0.0,0.0,0.0,0.0,0.0,0.0,0.0,0.0,0.0,0.0,0.0,0.0,0.0,0.0,0.0,0.0,4.694,5.126,5.268,5.355,5.54,5.618,5.801,5.766,5.878,5.887,5.898,5.981,6.031,5.881,5.731,5.389,6.14,6.038,5.879,5.836,5.723,5.479,5.712,5.752,5.779,5.828,5.907,5.854,5.642,5.738,5.701,0.0,0.0,0.0,0.0,0.0,0.0,0.0,0.0,0.0,0.0,0.0,0.0,0.0,0.0,0.0,0.0,0.0,0.0,0.0,0.0,0.0,0.0,0.0,0.0,0.0,0.0,0.0,0.0,0.0,0.0,2.291,2.209,2.155,2.254,2.303,2.348,2.35,2.373,2.339,2.265,2.372,2.397,2.401,2.367,2.293,2.323,2.201,2.149,2.243,2.264,2.25,2.236,2.265,2.128,2.215,2.233,2.228,2.212,2.24,2.218,2.182,2.661,2.661,2.631,2.431,2.354,2.518,2.469,2.602,2.672,2.766,2.691,2.748,2.728,2.683,2.719,2.715,2.746,2.77,2.7,2.701,2.586,2.735,2.776,2.793,2.768,2.747,2.709,2.562,2.61,2.622,2.024,1.967,2.006,2.01,1.968,2.033,2.074,2.068,2.09,2.058,2.04,1.956,2.052,2.12,2.114,2.093,2.083,2.08,1.976,2.117,2.181,2.218,2.24,2.257,2.234,2.167,2.213,2.168,2.115,2.093,2.129,2.324,2.235,2.361,2.426,2.463,2.416,2.406,2.322,2.218,2.292,2.305,2.316,2.362,2.317,2.259,2.258,2.366,2.439,2.441,2.429,2.451,2.32,2.283,2.41,2.424,2.347,2.387,2.422,2.431,2.429,2.473,2.709,2.72,2.616,2.661,2.693,2.654,2.701,2.776,2.726,2.668,2.683,2.677,2.644,2.661,2.68,2.718,2.695,2.709,2.685,2.641,2.709,2.701,2.704,2.78,2.721,2.677,2.577,2.691,3.011,2.949,2.932,3.014,3.062,2.987,2.976,2.997,3.027,3.08,3.121,3.113,3.037,3.105,3.125,3.168,3.156,2.98,3.002,3.061,3.147,3.173,3.191,3.22,3.206,3.185,3.086,3.143,3.173,3.232,3.251,3.638,3.635,3.522,3.647,3.685,3.617,3.674,3.653,3.667,3.551,3.622,3.675,3.683,3.647,3.609,3.661,3.494,3.589,3.652,3.625,3.639,3.647,3.643,3.527,3.651,3.694,3.732,3.707,3.674,3.579,3.29,3.371,3.359,3.439,3.435,3.526,3.505,3.348,3.399,3.347,3.362,3.358,3.326,3.294,3.203,3.333,3.413,3.508,3.474,3.329,3.036,2.821,2.787,3.035,3.261,3.281,3.232,3.204,3.177,3.355,3.403,2.776,2.804,2.801,2.769,2.702,2.776,2.795,2.735,2.71,2.775,2.748,2.668,2.799,2.838,2.762,2.701,2.661,2.597,2.411,2.418,2.438,2.632,2.735,2.703,2.649,2.572,2.722,2.76,2.65,2.468,2.441,2.483,2.42,2.601,2.613,2.609,2.618,2.569,2.461,2.306,2.393,2.399,2.436,2.4,2.406,2.411,2.306,2.481,2.52,2.475,2.323,2.393,2.332,2.167,2.332,2.485,2.513,2.493,2.538,2.455,2.309,2.54,2.605,2.713,2.711,2.616,2.539,2.415,2.474,2.472,2.471,2.329,2.455,2.548,2.375,2.253,2.413,2.552,2.639,2.608,2.575,2.464,2.598,2.663,2.639,2.683,2.771,2.68,2.566,2.752,2.824,2.806,3.048,3.078,3.062,2.882,3.029,3.077,3.089,3.048,2.968,2.893,2.702,2.745,2.757,2.758,2.716,2.581,2.669,2.688,2.84,2.835,2.8,2.683,2.64,2.606,2.614,2.846,2.868,2.858,2.899,2.907,2.297,2.195,2.329,2.399,2.274,2.307,2.296,2.309,2.232,2.303,2.282,2.321,2.323,2.304,2.271,2.192,2.367,2.39,2.394,2.386,2.356,2.293,2.157,2.034,1.991,2.134,2.252,2.298,2.31,2.246,2.269,2.823,2.859,2.834,2.88,2.87,2.811,2.852,2.874,2.875,2.874,2.876,2.79,2.722,2.743,2.815,2.858,2.879,2.904,2.914,2.8,2.903,2.944,2.937,2.936,2.936,2.939,2.875,2.948,2.912,2.915,2.61,2.649,2.653,2.56,2.615,2.675,2.707,2.641,2.622,2.52,2.453,2.583,2.587,2.602,2.651,2.704,2.724,2.663,2.768,2.777,2.755,2.767,2.812,2.794,2.698,2.753,2.805,2.849,2.86,2.827,2.797,2.895,2.973,2.961,2.911,2.948,2.969,2.987,2.96,3.007,3.012,3.039,3.047,3.064,2.956,2.838,2.918,2.977,3.034,3.007,3.044,3.008,2.921,2.943,2.995,2.973,2.778,2.868,2.953,2.878,2.916,2.919,2.422,2.455,2.534,2.526,2.468,2.485,2.528,2.59,2.554,2.559,2.57,2.451,2.568,2.611,2.578,2.572,2.606,2.589,2.522,2.592,2.616,2.607,2.651,2.672,2.62,2.564,2.675,2.647,3.359,3.372,3.441,3.408,3.275,3.341,3.155,3.078,3.195,3.38,3.419,3.333,3.507,3.524,3.515,3.439,3.249,3.073,2.853,3.072,3.191,3.275,3.342,3.361,3.439,3.308,3.433,3.474,3.491,3.474,3.342,2.916,2.878,3.003,3.129,3.14,3.159,3.206,3.135,3.055,3.182,3.246,3.269,3.309,3.276,3.245,3.127,3.209,3.296,3.263,3.222,3.156,3.069,2.82,3.001,3.142,3.146,3.174,3.169,3.05,2.782,2.999,3.114,3.243,3.25,3.353,3.402,3.276,3.41,3.522,3.561,3.616,3.59,3.537,3.35,3.414,3.542,3.634,3.545,3.704,3.664,3.534,3.627,3.652,3.424,3.26,3.123,3.21,3.342,3.503,3.564,3.484,3.705,3.773,3.922,3.636,3.819,3.858,3.939,3.992,3.96,3.81,3.647,3.797,3.777,3.708,3.758,3.86,3.789,3.609,3.726,3.749,3.811,3.834,3.828,3.706,3.396,3.413,3.516,3.48,3.393,3.316,2.227,2.206,2.357,2.37,2.31,2.23,2.266,2.189,2.164,2.347,2.348,2.388,2.352,2.336,2.29,2.227,2.305,2.29,2.237,2.298,2.324,2.217,2.109,2.23,2.249,2.152,2.103,2.046,1.986,2.0,2.133,0.0,0.0,0.0,0.0,0.0,0.0,0.0,0.0,0.0,0.0,0.0,0.0,0.0,0.0,0.0,0.0,0.0,0.0,0.0,0.0,0.0,0.0,0.0,0.0,0.0,0.0,0.0,0.0,0.0,0.0,0.0,3.224,3.167,3.069,3.017,3.077,3.029,2.861,2.814,2.772,2.641,2.793,2.917,3.012,3.128,3.032,2.849,2.635,2.717,2.779,2.884,2.922,2.872,2.756,2.558,2.73,2.868,2.909,2.905,2.939,2.898,3.352,3.326,3.468,3.556,3.599,3.637,3.695,3.682,3.738,3.79,3.86,3.883,3.889,3.857,3.732,3.757,3.654,3.787,3.829,3.839,3.788,3.645,3.624,3.541,3.663,3.779,3.791,3.818,3.67,3.722,3.784,3.629,3.605,3.626,3.561,3.448,3.517,3.549,3.562,3.54,3.415,3.204,2.908,2.851,3.049,3.138,3.218,3.264,3.334,3.222,3.293,3.368,3.395,3.442,3.369,3.274,3.052,3.061,3.106,3.116,3.04,2.801,2.75,2.663,2.69,2.673,2.792,2.872,2.918,2.882,2.784,2.926,2.978,2.984,2.955,2.994,2.988,2.836,2.859,2.973,3.037,3.057,3.133,3.054,2.913,3.018,3.078,3.071,3.041,3.1,3.145,3.039,3.136,3.192,3.275,3.272,3.283,3.198,3.059,3.163,3.16,3.215,3.234,3.281,3.327,3.178,3.206,3.316,3.349,3.352,3.368,3.392,3.319,3.33,3.377,3.357,3.131,2.926,3.02,3.11,3.031,3.071,3.074,3.01,3.051,3.148,3.139,3.067,3.087,3.14,3.218,3.174,3.179,3.194,3.046,3.191,3.244,3.203,3.195,3.239,3.217,3.133,3.221,3.25,3.24,3.294,3.32,3.255,3.186,3.323,3.288,2.905,4.101,4.117,4.201,4.161,3.998,4.079,3.852,3.758,3.901,4.126,4.175,4.069,4.282,4.302,4.291,4.198,3.967,3.752,3.483,3.751,3.896,3.999,4.08,4.103,4.198,4.038,4.192,4.241,4.262,4.242,4.08,2.875,2.837,2.961,3.084,3.095,3.114,3.161,3.09,3.012,3.137,3.2,3.223,3.262,3.23,3.199,3.082,3.164,3.25,3.217,3.176,3.111,3.026,2.78,2.959,3.098,3.101,3.129,3.124,3.007,2.742,2.807,2.915,3.035,3.042,3.138,3.184,3.066,3.192,3.297,3.333,3.384,3.36,3.311,3.136,3.195,3.315,3.401,3.318,3.467,3.43,3.308,3.395,3.419,3.205,3.051,2.923,3.005,3.128,3.279,3.336,3.261,3.705,3.773,3.922,3.636,3.819,3.858,3.939,3.992,3.96,3.81,3.647,3.797,3.777,3.708,3.758,3.86,3.789,3.609,3.726,3.749,3.811,3.834,3.828,3.706,3.396,3.413,3.516,3.48,3.393,3.316,2.978,2.951,3.153,3.171,3.09,2.983,3.032,2.928,2.895,3.139,3.141,3.194,3.146,3.125,3.063,2.978,3.083,3.063,2.992,3.074,3.108,2.965,2.821,2.983,3.009,2.879,2.813,2.736,2.656,2.676,2.853,2.529,2.491,2.525,2.616,2.689,2.541,2.572,2.666,2.742,2.803,2.907,2.795,2.711,2.821,2.771,2.89,2.918,2.895,2.822,2.803,2.893,2.916,2.784,2.764,2.85,2.858,2.791,2.857,2.994,3.045,3.074,2.24,2.201,2.133,2.096,2.138,2.105,1.988,1.955,1.926,1.835,1.941,2.027,2.093,2.173,2.107,1.979,1.831,1.888,1.931,2.004,2.031,1.996,1.915,1.778,1.897,1.992,2.021,2.018,2.042,2.014,3.352,3.326,3.468,3.556,3.599,3.637,3.695,3.682,3.738,3.79,3.86,3.883,3.889,3.857,3.732,3.757,3.654,3.787,3.829,3.839,3.788,3.645,3.624,3.541,3.663,3.779,3.791,3.818,3.67,3.722,3.784,3.629,3.605,3.626,3.561,3.448,3.517,3.549,3.562,3.54,3.415,3.204,2.908,2.851,3.049,3.138,3.218,3.264,3.334,3.222,3.293,3.368,3.395,3.442,3.369,3.274,3.052,3.061,3.106,3.116,3.04,2.801,2.75,2.663,2.69,2.673,2.792,2.872,2.918,2.882,2.784,2.926,2.978,2.984,2.955,2.994,2.988,2.836,2.859,2.973,3.037,3.057,3.133,3.054,2.913,3.018,3.078,3.071,3.041,3.1,3.145,3.039
Guntur_237,2.555,2.573,2.621,2.628,2.53,2.545,2.6,2.603,2.551,2.523,2.569,2.57,2.601,2.555,2.481,2.467,2.582,2.571,2.467,2.572,2.591,2.533,2.561,2.623,2.652,2.531,2.612,2.65,2.67,2.688,2.666,2.365,2.252,2.324,2.384,2.384,2.382,2.409,2.326,2.275,2.314,2.325,2.349,2.432,2.428,2.452,2.349,2.407,2.456,2.446,2.393,2.309,2.329,2.268,2.344,2.386,2.412,2.383,2.369,2.342,2.47,2.54,2.568,2.527,2.488,2.503,2.537,2.462,2.444,2.266,2.355,2.498,2.513,2.497,2.401,2.485,2.564,2.553,2.83,2.788,2.69,2.646,2.6,2.705,2.801,2.832,2.821,2.806,2.719,2.648,2.642,3.483,3.56,3.585,3.562,3.424,3.596,3.613,3.595,3.618,3.645,3.578,3.492,3.691,3.624,3.598,3.493,3.467,3.434,3.318,3.526,3.544,3.457,3.512,3.549,3.514,3.446,3.573,3.577,3.583,3.522,3.161,3.168,3.122,3.213,3.201,3.241,3.327,3.323,3.302,3.171,3.12,3.147,3.135,3.11,3.127,3.091,3.101,2.903,3.039,3.131,3.034,2.993,3.071,3.119,2.982,3.053,3.105,3.194,3.185,3.113,3.04,2.149,2.176,2.17,2.23,2.213,2.226,2.184,2.322,2.364,2.394,2.365,2.371,2.302,2.224,2.336,2.334,2.37,2.403,2.353,2.338,2.248,2.377,2.438,2.408,2.407,2.325,2.275,2.206,2.311,2.426,0.0,0.0,0.0,0.0,0.0,0.0,0.0,0.0,0.0,0.0,0.0,0.0,0.0,0.0,0.0,0.0,0.0,0.0,0.0,0.0,0.0,0.0,0.0,0.0,0.0,0.0,0.0,0.0,0.0,0.0,0.0,0.0,0.0,0.0,0.0,0.0,0.0,0.0,0.0,0.0,0.0,0.0,0.0,0.0,0.0,0.0,0.0,0.0,0.0,0.0,0.0,0.0,0.0,0.0,0.0,0.0,0.0,0.0,0.0,0.0,0.0,0.0,2.68,2.69,2.691,2.743,2.764,2.619,2.647,2.721,2.843,2.803,2.766,2.678,2.596,2.625,2.669,2.707,2.656,2.636,2.707,2.588,2.634,2.599,2.553,2.634,2.647,2.529,2.445,2.634,2.69,2.667,3.559,3.537,3.641,3.528,3.594,3.701,3.824,3.877,3.879,3.764,3.556,3.593,3.649,3.493,3.553,3.593,3.673,3.578,3.662,3.666,3.652,3.582,3.492,3.487,3.31,3.376,3.551,3.62,3.702,3.771,3.741,2.088,2.161,2.184,2.176,2.154,2.203,2.171,2.084,2.126,2.119,2.104,2.141,2.102,1.913,1.859,1.872,1.995,2.053,2.088,2.104,2.087,2.052,2.152,2.143,2.084,1.964,1.968,2.007,2.042,2.114,2.416,2.451,2.425,2.449,2.434,2.329,2.376,2.416,2.373,2.411,2.432,2.386,2.322,2.387,2.452,2.454,2.477,2.512,2.469,2.434,2.5,2.562,2.594,2.555,2.552,2.591,2.493,2.568,2.595,2.581,2.581,2.712,2.633,2.541,2.611,2.632,2.642,2.606,2.637,2.586,2.577,2.681,2.696,2.686,2.655,2.66,2.713,2.68,2.709,2.799,2.855,2.904,2.889,2.844,2.745,2.77,2.674,2.745,2.779,2.832,2.826,2.743,2.588,2.62,2.641,2.592,2.602,2.583,2.51,2.538,2.597,2.646,2.658,2.659,2.647,2.584,2.626,2.626,2.617,2.593,2.564,2.565,2.522,2.62,2.663,2.703,2.712,2.73,2.717,2.674,3.213,3.23,3.219,3.207,3.279,3.26,3.133,3.207,3.268,3.303,3.269,3.157,3.099,3.098,3.213,3.237,3.286,3.334,3.324,3.289,3.185,3.219,3.139,3.214,3.265,3.22,3.236,3.115,2.936,2.985,3.124,3.058,3.136,3.161,3.093,3.175,3.174,3.177,3.251,3.22,3.212,3.097,3.197,3.217,3.098,3.112,3.137,3.061,3.04,3.1,3.158,3.057,2.997,2.966,3.013,2.952,3.063,3.109,3.096,3.109,3.091,2.193,2.152,2.165,2.176,2.134,2.158,2.204,2.188,2.141,2.183,2.13,2.06,2.001,2.068,2.053,1.9,1.91,1.866,1.871,1.857,1.883,1.948,1.988,2.033,2.001,1.963,1.971,2.046,2.095,1.975,2.074,1.811,1.95,1.988,1.994,1.946,1.856,1.912,1.882,1.876,1.836,1.775,1.771,1.685,1.837,1.845,1.893,1.905,1.919,1.837,1.744,1.889,1.961,2.069,1.987,1.978,1.924,1.971,2.118,2.189,2.142,0.0,0.0,0.0,0.0,0.0,0.0,0.0,0.0,0.0,0.0,0.0,0.0,0.0,0.0,0.0,0.0,0.0,0.0,0.0,0.0,0.0,0.0,0.0,0.0,0.0,0.0,0.0,0.0,0.0,0.0,0.0,4.238,4.628,4.756,4.834,5.001,5.072,5.237,5.205,5.306,5.315,5.324,5.399,5.445,5.309,5.174,4.865,5.543,5.451,5.307,5.268,5.167,4.946,5.157,5.192,5.217,5.261,5.333,5.285,5.094,5.18,5.147,0.0,0.0,0.0,0.0,0.0,0.0,0.0,0.0,0.0,0.0,0.0,0.0,0.0,0.0,0.0,0.0,0.0,0.0,0.0,0.0,0.0,0.0,0.0,0.0,0.0,0.0,0.0,0.0,0.0,0.0,2.108,2.032,1.983,2.074,2.119,2.161,2.162,2.183,2.152,2.084,2.183,2.205,2.209,2.178,2.11,2.137,2.025,1.977,2.064,2.083,2.07,2.057,2.084,1.958,2.038,2.055,2.05,2.035,2.061,2.041,2.008,2.606,2.606,2.577,2.38,2.305,2.466,2.417,2.548,2.617,2.709,2.635,2.691,2.671,2.628,2.663,2.658,2.689,2.712,2.644,2.645,2.532,2.678,2.719,2.735,2.71,2.69,2.652,2.508,2.555,2.567,2.32,2.255,2.3,2.304,2.255,2.33,2.377,2.37,2.396,2.359,2.338,2.242,2.352,2.43,2.423,2.399,2.387,2.383,2.264,2.427,2.499,2.542,2.568,2.587,2.561,2.484,2.537,2.485,2.424,2.399,2.441,2.538,2.441,2.578,2.649,2.689,2.638,2.627,2.536,2.421,2.502,2.517,2.529,2.579,2.53,2.467,2.466,2.583,2.663,2.665,2.652,2.676,2.534,2.493,2.631,2.647,2.563,2.607,2.644,2.655,2.652,2.701,2.325,2.334,2.245,2.283,2.311,2.278,2.318,2.382,2.339,2.29,2.302,2.297,2.269,2.284,2.299,2.333,2.313,2.324,2.304,2.266,2.324,2.317,2.32,2.385,2.335,2.297,2.211,2.309,3.109,3.045,3.027,3.111,3.162,3.084,3.072,3.095,3.125,3.181,3.222,3.214,3.136,3.206,3.227,3.271,3.259,3.077,3.1,3.16,3.25,3.276,3.295,3.325,3.311,3.288,3.186,3.246,3.276,3.337,3.357,3.886,3.881,3.761,3.895,3.935,3.862,3.924,3.901,3.916,3.792,3.868,3.925,3.933,3.894,3.854,3.91,3.731,3.833,3.9,3.871,3.886,3.895,3.89,3.767,3.899,3.945,3.985,3.959,3.923,3.822,3.628,3.717,3.704,3.792,3.789,3.889,3.865,3.692,3.749,3.691,3.707,3.703,3.668,3.632,3.532,3.675,3.763,3.869,3.832,3.672,3.348,3.111,3.074,3.346,3.596,3.619,3.564,3.533,3.503,3.699,3.753,3.178,3.211,3.207,3.171,3.093,3.178,3.199,3.132,3.102,3.178,3.146,3.054,3.204,3.249,3.162,3.092,3.047,2.974,2.76,2.768,2.792,3.014,3.131,3.094,3.033,2.945,3.116,3.16,3.034,2.825,2.795,2.842,2.77,2.978,2.991,2.988,2.997,2.941,2.818,2.64,2.74,2.746,2.789,2.748,2.755,2.76,2.641,2.841,2.885,2.833,2.66,2.74,2.67,2.481,2.669,2.845,2.877,2.855,2.905,2.811,2.643,2.236,2.293,2.388,2.386,2.303,2.235,2.126,2.178,2.176,2.175,2.05,2.161,2.243,2.091,1.983,2.124,2.246,2.323,2.295,2.266,2.169,2.287,2.344,2.323,2.362,2.439,2.359,2.259,2.422,2.486,2.469,2.804,2.83,2.816,2.65,2.786,2.83,2.841,2.803,2.73,2.661,2.485,2.524,2.535,2.536,2.498,2.373,2.454,2.472,2.611,2.607,2.575,2.467,2.428,2.396,2.404,2.617,2.637,2.629,2.666,2.673,2.784,2.659,2.821,2.906,2.755,2.795,2.781,2.797,2.704,2.79,2.765,2.812,2.815,2.791,2.751,2.656,2.868,2.896,2.9,2.891,2.854,2.778,2.613,2.464,2.413,2.585,2.728,2.784,2.798,2.721,2.749,3.162,3.203,3.175,3.226,3.215,3.148,3.194,3.219,3.22,3.219,3.222,3.125,3.049,3.072,3.154,3.201,3.225,3.253,3.263,3.137,3.251,3.297,3.29,3.288,3.289,3.292,3.22,3.302,3.262,3.266,2.691,2.731,2.735,2.639,2.696,2.758,2.79,2.723,2.703,2.598,2.529,2.663,2.667,2.683,2.733,2.788,2.808,2.746,2.853,2.863,2.841,2.852,2.899,2.88,2.782,2.838,2.892,2.938,2.948,2.914,2.883,2.622,2.693,2.682,2.637,2.67,2.69,2.705,2.681,2.724,2.728,2.753,2.76,2.775,2.677,2.57,2.643,2.696,2.748,2.723,2.757,2.725,2.646,2.666,2.713,2.692,2.516,2.597,2.674,2.607,2.641,2.644,2.706,2.743,2.831,2.822,2.758,2.776,2.824,2.894,2.854,2.859,2.872,2.739,2.869,2.917,2.88,2.873,2.912,2.893,2.817,2.896,2.923,2.913,2.962,2.986,2.927,2.865,2.988,2.957,3.303,3.315,3.383,3.351,3.22,3.285,3.102,3.027,3.141,3.323,3.362,3.277,3.448,3.465,3.456,3.381,3.195,3.022,2.805,3.021,3.137,3.221,3.286,3.304,3.381,3.252,3.376,3.415,3.433,3.416,3.286,3.514,3.469,3.619,3.77,3.783,3.807,3.864,3.777,3.681,3.835,3.911,3.94,3.988,3.948,3.91,3.768,3.867,3.972,3.932,3.882,3.803,3.699,3.399,3.617,3.787,3.791,3.824,3.819,3.676,3.352,2.877,2.988,3.112,3.119,3.218,3.264,3.144,3.272,3.38,3.417,3.47,3.445,3.394,3.215,3.276,3.399,3.487,3.402,3.555,3.516,3.391,3.481,3.505,3.286,3.128,2.997,3.08,3.207,3.361,3.42,3.343,3.038,3.094,3.216,2.982,3.132,3.164,3.23,3.273,3.247,3.124,2.99,3.113,3.097,3.04,3.082,3.165,3.107,2.959,3.055,3.074,3.125,3.144,3.139,3.039,2.785,2.798,2.883,2.853,2.782,2.719,2.101,2.081,2.224,2.236,2.18,2.104,2.138,2.065,2.042,2.214,2.215,2.253,2.219,2.204,2.161,2.101,2.175,2.161,2.111,2.168,2.193,2.091,1.99,2.104,2.122,2.031,1.985,1.93,1.873,1.887,2.012,3.699,3.644,3.693,3.827,3.933,3.717,3.762,3.899,4.011,4.1,4.251,4.088,3.965,4.126,4.052,4.228,4.268,4.234,4.128,4.099,4.232,4.265,4.071,4.043,4.169,4.18,4.082,4.179,4.379,4.454,4.496,2.18,2.141,2.075,2.04,2.081,2.048,1.935,1.903,1.874,1.786,1.889,1.972,2.036,2.115,2.05,1.926,1.781,1.837,1.879,1.95,1.976,1.942,1.863,1.73,1.846,1.939,1.967,1.964,1.987,1.96,3.759,3.73,3.89,3.988,4.037,4.079,4.144,4.13,4.193,4.251,4.33,4.355,4.362,4.326,4.186,4.214,4.098,4.248,4.295,4.306,4.248,4.089,4.065,3.972,4.109,4.239,4.252,4.282,4.117,4.175,4.244,4.079,4.052,4.076,4.003,3.875,3.953,3.989,4.004,3.979,3.838,3.601,3.268,3.204,3.427,3.527,3.618,3.668,3.748,3.622,3.702,3.786,3.816,3.869,3.787,3.681,3.43,3.441,3.491,3.502,3.417,2.737,2.687,2.601,2.628,2.612,2.728,2.806,2.851,2.815,2.72,2.859,2.91,2.915,2.887,2.925,2.92,2.771,2.793,2.905,2.967,2.987,3.061,2.984,2.846,2.949,3.007,3.0,2.971,3.029,3.072,2.969,3.136,3.192,3.275,3.272,3.283,3.198,3.059,3.163,3.16,3.215,3.234,3.281,3.327,3.178,3.206,3.316,3.349,3.352,3.368,3.392,3.319,3.33,3.377,3.357,3.131,2.926,3.02,3.11,3.031,3.071,3.074,2.285,2.317,2.391,2.384,2.329,2.344,2.385,2.444,2.41,2.414,2.425,2.313,2.423,2.463,2.432,2.427,2.459,2.443,2.379,2.446,2.468,2.46,2.501,2.522,2.472,2.42,2.524,2.497,2.206,3.839,3.853,3.932,3.894,3.742,3.818,3.605,3.518,3.651,3.862,3.907,3.808,4.007,4.027,4.017,3.929,3.713,3.512,3.26,3.51,3.646,3.743,3.819,3.84,3.93,3.779,3.923,3.969,3.989,3.97,3.819,3.199,3.157,3.294,3.432,3.444,3.465,3.517,3.438,3.351,3.491,3.56,3.586,3.63,3.594,3.559,3.43,3.52,3.616,3.579,3.534,3.462,3.367,3.094,3.292,3.447,3.45,3.481,3.476,3.346,3.051,2.812,2.921,3.041,3.048,3.144,3.19,3.072,3.198,3.303,3.34,3.391,3.366,3.317,3.142,3.201,3.322,3.408,3.325,3.474,3.436,3.314,3.402,3.425,3.211,3.057,2.929,3.01,3.134,3.285,3.342,3.267,3.038,3.094,3.216,2.982,3.132,3.164,3.23,3.273,3.247,3.124,2.99,3.113,3.097,3.04,3.082,3.165,3.107,2.959,3.055,3.074,3.125,3.144,3.139,3.039,2.785,2.798,2.883,2.853,2.782,2.719,2.984,2.956,3.159,3.177,3.096,2.989,3.037,2.933,2.901,3.145,3.147,3.2,3.152,3.131,3.069,2.984,3.089,3.069,2.998,3.08,3.114,2.971,2.826,2.989,3.015,2.884,2.819,2.742,2.661,2.681,2.858,2.497,2.46,2.493,2.584,2.655,2.51,2.54,2.632,2.708,2.768,2.87,2.76,2.677,2.785,2.736,2.854,2.882,2.858,2.787,2.768,2.857,2.879,2.749,2.73,2.814,2.822,2.756,2.821,2.956,3.007,3.035,2.24,2.201,2.133,2.096,2.138,2.105,1.988,1.955,1.926,1.835,1.941,2.027,2.093,2.173,2.107,1.979,1.831,1.888,1.931,2.004,2.031,1.996,1.915,1.778,1.897,1.992,2.021,2.018,2.042,2.014,3.759,3.73,3.89,3.988,4.037,4.079,4.144,4.13,4.193,4.251,4.33,4.355,4.362,4.326,4.186,4.214,4.098,4.248,4.295,4.306,4.248,4.089,4.065,3.972,4.109,4.239,4.252,4.282,4.117,4.175,4.244,4.079,4.052,4.076,4.003,3.875,3.953,3.989,4.004,3.979,3.838,3.601,3.268,3.204,3.427,3.527,3.618,3.668,3.748,3.622,3.702,3.786,3.816,3.869,3.787,3.681,3.43,3.441,3.491,3.502,3.417,2.737,2.687,2.601,2.628,2.612,2.728,2.806,2.851,2.815,2.72,2.859,2.91,2.915,2.887,2.925,2.92,2.771,2.793,2.905,2.967,2.987,3.061,2.984,2.846,2.949,3.007,3.0,2.971,3.029,3.072,2.969
Guntur_238,2.511,2.528,2.576,2.582,2.486,2.501,2.555,2.558,2.507,2.479,2.525,2.526,2.556,2.511,2.438,2.425,2.538,2.527,2.424,2.528,2.546,2.489,2.517,2.578,2.606,2.487,2.567,2.604,2.624,2.642,2.62,2.33,2.218,2.289,2.348,2.349,2.347,2.373,2.291,2.241,2.279,2.29,2.314,2.396,2.392,2.415,2.314,2.371,2.419,2.409,2.357,2.275,2.294,2.234,2.309,2.35,2.376,2.347,2.333,2.307,2.353,2.419,2.446,2.408,2.37,2.384,2.417,2.346,2.328,2.159,2.243,2.38,2.394,2.379,2.287,2.367,2.442,2.432,2.696,2.656,2.562,2.521,2.476,2.577,2.668,2.698,2.687,2.673,2.59,2.522,2.517,3.426,3.502,3.526,3.503,3.367,3.537,3.554,3.536,3.559,3.585,3.519,3.435,3.63,3.564,3.539,3.435,3.41,3.377,3.264,3.468,3.486,3.4,3.454,3.49,3.456,3.389,3.514,3.518,3.524,3.464,3.096,3.103,3.058,3.147,3.135,3.174,3.258,3.254,3.234,3.106,3.056,3.082,3.07,3.046,3.063,3.027,3.037,2.843,2.977,3.066,2.972,2.931,3.008,3.055,2.921,2.99,3.041,3.128,3.119,3.048,2.978,2.075,2.101,2.096,2.153,2.136,2.15,2.109,2.242,2.282,2.312,2.283,2.29,2.223,2.147,2.255,2.253,2.289,2.32,2.272,2.258,2.17,2.295,2.354,2.325,2.324,2.245,2.197,2.13,2.231,2.342,0.0,0.0,0.0,0.0,0.0,0.0,0.0,0.0,0.0,0.0,0.0,0.0,0.0,0.0,0.0,0.0,0.0,0.0,0.0,0.0,0.0,0.0,0.0,0.0,0.0,0.0,0.0,0.0,0.0,0.0,0.0,0.0,0.0,0.0,0.0,0.0,0.0,0.0,0.0,0.0,0.0,0.0,0.0,0.0,0.0,0.0,0.0,0.0,0.0,0.0,0.0,0.0,0.0,0.0,0.0,0.0,0.0,0.0,0.0,0.0,0.0,0.0,3.101,3.111,3.112,3.173,3.197,3.03,3.062,3.148,3.289,3.242,3.2,3.097,3.003,3.036,3.088,3.131,3.072,3.049,3.132,2.994,3.047,3.006,2.953,3.047,3.061,2.925,2.829,3.046,3.111,3.086,4.78,4.75,4.89,4.738,4.826,4.971,5.136,5.208,5.209,5.055,4.777,4.826,4.901,4.691,4.772,4.826,4.934,4.806,4.919,4.924,4.905,4.811,4.69,4.684,4.445,4.534,4.769,4.862,4.971,5.064,5.024,2.171,2.246,2.27,2.263,2.24,2.29,2.257,2.166,2.211,2.203,2.188,2.226,2.185,1.989,1.933,1.947,2.075,2.135,2.171,2.187,2.17,2.133,2.237,2.228,2.167,2.042,2.046,2.087,2.124,2.198,2.287,2.32,2.296,2.319,2.304,2.205,2.249,2.288,2.247,2.283,2.302,2.258,2.198,2.26,2.321,2.323,2.345,2.378,2.338,2.305,2.367,2.425,2.456,2.419,2.416,2.453,2.36,2.431,2.457,2.443,2.444,2.776,2.695,2.601,2.672,2.694,2.704,2.668,2.7,2.647,2.637,2.745,2.76,2.75,2.718,2.723,2.777,2.744,2.773,2.865,2.922,2.972,2.957,2.911,2.809,2.835,2.737,2.81,2.845,2.899,2.893,2.808,2.594,2.626,2.647,2.599,2.608,2.589,2.517,2.544,2.603,2.652,2.665,2.666,2.654,2.591,2.632,2.633,2.623,2.6,2.571,2.571,2.528,2.627,2.67,2.71,2.718,2.736,2.723,2.68,3.184,3.201,3.19,3.178,3.249,3.231,3.105,3.178,3.239,3.273,3.24,3.128,3.071,3.07,3.184,3.208,3.257,3.304,3.294,3.26,3.156,3.19,3.11,3.185,3.236,3.191,3.207,3.086,2.91,2.958,3.096,3.027,3.105,3.129,3.062,3.144,3.143,3.146,3.219,3.188,3.181,3.066,3.165,3.186,3.068,3.081,3.106,3.031,3.01,3.069,3.127,3.027,2.967,2.937,2.983,2.923,3.033,3.079,3.066,3.079,3.061,2.272,2.23,2.243,2.254,2.211,2.236,2.283,2.267,2.218,2.262,2.207,2.135,2.073,2.143,2.127,1.968,1.979,1.933,1.938,1.924,1.951,2.018,2.06,2.106,2.073,2.034,2.042,2.12,2.17,2.047,2.148,1.777,1.914,1.951,1.957,1.91,1.822,1.877,1.847,1.841,1.802,1.742,1.738,1.653,1.803,1.811,1.858,1.87,1.883,1.803,1.712,1.854,1.925,2.03,1.95,1.942,1.888,1.934,2.078,2.149,2.102,0.0,0.0,0.0,0.0,0.0,0.0,0.0,0.0,0.0,0.0,0.0,0.0,0.0,0.0,0.0,0.0,0.0,0.0,0.0,0.0,0.0,0.0,0.0,0.0,0.0,0.0,0.0,0.0,0.0,0.0,0.0,4.238,4.628,4.756,4.834,5.001,5.072,5.237,5.205,5.306,5.315,5.324,5.399,5.445,5.309,5.174,4.865,5.543,5.451,5.307,5.268,5.167,4.946,5.157,5.192,5.217,5.261,5.333,5.285,5.094,5.18,5.147,0.0,0.0,0.0,0.0,0.0,0.0,0.0,0.0,0.0,0.0,0.0,0.0,0.0,0.0,0.0,0.0,0.0,0.0,0.0,0.0,0.0,0.0,0.0,0.0,0.0,0.0,0.0,0.0,0.0,0.0,1.853,1.786,1.743,1.823,1.862,1.899,1.9,1.919,1.891,1.831,1.918,1.938,1.942,1.914,1.855,1.878,1.78,1.738,1.814,1.831,1.819,1.808,1.832,1.721,1.791,1.806,1.802,1.789,1.812,1.794,1.765,2.654,2.654,2.625,2.424,2.348,2.512,2.462,2.595,2.665,2.759,2.684,2.741,2.721,2.676,2.712,2.708,2.739,2.763,2.693,2.694,2.579,2.728,2.769,2.786,2.76,2.74,2.702,2.555,2.603,2.615,2.481,2.411,2.459,2.464,2.412,2.492,2.541,2.534,2.562,2.523,2.501,2.397,2.515,2.598,2.591,2.566,2.553,2.549,2.421,2.595,2.673,2.719,2.746,2.766,2.738,2.656,2.713,2.657,2.592,2.566,2.61,2.763,2.657,2.807,2.884,2.928,2.872,2.86,2.761,2.636,2.724,2.74,2.753,2.808,2.755,2.686,2.684,2.813,2.9,2.902,2.888,2.914,2.759,2.714,2.865,2.882,2.791,2.838,2.879,2.89,2.887,2.94,2.449,2.459,2.364,2.405,2.434,2.399,2.442,2.509,2.464,2.412,2.425,2.419,2.39,2.406,2.422,2.457,2.436,2.449,2.427,2.387,2.448,2.441,2.444,2.513,2.46,2.42,2.33,2.432,3.129,3.065,3.047,3.132,3.183,3.105,3.093,3.115,3.146,3.202,3.244,3.236,3.157,3.228,3.249,3.293,3.281,3.098,3.12,3.182,3.272,3.299,3.317,3.347,3.333,3.311,3.208,3.267,3.298,3.359,3.38,4.056,4.052,3.926,4.066,4.107,4.032,4.096,4.072,4.088,3.959,4.038,4.097,4.105,4.065,4.023,4.081,3.895,4.001,4.071,4.041,4.056,4.066,4.061,3.932,4.07,4.118,4.16,4.132,4.095,3.989,3.797,3.89,3.877,3.969,3.965,4.07,4.045,3.864,3.923,3.863,3.88,3.875,3.839,3.801,3.697,3.847,3.939,4.049,4.01,3.843,3.504,3.256,3.217,3.502,3.763,3.787,3.73,3.698,3.667,3.872,3.928,2.879,2.908,2.904,2.872,2.802,2.879,2.898,2.836,2.81,2.878,2.849,2.766,2.902,2.943,2.864,2.8,2.76,2.693,2.5,2.507,2.528,2.73,2.836,2.803,2.747,2.667,2.822,2.862,2.748,2.559,2.532,2.574,2.509,2.697,2.709,2.706,2.715,2.664,2.552,2.391,2.482,2.487,2.526,2.489,2.495,2.5,2.392,2.573,2.613,2.566,2.409,2.482,2.418,2.247,2.418,2.576,2.606,2.586,2.631,2.546,2.394,1.599,1.64,1.708,1.706,1.647,1.598,1.52,1.558,1.556,1.555,1.466,1.545,1.604,1.495,1.418,1.519,1.606,1.662,1.642,1.621,1.551,1.635,1.676,1.661,1.689,1.744,1.687,1.616,1.732,1.778,1.766,3.1,3.13,3.114,2.931,3.08,3.129,3.142,3.099,3.019,2.942,2.748,2.791,2.803,2.805,2.762,2.624,2.714,2.733,2.888,2.883,2.847,2.728,2.685,2.65,2.658,2.894,2.916,2.906,2.948,2.956,3.213,3.069,3.257,3.355,3.18,3.226,3.21,3.229,3.121,3.22,3.191,3.245,3.249,3.222,3.175,3.066,3.31,3.342,3.348,3.337,3.294,3.207,3.016,2.844,2.785,2.984,3.149,3.213,3.23,3.141,3.173,3.378,3.421,3.391,3.446,3.434,3.363,3.412,3.439,3.44,3.438,3.442,3.339,3.257,3.282,3.369,3.419,3.445,3.475,3.486,3.351,3.473,3.522,3.514,3.513,3.514,3.517,3.439,3.528,3.484,3.488,2.971,3.015,3.02,2.914,2.976,3.044,3.08,3.006,2.984,2.868,2.792,2.939,2.944,2.962,3.017,3.078,3.1,3.031,3.15,3.161,3.136,3.149,3.201,3.18,3.071,3.133,3.192,3.243,3.255,3.217,3.183,2.936,3.016,3.003,2.953,2.99,3.012,3.03,3.002,3.051,3.055,3.083,3.09,3.108,2.998,2.879,2.96,3.02,3.077,3.05,3.088,3.051,2.963,2.985,3.038,3.015,2.818,2.909,2.995,2.919,2.958,2.961,3.018,3.059,3.157,3.148,3.075,3.096,3.149,3.227,3.183,3.188,3.203,3.054,3.2,3.253,3.212,3.204,3.248,3.226,3.142,3.23,3.259,3.249,3.303,3.33,3.264,3.195,3.333,3.298,3.542,3.556,3.629,3.594,3.453,3.523,3.327,3.246,3.369,3.564,3.606,3.514,3.698,3.716,3.707,3.626,3.426,3.241,3.009,3.24,3.365,3.454,3.524,3.544,3.626,3.488,3.621,3.663,3.682,3.664,3.524,3.756,3.707,3.868,4.03,4.044,4.069,4.129,4.037,3.935,4.099,4.18,4.211,4.262,4.22,4.18,4.027,4.133,4.246,4.203,4.149,4.065,3.954,3.633,3.866,4.047,4.052,4.088,4.082,3.929,3.583,3.324,3.452,3.595,3.603,3.717,3.771,3.631,3.78,3.904,3.948,4.008,3.979,3.921,3.714,3.784,3.926,4.028,3.93,4.106,4.062,3.917,4.021,4.049,3.796,3.614,3.462,3.558,3.705,3.883,3.951,3.862,3.126,3.183,3.309,3.068,3.222,3.255,3.323,3.368,3.341,3.214,3.077,3.203,3.187,3.128,3.171,3.256,3.197,3.044,3.143,3.163,3.215,3.235,3.229,3.126,2.865,2.879,2.966,2.936,2.862,2.798,2.101,2.081,2.224,2.236,2.18,2.104,2.138,2.065,2.042,2.214,2.215,2.253,2.219,2.204,2.161,2.101,2.175,2.161,2.111,2.168,2.193,2.091,1.99,2.104,2.122,2.031,1.985,1.93,1.873,1.887,2.012,3.699,3.644,3.693,3.827,3.933,3.717,3.762,3.899,4.011,4.1,4.251,4.088,3.965,4.126,4.052,4.228,4.268,4.234,4.128,4.099,4.232,4.265,4.071,4.043,4.169,4.18,4.082,4.179,4.379,4.454,4.496,2.284,2.243,2.174,2.137,2.18,2.146,2.027,1.993,1.963,1.871,1.979,2.066,2.133,2.216,2.148,2.018,1.866,1.924,1.969,2.043,2.07,2.034,1.952,1.812,1.934,2.031,2.061,2.058,2.082,2.053,3.727,3.699,3.857,3.955,4.002,4.045,4.109,4.095,4.158,4.215,4.293,4.319,4.325,4.289,4.151,4.179,4.064,4.212,4.259,4.269,4.212,4.054,4.03,3.938,4.074,4.203,4.216,4.246,4.082,4.139,4.208,4.391,4.362,4.388,4.309,4.171,4.255,4.294,4.31,4.283,4.131,3.877,3.518,3.449,3.689,3.796,3.894,3.949,4.034,3.899,3.985,4.075,4.108,4.165,4.077,3.962,3.693,3.703,3.757,3.77,3.678,3.312,3.252,3.148,3.181,3.161,3.301,3.395,3.45,3.407,3.292,3.46,3.521,3.528,3.494,3.539,3.533,3.353,3.38,3.515,3.591,3.615,3.704,3.611,3.444,3.569,3.639,3.63,3.595,3.665,3.718,3.593,3.467,3.529,3.621,3.617,3.629,3.535,3.382,3.497,3.493,3.554,3.575,3.628,3.678,3.513,3.544,3.666,3.703,3.705,3.723,3.75,3.67,3.682,3.734,3.711,3.461,3.235,3.339,3.438,3.351,3.395,3.399,2.681,2.717,2.804,2.796,2.732,2.75,2.797,2.866,2.827,2.832,2.845,2.713,2.842,2.89,2.853,2.846,2.885,2.866,2.791,2.869,2.895,2.886,2.934,2.958,2.9,2.838,2.961,2.929,2.587,3.995,4.01,4.092,4.053,3.895,3.973,3.752,3.661,3.8,4.019,4.066,3.963,4.171,4.191,4.18,4.089,3.864,3.655,3.393,3.653,3.795,3.895,3.974,3.996,4.09,3.933,4.083,4.131,4.152,4.132,3.974,3.182,3.14,3.276,3.413,3.425,3.447,3.498,3.42,3.333,3.472,3.541,3.567,3.61,3.575,3.54,3.411,3.501,3.596,3.56,3.515,3.443,3.349,3.077,3.275,3.428,3.432,3.462,3.458,3.328,3.035,2.979,3.094,3.222,3.229,3.331,3.38,3.255,3.388,3.499,3.538,3.592,3.566,3.514,3.329,3.391,3.519,3.61,3.522,3.68,3.64,3.511,3.604,3.629,3.402,3.239,3.103,3.189,3.32,3.48,3.541,3.461,3.126,3.183,3.309,3.068,3.222,3.255,3.323,3.368,3.341,3.214,3.077,3.203,3.187,3.128,3.171,3.256,3.197,3.044,3.143,3.163,3.215,3.235,3.229,3.126,2.865,2.879,2.966,2.936,2.862,2.798,3.161,3.132,3.346,3.365,3.28,3.166,3.218,3.108,3.073,3.332,3.334,3.39,3.339,3.317,3.252,3.161,3.272,3.251,3.176,3.263,3.299,3.147,2.994,3.167,3.194,3.055,2.986,2.904,2.819,2.84,3.028,2.497,2.46,2.493,2.584,2.655,2.51,2.54,2.632,2.708,2.768,2.87,2.76,2.677,2.785,2.736,2.854,2.882,2.858,2.787,2.768,2.857,2.879,2.749,2.73,2.814,2.822,2.756,2.821,2.956,3.007,3.035,2.196,2.157,2.09,2.055,2.095,2.063,1.948,1.916,1.888,1.799,1.902,1.986,2.051,2.13,2.065,1.94,1.794,1.85,1.893,1.964,1.99,1.956,1.877,1.742,1.859,1.953,1.981,1.978,2.001,1.974,3.727,3.699,3.857,3.955,4.002,4.045,4.109,4.095,4.158,4.215,4.293,4.319,4.325,4.289,4.151,4.179,4.064,4.212,4.259,4.269,4.212,4.054,4.03,3.938,4.074,4.203,4.216,4.246,4.082,4.139,4.208,4.391,4.362,4.388,4.309,4.171,4.255,4.294,4.31,4.283,4.131,3.877,3.518,3.449,3.689,3.796,3.894,3.949,4.034,3.899,3.985,4.075,4.108,4.165,4.077,3.962,3.693,3.703,3.757,3.77,3.678,3.312,3.252,3.148,3.181,3.161,3.301,3.395,3.45,3.407,3.292,3.46,3.521,3.528,3.494,3.539,3.533,3.353,3.38,3.515,3.591,3.615,3.704,3.611,3.444,3.569,3.639,3.63,3.595,3.665,3.718,3.593
Guntur_239,2.808,2.827,2.88,2.887,2.78,2.796,2.857,2.861,2.803,2.772,2.823,2.824,2.858,2.807,2.726,2.711,2.837,2.825,2.711,2.826,2.847,2.783,2.814,2.882,2.914,2.78,2.87,2.912,2.934,2.954,2.93,3.136,2.986,3.081,3.161,3.161,3.159,3.194,3.084,3.016,3.068,3.082,3.114,3.224,3.219,3.251,3.115,3.191,3.256,3.243,3.172,3.062,3.088,3.007,3.108,3.163,3.198,3.159,3.141,3.105,2.611,2.685,2.715,2.672,2.63,2.646,2.682,2.604,2.584,2.396,2.49,2.641,2.657,2.64,2.539,2.627,2.711,2.7,2.992,2.948,2.844,2.798,2.749,2.86,2.962,2.995,2.983,2.967,2.875,2.8,2.793,3.991,4.08,4.108,4.082,3.923,4.121,4.141,4.119,4.146,4.177,4.099,4.002,4.23,4.152,4.123,4.002,3.973,3.934,3.802,4.04,4.061,3.961,4.024,4.066,4.027,3.948,4.094,4.099,4.106,4.035,3.609,3.617,3.565,3.669,3.655,3.7,3.798,3.794,3.77,3.621,3.563,3.593,3.579,3.551,3.571,3.529,3.541,3.314,3.47,3.575,3.464,3.417,3.507,3.562,3.405,3.486,3.545,3.647,3.637,3.554,3.471,2.166,2.194,2.188,2.247,2.23,2.244,2.202,2.341,2.383,2.413,2.384,2.39,2.321,2.241,2.354,2.352,2.389,2.422,2.372,2.357,2.266,2.396,2.457,2.427,2.426,2.344,2.294,2.224,2.329,2.445,0.0,0.0,0.0,0.0,0.0,0.0,0.0,0.0,0.0,0.0,0.0,0.0,0.0,0.0,0.0,0.0,0.0,0.0,0.0,0.0,0.0,0.0,0.0,0.0,0.0,0.0,0.0,0.0,0.0,0.0,0.0,0.0,0.0,0.0,0.0,0.0,0.0,0.0,0.0,0.0,0.0,0.0,0.0,0.0,0.0,0.0,0.0,0.0,0.0,0.0,0.0,0.0,0.0,0.0,0.0,0.0,0.0,0.0,0.0,0.0,0.0,0.0,3.063,3.074,3.075,3.134,3.159,2.993,3.026,3.11,3.249,3.203,3.161,3.06,2.967,3.0,3.05,3.094,3.035,3.013,3.094,2.958,3.011,2.97,2.917,3.01,3.025,2.89,2.795,3.01,3.074,3.048,4.945,4.914,5.059,4.901,4.993,5.142,5.313,5.387,5.389,5.229,4.941,4.992,5.07,4.852,4.936,4.992,5.103,4.971,5.088,5.093,5.074,4.977,4.852,4.845,4.598,4.69,4.933,5.029,5.143,5.239,5.197,2.439,2.524,2.551,2.542,2.517,2.573,2.536,2.434,2.484,2.475,2.458,2.501,2.455,2.235,2.171,2.187,2.331,2.398,2.439,2.457,2.438,2.397,2.514,2.504,2.435,2.294,2.299,2.344,2.386,2.469,2.335,2.369,2.345,2.368,2.353,2.252,2.296,2.336,2.294,2.331,2.351,2.306,2.244,2.308,2.37,2.372,2.395,2.428,2.387,2.353,2.417,2.476,2.508,2.47,2.467,2.505,2.41,2.482,2.509,2.495,2.495,3.134,3.043,2.937,3.017,3.041,3.053,3.012,3.048,2.989,2.978,3.099,3.116,3.105,3.068,3.074,3.136,3.098,3.131,3.235,3.299,3.356,3.339,3.287,3.172,3.201,3.091,3.172,3.212,3.273,3.266,3.17,2.886,2.922,2.945,2.891,2.902,2.88,2.8,2.83,2.896,2.951,2.964,2.966,2.952,2.882,2.929,2.929,2.918,2.892,2.86,2.861,2.813,2.922,2.97,3.014,3.024,3.044,3.03,2.982,3.242,3.259,3.248,3.236,3.309,3.29,3.161,3.236,3.298,3.333,3.299,3.185,3.127,3.126,3.242,3.266,3.316,3.364,3.354,3.319,3.214,3.248,3.167,3.243,3.294,3.249,3.265,3.143,2.963,3.012,3.152,2.817,2.889,2.912,2.849,2.925,2.924,2.927,2.995,2.966,2.959,2.853,2.945,2.964,2.854,2.866,2.89,2.82,2.8,2.856,2.909,2.816,2.761,2.732,2.775,2.72,2.822,2.864,2.852,2.864,2.847,2.793,2.74,2.757,2.77,2.717,2.748,2.806,2.786,2.726,2.779,2.712,2.623,2.547,2.634,2.614,2.419,2.432,2.376,2.382,2.364,2.397,2.48,2.531,2.589,2.548,2.5,2.51,2.605,2.667,2.515,2.64,2.068,2.226,2.27,2.277,2.222,2.119,2.184,2.149,2.143,2.096,2.027,2.022,1.924,2.097,2.107,2.161,2.176,2.191,2.098,1.992,2.158,2.239,2.362,2.269,2.259,2.197,2.25,2.418,2.5,2.446,2.309,2.229,2.235,2.263,2.392,2.436,2.419,2.373,2.338,2.38,2.221,2.197,2.173,2.144,2.181,2.285,2.306,2.092,1.933,1.935,1.895,1.952,2.055,2.011,1.98,2.044,2.026,1.908,1.945,1.935,1.906,4.618,5.043,5.183,5.268,5.45,5.527,5.707,5.672,5.783,5.792,5.802,5.884,5.934,5.786,5.638,5.301,6.041,5.94,5.784,5.741,5.631,5.39,5.62,5.658,5.685,5.733,5.811,5.759,5.551,5.645,5.609,0.0,0.0,0.0,0.0,0.0,0.0,0.0,0.0,0.0,0.0,0.0,0.0,0.0,0.0,0.0,0.0,0.0,0.0,0.0,0.0,0.0,0.0,0.0,0.0,0.0,0.0,0.0,0.0,0.0,0.0,1.598,1.54,1.503,1.572,1.606,1.638,1.638,1.655,1.631,1.579,1.654,1.671,1.674,1.651,1.599,1.62,1.535,1.498,1.564,1.579,1.569,1.559,1.58,1.484,1.544,1.557,1.554,1.542,1.562,1.547,1.522,2.647,2.647,2.618,2.418,2.342,2.505,2.456,2.589,2.658,2.752,2.677,2.734,2.714,2.669,2.705,2.701,2.732,2.755,2.686,2.687,2.572,2.72,2.762,2.778,2.753,2.733,2.694,2.548,2.596,2.608,2.793,2.714,2.768,2.773,2.714,2.805,2.86,2.853,2.884,2.839,2.814,2.698,2.831,2.924,2.916,2.888,2.873,2.869,2.725,2.921,3.008,3.06,3.091,3.113,3.082,2.99,3.053,2.99,2.918,2.888,2.938,3.071,2.954,3.12,3.206,3.254,3.193,3.179,3.069,2.931,3.028,3.046,3.061,3.121,3.062,2.985,2.984,3.127,3.223,3.226,3.21,3.239,3.066,3.017,3.184,3.203,3.102,3.155,3.2,3.213,3.21,3.268,2.633,2.643,2.542,2.585,2.616,2.579,2.625,2.697,2.649,2.593,2.607,2.601,2.569,2.586,2.604,2.641,2.619,2.632,2.609,2.566,2.632,2.624,2.627,2.701,2.644,2.601,2.504,2.615,3.234,3.168,3.149,3.237,3.29,3.209,3.196,3.22,3.252,3.309,3.352,3.344,3.263,3.336,3.357,3.403,3.39,3.202,3.225,3.288,3.381,3.409,3.428,3.459,3.445,3.421,3.315,3.377,3.409,3.472,3.493,3.962,3.958,3.835,3.972,4.012,3.939,4.001,3.978,3.993,3.867,3.945,4.002,4.01,3.971,3.93,3.987,3.805,3.909,3.977,3.947,3.963,3.972,3.967,3.841,3.975,4.023,4.064,4.037,4.001,3.897,3.943,4.04,4.026,4.122,4.118,4.227,4.201,4.013,4.074,4.011,4.029,4.024,3.986,3.948,3.839,3.995,4.09,4.205,4.164,3.991,3.639,3.382,3.341,3.637,3.908,3.933,3.874,3.84,3.808,4.021,4.079,2.879,2.908,2.904,2.872,2.802,2.879,2.898,2.836,2.81,2.878,2.849,2.766,2.902,2.943,2.864,2.8,2.76,2.693,2.5,2.507,2.528,2.73,2.836,2.803,2.747,2.667,2.822,2.862,2.748,2.559,2.532,2.574,2.509,2.697,2.709,2.706,2.715,2.664,2.552,2.391,2.482,2.487,2.526,2.489,2.495,2.5,2.392,2.573,2.613,2.566,2.409,2.482,2.418,2.247,2.418,2.576,2.606,2.586,2.631,2.546,2.394,1.345,1.379,1.436,1.435,1.385,1.344,1.278,1.31,1.308,1.308,1.232,1.299,1.349,1.257,1.192,1.277,1.35,1.397,1.38,1.363,1.304,1.375,1.409,1.397,1.42,1.466,1.418,1.358,1.456,1.495,1.485,3.351,3.383,3.366,3.168,3.33,3.383,3.396,3.35,3.263,3.181,2.97,3.018,3.03,3.032,2.986,2.837,2.934,2.955,3.122,3.116,3.078,2.95,2.903,2.864,2.874,3.129,3.153,3.142,3.187,3.195,3.522,3.364,3.57,3.678,3.486,3.536,3.519,3.54,3.422,3.53,3.498,3.558,3.562,3.532,3.481,3.361,3.629,3.664,3.67,3.658,3.611,3.516,3.306,3.118,3.053,3.271,3.452,3.522,3.541,3.443,3.479,3.384,3.427,3.398,3.453,3.441,3.369,3.419,3.445,3.446,3.445,3.448,3.345,3.263,3.288,3.375,3.426,3.451,3.481,3.492,3.357,3.48,3.529,3.521,3.519,3.52,3.523,3.446,3.534,3.491,3.495,3.079,3.124,3.129,3.02,3.084,3.155,3.192,3.115,3.092,2.972,2.893,3.046,3.051,3.069,3.126,3.189,3.213,3.141,3.264,3.275,3.25,3.263,3.317,3.295,3.182,3.247,3.308,3.361,3.373,3.334,3.299,3.078,3.162,3.149,3.096,3.135,3.158,3.177,3.148,3.198,3.203,3.232,3.24,3.259,3.143,3.018,3.103,3.166,3.226,3.198,3.238,3.199,3.107,3.13,3.185,3.161,2.955,3.05,3.14,3.061,3.101,3.105,3.029,3.07,3.169,3.159,3.087,3.107,3.161,3.239,3.195,3.2,3.215,3.066,3.212,3.265,3.224,3.216,3.26,3.238,3.153,3.241,3.271,3.261,3.315,3.342,3.276,3.207,3.345,3.31,4.366,4.383,4.473,4.43,4.257,4.343,4.101,4.001,4.153,4.393,4.444,4.332,4.558,4.581,4.569,4.47,4.223,3.995,3.709,3.993,4.148,4.257,4.344,4.368,4.47,4.299,4.463,4.515,4.538,4.516,4.344,3.904,3.853,4.02,4.188,4.203,4.229,4.292,4.196,4.09,4.26,4.345,4.377,4.43,4.386,4.344,4.186,4.296,4.413,4.368,4.313,4.225,4.109,3.776,4.018,4.207,4.211,4.248,4.243,4.083,3.724,3.873,4.022,4.188,4.198,4.33,4.394,4.231,4.404,4.549,4.6,4.67,4.636,4.568,4.327,4.409,4.575,4.693,4.579,4.784,4.732,4.564,4.685,4.717,4.423,4.21,4.033,4.146,4.316,4.524,4.603,4.5,3.186,3.245,3.373,3.127,3.284,3.318,3.388,3.433,3.406,3.277,3.136,3.265,3.249,3.189,3.232,3.319,3.259,3.103,3.204,3.224,3.277,3.297,3.292,3.187,2.92,2.935,3.024,2.993,2.918,2.852,4.564,4.522,4.831,4.859,4.736,4.571,4.646,4.487,4.437,4.81,4.813,4.894,4.821,4.789,4.695,4.564,4.724,4.694,4.586,4.711,4.763,4.544,4.322,4.572,4.611,4.411,4.312,4.193,4.07,4.101,4.372,4.186,4.124,4.18,4.331,4.451,4.207,4.258,4.413,4.54,4.64,4.812,4.627,4.488,4.67,4.587,4.785,4.831,4.792,4.672,4.64,4.79,4.827,4.608,4.576,4.719,4.731,4.62,4.729,4.956,5.041,5.089,3.01,2.957,2.866,2.817,2.873,2.828,2.672,2.628,2.588,2.466,2.608,2.723,2.812,2.92,2.831,2.66,2.46,2.536,2.595,2.692,2.729,2.682,2.573,2.389,2.549,2.677,2.716,2.712,2.744,2.706,3.842,3.812,3.976,4.076,4.126,4.169,4.236,4.221,4.286,4.345,4.425,4.451,4.459,4.421,4.278,4.307,4.189,4.342,4.39,4.401,4.342,4.179,4.154,4.059,4.2,4.332,4.346,4.377,4.208,4.267,4.338,3.989,3.963,3.986,3.915,3.79,3.866,3.901,3.916,3.891,3.753,3.522,3.196,3.134,3.351,3.449,3.538,3.587,3.665,3.542,3.62,3.702,3.732,3.784,3.704,3.599,3.355,3.365,3.414,3.425,3.341,3.401,3.339,3.233,3.267,3.246,3.39,3.487,3.543,3.499,3.381,3.553,3.616,3.623,3.588,3.635,3.628,3.443,3.471,3.61,3.688,3.712,3.804,3.708,3.536,3.665,3.737,3.728,3.692,3.764,3.818,3.689,4.227,4.304,4.415,4.411,4.425,4.311,4.124,4.264,4.259,4.334,4.36,4.424,4.485,4.284,4.322,4.47,4.515,4.518,4.54,4.573,4.475,4.49,4.553,4.525,4.221,3.944,4.072,4.193,4.086,4.14,4.145,2.666,2.702,2.788,2.78,2.716,2.734,2.781,2.85,2.811,2.816,2.829,2.698,2.826,2.873,2.836,2.83,2.868,2.85,2.775,2.852,2.879,2.869,2.917,2.941,2.883,2.822,2.943,2.912,2.572,4.164,4.179,4.265,4.224,4.059,4.141,3.911,3.816,3.96,4.189,4.238,4.131,4.347,4.368,4.357,4.262,4.027,3.809,3.537,3.808,3.955,4.06,4.142,4.165,4.262,4.1,4.256,4.306,4.327,4.306,4.142,3.278,3.236,3.376,3.517,3.529,3.551,3.604,3.524,3.434,3.577,3.648,3.675,3.72,3.683,3.648,3.515,3.608,3.705,3.668,3.622,3.548,3.451,3.171,3.374,3.532,3.536,3.568,3.563,3.429,3.127,2.877,2.988,3.111,3.118,3.217,3.264,3.143,3.271,3.379,3.417,3.469,3.444,3.393,3.214,3.275,3.398,3.486,3.401,3.554,3.515,3.39,3.48,3.504,3.285,3.127,2.996,3.08,3.206,3.361,3.419,3.342,3.186,3.245,3.373,3.127,3.284,3.318,3.388,3.433,3.406,3.277,3.136,3.265,3.249,3.189,3.232,3.319,3.259,3.103,3.204,3.224,3.277,3.297,3.292,3.187,2.92,2.935,3.024,2.993,2.918,2.852,3.053,3.024,3.231,3.25,3.167,3.057,3.107,3.001,2.967,3.217,3.219,3.273,3.224,3.203,3.14,3.053,3.16,3.14,3.067,3.151,3.186,3.039,2.891,3.058,3.084,2.95,2.884,2.805,2.722,2.743,2.924,3.142,3.096,3.138,3.251,3.341,3.158,3.196,3.313,3.408,3.483,3.612,3.473,3.369,3.505,3.443,3.592,3.626,3.597,3.507,3.483,3.595,3.624,3.459,3.435,3.542,3.551,3.468,3.55,3.72,3.784,3.82,2.196,2.157,2.09,2.055,2.095,2.063,1.948,1.916,1.888,1.799,1.902,1.986,2.051,2.13,2.065,1.94,1.794,1.85,1.893,1.964,1.99,1.956,1.877,1.742,1.859,1.953,1.981,1.978,2.001,1.974,3.842,3.812,3.976,4.076,4.126,4.169,4.236,4.221,4.286,4.345,4.425,4.451,4.459,4.421,4.278,4.307,4.189,4.342,4.39,4.401,4.342,4.179,4.154,4.059,4.2,4.332,4.346,4.377,4.208,4.267,4.338,3.989,3.963,3.986,3.915,3.79,3.866,3.901,3.916,3.891,3.753,3.522,3.196,3.134,3.351,3.449,3.538,3.587,3.665,3.542,3.62,3.702,3.732,3.784,3.704,3.599,3.355,3.365,3.414,3.425,3.341,3.401,3.339,3.233,3.267,3.246,3.39,3.487,3.543,3.499,3.381,3.553,3.616,3.623,3.588,3.635,3.628,3.443,3.471,3.61,3.688,3.712,3.804,3.708,3.536,3.665,3.737,3.728,3.692,3.764,3.818,3.689
Guntur_240,3.603,3.627,3.696,3.705,3.567,3.588,3.666,3.671,3.597,3.557,3.622,3.623,3.668,3.602,3.497,3.479,3.641,3.625,3.478,3.626,3.652,3.571,3.611,3.698,3.739,3.568,3.682,3.736,3.765,3.79,3.759,4.107,3.91,4.035,4.139,4.14,4.136,4.183,4.039,3.95,4.018,4.036,4.078,4.222,4.216,4.257,4.079,4.179,4.264,4.247,4.154,4.01,4.044,3.938,4.07,4.142,4.187,4.137,4.113,4.066,3.523,3.623,3.663,3.605,3.548,3.57,3.619,3.512,3.486,3.233,3.359,3.563,3.585,3.562,3.425,3.544,3.657,3.642,4.037,3.978,3.837,3.775,3.708,3.859,3.996,4.04,4.024,4.003,3.878,3.777,3.769,4.721,4.825,4.858,4.827,4.64,4.874,4.897,4.872,4.904,4.941,4.849,4.733,5.003,4.911,4.876,4.734,4.699,4.653,4.497,4.779,4.804,4.685,4.76,4.809,4.763,4.67,4.843,4.848,4.856,4.773,4.497,4.507,4.442,4.572,4.554,4.61,4.733,4.727,4.698,4.512,4.439,4.477,4.46,4.424,4.449,4.398,4.412,4.13,4.324,4.454,4.317,4.258,4.369,4.438,4.243,4.344,4.418,4.544,4.531,4.428,4.325,2.599,2.632,2.625,2.697,2.676,2.693,2.642,2.809,2.859,2.896,2.861,2.868,2.785,2.69,2.825,2.823,2.867,2.906,2.847,2.828,2.719,2.875,2.949,2.912,2.912,2.812,2.752,2.669,2.795,2.934,0.0,0.0,0.0,0.0,0.0,0.0,0.0,0.0,0.0,0.0,0.0,0.0,0.0,0.0,0.0,0.0,0.0,0.0,0.0,0.0,0.0,0.0,0.0,0.0,0.0,0.0,0.0,0.0,0.0,0.0,0.0,0.0,0.0,0.0,0.0,0.0,0.0,0.0,0.0,0.0,0.0,0.0,0.0,0.0,0.0,0.0,0.0,0.0,0.0,0.0,0.0,0.0,0.0,0.0,0.0,0.0,0.0,0.0,0.0,0.0,0.0,0.0,4.249,4.264,4.266,4.348,4.382,4.152,4.197,4.314,4.507,4.443,4.385,4.245,4.116,4.161,4.232,4.291,4.21,4.179,4.292,4.103,4.176,4.12,4.047,4.175,4.196,4.009,3.877,4.175,4.264,4.229,4.945,4.914,5.059,4.901,4.993,5.142,5.313,5.387,5.389,5.229,4.941,4.992,5.07,4.852,4.936,4.992,5.103,4.971,5.088,5.093,5.074,4.977,4.852,4.845,4.598,4.69,4.933,5.029,5.143,5.239,5.197,3.186,3.297,3.332,3.321,3.287,3.362,3.313,3.179,3.245,3.233,3.211,3.267,3.207,2.92,2.836,2.857,3.045,3.133,3.186,3.21,3.185,3.131,3.284,3.27,3.181,2.997,3.003,3.062,3.117,3.226,3.14,3.186,3.153,3.184,3.164,3.028,3.088,3.141,3.085,3.135,3.162,3.101,3.018,3.104,3.187,3.19,3.22,3.265,3.21,3.165,3.25,3.33,3.372,3.322,3.317,3.369,3.241,3.338,3.374,3.355,3.356,3.85,3.738,3.608,3.707,3.736,3.751,3.7,3.745,3.672,3.658,3.807,3.828,3.814,3.77,3.777,3.852,3.806,3.846,3.974,4.053,4.123,4.102,4.038,3.897,3.932,3.797,3.897,3.946,4.021,4.013,3.895,3.632,3.677,3.706,3.638,3.652,3.625,3.523,3.562,3.644,3.713,3.73,3.732,3.715,3.627,3.685,3.686,3.673,3.64,3.599,3.6,3.54,3.678,3.738,3.793,3.806,3.831,3.813,3.752,4.364,4.386,4.372,4.356,4.453,4.428,4.255,4.355,4.438,4.486,4.44,4.287,4.209,4.207,4.364,4.396,4.463,4.528,4.515,4.467,4.326,4.371,4.263,4.364,4.434,4.373,4.395,4.23,3.988,4.054,4.243,4.074,4.179,4.212,4.121,4.231,4.23,4.234,4.332,4.29,4.28,4.127,4.26,4.287,4.128,4.146,4.18,4.079,4.051,4.131,4.208,4.074,3.993,3.952,4.014,3.934,4.082,4.143,4.126,4.143,4.119,3.84,3.768,3.791,3.809,3.736,3.778,3.859,3.831,3.749,3.822,3.729,3.607,3.503,3.621,3.595,3.326,3.344,3.267,3.275,3.251,3.297,3.41,3.481,3.56,3.503,3.437,3.451,3.582,3.667,3.459,3.631,3.147,3.388,3.454,3.464,3.382,3.225,3.323,3.27,3.26,3.19,3.084,3.077,2.927,3.191,3.207,3.289,3.31,3.334,3.193,3.031,3.283,3.407,3.594,3.453,3.438,3.343,3.424,3.68,3.804,3.722,4.117,3.975,3.987,4.035,4.265,4.345,4.314,4.232,4.169,4.245,3.961,3.918,3.875,3.824,3.889,4.075,4.112,3.73,3.447,3.451,3.38,3.481,3.665,3.587,3.531,3.646,3.613,3.402,3.468,3.45,3.398,5.357,5.85,6.012,6.111,6.322,6.411,6.62,6.58,6.708,6.718,6.73,6.825,6.883,6.712,6.541,6.15,7.007,6.891,6.709,6.66,6.532,6.252,6.519,6.564,6.595,6.65,6.741,6.681,6.439,6.549,6.507,0.0,0.0,0.0,0.0,0.0,0.0,0.0,0.0,0.0,0.0,0.0,0.0,0.0,0.0,0.0,0.0,0.0,0.0,0.0,0.0,0.0,0.0,0.0,0.0,0.0,0.0,0.0,0.0,0.0,0.0,2.752,2.652,2.588,2.707,2.766,2.82,2.822,2.85,2.809,2.72,2.849,2.879,2.884,2.843,2.754,2.789,2.643,2.581,2.694,2.719,2.702,2.685,2.721,2.556,2.66,2.682,2.676,2.656,2.69,2.663,2.621,3.652,3.652,3.611,3.336,3.231,3.456,3.388,3.571,3.668,3.797,3.693,3.772,3.744,3.683,3.732,3.726,3.768,3.801,3.705,3.707,3.549,3.753,3.81,3.833,3.798,3.77,3.717,3.516,3.582,3.598,3.286,3.193,3.256,3.263,3.194,3.3,3.365,3.356,3.393,3.341,3.311,3.174,3.331,3.441,3.431,3.398,3.38,3.375,3.206,3.437,3.539,3.6,3.636,3.663,3.626,3.518,3.592,3.518,3.433,3.398,3.456,4.387,4.22,4.457,4.58,4.649,4.561,4.542,4.384,4.187,4.326,4.351,4.372,4.459,4.375,4.265,4.263,4.466,4.605,4.608,4.586,4.627,4.38,4.31,4.549,4.576,4.431,4.507,4.571,4.59,4.585,4.669,3.845,3.861,3.712,3.776,3.822,3.767,3.834,3.94,3.869,3.787,3.808,3.799,3.753,3.777,3.803,3.858,3.825,3.845,3.811,3.747,3.844,3.833,3.838,3.945,3.862,3.799,3.657,3.819,4.464,4.372,4.347,4.468,4.54,4.429,4.412,4.444,4.488,4.567,4.627,4.616,4.503,4.604,4.634,4.697,4.679,4.419,4.451,4.538,4.666,4.705,4.731,4.774,4.754,4.722,4.576,4.66,4.705,4.791,4.82,5.062,5.056,4.899,5.073,5.126,5.031,5.111,5.082,5.101,4.94,5.039,5.113,5.123,5.073,5.021,5.093,4.861,4.993,5.081,5.042,5.062,5.073,5.067,4.907,5.078,5.139,5.191,5.157,5.111,4.978,4.527,4.639,4.623,4.732,4.728,4.853,4.823,4.607,4.678,4.606,4.626,4.62,4.577,4.532,4.408,4.587,4.696,4.828,4.781,4.582,4.178,3.883,3.836,4.176,4.487,4.516,4.448,4.409,4.372,4.616,4.683,4.085,4.127,4.122,4.075,3.976,4.085,4.112,4.025,3.987,4.084,4.043,3.926,4.118,4.176,4.065,3.974,3.916,3.822,3.548,3.558,3.588,3.874,4.024,3.977,3.898,3.785,4.006,4.062,3.9,3.631,3.593,3.654,3.561,3.828,3.845,3.84,3.853,3.78,3.622,3.393,3.522,3.53,3.585,3.532,3.541,3.548,3.394,3.651,3.708,3.642,3.419,3.522,3.431,3.189,3.431,3.656,3.698,3.669,3.734,3.613,3.398,3.779,3.875,4.035,4.032,3.891,3.776,3.592,3.681,3.677,3.675,3.464,3.652,3.79,3.533,3.351,3.589,3.795,3.926,3.879,3.83,3.665,3.864,3.961,3.925,3.991,4.121,3.987,3.817,4.093,4.2,4.173,4.505,4.548,4.525,4.259,4.477,4.547,4.565,4.504,4.387,4.276,3.993,4.056,4.074,4.076,4.014,3.814,3.944,3.972,4.196,4.189,4.137,3.965,3.902,3.85,3.863,4.206,4.238,4.224,4.284,4.295,3.888,3.714,3.941,4.06,3.849,3.904,3.885,3.908,3.777,3.897,3.862,3.928,3.932,3.899,3.843,3.71,4.006,4.045,4.051,4.038,3.987,3.881,3.65,3.442,3.37,3.611,3.81,3.889,3.909,3.801,3.841,4.401,4.457,4.419,4.49,4.475,4.382,4.446,4.481,4.482,4.48,4.484,4.35,4.244,4.276,4.389,4.455,4.488,4.528,4.542,4.366,4.525,4.589,4.579,4.577,4.578,4.582,4.481,4.596,4.54,4.545,4.322,4.386,4.393,4.239,4.329,4.429,4.481,4.372,4.34,4.173,4.062,4.276,4.283,4.309,4.389,4.477,4.51,4.409,4.583,4.598,4.562,4.581,4.656,4.626,4.468,4.558,4.644,4.718,4.735,4.68,4.631,4.371,4.49,4.472,4.397,4.452,4.485,4.511,4.47,4.542,4.549,4.59,4.601,4.628,4.464,4.286,4.407,4.496,4.582,4.541,4.597,4.543,4.411,4.445,4.523,4.489,4.196,4.331,4.459,4.346,4.403,4.409,4.226,4.284,4.421,4.408,4.307,4.335,4.41,4.519,4.457,4.464,4.485,4.277,4.481,4.556,4.497,4.487,4.548,4.518,4.4,4.523,4.564,4.549,4.625,4.663,4.571,4.474,4.667,4.618,5.571,5.592,5.706,5.651,5.431,5.541,5.232,5.105,5.298,5.605,5.67,5.526,5.816,5.844,5.829,5.702,5.388,5.096,4.732,5.094,5.292,5.432,5.542,5.573,5.703,5.485,5.694,5.76,5.79,5.762,5.542,5.093,5.027,5.245,5.464,5.483,5.517,5.599,5.475,5.335,5.558,5.668,5.71,5.78,5.722,5.668,5.461,5.605,5.757,5.699,5.627,5.512,5.361,4.926,5.242,5.488,5.494,5.543,5.536,5.327,4.858,4.874,5.063,5.272,5.284,5.45,5.53,5.325,5.543,5.726,5.789,5.878,5.835,5.75,5.446,5.549,5.758,5.907,5.763,6.021,5.956,5.744,5.897,5.937,5.567,5.299,5.077,5.218,5.433,5.694,5.794,5.663,6.258,6.373,6.625,6.142,6.451,6.516,6.654,6.742,6.689,6.436,6.16,6.413,6.38,6.263,6.348,6.519,6.401,6.095,6.294,6.333,6.437,6.476,6.466,6.26,5.736,5.764,5.939,5.878,5.73,5.601,4.564,4.522,4.831,4.859,4.736,4.571,4.646,4.487,4.437,4.81,4.813,4.894,4.821,4.789,4.695,4.564,4.724,4.694,4.586,4.711,4.763,4.544,4.322,4.572,4.611,4.411,4.312,4.193,4.07,4.101,4.372,5.741,5.656,5.732,5.94,6.104,5.77,5.839,6.052,6.226,6.364,6.599,6.345,6.154,6.404,6.29,6.562,6.625,6.572,6.407,6.363,6.569,6.621,6.32,6.276,6.471,6.488,6.337,6.486,6.797,6.914,6.979,3.957,3.887,3.767,3.703,3.776,3.717,3.511,3.454,3.402,3.242,3.428,3.58,3.696,3.839,3.721,3.496,3.234,3.334,3.411,3.539,3.586,3.525,3.382,3.14,3.351,3.519,3.57,3.565,3.607,3.557,5.295,5.254,5.479,5.618,5.685,5.746,5.837,5.817,5.906,5.987,6.098,6.135,6.144,6.093,5.896,5.936,5.772,5.984,6.049,6.065,5.984,5.759,5.725,5.594,5.787,5.97,5.989,6.031,5.799,5.88,5.978,5.367,5.332,5.363,5.267,5.099,5.201,5.249,5.268,5.236,5.05,4.739,4.3,4.216,4.509,4.641,4.76,4.827,4.931,4.766,4.871,4.981,5.021,5.091,4.983,4.843,4.514,4.527,4.593,4.608,4.495,4.284,4.206,4.072,4.114,4.088,4.269,4.391,4.463,4.407,4.258,4.475,4.554,4.563,4.519,4.578,4.57,4.337,4.371,4.546,4.644,4.675,4.791,4.67,4.454,4.616,4.707,4.696,4.65,4.74,4.809,4.647,5.273,5.368,5.507,5.502,5.52,5.377,5.143,5.318,5.313,5.406,5.438,5.517,5.594,5.343,5.391,5.575,5.631,5.636,5.663,5.704,5.581,5.6,5.679,5.644,5.264,4.92,5.079,5.229,5.096,5.163,5.169,4.458,4.519,4.663,4.649,4.543,4.573,4.652,4.766,4.701,4.709,4.731,4.512,4.726,4.805,4.744,4.733,4.797,4.766,4.641,4.77,4.815,4.799,4.879,4.918,4.822,4.719,4.923,4.871,4.302,5.87,5.892,6.013,5.956,5.723,5.839,5.514,5.38,5.583,5.906,5.975,5.824,6.129,6.159,6.143,6.009,5.678,5.37,4.986,5.369,5.576,5.724,5.84,5.873,6.01,5.78,6.0,6.07,6.101,6.072,5.84,5.113,5.047,5.266,5.486,5.505,5.539,5.622,5.496,5.357,5.58,5.691,5.732,5.803,5.745,5.69,5.483,5.627,5.78,5.722,5.649,5.534,5.382,4.946,5.263,5.51,5.516,5.565,5.557,5.348,4.878,4.854,5.041,5.249,5.261,5.427,5.507,5.303,5.52,5.701,5.765,5.853,5.81,5.725,5.423,5.526,5.733,5.882,5.739,5.996,5.931,5.72,5.871,5.912,5.543,5.277,5.055,5.196,5.41,5.67,5.769,5.639,6.258,6.373,6.625,6.142,6.451,6.516,6.654,6.742,6.689,6.436,6.16,6.413,6.38,6.263,6.348,6.519,6.401,6.095,6.294,6.333,6.437,6.476,6.466,6.26,5.736,5.764,5.939,5.878,5.73,5.601,5.151,5.103,5.452,5.483,5.344,5.159,5.243,5.063,5.007,5.428,5.431,5.523,5.441,5.404,5.298,5.151,5.331,5.297,5.175,5.316,5.375,5.128,4.878,5.159,5.203,4.978,4.865,4.732,4.593,4.627,4.934,4.052,3.992,4.046,4.193,4.309,4.073,4.121,4.272,4.394,4.492,4.658,4.479,4.344,4.52,4.44,4.632,4.676,4.639,4.522,4.491,4.636,4.673,4.461,4.43,4.568,4.58,4.473,4.578,4.798,4.88,4.926,3.651,3.586,3.476,3.416,3.484,3.43,3.24,3.187,3.139,2.991,3.163,3.303,3.41,3.542,3.433,3.226,2.983,3.076,3.147,3.265,3.309,3.252,3.121,2.897,3.092,3.247,3.294,3.289,3.328,3.282,5.295,5.254,5.479,5.618,5.685,5.746,5.837,5.817,5.906,5.987,6.098,6.135,6.144,6.093,5.896,5.936,5.772,5.984,6.049,6.065,5.984,5.759,5.725,5.594,5.787,5.97,5.989,6.031,5.799,5.88,5.978,5.367,5.332,5.363,5.267,5.099,5.201,5.249,5.268,5.236,5.05,4.739,4.3,4.216,4.509,4.641,4.76,4.827,4.931,4.766,4.871,4.981,5.021,5.091,4.983,4.843,4.514,4.527,4.593,4.608,4.495,4.284,4.206,4.072,4.114,4.088,4.269,4.391,4.463,4.407,4.258,4.475,4.554,4.563,4.519,4.578,4.57,4.337,4.371,4.546,4.644,4.675,4.791,4.67,4.454,4.616,4.707,4.696,4.65,4.74,4.809,4.647
Guntur_241,3.603,3.627,3.696,3.705,3.567,3.588,3.666,3.671,3.597,3.557,3.622,3.623,3.668,3.602,3.497,3.479,3.641,3.625,3.478,3.626,3.652,3.571,3.611,3.698,3.739,3.568,3.682,3.736,3.765,3.79,3.759,4.107,3.91,4.035,4.139,4.14,4.136,4.183,4.039,3.95,4.018,4.036,4.078,4.222,4.216,4.257,4.079,4.179,4.264,4.247,4.154,4.01,4.044,3.938,4.07,4.142,4.187,4.137,4.113,4.066,3.523,3.623,3.663,3.605,3.548,3.57,3.619,3.512,3.486,3.233,3.359,3.563,3.585,3.562,3.425,3.544,3.657,3.642,4.037,3.978,3.837,3.775,3.708,3.859,3.996,4.04,4.024,4.003,3.878,3.777,3.769,4.721,4.825,4.858,4.827,4.64,4.874,4.897,4.872,4.904,4.941,4.849,4.733,5.003,4.911,4.876,4.734,4.699,4.653,4.497,4.779,4.804,4.685,4.76,4.809,4.763,4.67,4.843,4.848,4.856,4.773,4.497,4.507,4.442,4.572,4.554,4.61,4.733,4.727,4.698,4.512,4.439,4.477,4.46,4.424,4.449,4.398,4.412,4.13,4.324,4.454,4.317,4.258,4.369,4.438,4.243,4.344,4.418,4.544,4.531,4.428,4.325,2.599,2.632,2.625,2.697,2.676,2.693,2.642,2.809,2.859,2.896,2.861,2.868,2.785,2.69,2.825,2.823,2.867,2.906,2.847,2.828,2.719,2.875,2.949,2.912,2.912,2.812,2.752,2.669,2.795,2.934,0.0,0.0,0.0,0.0,0.0,0.0,0.0,0.0,0.0,0.0,0.0,0.0,0.0,0.0,0.0,0.0,0.0,0.0,0.0,0.0,0.0,0.0,0.0,0.0,0.0,0.0,0.0,0.0,0.0,0.0,0.0,0.0,0.0,0.0,0.0,0.0,0.0,0.0,0.0,0.0,0.0,0.0,0.0,0.0,0.0,0.0,0.0,0.0,0.0,0.0,0.0,0.0,0.0,0.0,0.0,0.0,0.0,0.0,0.0,0.0,0.0,0.0,4.249,4.264,4.266,4.348,4.382,4.152,4.197,4.314,4.507,4.443,4.385,4.245,4.116,4.161,4.232,4.291,4.21,4.179,4.292,4.103,4.176,4.12,4.047,4.175,4.196,4.009,3.877,4.175,4.264,4.229,4.945,4.914,5.059,4.901,4.993,5.142,5.313,5.387,5.389,5.229,4.941,4.992,5.07,4.852,4.936,4.992,5.103,4.971,5.088,5.093,5.074,4.977,4.852,4.845,4.598,4.69,4.933,5.029,5.143,5.239,5.197,3.186,3.297,3.332,3.321,3.287,3.362,3.313,3.179,3.245,3.233,3.211,3.267,3.207,2.92,2.836,2.857,3.045,3.133,3.186,3.21,3.185,3.131,3.284,3.27,3.181,2.997,3.003,3.062,3.117,3.226,3.14,3.186,3.153,3.184,3.164,3.028,3.088,3.141,3.085,3.135,3.162,3.101,3.018,3.104,3.187,3.19,3.22,3.265,3.21,3.165,3.25,3.33,3.372,3.322,3.317,3.369,3.241,3.338,3.374,3.355,3.356,3.85,3.738,3.608,3.707,3.736,3.751,3.7,3.745,3.672,3.658,3.807,3.828,3.814,3.77,3.777,3.852,3.806,3.846,3.974,4.053,4.123,4.102,4.038,3.897,3.932,3.797,3.897,3.946,4.021,4.013,3.895,3.632,3.677,3.706,3.638,3.652,3.625,3.523,3.562,3.644,3.713,3.73,3.732,3.715,3.627,3.685,3.686,3.673,3.64,3.599,3.6,3.54,3.678,3.738,3.793,3.806,3.831,3.813,3.752,4.364,4.386,4.372,4.356,4.453,4.428,4.255,4.355,4.438,4.486,4.44,4.287,4.209,4.207,4.364,4.396,4.463,4.528,4.515,4.467,4.326,4.371,4.263,4.364,4.434,4.373,4.395,4.23,3.988,4.054,4.243,4.074,4.179,4.212,4.121,4.231,4.23,4.234,4.332,4.29,4.28,4.127,4.26,4.287,4.128,4.146,4.18,4.079,4.051,4.131,4.208,4.074,3.993,3.952,4.014,3.934,4.082,4.143,4.126,4.143,4.119,3.84,3.768,3.791,3.809,3.736,3.778,3.859,3.831,3.749,3.822,3.729,3.607,3.503,3.621,3.595,3.326,3.344,3.267,3.275,3.251,3.297,3.41,3.481,3.56,3.503,3.437,3.451,3.582,3.667,3.459,3.631,3.147,3.388,3.454,3.464,3.382,3.225,3.323,3.27,3.26,3.19,3.084,3.077,2.927,3.191,3.207,3.289,3.31,3.334,3.193,3.031,3.283,3.407,3.594,3.453,3.438,3.343,3.424,3.68,3.804,3.722,4.117,3.975,3.987,4.035,4.265,4.345,4.314,4.232,4.169,4.245,3.961,3.918,3.875,3.824,3.889,4.075,4.112,3.73,3.447,3.451,3.38,3.481,3.665,3.587,3.531,3.646,3.613,3.402,3.468,3.45,3.398,5.357,5.85,6.012,6.111,6.322,6.411,6.62,6.58,6.708,6.718,6.73,6.825,6.883,6.712,6.541,6.15,7.007,6.891,6.709,6.66,6.532,6.252,6.519,6.564,6.595,6.65,6.741,6.681,6.439,6.549,6.507,0.0,0.0,0.0,0.0,0.0,0.0,0.0,0.0,0.0,0.0,0.0,0.0,0.0,0.0,0.0,0.0,0.0,0.0,0.0,0.0,0.0,0.0,0.0,0.0,0.0,0.0,0.0,0.0,0.0,0.0,2.752,2.652,2.588,2.707,2.766,2.82,2.822,2.85,2.809,2.72,2.849,2.879,2.884,2.843,2.754,2.789,2.643,2.581,2.694,2.719,2.702,2.685,2.721,2.556,2.66,2.682,2.676,2.656,2.69,2.663,2.621,3.652,3.652,3.611,3.336,3.231,3.456,3.388,3.571,3.668,3.797,3.693,3.772,3.744,3.683,3.732,3.726,3.768,3.801,3.705,3.707,3.549,3.753,3.81,3.833,3.798,3.77,3.717,3.516,3.582,3.598,3.286,3.193,3.256,3.263,3.194,3.3,3.365,3.356,3.393,3.341,3.311,3.174,3.331,3.441,3.431,3.398,3.38,3.375,3.206,3.437,3.539,3.6,3.636,3.663,3.626,3.518,3.592,3.518,3.433,3.398,3.456,4.387,4.22,4.457,4.58,4.649,4.561,4.542,4.384,4.187,4.326,4.351,4.372,4.459,4.375,4.265,4.263,4.466,4.605,4.608,4.586,4.627,4.38,4.31,4.549,4.576,4.431,4.507,4.571,4.59,4.585,4.669,3.845,3.861,3.712,3.776,3.822,3.767,3.834,3.94,3.869,3.787,3.808,3.799,3.753,3.777,3.803,3.858,3.825,3.845,3.811,3.747,3.844,3.833,3.838,3.945,3.862,3.799,3.657,3.819,4.464,4.372,4.347,4.468,4.54,4.429,4.412,4.444,4.488,4.567,4.627,4.616,4.503,4.604,4.634,4.697,4.679,4.419,4.451,4.538,4.666,4.705,4.731,4.774,4.754,4.722,4.576,4.66,4.705,4.791,4.82,5.062,5.056,4.899,5.073,5.126,5.031,5.111,5.082,5.101,4.94,5.039,5.113,5.123,5.073,5.021,5.093,4.861,4.993,5.081,5.042,5.062,5.073,5.067,4.907,5.078,5.139,5.191,5.157,5.111,4.978,4.527,4.639,4.623,4.732,4.728,4.853,4.823,4.607,4.678,4.606,4.626,4.62,4.577,4.532,4.408,4.587,4.696,4.828,4.781,4.582,4.178,3.883,3.836,4.176,4.487,4.516,4.448,4.409,4.372,4.616,4.683,4.085,4.127,4.122,4.075,3.976,4.085,4.112,4.025,3.987,4.084,4.043,3.926,4.118,4.176,4.065,3.974,3.916,3.822,3.548,3.558,3.588,3.874,4.024,3.977,3.898,3.785,4.006,4.062,3.9,3.631,3.593,3.654,3.561,3.828,3.845,3.84,3.853,3.78,3.622,3.393,3.522,3.53,3.585,3.532,3.541,3.548,3.394,3.651,3.708,3.642,3.419,3.522,3.431,3.189,3.431,3.656,3.698,3.669,3.734,3.613,3.398,3.779,3.875,4.035,4.032,3.891,3.776,3.592,3.681,3.677,3.675,3.464,3.652,3.79,3.533,3.351,3.589,3.795,3.926,3.879,3.83,3.665,3.864,3.961,3.925,3.991,4.121,3.987,3.817,4.093,4.2,4.173,4.505,4.548,4.525,4.259,4.477,4.547,4.565,4.504,4.387,4.276,3.993,4.056,4.074,4.076,4.014,3.814,3.944,3.972,4.196,4.189,4.137,3.965,3.902,3.85,3.863,4.206,4.238,4.224,4.284,4.295,3.888,3.714,3.941,4.06,3.849,3.904,3.885,3.908,3.777,3.897,3.862,3.928,3.932,3.899,3.843,3.71,4.006,4.045,4.051,4.038,3.987,3.881,3.65,3.442,3.37,3.611,3.81,3.889,3.909,3.801,3.841,4.401,4.457,4.419,4.49,4.475,4.382,4.446,4.481,4.482,4.48,4.484,4.35,4.244,4.276,4.389,4.455,4.488,4.528,4.542,4.366,4.525,4.589,4.579,4.577,4.578,4.582,4.481,4.596,4.54,4.545,4.322,4.386,4.393,4.239,4.329,4.429,4.481,4.372,4.34,4.173,4.062,4.276,4.283,4.309,4.389,4.477,4.51,4.409,4.583,4.598,4.562,4.581,4.656,4.626,4.468,4.558,4.644,4.718,4.735,4.68,4.631,4.371,4.49,4.472,4.397,4.452,4.485,4.511,4.47,4.542,4.549,4.59,4.601,4.628,4.464,4.286,4.407,4.496,4.582,4.541,4.597,4.543,4.411,4.445,4.523,4.489,4.196,4.331,4.459,4.346,4.403,4.409,4.226,4.284,4.421,4.408,4.307,4.335,4.41,4.519,4.457,4.464,4.485,4.277,4.481,4.556,4.497,4.487,4.548,4.518,4.4,4.523,4.564,4.549,4.625,4.663,4.571,4.474,4.667,4.618,5.571,5.592,5.706,5.651,5.431,5.541,5.232,5.105,5.298,5.605,5.67,5.526,5.816,5.844,5.829,5.702,5.388,5.096,4.732,5.094,5.292,5.432,5.542,5.573,5.703,5.485,5.694,5.76,5.79,5.762,5.542,5.093,5.027,5.245,5.464,5.483,5.517,5.599,5.475,5.335,5.558,5.668,5.71,5.78,5.722,5.668,5.461,5.605,5.757,5.699,5.627,5.512,5.361,4.926,5.242,5.488,5.494,5.543,5.536,5.327,4.858,4.874,5.063,5.272,5.284,5.45,5.53,5.325,5.543,5.726,5.789,5.878,5.835,5.75,5.446,5.549,5.758,5.907,5.763,6.021,5.956,5.744,5.897,5.937,5.567,5.299,5.077,5.218,5.433,5.694,5.794,5.663,6.258,6.373,6.625,6.142,6.451,6.516,6.654,6.742,6.689,6.436,6.16,6.413,6.38,6.263,6.348,6.519,6.401,6.095,6.294,6.333,6.437,6.476,6.466,6.26,5.736,5.764,5.939,5.878,5.73,5.601,4.564,4.522,4.831,4.859,4.736,4.571,4.646,4.487,4.437,4.81,4.813,4.894,4.821,4.789,4.695,4.564,4.724,4.694,4.586,4.711,4.763,4.544,4.322,4.572,4.611,4.411,4.312,4.193,4.07,4.101,4.372,5.741,5.656,5.732,5.94,6.104,5.77,5.839,6.052,6.226,6.364,6.599,6.345,6.154,6.404,6.29,6.562,6.625,6.572,6.407,6.363,6.569,6.621,6.32,6.276,6.471,6.488,6.337,6.486,6.797,6.914,6.979,3.957,3.887,3.767,3.703,3.776,3.717,3.511,3.454,3.402,3.242,3.428,3.58,3.696,3.839,3.721,3.496,3.234,3.334,3.411,3.539,3.586,3.525,3.382,3.14,3.351,3.519,3.57,3.565,3.607,3.557,5.295,5.254,5.479,5.618,5.685,5.746,5.837,5.817,5.906,5.987,6.098,6.135,6.144,6.093,5.896,5.936,5.772,5.984,6.049,6.065,5.984,5.759,5.725,5.594,5.787,5.97,5.989,6.031,5.799,5.88,5.978,5.367,5.332,5.363,5.267,5.099,5.201,5.249,5.268,5.236,5.05,4.739,4.3,4.216,4.509,4.641,4.76,4.827,4.931,4.766,4.871,4.981,5.021,5.091,4.983,4.843,4.514,4.527,4.593,4.608,4.495,4.284,4.206,4.072,4.114,4.088,4.269,4.391,4.463,4.407,4.258,4.475,4.554,4.563,4.519,4.578,4.57,4.337,4.371,4.546,4.644,4.675,4.791,4.67,4.454,4.616,4.707,4.696,4.65,4.74,4.809,4.647,5.273,5.368,5.507,5.502,5.52,5.377,5.143,5.318,5.313,5.406,5.438,5.517,5.594,5.343,5.391,5.575,5.631,5.636,5.663,5.704,5.581,5.6,5.679,5.644,5.264,4.92,5.079,5.229,5.096,5.163,5.169,4.458,4.519,4.663,4.649,4.543,4.573,4.652,4.766,4.701,4.709,4.731,4.512,4.726,4.805,4.744,4.733,4.797,4.766,4.641,4.77,4.815,4.799,4.879,4.918,4.822,4.719,4.923,4.871,4.302,5.87,5.892,6.013,5.956,5.723,5.839,5.514,5.38,5.583,5.906,5.975,5.824,6.129,6.159,6.143,6.009,5.678,5.37,4.986,5.369,5.576,5.724,5.84,5.873,6.01,5.78,6.0,6.07,6.101,6.072,5.84,5.113,5.047,5.266,5.486,5.505,5.539,5.622,5.496,5.357,5.58,5.691,5.732,5.803,5.745,5.69,5.483,5.627,5.78,5.722,5.649,5.534,5.382,4.946,5.263,5.51,5.516,5.565,5.557,5.348,4.878,4.854,5.041,5.249,5.261,5.427,5.507,5.303,5.52,5.701,5.765,5.853,5.81,5.725,5.423,5.526,5.733,5.882,5.739,5.996,5.931,5.72,5.871,5.912,5.543,5.277,5.055,5.196,5.41,5.67,5.769,5.639,6.258,6.373,6.625,6.142,6.451,6.516,6.654,6.742,6.689,6.436,6.16,6.413,6.38,6.263,6.348,6.519,6.401,6.095,6.294,6.333,6.437,6.476,6.466,6.26,5.736,5.764,5.939,5.878,5.73,5.601,5.151,5.103,5.452,5.483,5.344,5.159,5.243,5.063,5.007,5.428,5.431,5.523,5.441,5.404,5.298,5.151,5.331,5.297,5.175,5.316,5.375,5.128,4.878,5.159,5.203,4.978,4.865,4.732,4.593,4.627,4.934,4.052,3.992,4.046,4.193,4.309,4.073,4.121,4.272,4.394,4.492,4.658,4.479,4.344,4.52,4.44,4.632,4.676,4.639,4.522,4.491,4.636,4.673,4.461,4.43,4.568,4.58,4.473,4.578,4.798,4.88,4.926,3.651,3.586,3.476,3.416,3.484,3.43,3.24,3.187,3.139,2.991,3.163,3.303,3.41,3.542,3.433,3.226,2.983,3.076,3.147,3.265,3.309,3.252,3.121,2.897,3.092,3.247,3.294,3.289,3.328,3.282,5.295,5.254,5.479,5.618,5.685,5.746,5.837,5.817,5.906,5.987,6.098,6.135,6.144,6.093,5.896,5.936,5.772,5.984,6.049,6.065,5.984,5.759,5.725,5.594,5.787,5.97,5.989,6.031,5.799,5.88,5.978,5.367,5.332,5.363,5.267,5.099,5.201,5.249,5.268,5.236,5.05,4.739,4.3,4.216,4.509,4.641,4.76,4.827,4.931,4.766,4.871,4.981,5.021,5.091,4.983,4.843,4.514,4.527,4.593,4.608,4.495,4.284,4.206,4.072,4.114,4.088,4.269,4.391,4.463,4.407,4.258,4.475,4.554,4.563,4.519,4.578,4.57,4.337,4.371,4.546,4.644,4.675,4.791,4.67,4.454,4.616,4.707,4.696,4.65,4.74,4.809,4.647
Guntur_242,2.909,2.928,2.984,2.991,2.88,2.896,2.959,2.963,2.904,2.872,2.924,2.925,2.961,2.908,2.824,2.808,2.939,2.926,2.808,2.928,2.949,2.883,2.915,2.986,3.018,2.88,2.973,3.017,3.04,3.06,3.035,3.089,2.941,3.035,3.113,3.114,3.111,3.146,3.038,2.971,3.022,3.036,3.067,3.176,3.171,3.202,3.068,3.143,3.207,3.194,3.125,3.016,3.042,2.962,3.061,3.116,3.15,3.112,3.093,3.058,2.894,2.977,3.01,2.962,2.916,2.934,2.973,2.886,2.865,2.656,2.76,2.928,2.946,2.927,2.814,2.912,3.005,2.992,3.317,3.268,3.153,3.102,3.047,3.171,3.283,3.32,3.306,3.289,3.187,3.103,3.097,3.868,3.954,3.981,3.956,3.802,3.994,4.013,3.992,4.018,4.049,3.973,3.879,4.1,4.024,3.996,3.879,3.851,3.813,3.685,3.916,3.936,3.839,3.9,3.941,3.903,3.827,3.968,3.972,3.98,3.911,3.446,3.454,3.404,3.503,3.49,3.533,3.627,3.622,3.6,3.457,3.402,3.431,3.418,3.39,3.41,3.37,3.381,3.165,3.314,3.413,3.308,3.263,3.348,3.401,3.251,3.329,3.385,3.482,3.472,3.393,3.315,2.423,2.453,2.447,2.514,2.494,2.51,2.463,2.618,2.665,2.699,2.666,2.673,2.595,2.507,2.633,2.631,2.672,2.709,2.653,2.636,2.534,2.679,2.748,2.714,2.714,2.621,2.565,2.487,2.605,2.735,0.0,0.0,0.0,0.0,0.0,0.0,0.0,0.0,0.0,0.0,0.0,0.0,0.0,0.0,0.0,0.0,0.0,0.0,0.0,0.0,0.0,0.0,0.0,0.0,0.0,0.0,0.0,0.0,0.0,0.0,0.0,0.0,0.0,0.0,0.0,0.0,0.0,0.0,0.0,0.0,0.0,0.0,0.0,0.0,0.0,0.0,0.0,0.0,0.0,0.0,0.0,0.0,0.0,0.0,0.0,0.0,0.0,0.0,0.0,0.0,0.0,0.0,4.483,4.498,4.5,4.587,4.623,4.38,4.428,4.551,4.755,4.687,4.626,4.478,4.342,4.39,4.464,4.527,4.441,4.409,4.528,4.328,4.406,4.346,4.269,4.405,4.426,4.229,4.09,4.404,4.498,4.461,4.953,4.922,5.068,4.909,5.001,5.151,5.323,5.396,5.398,5.239,4.95,5.001,5.078,4.861,4.945,5.0,5.112,4.98,5.097,5.102,5.083,4.985,4.86,4.854,4.606,4.699,4.941,5.038,5.152,5.248,5.206,2.586,2.676,2.705,2.696,2.668,2.728,2.689,2.581,2.634,2.624,2.606,2.652,2.603,2.37,2.302,2.319,2.471,2.543,2.586,2.605,2.585,2.541,2.665,2.654,2.582,2.432,2.438,2.485,2.529,2.618,3.108,3.154,3.121,3.151,3.132,2.997,3.057,3.109,3.054,3.103,3.129,3.069,2.987,3.072,3.155,3.158,3.187,3.232,3.177,3.132,3.216,3.296,3.338,3.288,3.283,3.334,3.208,3.304,3.339,3.321,3.321,3.709,3.601,3.476,3.571,3.6,3.614,3.565,3.608,3.538,3.525,3.668,3.688,3.675,3.632,3.639,3.712,3.667,3.706,3.829,3.905,3.972,3.952,3.891,3.755,3.789,3.658,3.755,3.802,3.874,3.866,3.752,3.185,3.224,3.249,3.19,3.202,3.178,3.089,3.123,3.195,3.256,3.271,3.272,3.257,3.18,3.231,3.231,3.22,3.191,3.155,3.156,3.104,3.224,3.277,3.326,3.337,3.359,3.343,3.29,3.677,3.695,3.683,3.669,3.752,3.73,3.585,3.669,3.739,3.779,3.74,3.612,3.546,3.544,3.677,3.704,3.76,3.815,3.804,3.763,3.644,3.683,3.591,3.677,3.736,3.684,3.703,3.563,3.36,3.415,3.574,3.306,3.391,3.418,3.344,3.434,3.432,3.435,3.515,3.481,3.473,3.349,3.457,3.479,3.35,3.365,3.392,3.31,3.287,3.352,3.415,3.306,3.24,3.207,3.258,3.192,3.312,3.362,3.348,3.362,3.342,2.911,2.857,2.874,2.888,2.832,2.864,2.925,2.904,2.842,2.897,2.827,2.735,2.656,2.745,2.725,2.522,2.535,2.477,2.483,2.465,2.499,2.586,2.639,2.699,2.656,2.606,2.616,2.716,2.78,2.622,2.753,2.929,3.153,3.215,3.224,3.147,3.002,3.093,3.043,3.034,2.969,2.871,2.863,2.724,2.97,2.985,3.061,3.081,3.103,2.971,2.821,3.056,3.171,3.345,3.214,3.2,3.112,3.187,3.425,3.54,3.464,2.116,2.043,2.049,2.074,2.192,2.233,2.217,2.175,2.143,2.182,2.036,2.014,1.992,1.965,1.999,2.095,2.114,1.918,1.772,1.774,1.737,1.789,1.884,1.844,1.815,1.874,1.857,1.749,1.783,1.774,1.747,6.4,6.989,7.183,7.301,7.553,7.66,7.91,7.861,8.014,8.027,8.041,8.154,8.223,8.018,7.814,7.347,8.372,8.233,8.016,7.957,7.803,7.47,7.788,7.842,7.879,7.946,8.054,7.982,7.693,7.824,7.774,0.0,0.0,0.0,0.0,0.0,0.0,0.0,0.0,0.0,0.0,0.0,0.0,0.0,0.0,0.0,0.0,0.0,0.0,0.0,0.0,0.0,0.0,0.0,0.0,0.0,0.0,0.0,0.0,0.0,0.0,2.707,2.61,2.546,2.663,2.721,2.775,2.776,2.804,2.763,2.676,2.803,2.832,2.837,2.797,2.71,2.744,2.601,2.539,2.65,2.675,2.658,2.642,2.677,2.515,2.617,2.639,2.633,2.613,2.647,2.62,2.578,4.158,4.158,4.112,3.798,3.679,3.935,3.857,4.066,4.176,4.323,4.204,4.294,4.263,4.193,4.249,4.242,4.29,4.328,4.218,4.221,4.04,4.273,4.338,4.364,4.325,4.292,4.232,4.003,4.078,4.096,2.948,2.865,2.922,2.928,2.866,2.961,3.02,3.012,3.044,2.998,2.971,2.848,2.989,3.087,3.079,3.049,3.033,3.029,2.877,3.084,3.176,3.231,3.263,3.287,3.254,3.157,3.223,3.157,3.081,3.049,3.101,3.753,3.61,3.813,3.918,3.977,3.901,3.885,3.75,3.581,3.701,3.722,3.74,3.814,3.742,3.648,3.647,3.821,3.939,3.942,3.923,3.958,3.747,3.687,3.891,3.915,3.791,3.855,3.91,3.926,3.922,3.994,3.295,3.308,3.181,3.236,3.275,3.228,3.285,3.376,3.315,3.245,3.263,3.255,3.216,3.237,3.259,3.306,3.278,3.295,3.266,3.211,3.294,3.284,3.288,3.381,3.309,3.256,3.134,3.273,4.219,4.133,4.109,4.223,4.291,4.186,4.17,4.2,4.242,4.317,4.373,4.363,4.256,4.351,4.38,4.44,4.423,4.177,4.207,4.289,4.411,4.447,4.472,4.513,4.494,4.463,4.325,4.405,4.447,4.529,4.556,4.951,4.945,4.792,4.962,5.013,4.921,4.999,4.971,4.989,4.832,4.929,5.001,5.011,4.962,4.911,4.982,4.754,4.884,4.969,4.932,4.951,4.962,4.956,4.799,4.967,5.026,5.078,5.044,4.999,4.869,3.559,3.646,3.634,3.72,3.716,3.815,3.791,3.622,3.677,3.62,3.637,3.632,3.598,3.563,3.465,3.605,3.692,3.795,3.759,3.602,3.284,3.052,3.015,3.283,3.527,3.55,3.496,3.466,3.436,3.629,3.681,3.107,3.139,3.135,3.1,3.024,3.107,3.128,3.062,3.033,3.107,3.075,2.986,3.133,3.177,3.092,3.023,2.979,2.907,2.699,2.706,2.729,2.946,3.061,3.025,2.965,2.879,3.047,3.09,2.966,2.762,2.733,2.779,2.708,2.912,2.924,2.921,2.93,2.875,2.755,2.581,2.679,2.685,2.727,2.686,2.693,2.699,2.582,2.777,2.82,2.77,2.6,2.679,2.61,2.426,2.61,2.781,2.813,2.791,2.84,2.748,2.584,2.498,2.562,2.667,2.665,2.572,2.496,2.375,2.433,2.431,2.429,2.29,2.414,2.505,2.336,2.215,2.372,2.509,2.595,2.564,2.532,2.422,2.554,2.618,2.595,2.638,2.724,2.635,2.523,2.706,2.777,2.759,3.029,3.058,3.042,2.864,3.01,3.057,3.07,3.028,2.95,2.875,2.685,2.728,2.739,2.741,2.699,2.564,2.652,2.671,2.822,2.817,2.782,2.666,2.624,2.589,2.598,2.828,2.85,2.84,2.881,2.888,3.389,3.238,3.436,3.539,3.355,3.403,3.387,3.406,3.293,3.397,3.367,3.424,3.428,3.399,3.35,3.234,3.492,3.526,3.532,3.52,3.475,3.383,3.182,3.001,2.938,3.148,3.322,3.39,3.407,3.313,3.348,3.606,3.652,3.62,3.679,3.666,3.59,3.643,3.671,3.672,3.67,3.674,3.564,3.477,3.503,3.596,3.65,3.677,3.71,3.721,3.577,3.708,3.76,3.751,3.75,3.751,3.754,3.672,3.766,3.72,3.724,3.536,3.588,3.594,3.468,3.542,3.623,3.666,3.577,3.551,3.414,3.323,3.499,3.504,3.525,3.591,3.663,3.69,3.608,3.749,3.762,3.733,3.748,3.809,3.785,3.655,3.729,3.8,3.86,3.874,3.829,3.789,3.689,3.789,3.774,3.711,3.757,3.785,3.807,3.772,3.833,3.839,3.873,3.883,3.906,3.767,3.617,3.719,3.795,3.867,3.832,3.88,3.834,3.723,3.751,3.817,3.789,3.541,3.655,3.764,3.668,3.716,3.721,3.408,3.454,3.565,3.554,3.473,3.495,3.556,3.644,3.594,3.6,3.616,3.449,3.613,3.673,3.626,3.618,3.667,3.643,3.548,3.647,3.68,3.668,3.729,3.76,3.686,3.608,3.763,3.723,4.599,4.616,4.711,4.665,4.483,4.574,4.319,4.214,4.374,4.627,4.681,4.562,4.801,4.824,4.812,4.707,4.448,4.207,3.906,4.206,4.368,4.484,4.575,4.6,4.708,4.528,4.7,4.755,4.78,4.756,4.575,4.045,3.992,4.166,4.34,4.355,4.382,4.447,4.348,4.237,4.414,4.502,4.535,4.59,4.545,4.501,4.337,4.451,4.572,4.526,4.469,4.377,4.258,3.912,4.163,4.359,4.363,4.402,4.396,4.231,3.858,3.656,3.797,3.954,3.963,4.088,4.148,3.994,4.158,4.294,4.342,4.408,4.376,4.312,4.085,4.162,4.318,4.43,4.322,4.516,4.467,4.308,4.422,4.453,4.175,3.975,3.807,3.914,4.075,4.271,4.345,4.247,4.028,4.102,4.264,3.954,4.152,4.195,4.283,4.34,4.306,4.143,3.965,4.128,4.107,4.031,4.086,4.197,4.12,3.923,4.051,4.076,4.143,4.169,4.162,4.029,3.692,3.71,3.823,3.784,3.689,3.606,3.876,3.84,4.103,4.126,4.022,3.882,3.946,3.81,3.768,4.085,4.088,4.156,4.094,4.067,3.987,3.876,4.012,3.987,3.894,4.001,4.045,3.859,3.671,3.883,3.916,3.747,3.662,3.561,3.457,3.482,3.713,5.769,5.683,5.76,5.969,6.134,5.798,5.867,6.081,6.256,6.395,6.631,6.376,6.184,6.435,6.321,6.594,6.657,6.604,6.438,6.394,6.6,6.652,6.35,6.306,6.502,6.519,6.367,6.517,6.83,6.947,7.013,3.285,3.227,3.128,3.074,3.135,3.086,2.915,2.867,2.824,2.691,2.846,2.972,3.069,3.187,3.089,2.903,2.685,2.768,2.832,2.938,2.978,2.927,2.808,2.607,2.782,2.922,2.964,2.96,2.995,2.953,4.346,4.312,4.496,4.61,4.666,4.716,4.791,4.774,4.847,4.914,5.005,5.035,5.043,5.0,4.839,4.871,4.737,4.911,4.965,4.977,4.911,4.726,4.699,4.591,4.75,4.9,4.915,4.95,4.759,4.826,4.906,4.266,4.238,4.263,4.186,4.053,4.134,4.172,4.187,4.161,4.014,3.767,3.418,3.351,3.584,3.689,3.783,3.837,3.919,3.788,3.872,3.959,3.991,4.046,3.961,3.849,3.588,3.598,3.651,3.663,3.573,3.327,3.266,3.162,3.195,3.175,3.316,3.41,3.466,3.422,3.307,3.475,3.537,3.544,3.509,3.555,3.549,3.368,3.395,3.531,3.607,3.631,3.721,3.627,3.459,3.585,3.655,3.647,3.611,3.682,3.735,3.609,4.233,4.31,4.421,4.417,4.431,4.317,4.129,4.27,4.265,4.34,4.366,4.43,4.491,4.29,4.328,4.476,4.521,4.525,4.546,4.58,4.481,4.496,4.559,4.531,4.226,3.95,4.077,4.198,4.092,4.145,4.15,3.251,3.295,3.401,3.391,3.313,3.335,3.392,3.476,3.428,3.434,3.45,3.29,3.447,3.504,3.46,3.452,3.498,3.475,3.384,3.479,3.511,3.499,3.558,3.587,3.516,3.442,3.59,3.552,3.137,4.608,4.625,4.72,4.674,4.492,4.583,4.328,4.222,4.382,4.636,4.69,4.571,4.81,4.834,4.821,4.716,4.456,4.215,3.914,4.214,4.377,4.493,4.584,4.609,4.717,4.537,4.709,4.765,4.789,4.766,4.584,3.642,3.595,3.75,3.907,3.921,3.945,4.004,3.915,3.815,3.974,4.053,4.083,4.133,4.092,4.053,3.905,4.008,4.116,4.075,4.023,3.941,3.833,3.522,3.748,3.924,3.928,3.963,3.958,3.809,3.474,3.119,3.239,3.373,3.381,3.488,3.539,3.408,3.547,3.664,3.704,3.761,3.734,3.679,3.485,3.551,3.684,3.78,3.688,3.853,3.811,3.676,3.773,3.799,3.562,3.391,3.248,3.339,3.476,3.644,3.707,3.624,4.028,4.102,4.264,3.954,4.152,4.195,4.283,4.34,4.306,4.143,3.965,4.128,4.107,4.031,4.086,4.197,4.12,3.923,4.051,4.076,4.143,4.169,4.162,4.029,3.692,3.71,3.823,3.784,3.689,3.606,3.31,3.279,3.504,3.524,3.434,3.315,3.369,3.254,3.217,3.488,3.49,3.549,3.496,3.473,3.404,3.31,3.426,3.404,3.325,3.416,3.454,3.295,3.134,3.315,3.344,3.199,3.127,3.041,2.952,2.974,3.171,3.354,3.304,3.349,3.47,3.566,3.371,3.411,3.536,3.637,3.718,3.855,3.707,3.595,3.741,3.675,3.834,3.871,3.839,3.743,3.718,3.837,3.868,3.692,3.666,3.78,3.79,3.702,3.789,3.971,4.039,4.077,3.37,3.31,3.208,3.154,3.216,3.166,2.991,2.941,2.897,2.761,2.92,3.049,3.148,3.269,3.169,2.978,2.754,2.839,2.905,3.014,3.054,3.002,2.881,2.674,2.854,2.997,3.041,3.036,3.072,3.029,4.346,4.312,4.496,4.61,4.666,4.716,4.791,4.774,4.847,4.914,5.005,5.035,5.043,5.0,4.839,4.871,4.737,4.911,4.965,4.977,4.911,4.726,4.699,4.591,4.75,4.9,4.915,4.95,4.759,4.826,4.906,4.266,4.238,4.263,4.186,4.053,4.134,4.172,4.187,4.161,4.014,3.767,3.418,3.351,3.584,3.689,3.783,3.837,3.919,3.788,3.872,3.959,3.991,4.046,3.961,3.849,3.588,3.598,3.651,3.663,3.573,3.327,3.266,3.162,3.195,3.175,3.316,3.41,3.466,3.422,3.307,3.475,3.537,3.544,3.509,3.555,3.549,3.368,3.395,3.531,3.607,3.631,3.721,3.627,3.459,3.585,3.655,3.647,3.611,3.682,3.735,3.609
Guntur_243,3.319,3.341,3.404,3.413,3.286,3.305,3.377,3.381,3.314,3.277,3.336,3.338,3.378,3.318,3.222,3.204,3.354,3.339,3.204,3.34,3.365,3.29,3.327,3.407,3.444,3.287,3.392,3.442,3.468,3.491,3.463,3.619,3.445,3.555,3.647,3.648,3.645,3.685,3.558,3.48,3.54,3.556,3.593,3.72,3.714,3.751,3.594,3.682,3.757,3.742,3.66,3.533,3.563,3.469,3.586,3.65,3.69,3.645,3.624,3.583,3.313,3.407,3.445,3.391,3.338,3.358,3.404,3.304,3.279,3.041,3.159,3.352,3.372,3.35,3.221,3.334,3.44,3.425,3.797,3.741,3.609,3.551,3.488,3.629,3.758,3.8,3.785,3.765,3.648,3.552,3.545,4.032,4.122,4.15,4.123,3.963,4.163,4.183,4.162,4.189,4.22,4.142,4.043,4.273,4.195,4.165,4.044,4.014,3.975,3.841,4.082,4.103,4.002,4.066,4.108,4.068,3.989,4.136,4.141,4.148,4.077,3.935,3.944,3.887,4.0,3.985,4.034,4.141,4.136,4.111,3.948,3.884,3.917,3.903,3.871,3.893,3.848,3.86,3.614,3.784,3.897,3.777,3.726,3.823,3.883,3.712,3.801,3.865,3.976,3.965,3.875,3.785,2.423,2.453,2.447,2.514,2.494,2.51,2.463,2.618,2.665,2.699,2.666,2.673,2.595,2.507,2.633,2.631,2.672,2.709,2.653,2.636,2.534,2.679,2.748,2.714,2.714,2.621,2.565,2.487,2.605,2.735,0.0,0.0,0.0,0.0,0.0,0.0,0.0,0.0,0.0,0.0,0.0,0.0,0.0,0.0,0.0,0.0,0.0,0.0,0.0,0.0,0.0,0.0,0.0,0.0,0.0,0.0,0.0,0.0,0.0,0.0,0.0,0.0,0.0,0.0,0.0,0.0,0.0,0.0,0.0,0.0,0.0,0.0,0.0,0.0,0.0,0.0,0.0,0.0,0.0,0.0,0.0,0.0,0.0,0.0,0.0,0.0,0.0,0.0,0.0,0.0,0.0,0.0,4.884,4.901,4.903,4.998,5.037,4.773,4.824,4.958,5.181,5.107,5.041,4.879,4.731,4.783,4.864,4.933,4.839,4.804,4.933,4.716,4.801,4.735,4.652,4.799,4.823,4.608,4.456,4.799,4.901,4.861,5.326,5.292,5.448,5.278,5.377,5.538,5.723,5.802,5.804,5.632,5.322,5.377,5.46,5.226,5.317,5.376,5.497,5.354,5.48,5.486,5.465,5.36,5.226,5.218,4.952,5.052,5.313,5.417,5.539,5.642,5.598,3.364,3.482,3.519,3.508,3.472,3.55,3.499,3.358,3.427,3.415,3.391,3.45,3.387,3.083,2.996,3.018,3.216,3.309,3.365,3.39,3.363,3.307,3.468,3.454,3.359,3.165,3.172,3.234,3.291,3.407,3.655,3.709,3.671,3.706,3.684,3.525,3.595,3.657,3.591,3.649,3.681,3.61,3.513,3.613,3.711,3.714,3.749,3.801,3.737,3.684,3.783,3.877,3.926,3.867,3.862,3.922,3.773,3.886,3.927,3.906,3.906,4.119,3.999,3.86,3.965,3.997,4.012,3.958,4.006,3.928,3.914,4.073,4.095,4.08,4.033,4.04,4.121,4.071,4.115,4.252,4.336,4.411,4.388,4.32,4.169,4.207,4.062,4.169,4.221,4.301,4.293,4.166,3.463,3.506,3.534,3.469,3.482,3.456,3.36,3.396,3.475,3.541,3.557,3.559,3.543,3.459,3.514,3.515,3.502,3.471,3.432,3.433,3.375,3.507,3.564,3.617,3.629,3.653,3.636,3.578,4.567,4.59,4.575,4.558,4.66,4.633,4.453,4.557,4.645,4.694,4.646,4.486,4.405,4.402,4.567,4.601,4.67,4.739,4.725,4.675,4.527,4.574,4.461,4.567,4.64,4.576,4.599,4.426,4.173,4.242,4.44,3.479,3.568,3.597,3.52,3.613,3.612,3.615,3.7,3.664,3.655,3.524,3.638,3.661,3.525,3.541,3.57,3.483,3.459,3.528,3.593,3.479,3.41,3.375,3.428,3.36,3.486,3.538,3.523,3.538,3.517,3.287,3.225,3.245,3.26,3.197,3.234,3.303,3.279,3.208,3.271,3.192,3.087,2.998,3.099,3.077,2.847,2.862,2.796,2.803,2.783,2.822,2.919,2.979,3.047,2.998,2.942,2.953,3.066,3.139,2.96,3.108,2.7,2.906,2.963,2.972,2.901,2.767,2.851,2.805,2.797,2.737,2.646,2.639,2.511,2.738,2.751,2.821,2.84,2.86,2.739,2.6,2.817,2.923,3.084,2.962,2.949,2.868,2.938,3.157,3.263,3.193,2.116,2.043,2.049,2.074,2.192,2.233,2.217,2.175,2.143,2.182,2.036,2.014,1.992,1.965,1.999,2.095,2.114,1.918,1.772,1.774,1.737,1.789,1.884,1.844,1.815,1.874,1.857,1.749,1.783,1.774,1.747,6.4,6.989,7.183,7.301,7.553,7.66,7.91,7.861,8.014,8.027,8.041,8.154,8.223,8.018,7.814,7.347,8.372,8.233,8.016,7.957,7.803,7.47,7.788,7.842,7.879,7.946,8.054,7.982,7.693,7.824,7.774,0.0,0.0,0.0,0.0,0.0,0.0,0.0,0.0,0.0,0.0,0.0,0.0,0.0,0.0,0.0,0.0,0.0,0.0,0.0,0.0,0.0,0.0,0.0,0.0,0.0,0.0,0.0,0.0,0.0,0.0,2.652,2.556,2.494,2.609,2.665,2.718,2.719,2.746,2.707,2.621,2.745,2.774,2.779,2.74,2.654,2.688,2.547,2.487,2.596,2.62,2.604,2.588,2.622,2.463,2.563,2.585,2.579,2.56,2.593,2.567,2.526,4.387,4.386,4.338,4.007,3.881,4.151,4.069,4.29,4.405,4.56,4.435,4.531,4.497,4.423,4.483,4.475,4.526,4.566,4.45,4.453,4.263,4.508,4.577,4.604,4.562,4.528,4.465,4.223,4.302,4.322,3.166,3.077,3.138,3.145,3.078,3.18,3.243,3.234,3.269,3.219,3.191,3.059,3.21,3.316,3.306,3.274,3.258,3.253,3.09,3.312,3.411,3.469,3.504,3.53,3.495,3.39,3.462,3.39,3.308,3.274,3.331,4.328,4.163,4.397,4.518,4.586,4.499,4.481,4.325,4.13,4.268,4.292,4.313,4.399,4.316,4.207,4.205,4.406,4.543,4.546,4.524,4.565,4.321,4.252,4.488,4.515,4.371,4.446,4.51,4.528,4.523,4.606,3.762,3.777,3.632,3.695,3.739,3.686,3.751,3.855,3.786,3.706,3.726,3.717,3.672,3.696,3.721,3.775,3.743,3.762,3.729,3.667,3.761,3.75,3.755,3.86,3.779,3.718,3.579,3.737,4.652,4.557,4.53,4.657,4.732,4.616,4.598,4.631,4.677,4.76,4.822,4.811,4.693,4.798,4.83,4.895,4.877,4.605,4.639,4.73,4.864,4.904,4.931,4.976,4.955,4.921,4.769,4.857,4.903,4.994,5.024,4.951,4.945,4.792,4.962,5.013,4.921,4.999,4.971,4.989,4.832,4.929,5.001,5.011,4.962,4.911,4.982,4.754,4.884,4.969,4.932,4.951,4.962,4.956,4.799,4.967,5.026,5.078,5.044,4.999,4.869,4.373,4.481,4.466,4.572,4.567,4.688,4.659,4.451,4.519,4.449,4.469,4.464,4.422,4.379,4.258,4.431,4.537,4.664,4.619,4.426,4.036,3.751,3.706,4.034,4.335,4.362,4.297,4.26,4.223,4.46,4.524,3.525,3.561,3.557,3.517,3.431,3.525,3.549,3.474,3.441,3.525,3.489,3.388,3.554,3.604,3.508,3.429,3.38,3.298,3.062,3.071,3.096,3.343,3.473,3.432,3.364,3.266,3.456,3.505,3.365,3.133,3.1,3.153,3.073,3.303,3.318,3.314,3.325,3.262,3.125,2.928,3.039,3.046,3.094,3.048,3.055,3.062,2.929,3.151,3.2,3.143,2.95,3.039,2.961,2.752,2.961,3.155,3.191,3.166,3.222,3.117,2.932,2.873,2.946,3.068,3.065,2.959,2.871,2.731,2.798,2.795,2.794,2.633,2.776,2.882,2.686,2.547,2.728,2.886,2.985,2.949,2.912,2.786,2.938,3.012,2.984,3.034,3.133,3.031,2.902,3.112,3.194,3.173,3.835,3.871,3.851,3.625,3.81,3.871,3.886,3.834,3.734,3.64,3.399,3.453,3.467,3.469,3.417,3.246,3.357,3.381,3.572,3.566,3.522,3.375,3.321,3.278,3.288,3.58,3.608,3.595,3.647,3.656,3.238,3.093,3.282,3.381,3.205,3.251,3.235,3.254,3.146,3.246,3.216,3.271,3.274,3.247,3.2,3.09,3.336,3.368,3.374,3.363,3.32,3.232,3.04,2.867,2.807,3.007,3.173,3.238,3.255,3.165,3.198,4.093,4.145,4.109,4.176,4.161,4.075,4.135,4.167,4.168,4.166,4.17,4.045,3.947,3.977,4.082,4.143,4.174,4.211,4.224,4.06,4.209,4.268,4.258,4.256,4.257,4.261,4.167,4.274,4.222,4.227,3.94,3.998,4.005,3.864,3.946,4.037,4.085,3.986,3.957,3.804,3.703,3.898,3.904,3.928,4.001,4.081,4.111,4.019,4.177,4.191,4.159,4.176,4.244,4.217,4.073,4.155,4.233,4.301,4.316,4.266,4.221,3.832,3.936,3.92,3.854,3.902,3.931,3.954,3.918,3.981,3.987,4.023,4.033,4.056,3.913,3.757,3.863,3.941,4.016,3.98,4.03,3.982,3.867,3.896,3.965,3.935,3.678,3.796,3.909,3.81,3.86,3.864,3.291,3.336,3.442,3.432,3.353,3.376,3.434,3.519,3.471,3.476,3.492,3.331,3.489,3.547,3.502,3.494,3.541,3.518,3.426,3.522,3.554,3.542,3.601,3.631,3.559,3.484,3.634,3.596,4.782,4.8,4.898,4.851,4.662,4.756,4.491,4.382,4.548,4.811,4.867,4.744,4.992,5.017,5.003,4.895,4.625,4.375,4.062,4.373,4.542,4.663,4.757,4.784,4.895,4.708,4.887,4.945,4.97,4.946,4.757,4.186,4.132,4.311,4.491,4.507,4.535,4.602,4.5,4.385,4.568,4.659,4.693,4.75,4.703,4.658,4.488,4.607,4.732,4.684,4.625,4.53,4.406,4.049,4.308,4.511,4.516,4.556,4.55,4.378,3.993,4.083,4.241,4.416,4.426,4.566,4.632,4.461,4.644,4.796,4.85,4.924,4.888,4.817,4.562,4.648,4.823,4.948,4.828,5.044,4.99,4.812,4.939,4.974,4.663,4.439,4.253,4.371,4.551,4.77,4.854,4.744,4.042,4.116,4.279,3.967,4.166,4.209,4.297,4.355,4.32,4.156,3.978,4.142,4.121,4.045,4.1,4.211,4.134,3.937,4.065,4.09,4.157,4.183,4.176,4.043,3.705,3.723,3.836,3.796,3.701,3.618,3.876,3.84,4.103,4.126,4.022,3.882,3.946,3.81,3.768,4.085,4.088,4.156,4.094,4.067,3.987,3.876,4.012,3.987,3.894,4.001,4.045,3.859,3.671,3.883,3.916,3.747,3.662,3.561,3.457,3.482,3.713,0.0,0.0,0.0,0.0,0.0,0.0,0.0,0.0,0.0,0.0,0.0,0.0,0.0,0.0,0.0,0.0,0.0,0.0,0.0,0.0,0.0,0.0,0.0,0.0,0.0,0.0,0.0,0.0,0.0,0.0,0.0,3.371,3.311,3.209,3.154,3.217,3.167,2.991,2.942,2.898,2.761,2.92,3.049,3.149,3.27,3.17,2.978,2.754,2.84,2.906,3.015,3.055,3.003,2.881,2.674,2.855,2.998,3.041,3.037,3.072,3.03,4.403,4.369,4.556,4.671,4.728,4.778,4.854,4.837,4.911,4.979,5.071,5.101,5.109,5.066,4.903,4.936,4.8,4.975,5.03,5.043,4.976,4.789,4.761,4.652,4.812,4.964,4.98,5.015,4.822,4.889,4.971,4.578,4.548,4.574,4.492,4.349,4.436,4.477,4.493,4.465,4.307,4.042,3.668,3.596,3.846,3.958,4.06,4.117,4.206,4.065,4.154,4.248,4.282,4.342,4.25,4.131,3.85,3.861,3.917,3.93,3.834,4.001,3.928,3.803,3.843,3.818,3.988,4.102,4.168,4.116,3.977,4.179,4.254,4.262,4.221,4.276,4.268,4.051,4.083,4.246,4.338,4.367,4.475,4.362,4.16,4.311,4.396,4.386,4.343,4.428,4.492,4.34,4.489,4.57,4.688,4.684,4.699,4.577,4.379,4.528,4.523,4.602,4.629,4.697,4.762,4.549,4.589,4.746,4.794,4.798,4.821,4.856,4.752,4.767,4.835,4.805,4.481,4.188,4.324,4.452,4.339,4.396,4.401,3.682,3.732,3.852,3.841,3.752,3.777,3.842,3.937,3.883,3.89,3.908,3.727,3.904,3.969,3.919,3.91,3.962,3.937,3.833,3.94,3.977,3.964,4.03,4.063,3.983,3.898,4.066,4.023,3.554,4.47,4.487,4.579,4.535,4.358,4.446,4.198,4.096,4.252,4.497,4.55,4.435,4.667,4.689,4.677,4.576,4.323,4.089,3.797,4.088,4.246,4.358,4.447,4.472,4.576,4.401,4.569,4.622,4.646,4.623,4.447,4.261,4.206,4.388,4.572,4.588,4.616,4.685,4.58,4.464,4.65,4.742,4.777,4.835,4.787,4.742,4.569,4.689,4.816,4.768,4.707,4.611,4.485,4.121,4.386,4.592,4.597,4.637,4.631,4.457,4.065,3.545,3.681,3.834,3.842,3.964,4.021,3.872,4.031,4.164,4.21,4.274,4.243,4.181,3.961,4.035,4.187,4.296,4.191,4.379,4.331,4.177,4.288,4.318,4.048,3.854,3.692,3.795,3.951,4.141,4.213,4.118,4.042,4.116,4.279,3.967,4.166,4.209,4.297,4.355,4.32,4.156,3.978,4.142,4.121,4.045,4.1,4.211,4.134,3.937,4.065,4.09,4.157,4.183,4.176,4.043,3.705,3.723,3.836,3.796,3.701,3.618,3.761,3.726,3.982,4.004,3.903,3.767,3.829,3.698,3.656,3.964,3.967,4.033,3.973,3.947,3.869,3.762,3.894,3.869,3.779,3.883,3.926,3.745,3.562,3.768,3.8,3.636,3.553,3.456,3.354,3.379,3.603,3.354,3.304,3.349,3.47,3.566,3.371,3.411,3.536,3.637,3.718,3.855,3.707,3.595,3.741,3.675,3.834,3.871,3.839,3.743,3.718,3.837,3.868,3.692,3.666,3.78,3.79,3.702,3.789,3.971,4.039,4.077,2.687,2.64,2.558,2.514,2.564,2.524,2.385,2.345,2.31,2.201,2.328,2.431,2.51,2.607,2.527,2.374,2.196,2.264,2.316,2.403,2.435,2.394,2.297,2.132,2.276,2.39,2.425,2.421,2.449,2.416,4.403,4.369,4.556,4.671,4.728,4.778,4.854,4.837,4.911,4.979,5.071,5.101,5.109,5.066,4.903,4.936,4.8,4.975,5.03,5.043,4.976,4.789,4.761,4.652,4.812,4.964,4.98,5.015,4.822,4.889,4.971,4.578,4.548,4.574,4.492,4.349,4.436,4.477,4.493,4.465,4.307,4.042,3.668,3.596,3.846,3.958,4.06,4.117,4.206,4.065,4.154,4.248,4.282,4.342,4.25,4.131,3.85,3.861,3.917,3.93,3.834,4.001,3.928,3.803,3.843,3.818,3.988,4.102,4.168,4.116,3.977,4.179,4.254,4.262,4.221,4.276,4.268,4.051,4.083,4.246,4.338,4.367,4.475,4.362,4.16,4.311,4.396,4.386,4.343,4.428,4.492,4.34
Guntur_244,3.413,3.437,3.502,3.51,3.38,3.399,3.473,3.478,3.408,3.37,3.432,3.433,3.475,3.413,3.314,3.296,3.45,3.434,3.295,3.436,3.461,3.383,3.421,3.504,3.542,3.38,3.489,3.54,3.567,3.591,3.561,3.989,3.798,3.919,4.021,4.021,4.018,4.063,3.923,3.837,3.903,3.921,3.961,4.101,4.095,4.135,3.962,4.059,4.142,4.125,4.035,3.895,3.928,3.825,3.953,4.024,4.067,4.019,3.995,3.95,4.471,4.598,4.649,4.576,4.504,4.531,4.593,4.458,4.425,4.103,4.263,4.523,4.55,4.521,4.347,4.499,4.642,4.622,5.123,5.048,4.87,4.791,4.707,4.898,5.072,5.128,5.107,5.08,4.923,4.794,4.783,4.868,4.976,5.01,4.978,4.785,5.026,5.05,5.024,5.057,5.095,5.0,4.881,5.159,5.065,5.029,4.882,4.846,4.799,4.638,4.928,4.954,4.832,4.908,4.96,4.912,4.816,4.994,4.999,5.008,4.922,4.138,4.148,4.088,4.207,4.191,4.243,4.355,4.35,4.323,4.152,4.085,4.12,4.105,4.072,4.095,4.047,4.06,3.801,3.98,4.099,3.972,3.918,4.021,4.084,3.904,3.997,4.065,4.182,4.17,4.075,3.981,3.147,3.187,3.178,3.265,3.24,3.26,3.199,3.4,3.461,3.506,3.463,3.472,3.371,3.256,3.42,3.417,3.471,3.518,3.446,3.424,3.291,3.48,3.57,3.525,3.524,3.404,3.332,3.231,3.383,3.552,0.0,0.0,0.0,0.0,0.0,0.0,0.0,0.0,0.0,0.0,0.0,0.0,0.0,0.0,0.0,0.0,0.0,0.0,0.0,0.0,0.0,0.0,0.0,0.0,0.0,0.0,0.0,0.0,0.0,0.0,0.0,0.0,0.0,0.0,0.0,0.0,0.0,0.0,0.0,0.0,0.0,0.0,0.0,0.0,0.0,0.0,0.0,0.0,0.0,0.0,0.0,0.0,0.0,0.0,0.0,0.0,0.0,0.0,0.0,0.0,0.0,0.0,5.594,5.613,5.616,5.724,5.769,5.466,5.525,5.679,5.933,5.849,5.773,5.588,5.418,5.478,5.571,5.649,5.542,5.502,5.65,5.402,5.498,5.424,5.328,5.497,5.524,5.278,5.103,5.496,5.613,5.567,5.672,5.636,5.803,5.622,5.727,5.899,6.095,6.179,6.181,5.999,5.668,5.727,5.815,5.566,5.663,5.726,5.854,5.703,5.837,5.842,5.82,5.709,5.565,5.558,5.274,5.38,5.658,5.769,5.899,6.009,5.962,3.46,3.581,3.619,3.607,3.571,3.651,3.598,3.453,3.524,3.512,3.487,3.548,3.484,3.171,3.081,3.104,3.307,3.403,3.461,3.487,3.459,3.401,3.567,3.552,3.455,3.255,3.262,3.326,3.385,3.504,4.117,4.178,4.134,4.175,4.149,3.97,4.049,4.119,4.045,4.11,4.145,4.066,3.957,4.069,4.179,4.183,4.222,4.281,4.209,4.149,4.261,4.366,4.422,4.355,4.349,4.417,4.249,4.376,4.423,4.399,4.4,4.714,4.576,4.417,4.538,4.574,4.592,4.53,4.584,4.495,4.479,4.661,4.686,4.67,4.615,4.624,4.716,4.659,4.709,4.866,4.962,5.048,5.022,4.944,4.771,4.814,4.649,4.771,4.831,4.922,4.912,4.768,4.611,4.668,4.705,4.619,4.636,4.602,4.473,4.522,4.627,4.715,4.736,4.739,4.717,4.605,4.679,4.679,4.663,4.621,4.569,4.571,4.494,4.669,4.746,4.816,4.832,4.864,4.841,4.764,5.016,5.041,5.024,5.006,5.118,5.089,4.89,5.005,5.101,5.155,5.102,4.927,4.837,4.835,5.016,5.053,5.129,5.204,5.189,5.134,4.971,5.024,4.899,5.016,5.096,5.025,5.051,4.861,4.583,4.659,4.876,4.293,4.403,4.437,4.342,4.458,4.457,4.46,4.564,4.52,4.51,4.348,4.488,4.517,4.35,4.368,4.405,4.297,4.268,4.352,4.433,4.292,4.207,4.164,4.23,4.145,4.301,4.365,4.347,4.365,4.34,4.393,4.311,4.337,4.358,4.274,4.323,4.415,4.383,4.289,4.372,4.266,4.127,4.007,4.143,4.112,3.806,3.826,3.738,3.747,3.72,3.771,3.902,3.982,4.073,4.008,3.933,3.948,4.098,4.196,3.957,4.154,4.935,5.313,5.417,5.433,5.304,5.058,5.212,5.128,5.113,5.003,4.837,4.825,4.591,5.005,5.029,5.158,5.192,5.229,5.007,4.753,5.149,5.344,5.637,5.416,5.392,5.243,5.37,5.771,5.966,5.838,2.663,2.571,2.578,2.61,2.758,2.81,2.79,2.737,2.696,2.745,2.561,2.534,2.506,2.473,2.515,2.636,2.659,2.413,2.23,2.232,2.186,2.251,2.37,2.32,2.283,2.358,2.337,2.2,2.243,2.231,2.198,6.476,7.072,7.269,7.388,7.643,7.751,8.004,7.955,8.109,8.122,8.136,8.251,8.321,8.114,7.907,7.434,8.471,8.331,8.111,8.051,7.896,7.558,7.881,7.935,7.972,8.04,8.149,8.077,7.785,7.917,7.866,0.0,0.0,0.0,0.0,0.0,0.0,0.0,0.0,0.0,0.0,0.0,0.0,0.0,0.0,0.0,0.0,0.0,0.0,0.0,0.0,0.0,0.0,0.0,0.0,0.0,0.0,0.0,0.0,0.0,0.0,4.1,3.952,3.856,4.033,4.12,4.202,4.204,4.246,4.185,4.052,4.245,4.289,4.296,4.236,4.103,4.156,3.938,3.845,4.013,4.051,4.026,4.001,4.053,3.808,3.963,3.996,3.987,3.957,4.009,3.968,3.905,4.421,4.421,4.372,4.039,3.912,4.184,4.102,4.323,4.44,4.596,4.47,4.566,4.533,4.458,4.518,4.511,4.562,4.602,4.486,4.488,4.296,4.544,4.613,4.64,4.598,4.564,4.5,4.256,4.336,4.356,4.298,4.176,4.26,4.268,4.178,4.316,4.402,4.39,4.438,4.37,4.332,4.152,4.357,4.501,4.488,4.445,4.422,4.415,4.194,4.495,4.629,4.709,4.756,4.791,4.744,4.602,4.699,4.602,4.491,4.444,4.521,4.743,4.562,4.819,4.951,5.026,4.931,4.91,4.739,4.526,4.677,4.704,4.727,4.821,4.73,4.611,4.609,4.829,4.978,4.982,4.957,5.002,4.736,4.659,4.918,4.947,4.791,4.872,4.942,4.962,4.957,5.048,4.886,4.906,4.718,4.799,4.856,4.787,4.872,5.006,4.916,4.813,4.839,4.827,4.769,4.8,4.833,4.903,4.861,4.886,4.843,4.762,4.885,4.87,4.877,5.014,4.908,4.828,4.648,4.853,5.47,5.358,5.326,5.475,5.563,5.427,5.406,5.445,5.499,5.596,5.669,5.656,5.517,5.641,5.678,5.755,5.734,5.415,5.454,5.561,5.718,5.765,5.797,5.85,5.825,5.786,5.607,5.711,5.765,5.871,5.907,5.811,5.805,5.625,5.825,5.885,5.777,5.868,5.835,5.857,5.672,5.786,5.87,5.882,5.825,5.764,5.848,5.581,5.733,5.833,5.79,5.812,5.825,5.818,5.634,5.831,5.9,5.96,5.921,5.868,5.716,4.404,4.513,4.497,4.604,4.599,4.721,4.692,4.482,4.551,4.481,4.501,4.495,4.453,4.409,4.288,4.462,4.569,4.697,4.652,4.457,4.065,3.777,3.732,4.063,4.365,4.393,4.327,4.289,4.253,4.491,4.556,3.525,3.561,3.557,3.517,3.431,3.525,3.549,3.474,3.441,3.525,3.489,3.388,3.554,3.604,3.508,3.429,3.38,3.298,3.062,3.071,3.096,3.343,3.473,3.432,3.364,3.266,3.456,3.505,3.365,3.133,3.1,3.153,3.073,3.303,3.318,3.314,3.325,3.262,3.125,2.928,3.039,3.046,3.094,3.048,3.055,3.062,2.929,3.151,3.2,3.143,2.95,3.039,2.961,2.752,2.961,3.155,3.191,3.166,3.222,3.117,2.932,3.383,3.469,3.612,3.609,3.483,3.38,3.216,3.295,3.291,3.29,3.1,3.269,3.393,3.163,2.999,3.212,3.397,3.514,3.472,3.428,3.28,3.459,3.546,3.514,3.572,3.689,3.569,3.417,3.664,3.76,3.735,4.131,4.171,4.149,3.906,4.105,4.17,4.187,4.13,4.023,3.921,3.662,3.72,3.736,3.738,3.681,3.497,3.616,3.643,3.848,3.842,3.794,3.636,3.578,3.531,3.543,3.857,3.886,3.873,3.929,3.939,4.601,4.395,4.664,4.804,4.554,4.62,4.598,4.624,4.47,4.612,4.57,4.648,4.653,4.614,4.548,4.391,4.741,4.787,4.795,4.779,4.718,4.593,4.319,4.074,3.988,4.274,4.509,4.602,4.626,4.498,4.545,4.475,4.532,4.493,4.566,4.55,4.456,4.521,4.556,4.557,4.555,4.56,4.423,4.315,4.348,4.463,4.53,4.564,4.604,4.618,4.439,4.601,4.666,4.656,4.654,4.655,4.659,4.557,4.674,4.616,4.621,4.828,4.899,4.907,4.735,4.836,4.947,5.006,4.884,4.849,4.661,4.537,4.777,4.784,4.813,4.903,5.001,5.038,4.926,5.119,5.136,5.096,5.117,5.201,5.167,4.991,5.091,5.187,5.27,5.289,5.228,5.173,4.899,5.032,5.012,4.928,4.99,5.026,5.056,5.01,5.09,5.098,5.144,5.157,5.187,5.003,4.803,4.939,5.039,5.135,5.089,5.153,5.092,4.944,4.981,5.069,5.031,4.702,4.854,4.998,4.871,4.935,4.941,4.393,4.453,4.596,4.582,4.477,4.506,4.584,4.698,4.633,4.641,4.662,4.446,4.658,4.736,4.675,4.665,4.728,4.697,4.574,4.701,4.745,4.729,4.808,4.847,4.752,4.651,4.852,4.8,5.064,5.083,5.187,5.137,4.936,5.036,4.756,4.64,4.816,5.094,5.154,5.023,5.286,5.312,5.298,5.183,4.897,4.632,4.301,4.631,4.81,4.937,5.037,5.065,5.184,4.986,5.175,5.236,5.263,5.237,5.038,4.569,4.51,4.705,4.902,4.919,4.95,5.023,4.911,4.786,4.986,5.085,5.122,5.185,5.133,5.084,4.899,5.028,5.165,5.113,5.048,4.945,4.809,4.419,4.703,4.924,4.929,4.972,4.966,4.779,4.358,4.657,4.837,5.037,5.048,5.208,5.284,5.088,5.297,5.471,5.532,5.616,5.576,5.494,5.204,5.302,5.502,5.644,5.507,5.753,5.691,5.489,5.634,5.673,5.319,5.064,4.851,4.986,5.191,5.441,5.536,5.411,4.938,5.029,5.227,4.846,5.09,5.142,5.25,5.32,5.278,5.078,4.86,5.06,5.034,4.942,5.009,5.144,5.05,4.809,4.966,4.997,5.079,5.11,5.101,4.939,4.526,4.548,4.686,4.638,4.521,4.42,4.668,4.624,4.941,4.969,4.843,4.675,4.751,4.588,4.537,4.919,4.922,5.005,4.931,4.897,4.801,4.668,4.832,4.801,4.69,4.818,4.872,4.647,4.42,4.676,4.716,4.512,4.409,4.289,4.163,4.194,4.471,0.0,0.0,0.0,0.0,0.0,0.0,0.0,0.0,0.0,0.0,0.0,0.0,0.0,0.0,0.0,0.0,0.0,0.0,0.0,0.0,0.0,0.0,0.0,0.0,0.0,0.0,0.0,0.0,0.0,0.0,0.0,4.073,4.001,3.877,3.811,3.887,3.826,3.614,3.555,3.501,3.337,3.529,3.684,3.805,3.951,3.83,3.599,3.328,3.432,3.511,3.643,3.692,3.628,3.482,3.232,3.449,3.622,3.675,3.669,3.713,3.661,5.002,4.963,5.175,5.307,5.371,5.428,5.514,5.495,5.579,5.656,5.761,5.795,5.804,5.755,5.57,5.607,5.453,5.652,5.715,5.729,5.653,5.44,5.408,5.285,5.467,5.64,5.658,5.697,5.478,5.554,5.647,5.512,5.477,5.509,5.41,5.237,5.342,5.391,5.411,5.377,5.187,4.867,4.417,4.331,4.631,4.767,4.889,4.958,5.065,4.895,5.003,5.116,5.157,5.229,5.118,4.974,4.636,4.65,4.718,4.733,4.617,4.695,4.61,4.463,4.509,4.481,4.679,4.813,4.892,4.83,4.667,4.905,4.992,5.001,4.953,5.017,5.009,4.753,4.791,4.983,5.091,5.124,5.251,5.119,4.882,5.059,5.159,5.147,5.097,5.196,5.271,5.093,5.052,5.143,5.276,5.272,5.289,5.152,4.928,5.096,5.09,5.179,5.21,5.287,5.36,5.12,5.165,5.342,5.396,5.4,5.426,5.465,5.348,5.365,5.441,5.408,5.044,4.714,4.866,5.01,4.883,4.947,4.953,3.893,3.946,4.072,4.06,3.967,3.993,4.062,4.162,4.105,4.112,4.131,3.94,4.127,4.196,4.143,4.133,4.189,4.162,4.053,4.166,4.204,4.191,4.26,4.295,4.211,4.121,4.299,4.254,3.757,5.126,5.146,5.251,5.201,4.998,5.099,4.815,4.698,4.876,5.158,5.218,5.086,5.352,5.378,5.364,5.248,4.958,4.69,4.354,4.688,4.87,4.999,5.1,5.128,5.248,5.047,5.24,5.301,5.328,5.302,5.1,5.386,5.316,5.547,5.779,5.799,5.835,5.921,5.789,5.642,5.877,5.994,6.038,6.112,6.051,5.993,5.775,5.927,6.088,6.027,5.95,5.829,5.669,5.209,5.543,5.804,5.81,5.861,5.854,5.633,5.138,4.062,4.219,4.393,4.403,4.542,4.608,4.437,4.619,4.771,4.824,4.898,4.862,4.791,4.538,4.624,4.798,4.922,4.802,5.018,4.963,4.787,4.914,4.947,4.639,4.416,4.23,4.348,4.527,4.745,4.828,4.719,4.938,5.029,5.227,4.846,5.09,5.142,5.25,5.32,5.278,5.078,4.86,5.06,5.034,4.942,5.009,5.144,5.05,4.809,4.966,4.997,5.079,5.11,5.101,4.939,4.526,4.548,4.686,4.638,4.521,4.42,4.31,4.27,4.562,4.589,4.472,4.317,4.387,4.237,4.19,4.543,4.545,4.622,4.553,4.522,4.433,4.31,4.462,4.433,4.33,4.449,4.498,4.291,4.082,4.317,4.354,4.166,4.072,3.96,3.844,3.872,4.129,9.962,9.814,9.946,10.307,10.592,10.012,10.131,10.501,10.802,11.042,11.45,11.01,10.679,11.111,10.914,11.386,11.496,11.403,11.117,11.041,11.397,11.487,10.966,10.89,11.228,11.258,10.995,11.254,11.794,11.996,12.109,7.646,7.511,7.279,7.155,7.297,7.183,6.785,6.674,6.573,6.264,6.624,6.917,7.143,7.418,7.191,6.756,6.248,6.442,6.591,6.839,6.93,6.812,6.536,6.067,6.475,6.801,6.899,6.889,6.97,6.874,5.002,4.963,5.175,5.307,5.371,5.428,5.514,5.495,5.579,5.656,5.761,5.795,5.804,5.755,5.57,5.607,5.453,5.652,5.715,5.729,5.653,5.44,5.408,5.285,5.467,5.64,5.658,5.697,5.478,5.554,5.647,5.512,5.477,5.509,5.41,5.237,5.342,5.391,5.411,5.377,5.187,4.867,4.417,4.331,4.631,4.767,4.889,4.958,5.065,4.895,5.003,5.116,5.157,5.229,5.118,4.974,4.636,4.65,4.718,4.733,4.617,4.695,4.61,4.463,4.509,4.481,4.679,4.813,4.892,4.83,4.667,4.905,4.992,5.001,4.953,5.017,5.009,4.753,4.791,4.983,5.091,5.124,5.251,5.119,4.882,5.059,5.159,5.147,5.097,5.196,5.271,5.093
Guntur_245,7.438,7.489,7.631,7.65,7.366,7.408,7.569,7.579,7.427,7.344,7.479,7.481,7.573,7.438,7.222,7.182,7.518,7.484,7.182,7.487,7.542,7.373,7.456,7.637,7.719,7.367,7.604,7.715,7.774,7.826,7.762,5.666,5.394,5.567,5.711,5.712,5.707,5.771,5.572,5.45,5.543,5.569,5.626,5.825,5.816,5.873,5.627,5.765,5.883,5.859,5.731,5.532,5.58,5.433,5.615,5.715,5.777,5.708,5.674,5.61,6.337,6.517,6.589,6.486,6.383,6.423,6.51,6.319,6.271,5.816,6.043,6.41,6.449,6.408,6.161,6.376,6.579,6.551,7.262,7.155,6.902,6.791,6.671,6.942,7.188,7.268,7.239,7.201,6.977,6.794,6.779,6.393,6.534,6.579,6.537,6.283,6.6,6.632,6.598,6.641,6.69,6.566,6.41,6.775,6.651,6.603,6.41,6.363,6.301,6.09,6.471,6.505,6.345,6.446,6.513,6.45,6.324,6.558,6.564,6.576,6.463,5.629,5.642,5.56,5.723,5.701,5.771,5.924,5.918,5.881,5.648,5.557,5.604,5.583,5.538,5.57,5.505,5.523,5.17,5.413,5.576,5.403,5.33,5.47,5.555,5.311,5.437,5.53,5.688,5.672,5.543,5.415,5.86,5.934,5.918,6.08,6.034,6.071,5.957,6.332,6.446,6.529,6.449,6.466,6.278,6.063,6.369,6.363,6.463,6.552,6.417,6.376,6.129,6.481,6.648,6.565,6.564,6.34,6.205,6.017,6.3,6.615,0.0,0.0,0.0,0.0,0.0,0.0,0.0,0.0,0.0,0.0,0.0,0.0,0.0,0.0,0.0,0.0,0.0,0.0,0.0,0.0,0.0,0.0,0.0,0.0,0.0,0.0,0.0,0.0,0.0,0.0,0.0,0.0,0.0,0.0,0.0,0.0,0.0,0.0,0.0,0.0,0.0,0.0,0.0,0.0,0.0,0.0,0.0,0.0,0.0,0.0,0.0,0.0,0.0,0.0,0.0,0.0,0.0,0.0,0.0,0.0,0.0,0.0,5.772,5.791,5.794,5.906,5.952,5.639,5.701,5.859,6.122,6.035,5.956,5.766,5.59,5.652,5.747,5.829,5.718,5.676,5.829,5.573,5.673,5.596,5.497,5.671,5.699,5.445,5.265,5.671,5.791,5.744,5.672,5.636,5.803,5.622,5.727,5.899,6.095,6.179,6.181,5.999,5.668,5.727,5.815,5.566,5.663,5.726,5.854,5.703,5.837,5.842,5.82,5.709,5.565,5.558,5.274,5.38,5.658,5.769,5.899,6.009,5.962,5.19,5.372,5.429,5.411,5.356,5.477,5.397,5.18,5.287,5.268,5.231,5.323,5.226,4.757,4.621,4.655,4.961,5.104,5.191,5.23,5.189,5.101,5.35,5.328,5.182,4.883,4.893,4.989,5.078,5.256,5.148,5.223,5.169,5.219,5.188,4.964,5.063,5.15,5.058,5.139,5.183,5.084,4.948,5.088,5.225,5.23,5.279,5.352,5.262,5.188,5.327,5.459,5.528,5.446,5.438,5.523,5.313,5.472,5.53,5.501,5.501,8.57,8.32,8.032,8.251,8.317,8.349,8.236,8.335,8.174,8.143,8.474,8.52,8.49,8.391,8.406,8.575,8.471,8.561,8.847,9.022,9.178,9.13,8.989,8.674,8.753,8.452,8.675,8.784,8.95,8.932,8.669,6.33,6.408,6.459,6.341,6.364,6.317,6.14,6.208,6.352,6.472,6.501,6.505,6.475,6.322,6.423,6.424,6.401,6.343,6.272,6.274,6.169,6.409,6.514,6.611,6.633,6.677,6.645,6.54,7.085,7.121,7.098,7.072,7.23,7.189,6.909,7.071,7.206,7.283,7.208,6.96,6.834,6.83,7.085,7.138,7.246,7.352,7.33,7.253,7.023,7.097,6.921,7.086,7.199,7.1,7.135,6.867,6.474,6.581,6.888,8.171,8.381,8.447,8.266,8.486,8.483,8.491,8.688,8.605,8.584,8.276,8.543,8.598,8.28,8.315,8.384,8.18,8.124,8.284,8.439,8.17,8.009,7.926,8.051,7.89,8.187,8.31,8.275,8.309,8.26,6.573,6.45,6.489,6.521,6.395,6.468,6.605,6.558,6.417,6.542,6.383,6.175,5.996,6.199,6.153,5.694,5.724,5.593,5.606,5.565,5.643,5.838,5.958,6.094,5.996,5.884,5.907,6.132,6.278,5.92,6.215,9.021,9.712,9.901,9.931,9.695,9.246,9.527,9.373,9.346,9.145,8.842,8.82,8.391,9.149,9.193,9.428,9.49,9.557,9.152,8.688,9.412,9.768,10.304,9.899,9.856,9.584,9.816,10.549,10.905,10.671,12.805,12.363,12.399,12.551,13.266,13.514,13.418,13.162,12.967,13.203,12.319,12.185,12.054,11.893,12.097,12.676,12.789,11.603,10.722,10.735,10.513,10.826,11.4,11.157,10.981,11.339,11.238,10.582,10.788,10.732,10.569,7.552,8.247,8.476,8.615,8.913,9.038,9.333,9.276,9.456,9.471,9.488,9.622,9.703,9.462,9.22,8.669,9.878,9.714,9.458,9.389,9.208,8.814,9.19,9.253,9.297,9.375,9.503,9.418,9.078,9.232,9.173,0.0,0.0,0.0,0.0,0.0,0.0,0.0,0.0,0.0,0.0,0.0,0.0,0.0,0.0,0.0,0.0,0.0,0.0,0.0,0.0,0.0,0.0,0.0,0.0,0.0,0.0,0.0,0.0,0.0,0.0,7.368,7.101,6.929,7.247,7.405,7.552,7.555,7.63,7.52,7.282,7.628,7.707,7.72,7.611,7.374,7.469,7.077,6.909,7.212,7.28,7.234,7.19,7.284,6.843,7.121,7.181,7.164,7.112,7.203,7.131,7.017,5.496,5.495,5.434,5.02,4.862,5.2,5.098,5.374,5.519,5.713,5.556,5.676,5.634,5.542,5.616,5.607,5.671,5.72,5.575,5.579,5.34,5.647,5.734,5.767,5.716,5.673,5.593,5.29,5.389,5.414,6.478,6.295,6.42,6.434,6.297,6.506,6.635,6.617,6.689,6.587,6.529,6.259,6.566,6.784,6.764,6.699,6.665,6.654,6.322,6.776,6.978,7.098,7.169,7.222,7.15,6.936,7.082,6.937,6.769,6.698,6.814,6.593,6.341,6.698,6.882,6.986,6.854,6.825,6.588,6.291,6.501,6.538,6.57,6.701,6.574,6.409,6.406,6.712,6.92,6.924,6.891,6.953,6.583,6.476,6.836,6.877,6.659,6.772,6.869,6.897,6.89,7.016,7.412,7.442,7.156,7.279,7.367,7.261,7.39,7.594,7.458,7.3,7.341,7.323,7.234,7.281,7.331,7.437,7.373,7.411,7.347,7.224,7.41,7.388,7.398,7.606,7.445,7.324,7.05,7.362,12.497,12.241,12.169,12.509,12.71,12.4,12.351,12.441,12.564,12.786,12.953,12.922,12.606,12.889,12.973,13.15,13.1,12.371,12.461,12.705,13.064,13.172,13.246,13.366,13.31,13.22,12.81,13.048,13.171,13.415,13.496,7.746,7.737,7.497,7.764,7.844,7.699,7.822,7.777,7.806,7.56,7.711,7.824,7.84,7.763,7.683,7.794,7.438,7.641,7.775,7.717,7.746,7.764,7.754,7.509,7.771,7.864,7.944,7.891,7.821,7.618,7.217,7.395,7.369,7.545,7.537,7.737,7.689,7.345,7.458,7.342,7.376,7.366,7.297,7.226,7.027,7.312,7.487,7.697,7.623,7.304,6.661,6.19,6.115,6.658,7.153,7.199,7.091,7.029,6.969,7.36,7.466,6.349,6.413,6.405,6.333,6.179,6.349,6.391,6.255,6.197,6.347,6.284,6.101,6.4,6.49,6.317,6.176,6.086,5.94,5.514,5.53,5.576,6.02,6.254,6.181,6.058,5.882,6.225,6.313,6.061,5.643,5.583,5.678,5.534,5.949,5.975,5.968,5.987,5.875,5.629,5.273,5.473,5.486,5.571,5.489,5.502,5.513,5.275,5.675,5.762,5.66,5.313,5.473,5.332,4.956,5.332,5.682,5.747,5.702,5.803,5.614,5.28,6.532,6.698,6.974,6.969,6.726,6.527,6.209,6.362,6.355,6.352,5.987,6.312,6.551,6.107,5.791,6.203,6.56,6.786,6.704,6.62,6.334,6.679,6.847,6.785,6.898,7.124,6.891,6.598,7.075,7.26,7.213,9.313,9.402,9.354,8.804,9.254,9.4,9.438,9.31,9.068,8.839,8.255,8.386,8.421,8.426,8.297,7.884,8.152,8.212,8.675,8.66,8.553,8.197,8.066,7.96,7.986,8.694,8.761,8.732,8.857,8.88,5.289,5.053,5.361,5.523,5.235,5.311,5.285,5.316,5.138,5.302,5.253,5.343,5.349,5.304,5.228,5.047,5.45,5.502,5.511,5.494,5.423,5.28,4.965,4.683,4.585,4.913,5.184,5.29,5.317,5.171,5.225,7.218,7.31,7.247,7.364,7.339,7.187,7.292,7.349,7.351,7.347,7.354,7.134,6.96,7.013,7.198,7.307,7.361,7.426,7.449,7.16,7.422,7.526,7.509,7.506,7.508,7.515,7.35,7.538,7.446,7.454,6.685,6.783,6.795,6.556,6.696,6.85,6.931,6.763,6.713,6.454,6.282,6.614,6.624,6.664,6.788,6.925,6.976,6.82,7.088,7.111,7.056,7.085,7.201,7.155,6.91,7.049,7.183,7.297,7.323,7.239,7.162,7.29,7.487,7.457,7.332,7.424,7.478,7.522,7.454,7.574,7.585,7.653,7.673,7.717,7.444,7.147,7.349,7.498,7.64,7.572,7.667,7.576,7.356,7.412,7.543,7.486,6.996,7.222,7.436,7.248,7.343,7.352,6.348,6.434,6.64,6.621,6.469,6.511,6.624,6.787,6.694,6.705,6.736,6.424,6.73,6.842,6.755,6.74,6.831,6.786,6.608,6.793,6.856,6.833,6.947,7.004,6.866,6.72,7.01,6.936,6.507,6.532,6.666,6.602,6.344,6.472,6.112,5.963,6.189,6.547,6.624,6.456,6.793,6.827,6.809,6.661,6.294,5.953,5.527,5.951,6.181,6.345,6.473,6.51,6.662,6.407,6.651,6.729,6.763,6.73,6.474,5.638,5.564,5.806,6.048,6.069,6.107,6.198,6.06,5.906,6.152,6.274,6.32,6.397,6.334,6.273,6.045,6.204,6.372,6.308,6.228,6.101,5.934,5.452,5.802,6.075,6.081,6.135,6.127,5.896,5.377,6.591,6.845,7.128,7.144,7.37,7.477,7.2,7.495,7.742,7.828,7.947,7.89,7.774,7.364,7.503,7.785,7.987,7.792,8.141,8.054,7.767,7.973,8.028,7.526,7.165,6.864,7.055,7.346,7.699,7.834,7.657,8.164,8.315,8.643,8.013,8.416,8.502,8.68,8.796,8.727,8.396,8.036,8.367,8.324,8.171,8.282,8.505,8.351,7.952,8.211,8.262,8.398,8.449,8.435,8.167,7.483,7.52,7.748,7.668,7.476,7.308,4.668,4.624,4.941,4.969,4.843,4.675,4.751,4.588,4.537,4.919,4.922,5.005,4.931,4.897,4.801,4.668,4.832,4.801,4.69,4.818,4.872,4.647,4.42,4.676,4.716,4.512,4.409,4.289,4.163,4.194,4.471,0.0,0.0,0.0,0.0,0.0,0.0,0.0,0.0,0.0,0.0,0.0,0.0,0.0,0.0,0.0,0.0,0.0,0.0,0.0,0.0,0.0,0.0,0.0,0.0,0.0,0.0,0.0,0.0,0.0,0.0,0.0,9.312,9.147,8.865,8.714,8.887,8.748,8.264,8.128,8.005,7.629,8.068,8.424,8.699,9.034,8.757,8.228,7.61,7.846,8.027,8.329,8.44,8.296,7.96,7.389,7.886,8.282,8.402,8.39,8.488,8.371,7.041,6.986,7.285,7.47,7.56,7.64,7.762,7.735,7.853,7.961,8.109,8.157,8.17,8.102,7.84,7.893,7.676,7.956,8.044,8.064,7.957,7.658,7.613,7.439,7.696,7.938,7.964,8.02,7.711,7.819,7.949,7.722,7.671,7.716,7.578,7.336,7.483,7.551,7.58,7.533,7.266,6.818,6.187,6.066,6.487,6.677,6.848,6.945,7.094,6.857,7.008,7.166,7.224,7.324,7.17,6.968,6.494,6.513,6.608,6.63,6.468,6.079,5.968,5.778,5.838,5.801,6.058,6.231,6.333,6.253,6.042,6.349,6.462,6.475,6.412,6.496,6.484,6.154,6.203,6.451,6.59,6.634,6.798,6.627,6.32,6.55,6.679,6.663,6.598,6.727,6.824,6.594,7.02,7.147,7.332,7.326,7.349,7.159,6.848,7.081,7.074,7.198,7.241,7.347,7.448,7.114,7.177,7.423,7.498,7.504,7.54,7.595,7.432,7.456,7.561,7.515,7.009,6.551,6.762,6.963,6.786,6.875,6.883,6.584,6.674,6.887,6.867,6.709,6.753,6.87,7.04,6.944,6.955,6.987,6.663,6.981,7.097,7.007,6.991,7.085,7.039,6.854,7.046,7.111,7.087,7.205,7.264,7.121,6.97,7.271,7.194,6.354,6.727,6.752,6.891,6.824,6.558,6.691,6.318,6.165,6.398,6.768,6.847,6.674,7.023,7.057,7.039,6.886,6.506,6.154,5.714,6.152,6.39,6.559,6.692,6.729,6.886,6.623,6.875,6.956,6.991,6.958,6.693,7.079,6.987,7.29,7.595,7.621,7.669,7.783,7.609,7.416,7.725,7.879,7.936,8.033,7.954,7.877,7.59,7.79,8.002,7.921,7.821,7.661,7.451,6.847,7.286,7.628,7.636,7.704,7.694,7.404,6.753,9.045,9.394,9.782,9.804,10.114,10.261,9.881,10.286,10.624,10.742,10.906,10.828,10.669,10.106,10.297,10.684,10.961,10.694,11.173,11.052,10.659,10.941,11.017,10.329,9.833,9.42,9.683,10.081,10.566,10.751,10.509,8.164,8.315,8.643,8.013,8.416,8.502,8.68,8.796,8.727,8.396,8.036,8.367,8.324,8.171,8.282,8.505,8.351,7.952,8.211,8.262,8.398,8.449,8.435,8.167,7.483,7.52,7.748,7.668,7.476,7.308,9.598,9.509,10.16,10.218,9.959,9.613,9.77,9.435,9.33,10.115,10.121,10.292,10.138,10.07,9.872,9.599,9.935,9.871,9.643,9.907,10.017,9.555,9.089,9.614,9.696,9.277,9.067,8.818,8.559,8.623,9.194,7.036,6.932,7.025,7.28,7.481,7.071,7.156,7.417,7.63,7.799,8.087,7.776,7.543,7.848,7.709,8.042,8.12,8.054,7.852,7.799,8.05,8.114,7.745,7.692,7.931,7.951,7.766,7.949,8.33,8.473,8.553,7.646,7.511,7.279,7.155,7.297,7.183,6.785,6.674,6.573,6.264,6.624,6.917,7.143,7.418,7.191,6.756,6.248,6.442,6.591,6.839,6.93,6.812,6.536,6.067,6.475,6.801,6.899,6.889,6.97,6.874,7.041,6.986,7.285,7.47,7.56,7.64,7.762,7.735,7.853,7.961,8.109,8.157,8.17,8.102,7.84,7.893,7.676,7.956,8.044,8.064,7.957,7.658,7.613,7.439,7.696,7.938,7.964,8.02,7.711,7.819,7.949,7.722,7.671,7.716,7.578,7.336,7.483,7.551,7.58,7.533,7.266,6.818,6.187,6.066,6.487,6.677,6.848,6.945,7.094,6.857,7.008,7.166,7.224,7.324,7.17,6.968,6.494,6.513,6.608,6.63,6.468,6.079,5.968,5.778,5.838,5.801,6.058,6.231,6.333,6.253,6.042,6.349,6.462,6.475,6.412,6.496,6.484,6.154,6.203,6.451,6.59,6.634,6.798,6.627,6.32,6.55,6.679,6.663,6.598,6.727,6.824,6.594
Guntur_246,7.71,7.763,7.909,7.929,7.634,7.678,7.845,7.855,7.698,7.612,7.751,7.754,7.849,7.709,7.485,7.444,7.792,7.757,7.443,7.76,7.817,7.642,7.728,7.915,8.001,7.635,7.881,7.996,8.057,8.111,8.045,7.961,7.579,7.821,8.024,8.025,8.018,8.108,7.829,7.657,7.788,7.824,7.905,8.185,8.171,8.252,7.906,8.1,8.266,8.232,8.053,7.773,7.839,7.633,7.889,8.029,8.117,8.019,7.972,7.882,7.766,7.987,8.075,7.948,7.823,7.871,7.977,7.743,7.685,7.127,7.405,7.856,7.904,7.853,7.551,7.814,8.062,8.029,8.899,8.769,8.458,8.322,8.175,8.507,8.809,8.906,8.871,8.824,8.55,8.326,8.308,7.728,7.9,7.954,7.903,7.597,7.979,8.018,7.976,8.028,8.089,7.938,7.749,8.19,8.04,7.983,7.75,7.693,7.618,7.363,7.823,7.864,7.671,7.792,7.874,7.798,7.646,7.928,7.936,7.951,7.814,8.253,8.272,8.151,8.39,8.358,8.461,8.685,8.675,8.621,8.279,8.147,8.216,8.185,8.119,8.165,8.07,8.096,7.579,7.936,8.174,7.921,7.814,8.019,8.144,7.786,7.971,8.107,8.339,8.316,8.126,7.938,8.18,8.284,8.261,8.487,8.422,8.475,8.315,8.839,8.998,9.114,9.002,9.026,8.763,8.464,8.891,8.883,9.022,9.146,8.958,8.9,8.556,9.046,9.28,9.164,9.162,8.85,8.661,8.399,8.795,9.235,0.0,0.0,0.0,0.0,0.0,0.0,0.0,0.0,0.0,0.0,0.0,0.0,0.0,0.0,0.0,0.0,0.0,0.0,0.0,0.0,0.0,0.0,0.0,0.0,0.0,0.0,0.0,0.0,0.0,0.0,0.0,0.0,0.0,0.0,0.0,0.0,0.0,0.0,0.0,0.0,0.0,0.0,0.0,0.0,0.0,0.0,0.0,0.0,0.0,0.0,0.0,0.0,0.0,0.0,0.0,0.0,0.0,0.0,0.0,0.0,0.0,0.0,6.22,6.241,6.244,6.364,6.414,6.077,6.143,6.314,6.597,6.504,6.419,6.213,6.024,6.091,6.194,6.281,6.162,6.117,6.282,6.006,6.113,6.03,5.924,6.112,6.141,5.868,5.674,6.111,6.241,6.19,7.829,7.779,8.009,7.759,7.904,8.141,8.412,8.529,8.531,8.279,7.822,7.904,8.026,7.682,7.815,7.903,8.08,7.871,8.056,8.064,8.033,7.879,7.681,7.671,7.28,7.426,7.809,7.962,8.142,8.294,8.228,7.846,8.12,8.207,8.18,8.097,8.279,8.159,7.831,7.992,7.964,7.907,8.046,7.899,7.191,6.986,7.037,7.5,7.716,7.847,7.906,7.844,7.712,8.087,8.055,7.834,7.381,7.397,7.542,7.676,7.945,8.191,8.312,8.225,8.305,8.255,7.899,8.056,8.195,8.048,8.177,8.248,8.09,7.873,8.096,8.315,8.323,8.4,8.517,8.373,8.255,8.477,8.687,8.797,8.666,8.653,8.788,8.454,8.707,8.8,8.753,8.753,11.365,11.034,10.651,10.942,11.029,11.072,10.922,11.053,10.839,10.799,11.238,11.299,11.259,11.127,11.148,11.372,11.234,11.353,11.732,11.965,12.171,12.108,11.921,11.503,11.607,11.208,11.504,11.648,11.869,11.845,11.497,9.988,10.111,10.192,10.005,10.042,9.968,9.689,9.795,10.022,10.212,10.259,10.264,10.217,9.975,10.135,10.135,10.099,10.009,9.897,9.9,9.734,10.113,10.279,10.432,10.466,10.535,10.485,10.319,8.099,8.14,8.113,8.083,8.264,8.217,7.897,8.082,8.236,8.324,8.239,7.955,7.811,7.807,8.099,8.158,8.282,8.404,8.378,8.29,8.027,8.112,7.91,8.099,8.229,8.115,8.156,7.85,7.4,7.523,7.873,8.917,9.145,9.217,9.02,9.26,9.257,9.265,9.481,9.39,9.368,9.031,9.323,9.382,9.035,9.074,9.149,8.926,8.865,9.04,9.209,8.916,8.74,8.649,8.786,8.61,8.934,9.068,9.03,9.068,9.014,8.773,8.609,8.661,8.703,8.535,8.632,8.816,8.753,8.565,8.732,8.519,8.241,8.003,8.273,8.213,7.6,7.64,7.465,7.483,7.428,7.532,7.792,7.952,8.133,8.003,7.853,7.884,8.184,8.378,7.902,8.295,8.786,9.459,9.644,9.673,9.442,9.005,9.279,9.13,9.103,8.907,8.612,8.59,8.173,8.911,8.954,9.182,9.243,9.309,8.914,8.462,9.167,9.514,10.036,9.641,9.599,9.335,9.561,10.274,10.621,10.393,12.805,12.363,12.399,12.551,13.266,13.514,13.418,13.162,12.967,13.203,12.319,12.185,12.054,11.893,12.097,12.676,12.789,11.603,10.722,10.735,10.513,10.826,11.4,11.157,10.981,11.339,11.238,10.582,10.788,10.732,10.569,0.0,0.0,0.0,0.0,0.0,0.0,0.0,0.0,0.0,0.0,0.0,0.0,0.0,0.0,0.0,0.0,0.0,0.0,0.0,0.0,0.0,0.0,0.0,0.0,0.0,0.0,0.0,0.0,0.0,0.0,0.0,96.272,97.441,96.901,92.783,91.604,94.563,90.994,89.067,94.765,91.952,87.931,81.689,85.122,87.008,89.197,89.113,91.336,95.734,97.582,98.64,96.638,93.363,93.843,94.722,93.094,92.492,91.148,90.355,89.829,93.051,9.654,9.305,9.078,9.496,9.702,9.894,9.899,9.997,9.853,9.541,9.994,10.098,10.116,9.973,9.662,9.786,9.272,9.053,9.449,9.539,9.479,9.421,9.544,8.966,9.331,9.409,9.387,9.318,9.438,9.343,9.193,5.724,5.724,5.66,5.229,5.065,5.417,5.31,5.597,5.748,5.951,5.788,5.912,5.868,5.772,5.85,5.84,5.906,5.958,5.807,5.811,5.562,5.882,5.972,6.007,5.953,5.909,5.826,5.51,5.614,5.64,7.983,7.758,7.912,7.928,7.76,8.018,8.177,8.155,8.243,8.117,8.046,7.713,8.092,8.36,8.336,8.256,8.213,8.201,7.791,8.35,8.599,8.748,8.835,8.9,8.811,8.547,8.728,8.548,8.341,8.255,8.398,7.98,7.675,8.107,8.33,8.457,8.296,8.261,7.974,7.615,7.869,7.914,7.953,8.111,7.957,7.757,7.754,8.124,8.376,8.381,8.341,8.417,7.968,7.839,8.274,8.324,8.06,8.197,8.315,8.348,8.34,8.493,7.69,7.721,7.425,7.553,7.643,7.534,7.667,7.879,7.738,7.574,7.616,7.597,7.506,7.554,7.606,7.716,7.65,7.689,7.622,7.495,7.688,7.665,7.675,7.891,7.724,7.599,7.315,7.638,8.774,8.594,8.544,8.782,8.924,8.705,8.671,8.734,8.821,8.977,9.094,9.072,8.85,9.049,9.108,9.232,9.197,8.685,8.748,8.92,9.172,9.248,9.299,9.384,9.344,9.281,8.994,9.16,9.247,9.418,9.475,8.964,8.954,8.676,8.985,9.078,8.91,9.052,9.0,9.034,8.749,8.924,9.055,9.073,8.985,8.892,9.02,8.608,8.843,8.998,8.93,8.965,8.985,8.974,8.69,8.994,9.101,9.194,9.133,9.051,8.817,8.57,8.781,8.751,8.959,8.95,9.187,9.13,8.722,8.855,8.719,8.758,8.747,8.664,8.58,8.344,8.683,8.89,9.139,9.051,8.673,7.91,7.35,7.262,7.905,8.494,8.548,8.42,8.347,8.276,8.739,8.866,6.349,6.413,6.405,6.333,6.179,6.349,6.391,6.255,6.197,6.347,6.284,6.101,6.4,6.49,6.317,6.176,6.086,5.94,5.514,5.53,5.576,6.02,6.254,6.181,6.058,5.882,6.225,6.313,6.061,5.643,5.583,5.678,5.534,5.949,5.975,5.968,5.987,5.875,5.629,5.273,5.473,5.486,5.571,5.489,5.502,5.513,5.275,5.675,5.762,5.66,5.313,5.473,5.332,4.956,5.332,5.682,5.747,5.702,5.803,5.614,5.28,8.555,8.773,9.135,9.128,8.81,8.55,8.133,8.333,8.324,8.32,7.842,8.267,8.581,7.999,7.586,8.125,8.593,8.888,8.782,8.671,8.297,8.748,8.968,8.887,9.036,9.331,9.026,8.643,9.268,9.51,9.448,10.666,10.768,10.713,10.084,10.599,10.766,10.81,10.663,10.386,10.124,9.454,9.604,9.645,9.65,9.503,9.03,9.337,9.405,9.935,9.918,9.796,9.388,9.238,9.117,9.147,9.958,10.035,10.0,10.144,10.17,8.439,8.061,8.554,8.812,8.353,8.474,8.432,8.481,8.198,8.459,8.382,8.525,8.534,8.463,8.34,8.052,8.695,8.779,8.793,8.765,8.653,8.424,7.922,7.471,7.315,7.838,8.27,8.44,8.483,8.249,8.336,8.13,8.234,8.163,8.295,8.266,8.095,8.213,8.278,8.28,8.276,8.284,8.036,7.84,7.899,8.108,8.23,8.291,8.364,8.391,8.065,8.36,8.478,8.458,8.455,8.457,8.465,8.278,8.491,8.387,8.396,7.659,7.772,7.785,7.512,7.671,7.848,7.941,7.749,7.692,7.394,7.198,7.578,7.59,7.636,7.778,7.934,7.992,7.814,8.121,8.148,8.084,8.118,8.251,8.198,7.917,8.077,8.229,8.36,8.39,8.294,8.206,9.419,9.674,9.635,9.473,9.592,9.663,9.719,9.631,9.786,9.801,9.889,9.914,9.971,9.618,9.235,9.495,9.688,9.872,9.784,9.906,9.789,9.505,9.577,9.746,9.673,9.04,9.332,9.609,9.365,9.488,9.499,8.163,8.274,8.539,8.514,8.318,8.373,8.518,8.728,8.609,8.623,8.663,8.262,8.655,8.799,8.687,8.667,8.784,8.727,8.498,8.735,8.816,8.787,8.933,9.006,8.829,8.642,9.015,8.919,8.733,8.765,8.945,8.859,8.513,8.686,8.202,8.003,8.306,8.786,8.889,8.664,9.117,9.161,9.137,8.939,8.446,7.989,7.417,7.986,8.295,8.515,8.687,8.736,8.94,8.598,8.926,9.03,9.076,9.032,8.688,8.198,8.091,8.442,8.795,8.826,8.88,9.012,8.811,8.587,8.945,9.123,9.19,9.302,9.21,9.122,8.79,9.021,9.266,9.173,9.056,8.871,8.628,7.928,8.437,8.833,8.843,8.921,8.909,8.574,7.819,7.643,7.938,8.266,8.285,8.547,8.671,8.35,8.692,8.978,9.078,9.216,9.15,9.016,8.54,8.701,9.028,9.263,9.037,9.442,9.34,9.007,9.246,9.31,8.729,8.31,7.96,8.182,8.519,8.929,9.085,8.88,9.208,9.378,9.748,9.038,9.492,9.589,9.79,9.921,9.843,9.47,9.064,9.437,9.388,9.216,9.341,9.593,9.419,8.969,9.261,9.318,9.472,9.53,9.514,9.211,8.44,8.482,8.739,8.649,8.432,8.242,9.461,9.373,10.015,10.072,9.817,9.476,9.631,9.3,9.197,9.971,9.977,10.145,9.994,9.927,9.732,9.462,9.793,9.731,9.506,9.766,9.874,9.419,8.96,9.477,9.558,9.145,8.937,8.693,8.437,8.5,9.063,0.0,0.0,0.0,0.0,0.0,0.0,0.0,0.0,0.0,0.0,0.0,0.0,0.0,0.0,0.0,0.0,0.0,0.0,0.0,0.0,0.0,0.0,0.0,0.0,0.0,0.0,0.0,0.0,0.0,0.0,0.0,9.911,9.735,9.435,9.274,9.458,9.311,8.795,8.65,8.52,8.119,8.586,8.965,9.258,9.614,9.32,8.757,8.099,8.35,8.543,8.864,8.983,8.829,8.472,7.864,8.393,8.814,8.942,8.929,9.034,8.909,9.851,9.775,10.193,10.451,10.577,10.69,10.859,10.822,10.987,11.139,11.346,11.413,11.431,11.335,10.969,11.043,10.739,11.132,11.254,11.283,11.132,10.714,10.651,10.408,10.767,11.107,11.142,11.221,10.788,10.939,11.121,9.64,9.577,9.633,9.46,9.159,9.342,9.427,9.463,9.404,9.071,8.511,7.724,7.573,8.098,8.336,8.549,8.67,8.857,8.56,8.749,8.947,9.018,9.144,8.951,8.698,8.107,8.131,8.25,8.277,8.074,7.819,7.676,7.432,7.509,7.461,7.792,8.015,8.146,8.043,7.771,8.167,8.312,8.329,8.248,8.355,8.341,7.916,7.979,8.298,8.477,8.533,8.744,8.524,8.13,8.425,8.591,8.571,8.487,8.652,8.778,8.481,7.828,7.969,8.175,8.168,8.194,7.982,7.636,7.895,7.887,8.025,8.073,8.191,8.305,7.932,8.003,8.277,8.36,8.367,8.407,8.468,8.286,8.313,8.431,8.379,7.815,7.304,7.54,7.763,7.566,7.665,7.675,9.147,9.271,9.568,9.54,9.321,9.382,9.545,9.78,9.646,9.662,9.707,9.257,9.698,9.859,9.734,9.712,9.843,9.778,9.522,9.788,9.879,9.846,10.01,10.092,9.893,9.684,10.101,9.994,8.828,8.746,8.779,8.959,8.873,8.527,8.699,8.215,8.015,8.319,8.8,8.903,8.677,9.131,9.176,9.152,8.953,8.459,8.001,7.429,7.999,8.308,8.528,8.701,8.75,8.954,8.612,8.939,9.044,9.09,9.046,8.702,8.806,8.692,9.069,9.448,9.481,9.54,9.682,9.466,9.225,9.61,9.801,9.872,9.993,9.894,9.799,9.442,9.691,9.954,9.854,9.729,9.53,9.269,8.517,9.064,9.489,9.499,9.583,9.571,9.211,8.4,10.182,10.574,11.011,11.036,11.385,11.551,11.123,11.579,11.959,12.092,12.277,12.188,12.01,11.376,11.591,12.027,12.339,12.038,12.577,12.441,11.999,12.316,12.401,11.627,11.069,10.604,10.899,11.348,11.894,12.102,11.829,9.208,9.378,9.748,9.038,9.492,9.589,9.79,9.921,9.843,9.47,9.064,9.437,9.388,9.216,9.341,9.593,9.419,8.969,9.261,9.318,9.472,9.53,9.514,9.211,8.44,8.482,8.739,8.649,8.432,8.242,10.804,10.704,11.436,11.502,11.211,10.821,10.998,10.621,10.502,11.386,11.393,11.585,11.412,11.336,11.113,10.805,11.184,11.112,10.855,11.152,11.276,10.756,10.232,10.822,10.915,10.443,10.206,9.927,9.635,9.707,10.349,9.385,9.246,9.37,9.71,9.978,9.432,9.545,9.893,10.177,10.403,10.787,10.372,10.06,10.468,10.283,10.727,10.83,10.743,10.473,10.402,10.738,10.822,10.331,10.259,10.578,10.606,10.358,10.603,11.111,11.302,11.408,7.212,7.085,6.866,6.749,6.883,6.776,6.4,6.295,6.2,5.909,6.248,6.524,6.737,6.997,6.782,6.373,5.894,6.077,6.217,6.451,6.537,6.425,6.165,5.723,6.108,6.415,6.508,6.498,6.574,6.483,9.851,9.775,10.193,10.451,10.577,10.69,10.859,10.822,10.987,11.139,11.346,11.413,11.431,11.335,10.969,11.043,10.739,11.132,11.254,11.283,11.132,10.714,10.651,10.408,10.767,11.107,11.142,11.221,10.788,10.939,11.121,9.64,9.577,9.633,9.46,9.159,9.342,9.427,9.463,9.404,9.071,8.511,7.724,7.573,8.098,8.336,8.549,8.67,8.857,8.56,8.749,8.947,9.018,9.144,8.951,8.698,8.107,8.131,8.25,8.277,8.074,7.819,7.676,7.432,7.509,7.461,7.792,8.015,8.146,8.043,7.771,8.167,8.312,8.329,8.248,8.355,8.341,7.916,7.979,8.298,8.477,8.533,8.744,8.524,8.13,8.425,8.591,8.571,8.487,8.652,8.778,8.481
Guntur_247,4.625,4.656,4.744,4.756,4.579,4.605,4.706,4.712,4.618,4.566,4.65,4.651,4.708,4.624,4.49,4.465,4.674,4.653,4.465,4.655,4.689,4.584,4.636,4.748,4.799,4.58,4.727,4.796,4.833,4.865,4.825,5.901,5.618,5.798,5.948,5.949,5.944,6.01,5.804,5.676,5.773,5.8,5.86,6.067,6.058,6.117,5.861,6.005,6.127,6.102,5.969,5.762,5.811,5.658,5.848,5.952,6.017,5.945,5.91,5.843,5.29,5.441,5.501,5.414,5.329,5.362,5.434,5.275,5.235,4.855,5.044,5.351,5.384,5.349,5.144,5.323,5.492,5.469,6.062,5.973,5.762,5.669,5.569,5.795,6.001,6.067,6.043,6.011,5.824,5.672,5.659,6.302,6.442,6.486,6.445,6.195,6.507,6.538,6.505,6.547,6.596,6.473,6.319,6.679,6.557,6.51,6.32,6.274,6.213,6.004,6.38,6.413,6.255,6.355,6.421,6.359,6.235,6.465,6.472,6.484,6.372,6.061,6.075,5.987,6.162,6.139,6.214,6.379,6.371,6.332,6.081,5.983,6.034,6.012,5.963,5.997,5.927,5.946,5.566,5.828,6.003,5.818,5.739,5.889,5.982,5.718,5.854,5.954,6.124,6.108,5.968,5.83,6.846,6.933,6.914,7.103,7.049,7.093,6.959,7.398,7.53,7.628,7.534,7.554,7.334,7.084,7.441,7.434,7.551,7.655,7.497,7.449,7.161,7.571,7.767,7.67,7.668,7.407,7.249,7.029,7.361,7.729,0.0,0.0,0.0,0.0,0.0,0.0,0.0,0.0,0.0,0.0,0.0,0.0,0.0,0.0,0.0,0.0,0.0,0.0,0.0,0.0,0.0,0.0,0.0,0.0,0.0,0.0,0.0,0.0,0.0,0.0,0.0,0.0,0.0,0.0,0.0,0.0,0.0,0.0,0.0,0.0,0.0,0.0,0.0,0.0,0.0,0.0,0.0,0.0,0.0,0.0,0.0,0.0,0.0,0.0,0.0,0.0,0.0,0.0,0.0,0.0,0.0,0.0,5.286,5.304,5.306,5.409,5.451,5.165,5.221,5.366,5.606,5.527,5.455,5.28,5.12,5.176,5.264,5.338,5.237,5.199,5.339,5.104,5.195,5.125,5.034,5.194,5.219,4.987,4.822,5.194,5.304,5.26,5.915,5.877,6.051,5.862,5.972,6.151,6.355,6.444,6.446,6.255,5.91,5.971,6.064,5.804,5.905,5.971,6.104,5.947,6.086,6.092,6.069,5.953,5.803,5.795,5.5,5.61,5.9,6.016,6.151,6.266,6.217,6.435,6.66,6.731,6.709,6.641,6.791,6.692,6.423,6.555,6.532,6.485,6.599,6.479,5.898,5.73,5.772,6.151,6.328,6.436,6.484,6.433,6.325,6.633,6.606,6.425,6.054,6.067,6.186,6.296,6.516,5.803,5.888,5.827,5.883,5.848,5.595,5.707,5.805,5.701,5.793,5.843,5.731,5.577,5.735,5.89,5.896,5.951,6.033,5.932,5.848,6.005,6.154,6.232,6.139,6.13,6.225,5.989,6.168,6.234,6.2,6.201,6.984,6.781,6.545,6.724,6.777,6.804,6.712,6.793,6.661,6.636,6.906,6.943,6.919,6.838,6.851,6.988,6.904,6.977,7.209,7.353,7.479,7.44,7.326,7.069,7.133,6.888,7.069,7.158,7.294,7.279,7.065,6.466,6.546,6.598,6.477,6.501,6.453,6.272,6.341,6.488,6.611,6.641,6.645,6.614,6.458,6.561,6.562,6.538,6.48,6.407,6.409,6.302,6.547,6.655,6.753,6.776,6.82,6.788,6.681,5.479,5.507,5.488,5.468,5.591,5.559,5.342,5.467,5.572,5.631,5.574,5.382,5.284,5.281,5.479,5.519,5.603,5.685,5.668,5.608,5.43,5.488,5.351,5.479,5.567,5.49,5.517,5.31,5.006,5.089,5.326,5.821,5.971,6.018,5.889,6.046,6.044,6.049,6.19,6.13,6.116,5.896,6.087,6.126,5.899,5.924,5.973,5.828,5.788,5.902,6.012,5.821,5.706,5.647,5.736,5.621,5.833,5.92,5.895,5.92,5.885,7.041,6.909,6.951,6.984,6.85,6.928,7.075,7.024,6.873,7.008,6.837,6.614,6.423,6.64,6.591,6.099,6.132,5.991,6.005,5.961,6.045,6.254,6.382,6.527,6.423,6.303,6.327,6.568,6.724,6.342,6.657,5.751,6.192,6.313,6.332,6.181,5.894,6.074,5.976,5.959,5.83,5.637,5.623,5.35,5.833,5.861,6.011,6.05,6.093,5.835,5.539,6.001,6.228,6.569,6.311,6.284,6.11,6.258,6.725,6.952,6.803,7.872,7.601,7.623,7.716,8.156,8.308,8.249,8.092,7.972,8.117,7.573,7.491,7.411,7.311,7.437,7.793,7.863,7.133,6.592,6.599,6.463,6.656,7.008,6.859,6.751,6.971,6.909,6.506,6.632,6.598,6.498,0.0,0.0,0.0,0.0,0.0,0.0,0.0,0.0,0.0,0.0,0.0,0.0,0.0,0.0,0.0,0.0,0.0,0.0,0.0,0.0,0.0,0.0,0.0,0.0,0.0,0.0,0.0,0.0,0.0,0.0,0.0,96.272,97.441,96.901,92.783,91.604,94.563,90.994,89.067,94.765,91.952,87.931,81.689,85.122,87.008,89.197,89.113,91.336,95.734,97.582,98.64,96.638,93.363,93.843,94.722,93.094,92.492,91.148,90.355,89.829,93.051,5.043,4.861,4.743,4.961,5.068,5.169,5.171,5.223,5.147,4.984,5.221,5.276,5.285,5.21,5.047,5.112,4.844,4.729,4.936,4.983,4.952,4.921,4.986,4.684,4.874,4.916,4.904,4.868,4.931,4.881,4.803,5.059,5.059,5.002,4.621,4.476,4.787,4.693,4.947,5.08,5.259,5.115,5.225,5.186,5.101,5.17,5.161,5.22,5.266,5.132,5.136,4.916,5.199,5.278,5.309,5.262,5.222,5.149,4.87,4.961,4.984,5.653,5.493,5.602,5.614,5.494,5.677,5.79,5.774,5.837,5.747,5.697,5.461,5.73,5.919,5.903,5.846,5.816,5.807,5.516,5.913,6.089,6.194,6.256,6.302,6.239,6.052,6.18,6.053,5.906,5.845,5.946,6.302,6.062,6.403,6.579,6.679,6.552,6.524,6.298,6.014,6.215,6.25,6.281,6.406,6.284,6.126,6.124,6.416,6.615,6.619,6.587,6.647,6.293,6.191,6.535,6.574,6.365,6.474,6.567,6.593,6.587,6.707,6.59,6.616,6.362,6.472,6.55,6.456,6.57,6.752,6.631,6.491,6.526,6.51,6.432,6.473,6.518,6.612,6.555,6.589,6.532,6.423,6.588,6.569,6.577,6.762,6.619,6.512,6.268,6.545,6.552,6.418,6.38,6.559,6.664,6.501,6.476,6.523,6.588,6.704,6.792,6.775,6.61,6.758,6.802,6.895,6.869,6.486,6.533,6.661,6.85,6.906,6.945,7.008,6.978,6.931,6.717,6.841,6.906,7.033,7.076,6.749,6.741,6.532,6.765,6.834,6.708,6.815,6.776,6.801,6.587,6.719,6.817,6.831,6.764,6.694,6.791,6.481,6.657,6.774,6.723,6.749,6.764,6.756,6.542,6.771,6.852,6.922,6.876,6.814,6.638,5.826,5.969,5.949,6.09,6.084,6.245,6.207,5.929,6.02,5.927,5.954,5.946,5.89,5.833,5.673,5.903,6.044,6.213,6.153,5.896,5.377,4.997,4.937,5.374,5.774,5.811,5.724,5.674,5.626,5.941,6.027,4.63,4.676,4.671,4.618,4.505,4.629,4.66,4.561,4.518,4.628,4.582,4.449,4.667,4.733,4.606,4.504,4.438,4.332,4.021,4.032,4.066,4.39,4.56,4.507,4.418,4.289,4.539,4.603,4.419,4.115,4.071,4.14,4.035,4.338,4.357,4.352,4.366,4.284,4.104,3.845,3.991,4.0,4.063,4.002,4.012,4.02,3.846,4.138,4.202,4.127,3.874,3.991,3.888,3.614,3.888,4.143,4.191,4.158,4.232,4.094,3.85,5.138,5.268,5.486,5.482,5.29,5.134,4.884,5.004,4.999,4.996,4.709,4.964,5.153,4.804,4.555,4.879,5.16,5.337,5.273,5.207,4.982,5.253,5.385,5.337,5.426,5.603,5.42,5.19,5.565,5.711,5.674,7.721,7.795,7.755,7.299,7.672,7.793,7.825,7.719,7.518,7.329,6.844,6.952,6.982,6.986,6.879,6.537,6.759,6.808,7.192,7.18,7.091,6.796,6.687,6.599,6.621,7.208,7.264,7.239,7.343,7.362,6.299,6.017,6.385,6.577,6.235,6.325,6.294,6.331,6.119,6.314,6.257,6.363,6.37,6.317,6.226,6.011,6.49,6.553,6.564,6.543,6.459,6.288,5.913,5.577,5.46,5.851,6.173,6.3,6.332,6.158,6.222,6.028,6.105,6.053,6.151,6.129,6.002,6.09,6.138,6.139,6.136,6.142,5.958,5.813,5.857,6.012,6.102,6.148,6.202,6.222,5.98,6.199,6.286,6.272,6.269,6.27,6.276,6.138,6.296,6.218,6.225,5.28,5.358,5.367,5.179,5.289,5.41,5.475,5.342,5.303,5.098,4.962,5.224,5.232,5.264,5.362,5.47,5.51,5.387,5.598,5.617,5.573,5.596,5.688,5.651,5.458,5.568,5.673,5.763,5.784,5.718,5.657,6.898,7.085,7.057,6.938,7.025,7.077,7.118,7.054,7.167,7.178,7.242,7.261,7.303,7.044,6.763,6.954,7.095,7.23,7.166,7.255,7.169,6.961,7.014,7.138,7.084,6.621,6.835,7.037,6.859,6.949,6.957,6.56,6.649,6.861,6.841,6.684,6.728,6.845,7.014,6.918,6.929,6.961,6.639,6.955,7.07,6.98,6.964,7.058,7.012,6.828,7.019,7.084,7.061,7.178,7.237,7.095,6.944,7.244,7.167,7.338,7.366,7.517,7.445,7.154,7.299,6.892,6.725,6.98,7.383,7.47,7.28,7.661,7.698,7.678,7.512,7.098,6.713,6.233,6.711,6.971,7.155,7.3,7.341,7.512,7.225,7.5,7.588,7.627,7.59,7.301,5.382,5.312,5.543,5.774,5.794,5.83,5.917,5.785,5.638,5.873,5.99,6.034,6.108,6.047,5.989,5.771,5.923,6.084,6.022,5.946,5.825,5.665,5.206,5.539,5.8,5.806,5.857,5.85,5.629,5.134,5.736,5.957,6.203,6.217,6.414,6.507,6.266,6.523,6.737,6.812,6.916,6.866,6.766,6.409,6.53,6.775,6.951,6.781,7.085,7.009,6.759,6.938,6.986,6.55,6.236,5.974,6.14,6.393,6.701,6.818,6.664,9.659,9.838,10.226,9.481,9.958,10.059,10.27,10.407,10.326,9.934,9.508,9.9,9.849,9.668,9.799,10.063,9.88,9.408,9.715,9.775,9.936,9.997,9.98,9.662,8.854,8.898,9.168,9.073,8.846,8.646,4.424,4.382,4.683,4.709,4.59,4.431,4.503,4.348,4.3,4.662,4.665,4.743,4.673,4.641,4.55,4.424,4.579,4.55,4.444,4.566,4.617,4.404,4.189,4.431,4.469,4.276,4.179,4.064,3.945,3.974,4.237,0.0,0.0,0.0,0.0,0.0,0.0,0.0,0.0,0.0,0.0,0.0,0.0,0.0,0.0,0.0,0.0,0.0,0.0,0.0,0.0,0.0,0.0,0.0,0.0,0.0,0.0,0.0,0.0,0.0,0.0,0.0,6.528,6.412,6.214,6.108,6.23,6.133,5.793,5.698,5.612,5.348,5.655,5.905,6.098,6.333,6.139,5.768,5.334,5.5,5.627,5.838,5.916,5.815,5.58,5.179,5.528,5.806,5.89,5.881,5.95,5.868,7.468,7.41,7.727,7.923,8.019,8.104,8.232,8.204,8.329,8.444,8.601,8.652,8.666,8.593,8.315,8.371,8.141,8.439,8.532,8.553,8.439,8.122,8.074,7.89,8.162,8.42,8.447,8.506,8.178,8.293,8.431,5.796,5.759,5.792,5.688,5.507,5.617,5.669,5.69,5.654,5.454,5.118,4.644,4.554,4.87,5.012,5.141,5.213,5.326,5.147,5.261,5.38,5.423,5.498,5.382,5.23,4.875,4.889,4.961,4.977,4.855,6.084,5.973,5.782,5.843,5.805,6.063,6.236,6.338,6.258,6.046,6.355,6.468,6.48,6.417,6.501,6.49,6.159,6.208,6.456,6.596,6.639,6.803,6.632,6.325,6.555,6.684,6.668,6.604,6.732,6.83,6.599,6.718,6.84,7.017,7.011,7.033,6.851,6.554,6.777,6.77,6.888,6.929,7.031,7.128,6.808,6.869,7.104,7.176,7.181,7.216,7.268,7.112,7.135,7.236,7.192,6.708,6.269,6.471,6.663,6.494,6.579,6.587,6.358,6.445,6.651,6.631,6.479,6.522,6.635,6.798,6.705,6.716,6.747,6.435,6.741,6.853,6.766,6.751,6.842,6.797,6.619,6.804,6.867,6.844,6.958,7.015,6.877,6.731,7.021,6.947,6.136,7.358,7.386,7.537,7.465,7.174,7.319,6.911,6.743,6.999,7.403,7.49,7.3,7.682,7.72,7.699,7.532,7.117,6.732,6.25,6.729,6.99,7.175,7.32,7.361,7.533,7.245,7.521,7.609,7.648,7.611,7.321,6.437,6.354,6.629,6.906,6.93,6.973,7.077,6.919,6.743,7.024,7.164,7.216,7.305,7.232,7.163,6.902,7.084,7.276,7.203,7.111,6.966,6.776,6.226,6.625,6.936,6.944,7.005,6.996,6.733,6.14,4.601,4.778,4.976,4.987,5.144,5.219,5.026,5.232,5.404,5.464,5.547,5.507,5.427,5.14,5.237,5.434,5.575,5.439,5.683,5.622,5.422,5.565,5.604,5.254,5.002,4.791,4.925,5.127,5.374,5.468,5.345,9.659,9.838,10.226,9.481,9.958,10.059,10.27,10.407,10.326,9.934,9.508,9.9,9.849,9.668,9.799,10.063,9.88,9.408,9.715,9.775,9.936,9.997,9.98,9.662,8.854,8.898,9.168,9.073,8.846,8.646,4.882,4.837,5.168,5.197,5.066,4.89,4.969,4.799,4.745,5.145,5.148,5.235,5.157,5.122,5.021,4.882,5.053,5.021,4.905,5.039,5.095,4.86,4.623,4.89,4.932,4.719,4.612,4.485,4.354,4.386,4.676,3.894,3.836,3.888,4.029,4.14,3.913,3.96,4.104,4.222,4.316,4.475,4.303,4.174,4.343,4.266,4.45,4.493,4.457,4.345,4.316,4.455,4.49,4.286,4.256,4.389,4.4,4.297,4.399,4.61,4.689,4.733,7.212,7.085,6.866,6.749,6.883,6.776,6.4,6.295,6.2,5.909,6.248,6.524,6.737,6.997,6.782,6.373,5.894,6.077,6.217,6.451,6.537,6.425,6.165,5.723,6.108,6.415,6.508,6.498,6.574,6.483,7.468,7.41,7.727,7.923,8.019,8.104,8.232,8.204,8.329,8.444,8.601,8.652,8.666,8.593,8.315,8.371,8.141,8.439,8.532,8.553,8.439,8.122,8.074,7.89,8.162,8.42,8.447,8.506,8.178,8.293,8.431,5.796,5.759,5.792,5.688,5.507,5.617,5.669,5.69,5.654,5.454,5.118,4.644,4.554,4.87,5.012,5.141,5.213,5.326,5.147,5.261,5.38,5.423,5.498,5.382,5.23,4.875,4.889,4.961,4.977,4.855,6.084,5.973,5.782,5.843,5.805,6.063,6.236,6.338,6.258,6.046,6.355,6.468,6.48,6.417,6.501,6.49,6.159,6.208,6.456,6.596,6.639,6.803,6.632,6.325,6.555,6.684,6.668,6.604,6.732,6.83,6.599
Guntur_248,3.647,3.672,3.741,3.75,3.611,3.632,3.711,3.716,3.641,3.601,3.666,3.668,3.712,3.646,3.54,3.521,3.685,3.669,3.521,3.671,3.697,3.615,3.655,3.744,3.784,3.611,3.728,3.782,3.811,3.837,3.805,2.536,2.414,2.491,2.556,2.556,2.554,2.583,2.494,2.439,2.481,2.492,2.518,2.607,2.603,2.629,2.518,2.58,2.633,2.622,2.565,2.476,2.497,2.431,2.513,2.558,2.586,2.555,2.54,2.511,3.159,3.249,3.285,3.233,3.182,3.202,3.245,3.15,3.127,2.899,3.012,3.196,3.215,3.195,3.072,3.179,3.28,3.266,3.62,3.567,3.441,3.386,3.326,3.461,3.584,3.623,3.609,3.59,3.478,3.387,3.38,4.016,4.105,4.133,4.107,3.947,4.146,4.166,4.145,4.172,4.203,4.125,4.027,4.256,4.178,4.148,4.027,3.998,3.959,3.826,4.065,4.086,3.986,4.049,4.091,4.052,3.973,4.12,4.124,4.131,4.06,3.658,3.666,3.613,3.719,3.705,3.75,3.85,3.845,3.821,3.67,3.611,3.642,3.628,3.599,3.619,3.577,3.588,3.359,3.517,3.623,3.511,3.463,3.554,3.61,3.451,3.533,3.593,3.696,3.686,3.602,3.518,2.987,3.025,3.017,3.099,3.075,3.095,3.036,3.228,3.286,3.328,3.287,3.296,3.2,3.091,3.246,3.244,3.295,3.34,3.271,3.25,3.124,3.303,3.389,3.346,3.346,3.232,3.163,3.067,3.212,3.372,0.0,0.0,0.0,0.0,0.0,0.0,0.0,0.0,0.0,0.0,0.0,0.0,0.0,0.0,0.0,0.0,0.0,0.0,0.0,0.0,0.0,0.0,0.0,0.0,0.0,0.0,0.0,0.0,0.0,0.0,0.0,0.0,0.0,0.0,0.0,0.0,0.0,0.0,0.0,0.0,0.0,0.0,0.0,0.0,0.0,0.0,0.0,0.0,0.0,0.0,0.0,0.0,0.0,0.0,0.0,0.0,0.0,0.0,0.0,0.0,0.0,0.0,2.456,2.465,2.466,2.513,2.533,2.4,2.426,2.493,2.605,2.568,2.535,2.454,2.379,2.405,2.446,2.48,2.433,2.416,2.481,2.372,2.414,2.381,2.339,2.413,2.425,2.317,2.241,2.413,2.465,2.444,4.087,4.062,4.182,4.051,4.127,4.251,4.392,4.453,4.454,4.323,4.084,4.127,4.191,4.011,4.081,4.126,4.219,4.109,4.206,4.21,4.194,4.114,4.011,4.005,3.801,3.877,4.077,4.157,4.251,4.331,4.296,3.013,3.119,3.152,3.141,3.11,3.18,3.133,3.007,3.069,3.059,3.037,3.09,3.034,2.762,2.683,2.703,2.88,2.963,3.014,3.036,3.012,2.962,3.106,3.093,3.009,2.835,2.841,2.897,2.948,3.051,2.394,2.429,2.404,2.427,2.413,2.308,2.354,2.395,2.352,2.39,2.411,2.364,2.301,2.366,2.43,2.432,2.455,2.489,2.447,2.413,2.478,2.539,2.571,2.533,2.529,2.568,2.471,2.545,2.572,2.558,2.558,2.731,2.651,2.559,2.629,2.65,2.66,2.624,2.656,2.605,2.595,2.7,2.715,2.705,2.674,2.679,2.733,2.699,2.728,2.819,2.875,2.925,2.909,2.864,2.764,2.789,2.693,2.764,2.799,2.852,2.846,2.763,2.847,2.882,2.905,2.852,2.863,2.841,2.762,2.792,2.857,2.911,2.924,2.926,2.912,2.843,2.889,2.889,2.879,2.853,2.821,2.822,2.775,2.883,2.93,2.974,2.984,3.003,2.989,2.942,3.402,3.419,3.407,3.395,3.471,3.451,3.317,3.395,3.459,3.496,3.461,3.341,3.281,3.279,3.402,3.427,3.479,3.53,3.519,3.482,3.372,3.407,3.322,3.402,3.456,3.408,3.426,3.297,3.108,3.16,3.307,2.764,2.835,2.857,2.796,2.87,2.869,2.872,2.939,2.91,2.904,2.799,2.89,2.908,2.801,2.813,2.836,2.767,2.748,2.802,2.855,2.764,2.709,2.681,2.723,2.669,2.769,2.811,2.799,2.811,2.794,2.2,2.159,2.172,2.182,2.14,2.165,2.211,2.195,2.148,2.189,2.136,2.066,2.007,2.075,2.059,1.906,1.916,1.872,1.876,1.863,1.889,1.954,1.994,2.039,2.007,1.969,1.977,2.052,2.101,1.981,2.08,1.884,2.028,2.067,2.074,2.024,1.93,1.989,1.957,1.951,1.909,1.846,1.842,1.752,1.91,1.919,1.968,1.982,1.996,1.911,1.814,1.965,2.04,2.152,2.067,2.058,2.001,2.05,2.203,2.277,2.228,3.494,3.373,3.383,3.424,3.619,3.687,3.661,3.591,3.538,3.602,3.361,3.325,3.289,3.245,3.301,3.458,3.489,3.166,2.925,2.929,2.868,2.954,3.11,3.044,2.996,3.094,3.066,2.887,2.943,2.928,2.884,3.868,4.224,4.342,4.413,4.565,4.63,4.781,4.752,4.844,4.851,4.86,4.928,4.97,4.846,4.723,4.441,5.06,4.976,4.845,4.809,4.716,4.515,4.707,4.74,4.762,4.802,4.868,4.824,4.65,4.729,4.698,0.0,0.0,0.0,0.0,0.0,0.0,0.0,0.0,0.0,0.0,0.0,0.0,0.0,0.0,0.0,0.0,0.0,0.0,0.0,0.0,0.0,0.0,0.0,0.0,0.0,0.0,0.0,0.0,0.0,0.0,2.014,1.941,1.894,1.981,2.024,2.064,2.065,2.086,2.055,1.99,2.085,2.107,2.11,2.081,2.016,2.041,1.934,1.889,1.971,1.99,1.977,1.965,1.991,1.871,1.947,1.963,1.958,1.944,1.969,1.949,1.918,2.086,2.086,2.063,1.905,1.846,1.974,1.935,2.04,2.095,2.168,2.109,2.154,2.138,2.103,2.132,2.128,2.152,2.171,2.116,2.118,2.027,2.144,2.176,2.189,2.169,2.153,2.123,2.008,2.046,2.055,2.512,2.441,2.49,2.495,2.442,2.523,2.573,2.566,2.594,2.554,2.532,2.427,2.547,2.631,2.623,2.598,2.585,2.581,2.452,2.628,2.706,2.753,2.78,2.801,2.773,2.69,2.747,2.69,2.625,2.598,2.643,2.312,2.224,2.349,2.414,2.45,2.404,2.394,2.311,2.206,2.28,2.293,2.304,2.35,2.306,2.248,2.247,2.354,2.427,2.429,2.417,2.439,2.309,2.271,2.397,2.412,2.335,2.375,2.409,2.419,2.417,2.461,2.455,2.465,2.37,2.411,2.44,2.405,2.448,2.515,2.47,2.418,2.431,2.425,2.396,2.412,2.428,2.463,2.442,2.455,2.433,2.393,2.454,2.447,2.45,2.519,2.466,2.426,2.335,2.438,2.92,2.86,2.843,2.923,2.97,2.897,2.886,2.907,2.936,2.988,3.027,3.019,2.945,3.011,3.031,3.072,3.061,2.891,2.911,2.968,3.052,3.078,3.095,3.123,3.11,3.089,2.993,3.049,3.077,3.134,3.153,3.298,3.294,3.192,3.305,3.339,3.278,3.33,3.311,3.323,3.218,3.283,3.331,3.338,3.305,3.271,3.318,3.167,3.253,3.31,3.285,3.298,3.305,3.301,3.197,3.309,3.348,3.382,3.36,3.33,3.243,3.359,3.442,3.43,3.511,3.508,3.601,3.578,3.418,3.471,3.417,3.433,3.428,3.396,3.363,3.27,3.403,3.484,3.582,3.547,3.399,3.1,2.881,2.846,3.098,3.329,3.35,3.3,3.271,3.243,3.425,3.475,2.776,2.804,2.801,2.769,2.702,2.776,2.795,2.735,2.71,2.775,2.748,2.668,2.799,2.838,2.762,2.701,2.661,2.597,2.411,2.418,2.438,2.632,2.735,2.703,2.649,2.572,2.722,2.76,2.65,2.468,2.441,2.483,2.42,2.601,2.613,2.609,2.618,2.569,2.461,2.306,2.393,2.399,2.436,2.4,2.406,2.411,2.306,2.481,2.52,2.475,2.323,2.393,2.332,2.167,2.332,2.485,2.513,2.493,2.538,2.455,2.309,2.342,2.402,2.501,2.499,2.412,2.341,2.227,2.281,2.279,2.278,2.147,2.263,2.349,2.19,2.077,2.224,2.353,2.433,2.404,2.374,2.271,2.395,2.455,2.433,2.474,2.555,2.471,2.366,2.537,2.604,2.587,2.713,2.739,2.725,2.565,2.696,2.739,2.75,2.713,2.642,2.575,2.405,2.443,2.453,2.455,2.417,2.297,2.375,2.393,2.527,2.523,2.492,2.388,2.35,2.319,2.327,2.533,2.553,2.544,2.58,2.587,2.878,2.749,2.917,3.005,2.849,2.89,2.876,2.893,2.796,2.885,2.859,2.908,2.911,2.886,2.845,2.746,2.965,2.994,2.999,2.989,2.951,2.873,2.702,2.548,2.495,2.673,2.821,2.879,2.893,2.814,2.843,2.558,2.591,2.568,2.61,2.601,2.547,2.584,2.604,2.605,2.604,2.606,2.528,2.467,2.485,2.551,2.589,2.609,2.632,2.64,2.537,2.63,2.667,2.661,2.66,2.661,2.663,2.605,2.671,2.639,2.642,2.508,2.545,2.549,2.46,2.512,2.57,2.601,2.537,2.519,2.422,2.357,2.482,2.485,2.5,2.547,2.598,2.617,2.559,2.659,2.668,2.647,2.658,2.702,2.685,2.593,2.645,2.695,2.738,2.748,2.716,2.687,2.539,2.607,2.597,2.553,2.585,2.604,2.62,2.596,2.638,2.641,2.665,2.672,2.688,2.592,2.489,2.559,2.611,2.661,2.637,2.67,2.638,2.562,2.581,2.627,2.607,2.437,2.515,2.59,2.524,2.557,2.56,2.328,2.359,2.435,2.428,2.372,2.387,2.429,2.489,2.455,2.459,2.47,2.356,2.468,2.509,2.477,2.471,2.505,2.488,2.423,2.491,2.514,2.505,2.547,2.568,2.517,2.464,2.57,2.543,3.409,3.421,3.492,3.458,3.323,3.39,3.201,3.124,3.242,3.429,3.47,3.382,3.558,3.576,3.567,3.489,3.297,3.118,2.895,3.117,3.238,3.324,3.391,3.41,3.489,3.356,3.484,3.525,3.543,3.525,3.391,2.896,2.858,2.982,3.107,3.118,3.137,3.184,3.113,3.034,3.16,3.223,3.247,3.286,3.254,3.223,3.105,3.187,3.273,3.24,3.199,3.134,3.048,2.801,2.981,3.121,3.124,3.152,3.148,3.029,2.762,3.171,3.293,3.429,3.437,3.546,3.597,3.464,3.606,3.725,3.766,3.823,3.796,3.74,3.543,3.61,3.746,3.843,3.749,3.917,3.875,3.737,3.836,3.862,3.621,3.447,3.302,3.395,3.534,3.704,3.769,3.684,2.486,2.531,2.631,2.44,2.562,2.588,2.643,2.678,2.657,2.556,2.447,2.547,2.534,2.488,2.521,2.59,2.542,2.421,2.5,2.515,2.557,2.572,2.568,2.486,2.278,2.29,2.359,2.335,2.276,2.225,3.884,3.848,4.111,4.134,4.03,3.89,3.953,3.818,3.775,4.093,4.095,4.164,4.102,4.075,3.995,3.884,4.02,3.994,3.902,4.009,4.053,3.866,3.678,3.89,3.923,3.754,3.669,3.568,3.463,3.489,3.72,0.0,0.0,0.0,0.0,0.0,0.0,0.0,0.0,0.0,0.0,0.0,0.0,0.0,0.0,0.0,0.0,0.0,0.0,0.0,0.0,0.0,0.0,0.0,0.0,0.0,0.0,0.0,0.0,0.0,0.0,0.0,1.978,1.943,1.884,1.851,1.888,1.859,1.756,1.727,1.701,1.621,1.714,1.79,1.848,1.919,1.861,1.748,1.617,1.667,1.705,1.769,1.793,1.762,1.691,1.57,1.675,1.76,1.785,1.782,1.803,1.779,3.129,3.104,3.237,3.319,3.359,3.395,3.449,3.437,3.49,3.538,3.603,3.625,3.63,3.6,3.484,3.507,3.411,3.535,3.574,3.583,3.536,3.403,3.383,3.305,3.42,3.527,3.539,3.564,3.426,3.474,3.532,3.56,3.536,3.557,3.493,3.382,3.45,3.481,3.494,3.472,3.349,3.143,2.852,2.796,2.99,3.078,3.157,3.201,3.27,3.161,3.23,3.304,3.33,3.376,3.305,3.212,2.994,3.002,3.046,3.056,2.982,3.094,3.037,2.941,2.971,2.952,3.083,3.171,3.223,3.183,3.075,3.232,3.289,3.295,3.263,3.306,3.3,3.132,3.157,3.283,3.354,3.376,3.46,3.373,3.217,3.334,3.399,3.391,3.358,3.424,3.473,3.356,3.037,3.092,3.172,3.169,3.179,3.097,2.963,3.063,3.06,3.114,3.132,3.178,3.222,3.078,3.105,3.211,3.244,3.246,3.262,3.285,3.215,3.225,3.271,3.251,3.032,2.834,2.925,3.012,2.936,2.974,2.978,2.578,2.613,2.697,2.689,2.627,2.644,2.69,2.757,2.719,2.723,2.736,2.609,2.733,2.779,2.744,2.737,2.774,2.756,2.684,2.759,2.784,2.775,2.821,2.845,2.789,2.729,2.847,2.817,2.488,3.664,3.677,3.753,3.717,3.572,3.644,3.441,3.357,3.484,3.686,3.729,3.635,3.825,3.843,3.833,3.75,3.543,3.352,3.112,3.35,3.48,3.572,3.644,3.665,3.75,3.607,3.744,3.788,3.808,3.789,3.645,2.659,2.624,2.738,2.853,2.863,2.88,2.923,2.858,2.785,2.902,2.959,2.981,3.017,2.987,2.959,2.851,2.926,3.005,2.975,2.937,2.877,2.799,2.572,2.737,2.865,2.868,2.894,2.89,2.781,2.536,2.699,2.803,2.919,2.925,3.018,3.062,2.948,3.069,3.17,3.205,3.254,3.231,3.184,3.016,3.072,3.188,3.271,3.191,3.334,3.298,3.181,3.265,3.287,3.082,2.934,2.811,2.889,3.008,3.153,3.208,3.136,2.486,2.531,2.631,2.44,2.562,2.588,2.643,2.678,2.657,2.556,2.447,2.547,2.534,2.488,2.521,2.59,2.542,2.421,2.5,2.515,2.557,2.572,2.568,2.486,2.278,2.29,2.359,2.335,2.276,2.225,2.864,2.837,3.032,3.049,2.972,2.869,2.915,2.815,2.784,3.018,3.02,3.071,3.025,3.005,2.946,2.864,2.965,2.946,2.877,2.956,2.989,2.851,2.712,2.869,2.893,2.768,2.705,2.631,2.554,2.573,2.743,2.687,2.648,2.683,2.781,2.857,2.701,2.733,2.833,2.914,2.979,3.089,2.97,2.881,2.998,2.945,3.072,3.101,3.076,2.999,2.979,3.075,3.099,2.958,2.938,3.029,3.037,2.966,3.036,3.182,3.236,3.267,2.196,2.157,2.09,2.055,2.095,2.063,1.948,1.916,1.888,1.799,1.902,1.986,2.051,2.13,2.065,1.94,1.794,1.85,1.893,1.964,1.99,1.956,1.877,1.742,1.859,1.953,1.981,1.978,2.001,1.974,3.129,3.104,3.237,3.319,3.359,3.395,3.449,3.437,3.49,3.538,3.603,3.625,3.63,3.6,3.484,3.507,3.411,3.535,3.574,3.583,3.536,3.403,3.383,3.305,3.42,3.527,3.539,3.564,3.426,3.474,3.532,3.56,3.536,3.557,3.493,3.382,3.45,3.481,3.494,3.472,3.349,3.143,2.852,2.796,2.99,3.078,3.157,3.201,3.27,3.161,3.23,3.304,3.33,3.376,3.305,3.212,2.994,3.002,3.046,3.056,2.982,3.094,3.037,2.941,2.971,2.952,3.083,3.171,3.223,3.183,3.075,3.232,3.289,3.295,3.263,3.306,3.3,3.132,3.157,3.283,3.354,3.376,3.46,3.373,3.217,3.334,3.399,3.391,3.358,3.424,3.473,3.356
Guntur_249,2.259,2.274,2.317,2.323,2.237,2.249,2.298,2.301,2.255,2.23,2.271,2.272,2.299,2.259,2.193,2.181,2.283,2.273,2.181,2.274,2.29,2.239,2.264,2.319,2.344,2.237,2.309,2.343,2.36,2.376,2.357,2.124,2.022,2.087,2.141,2.141,2.139,2.163,2.089,2.043,2.078,2.088,2.109,2.184,2.18,2.202,2.109,2.161,2.205,2.196,2.149,2.074,2.092,2.037,2.105,2.142,2.166,2.14,2.127,2.103,2.599,2.673,2.702,2.66,2.618,2.634,2.67,2.591,2.572,2.385,2.478,2.629,2.645,2.628,2.527,2.615,2.698,2.687,2.978,2.934,2.831,2.785,2.736,2.847,2.948,2.981,2.969,2.953,2.861,2.786,2.78,3.606,3.686,3.711,3.688,3.545,3.723,3.741,3.722,3.746,3.774,3.704,3.616,3.822,3.752,3.725,3.616,3.59,3.555,3.435,3.65,3.669,3.579,3.636,3.674,3.638,3.567,3.699,3.703,3.71,3.646,3.43,3.438,3.388,3.487,3.474,3.516,3.61,3.605,3.583,3.441,3.386,3.415,3.402,3.374,3.393,3.354,3.365,3.15,3.298,3.397,3.292,3.247,3.333,3.385,3.236,3.313,3.369,3.466,3.456,3.377,3.299,1.716,1.738,1.733,1.78,1.767,1.778,1.744,1.854,1.887,1.912,1.888,1.893,1.838,1.775,1.865,1.863,1.892,1.918,1.879,1.867,1.795,1.898,1.947,1.922,1.922,1.856,1.817,1.762,1.845,1.937,0.0,0.0,0.0,0.0,0.0,0.0,0.0,0.0,0.0,0.0,0.0,0.0,0.0,0.0,0.0,0.0,0.0,0.0,0.0,0.0,0.0,0.0,0.0,0.0,0.0,0.0,0.0,0.0,0.0,0.0,0.0,0.0,0.0,0.0,0.0,0.0,0.0,0.0,0.0,0.0,0.0,0.0,0.0,0.0,0.0,0.0,0.0,0.0,0.0,0.0,0.0,0.0,0.0,0.0,0.0,0.0,0.0,0.0,0.0,0.0,0.0,0.0,2.699,2.708,2.709,2.762,2.783,2.637,2.666,2.74,2.863,2.822,2.785,2.696,2.614,2.643,2.688,2.726,2.674,2.654,2.726,2.606,2.653,2.617,2.57,2.652,2.665,2.546,2.462,2.652,2.708,2.686,3.49,3.468,3.57,3.459,3.524,3.629,3.75,3.802,3.803,3.691,3.487,3.523,3.578,3.425,3.484,3.523,3.602,3.509,3.591,3.595,3.581,3.512,3.424,3.42,3.245,3.31,3.481,3.55,3.629,3.697,3.668,2.139,2.213,2.237,2.23,2.207,2.257,2.224,2.135,2.178,2.171,2.155,2.193,2.153,1.96,1.904,1.918,2.044,2.103,2.139,2.155,2.138,2.102,2.204,2.196,2.135,2.012,2.016,2.056,2.092,2.166,2.013,2.042,2.021,2.041,2.029,1.941,1.98,2.014,1.978,2.009,2.027,1.988,1.935,1.99,2.043,2.045,2.064,2.093,2.058,2.029,2.083,2.135,2.162,2.129,2.126,2.16,2.078,2.14,2.163,2.151,2.151,2.641,2.564,2.475,2.543,2.563,2.573,2.538,2.569,2.519,2.51,2.612,2.626,2.617,2.586,2.591,2.643,2.611,2.639,2.727,2.781,2.829,2.814,2.771,2.674,2.698,2.605,2.674,2.707,2.758,2.753,2.672,2.458,2.488,2.508,2.462,2.471,2.453,2.384,2.411,2.466,2.513,2.525,2.526,2.514,2.455,2.494,2.494,2.486,2.463,2.436,2.436,2.396,2.489,2.53,2.567,2.576,2.593,2.581,2.54,2.88,2.895,2.885,2.875,2.939,2.923,2.809,2.875,2.93,2.961,2.93,2.83,2.778,2.777,2.881,2.902,2.946,2.989,2.98,2.948,2.855,2.885,2.813,2.881,2.927,2.886,2.901,2.792,2.632,2.676,2.8,2.463,2.526,2.546,2.491,2.558,2.557,2.559,2.619,2.593,2.587,2.494,2.575,2.591,2.495,2.506,2.527,2.465,2.448,2.497,2.543,2.462,2.414,2.389,2.426,2.378,2.467,2.504,2.494,2.504,2.49,1.752,1.719,1.73,1.738,1.704,1.724,1.761,1.748,1.71,1.744,1.701,1.646,1.598,1.652,1.64,1.518,1.526,1.491,1.494,1.483,1.504,1.556,1.588,1.624,1.598,1.568,1.574,1.634,1.673,1.578,1.657,1.643,1.769,1.804,1.809,1.766,1.684,1.735,1.707,1.702,1.666,1.611,1.607,1.529,1.666,1.675,1.717,1.729,1.741,1.667,1.583,1.714,1.779,1.877,1.803,1.795,1.746,1.788,1.922,1.986,1.944,0.0,0.0,0.0,0.0,0.0,0.0,0.0,0.0,0.0,0.0,0.0,0.0,0.0,0.0,0.0,0.0,0.0,0.0,0.0,0.0,0.0,0.0,0.0,0.0,0.0,0.0,0.0,0.0,0.0,0.0,0.0,4.216,4.604,4.732,4.809,4.976,5.046,5.21,5.179,5.279,5.288,5.297,5.371,5.417,5.282,5.148,4.84,5.515,5.423,5.28,5.241,5.14,4.921,5.131,5.166,5.19,5.234,5.305,5.258,5.068,5.154,5.121,0.0,0.0,0.0,0.0,0.0,0.0,0.0,0.0,0.0,0.0,0.0,0.0,0.0,0.0,0.0,0.0,0.0,0.0,0.0,0.0,0.0,0.0,0.0,0.0,0.0,0.0,0.0,0.0,0.0,0.0,1.703,1.642,1.602,1.675,1.712,1.746,1.746,1.764,1.738,1.683,1.763,1.782,1.785,1.76,1.705,1.727,1.636,1.597,1.667,1.683,1.672,1.662,1.684,1.582,1.646,1.66,1.656,1.644,1.665,1.649,1.622,1.92,1.919,1.898,1.753,1.698,1.817,1.781,1.877,1.928,1.996,1.941,1.983,1.968,1.936,1.962,1.958,1.981,1.998,1.948,1.949,1.865,1.973,2.003,2.015,1.996,1.981,1.954,1.848,1.883,1.891,2.035,1.977,2.017,2.021,1.978,2.044,2.084,2.078,2.101,2.069,2.051,1.966,2.063,2.131,2.125,2.104,2.093,2.09,1.986,2.128,2.192,2.23,2.252,2.268,2.246,2.178,2.225,2.179,2.126,2.104,2.14,2.093,2.013,2.126,2.185,2.218,2.176,2.167,2.091,1.997,2.064,2.076,2.086,2.127,2.087,2.034,2.034,2.131,2.197,2.198,2.187,2.207,2.09,2.056,2.17,2.183,2.114,2.15,2.181,2.189,2.187,2.227,2.23,2.239,2.153,2.19,2.217,2.185,2.223,2.285,2.244,2.197,2.209,2.203,2.177,2.191,2.206,2.238,2.218,2.23,2.21,2.174,2.23,2.223,2.226,2.288,2.24,2.204,2.121,2.215,2.417,2.367,2.354,2.419,2.458,2.398,2.389,2.406,2.43,2.473,2.505,2.499,2.438,2.493,2.509,2.543,2.534,2.393,2.41,2.457,2.527,2.548,2.562,2.585,2.574,2.557,2.478,2.524,2.547,2.594,2.61,3.323,3.32,3.217,3.331,3.365,3.303,3.356,3.337,3.349,3.243,3.308,3.357,3.364,3.331,3.296,3.344,3.191,3.278,3.336,3.311,3.323,3.331,3.327,3.222,3.334,3.374,3.408,3.386,3.355,3.269,2.905,2.977,2.967,3.037,3.034,3.114,3.095,2.957,3.002,2.956,2.969,2.965,2.937,2.909,2.829,2.944,3.014,3.098,3.069,2.94,2.681,2.492,2.462,2.68,2.88,2.898,2.854,2.83,2.806,2.963,3.006,2.776,2.804,2.801,2.769,2.702,2.776,2.795,2.735,2.71,2.775,2.748,2.668,2.799,2.838,2.762,2.701,2.661,2.597,2.411,2.418,2.438,2.632,2.735,2.703,2.649,2.572,2.722,2.76,2.65,2.468,2.441,2.483,2.42,2.601,2.613,2.609,2.618,2.569,2.461,2.306,2.393,2.399,2.436,2.4,2.406,2.411,2.306,2.481,2.52,2.475,2.323,2.393,2.332,2.167,2.332,2.485,2.513,2.493,2.538,2.455,2.309,1.72,1.763,1.836,1.835,1.771,1.718,1.635,1.675,1.673,1.672,1.576,1.662,1.725,1.608,1.525,1.633,1.727,1.786,1.765,1.743,1.668,1.758,1.803,1.786,1.816,1.875,1.814,1.737,1.863,1.911,1.899,2.417,2.44,2.427,2.285,2.402,2.439,2.449,2.416,2.353,2.294,2.142,2.176,2.185,2.187,2.153,2.046,2.116,2.131,2.251,2.247,2.22,2.127,2.093,2.066,2.073,2.256,2.274,2.266,2.298,2.304,2.291,2.189,2.322,2.392,2.268,2.301,2.289,2.303,2.226,2.297,2.276,2.315,2.317,2.298,2.264,2.186,2.361,2.383,2.387,2.38,2.349,2.287,2.151,2.028,1.986,2.128,2.245,2.291,2.303,2.24,2.263,2.244,2.272,2.253,2.289,2.281,2.234,2.267,2.284,2.285,2.284,2.286,2.218,2.163,2.18,2.238,2.271,2.288,2.308,2.316,2.226,2.307,2.34,2.334,2.333,2.334,2.336,2.285,2.343,2.314,2.317,2.185,2.217,2.221,2.143,2.189,2.239,2.266,2.211,2.195,2.11,2.054,2.162,2.165,2.179,2.219,2.264,2.28,2.229,2.317,2.325,2.307,2.316,2.354,2.339,2.259,2.304,2.348,2.385,2.394,2.366,2.341,1.797,1.846,1.838,1.808,1.83,1.844,1.855,1.838,1.867,1.87,1.887,1.892,1.903,1.835,1.762,1.812,1.848,1.884,1.867,1.89,1.868,1.814,1.827,1.86,1.846,1.725,1.781,1.833,1.787,1.81,1.812,2.105,2.133,2.202,2.195,2.145,2.159,2.196,2.251,2.22,2.223,2.234,2.13,2.232,2.269,2.24,2.235,2.265,2.25,2.191,2.252,2.273,2.266,2.303,2.322,2.277,2.228,2.324,2.3,3.373,3.386,3.455,3.422,3.289,3.355,3.168,3.091,3.208,3.394,3.434,3.347,3.522,3.539,3.53,3.453,3.263,3.086,2.865,3.085,3.204,3.289,3.356,3.375,3.453,3.321,3.448,3.488,3.506,3.489,3.356,2.775,2.739,2.858,2.977,2.988,3.006,3.051,2.983,2.907,3.028,3.088,3.111,3.149,3.118,3.088,2.975,3.054,3.137,3.105,3.066,3.003,2.921,2.684,2.856,2.99,2.993,3.02,3.016,2.903,2.647,2.686,2.79,2.905,2.912,3.003,3.047,2.934,3.055,3.155,3.19,3.239,3.215,3.168,3.001,3.058,3.173,3.255,3.176,3.318,3.282,3.165,3.249,3.272,3.067,2.92,2.797,2.875,2.994,3.138,3.193,3.121,3.051,3.108,3.23,2.995,3.146,3.178,3.244,3.288,3.262,3.138,3.004,3.127,3.111,3.054,3.095,3.179,3.121,2.972,3.069,3.088,3.139,3.158,3.153,3.052,2.797,2.811,2.896,2.866,2.794,2.731,2.227,2.206,2.357,2.37,2.31,2.23,2.266,2.189,2.164,2.347,2.348,2.388,2.352,2.336,2.29,2.227,2.305,2.29,2.237,2.298,2.324,2.217,2.109,2.23,2.249,2.152,2.103,2.046,1.986,2.0,2.133,0.0,0.0,0.0,0.0,0.0,0.0,0.0,0.0,0.0,0.0,0.0,0.0,0.0,0.0,0.0,0.0,0.0,0.0,0.0,0.0,0.0,0.0,0.0,0.0,0.0,0.0,0.0,0.0,0.0,0.0,0.0,3.065,3.011,2.918,2.868,2.926,2.88,2.72,2.676,2.635,2.511,2.656,2.773,2.864,2.974,2.883,2.709,2.505,2.583,2.642,2.742,2.778,2.731,2.62,2.432,2.596,2.726,2.766,2.762,2.794,2.756,3.129,3.104,3.237,3.319,3.359,3.395,3.449,3.437,3.49,3.538,3.603,3.625,3.63,3.6,3.484,3.507,3.411,3.535,3.574,3.583,3.536,3.403,3.383,3.305,3.42,3.527,3.539,3.564,3.426,3.474,3.532,3.102,3.082,3.1,3.045,2.948,3.007,3.034,3.045,3.027,2.919,2.739,2.486,2.437,2.606,2.683,2.752,2.79,2.85,2.755,2.816,2.879,2.903,2.943,2.881,2.8,2.609,2.617,2.655,2.664,2.599,2.206,2.166,2.097,2.119,2.105,2.199,2.262,2.299,2.27,2.193,2.305,2.346,2.35,2.327,2.358,2.354,2.234,2.251,2.342,2.392,2.408,2.467,2.405,2.294,2.377,2.424,2.418,2.395,2.442,2.477,2.393,2.84,2.891,2.966,2.963,2.973,2.896,2.77,2.864,2.861,2.911,2.929,2.971,3.013,2.878,2.903,3.003,3.033,3.035,3.05,3.072,3.006,3.016,3.058,3.04,2.835,2.649,2.735,2.816,2.745,2.781,2.784,2.506,2.54,2.622,2.614,2.554,2.571,2.615,2.68,2.643,2.647,2.66,2.536,2.657,2.702,2.667,2.661,2.697,2.679,2.609,2.682,2.707,2.698,2.743,2.765,2.711,2.653,2.768,2.738,2.419,3.42,3.433,3.503,3.469,3.334,3.401,3.212,3.134,3.253,3.441,3.481,3.393,3.57,3.588,3.578,3.501,3.308,3.128,2.905,3.127,3.248,3.334,3.402,3.421,3.501,3.367,3.495,3.536,3.554,3.537,3.402,2.437,2.406,2.51,2.615,2.624,2.64,2.68,2.62,2.553,2.66,2.713,2.732,2.766,2.738,2.712,2.613,2.682,2.755,2.727,2.693,2.638,2.565,2.357,2.509,2.626,2.629,2.652,2.649,2.549,2.325,2.51,2.607,2.715,2.721,2.807,2.848,2.743,2.855,2.949,2.981,3.027,3.005,2.961,2.805,2.858,2.965,3.042,2.968,3.101,3.068,2.958,3.037,3.058,2.867,2.729,2.614,2.687,2.798,2.933,2.984,2.917,3.051,3.108,3.23,2.995,3.146,3.178,3.244,3.288,3.262,3.138,3.004,3.127,3.111,3.054,3.095,3.179,3.121,2.972,3.069,3.088,3.139,3.158,3.153,3.052,2.797,2.811,2.896,2.866,2.794,2.731,2.664,2.639,2.82,2.836,2.764,2.668,2.712,2.619,2.589,2.807,2.809,2.856,2.814,2.795,2.74,2.664,2.757,2.74,2.676,2.75,2.78,2.652,2.523,2.668,2.691,2.575,2.516,2.448,2.376,2.393,2.552,2.127,2.095,2.123,2.2,2.261,2.137,2.163,2.242,2.306,2.357,2.444,2.35,2.28,2.372,2.33,2.431,2.454,2.434,2.373,2.357,2.433,2.452,2.341,2.325,2.397,2.403,2.347,2.403,2.518,2.561,2.585,1.302,1.279,1.24,1.218,1.243,1.223,1.155,1.136,1.119,1.067,1.128,1.178,1.216,1.263,1.224,1.15,1.064,1.097,1.122,1.165,1.18,1.16,1.113,1.033,1.103,1.158,1.175,1.173,1.187,1.17,3.129,3.104,3.237,3.319,3.359,3.395,3.449,3.437,3.49,3.538,3.603,3.625,3.63,3.6,3.484,3.507,3.411,3.535,3.574,3.583,3.536,3.403,3.383,3.305,3.42,3.527,3.539,3.564,3.426,3.474,3.532,3.102,3.082,3.1,3.045,2.948,3.007,3.034,3.045,3.027,2.919,2.739,2.486,2.437,2.606,2.683,2.752,2.79,2.85,2.755,2.816,2.879,2.903,2.943,2.881,2.8,2.609,2.617,2.655,2.664,2.599,2.206,2.166,2.097,2.119,2.105,2.199,2.262,2.299,2.27,2.193,2.305,2.346,2.35,2.327,2.358,2.354,2.234,2.251,2.342,2.392,2.408,2.467,2.405,2.294,2.377,2.424,2.418,2.395,2.442,2.477,2.393
Guntur_250,2.435,2.452,2.498,2.504,2.412,2.425,2.478,2.481,2.432,2.405,2.448,2.449,2.479,2.435,2.364,2.352,2.461,2.45,2.351,2.451,2.469,2.414,2.441,2.5,2.527,2.412,2.489,2.526,2.545,2.562,2.541,2.659,2.532,2.613,2.681,2.681,2.679,2.709,2.615,2.558,2.602,2.614,2.641,2.734,2.73,2.757,2.641,2.706,2.761,2.75,2.69,2.597,2.619,2.55,2.636,2.682,2.712,2.679,2.663,2.633,2.827,2.907,2.939,2.893,2.847,2.865,2.904,2.819,2.797,2.594,2.695,2.859,2.877,2.858,2.748,2.844,2.935,2.922,3.239,3.192,3.079,3.029,2.976,3.096,3.206,3.242,3.229,3.212,3.112,3.031,3.024,3.549,3.627,3.652,3.629,3.488,3.664,3.681,3.663,3.686,3.714,3.645,3.558,3.761,3.692,3.666,3.559,3.532,3.498,3.381,3.592,3.611,3.522,3.578,3.615,3.58,3.511,3.64,3.644,3.651,3.588,2.811,2.817,2.776,2.857,2.846,2.881,2.958,2.954,2.936,2.82,2.775,2.798,2.788,2.765,2.781,2.748,2.757,2.581,2.703,2.784,2.698,2.661,2.731,2.774,2.652,2.715,2.761,2.84,2.832,2.768,2.703,1.716,1.738,1.733,1.78,1.767,1.778,1.744,1.854,1.887,1.912,1.888,1.893,1.838,1.775,1.865,1.863,1.892,1.918,1.879,1.867,1.795,1.898,1.947,1.922,1.922,1.856,1.817,1.762,1.845,1.937,0.0,0.0,0.0,0.0,0.0,0.0,0.0,0.0,0.0,0.0,0.0,0.0,0.0,0.0,0.0,0.0,0.0,0.0,0.0,0.0,0.0,0.0,0.0,0.0,0.0,0.0,0.0,0.0,0.0,0.0,0.0,0.0,0.0,0.0,0.0,0.0,0.0,0.0,0.0,0.0,0.0,0.0,0.0,0.0,0.0,0.0,0.0,0.0,0.0,0.0,0.0,0.0,0.0,0.0,0.0,0.0,0.0,0.0,0.0,0.0,0.0,0.0,2.578,2.586,2.587,2.637,2.658,2.519,2.546,2.617,2.734,2.695,2.66,2.575,2.497,2.524,2.567,2.603,2.554,2.535,2.603,2.489,2.533,2.499,2.455,2.533,2.545,2.432,2.351,2.533,2.586,2.565,3.828,3.804,3.916,3.794,3.865,3.98,4.113,4.17,4.171,4.048,3.825,3.864,3.924,3.756,3.821,3.864,3.95,3.848,3.939,3.943,3.927,3.852,3.756,3.75,3.559,3.631,3.818,3.893,3.981,4.055,4.023,2.445,2.53,2.558,2.549,2.523,2.58,2.543,2.44,2.49,2.482,2.464,2.507,2.462,2.241,2.177,2.193,2.337,2.404,2.445,2.464,2.444,2.403,2.52,2.51,2.441,2.3,2.305,2.35,2.392,2.476,2.351,2.386,2.361,2.384,2.369,2.267,2.312,2.352,2.31,2.347,2.367,2.322,2.26,2.324,2.387,2.389,2.411,2.445,2.403,2.369,2.433,2.493,2.525,2.487,2.484,2.522,2.427,2.499,2.526,2.512,2.512,2.418,2.347,2.266,2.328,2.346,2.355,2.323,2.351,2.306,2.297,2.39,2.403,2.395,2.367,2.371,2.419,2.39,2.415,2.496,2.545,2.589,2.576,2.536,2.447,2.469,2.384,2.447,2.478,2.525,2.52,2.446,2.932,2.968,2.991,2.936,2.947,2.926,2.844,2.875,2.942,2.997,3.011,3.013,2.999,2.928,2.975,2.975,2.964,2.938,2.905,2.906,2.857,2.968,3.017,3.062,3.072,3.092,3.078,3.029,2.598,2.611,2.603,2.593,2.651,2.636,2.533,2.593,2.642,2.671,2.643,2.552,2.506,2.505,2.598,2.617,2.657,2.696,2.688,2.66,2.575,2.603,2.538,2.598,2.64,2.603,2.617,2.518,2.374,2.413,2.526,2.771,2.842,2.865,2.803,2.878,2.877,2.88,2.947,2.918,2.912,2.807,2.898,2.916,2.808,2.82,2.844,2.774,2.755,2.81,2.862,2.771,2.716,2.688,2.731,2.676,2.777,2.818,2.806,2.818,2.802,2.747,2.695,2.711,2.725,2.672,2.702,2.76,2.74,2.681,2.734,2.667,2.58,2.505,2.59,2.571,2.379,2.392,2.337,2.342,2.325,2.358,2.439,2.49,2.546,2.506,2.459,2.468,2.562,2.623,2.474,2.597,2.459,2.648,2.699,2.707,2.643,2.52,2.597,2.555,2.548,2.493,2.41,2.404,2.288,2.494,2.506,2.57,2.587,2.605,2.495,2.368,2.566,2.663,2.809,2.699,2.687,2.613,2.676,2.876,2.973,2.909,0.0,0.0,0.0,0.0,0.0,0.0,0.0,0.0,0.0,0.0,0.0,0.0,0.0,0.0,0.0,0.0,0.0,0.0,0.0,0.0,0.0,0.0,0.0,0.0,0.0,0.0,0.0,0.0,0.0,0.0,0.0,4.238,4.628,4.756,4.834,5.001,5.072,5.237,5.205,5.306,5.315,5.324,5.399,5.445,5.309,5.174,4.865,5.543,5.451,5.307,5.268,5.167,4.946,5.157,5.192,5.217,5.261,5.333,5.285,5.094,5.18,5.147,0.0,0.0,0.0,0.0,0.0,0.0,0.0,0.0,0.0,0.0,0.0,0.0,0.0,0.0,0.0,0.0,0.0,0.0,0.0,0.0,0.0,0.0,0.0,0.0,0.0,0.0,0.0,0.0,0.0,0.0,2.092,2.016,1.967,2.057,2.102,2.144,2.145,2.166,2.135,2.067,2.165,2.188,2.192,2.161,2.093,2.12,2.009,1.961,2.047,2.067,2.054,2.041,2.068,1.943,2.022,2.039,2.034,2.019,2.045,2.024,1.992,1.899,1.899,1.878,1.734,1.68,1.797,1.761,1.857,1.907,1.974,1.92,1.961,1.947,1.915,1.94,1.937,1.959,1.976,1.926,1.928,1.845,1.951,1.981,1.993,1.975,1.96,1.933,1.828,1.862,1.871,1.926,1.871,1.909,1.913,1.872,1.934,1.973,1.967,1.988,1.958,1.941,1.861,1.952,2.017,2.011,1.991,1.981,1.978,1.879,2.014,2.074,2.11,2.131,2.147,2.125,2.062,2.105,2.062,2.012,1.991,2.026,2.277,2.19,2.313,2.377,2.413,2.367,2.357,2.275,2.172,2.245,2.258,2.269,2.314,2.27,2.213,2.212,2.318,2.39,2.391,2.38,2.401,2.273,2.236,2.361,2.375,2.299,2.339,2.372,2.382,2.379,2.423,2.573,2.584,2.484,2.527,2.558,2.521,2.566,2.637,2.589,2.534,2.548,2.542,2.511,2.528,2.545,2.582,2.56,2.573,2.551,2.508,2.573,2.565,2.568,2.64,2.585,2.543,2.448,2.556,2.487,2.436,2.422,2.489,2.529,2.467,2.458,2.476,2.5,2.544,2.578,2.571,2.509,2.565,2.582,2.617,2.607,2.462,2.48,2.528,2.6,2.621,2.636,2.66,2.649,2.631,2.549,2.596,2.621,2.669,2.686,3.494,3.49,3.381,3.502,3.538,3.473,3.528,3.508,3.521,3.41,3.478,3.529,3.536,3.502,3.465,3.515,3.355,3.446,3.507,3.481,3.494,3.502,3.498,3.387,3.505,3.547,3.583,3.559,3.527,3.436,3.051,3.126,3.116,3.19,3.187,3.271,3.251,3.105,3.153,3.104,3.118,3.114,3.085,3.055,2.971,3.091,3.165,3.254,3.223,3.088,2.816,2.617,2.586,2.815,3.024,3.044,2.998,2.972,2.947,3.112,3.157,2.106,2.127,2.124,2.101,2.049,2.106,2.12,2.075,2.055,2.105,2.084,2.023,2.123,2.153,2.095,2.048,2.019,1.97,1.829,1.834,1.85,1.997,2.074,2.05,2.009,1.951,2.065,2.094,2.01,1.872,1.852,1.883,1.835,1.973,1.982,1.979,1.986,1.948,1.867,1.749,1.815,1.82,1.848,1.82,1.825,1.829,1.75,1.882,1.911,1.877,1.762,1.815,1.769,1.644,1.769,1.885,1.906,1.891,1.925,1.862,1.751,2.052,2.104,2.191,2.19,2.113,2.051,1.951,1.999,1.997,1.996,1.881,1.983,2.058,1.919,1.82,1.949,2.061,2.132,2.106,2.08,1.99,2.098,2.151,2.132,2.167,2.238,2.165,2.073,2.223,2.281,2.266,2.501,2.525,2.512,2.364,2.485,2.524,2.534,2.5,2.435,2.374,2.216,2.252,2.261,2.262,2.228,2.117,2.189,2.205,2.329,2.325,2.297,2.201,2.166,2.137,2.144,2.334,2.353,2.345,2.378,2.384,2.146,2.05,2.175,2.241,2.124,2.155,2.144,2.157,2.085,2.151,2.131,2.168,2.17,2.152,2.121,2.048,2.211,2.232,2.236,2.229,2.2,2.142,2.015,1.9,1.86,1.993,2.103,2.146,2.157,2.098,2.12,2.515,2.547,2.525,2.566,2.557,2.504,2.541,2.56,2.561,2.56,2.562,2.486,2.425,2.443,2.508,2.546,2.565,2.587,2.596,2.495,2.586,2.622,2.616,2.615,2.616,2.618,2.561,2.626,2.594,2.597,2.255,2.288,2.292,2.212,2.259,2.311,2.338,2.282,2.265,2.177,2.119,2.231,2.235,2.248,2.29,2.336,2.353,2.301,2.391,2.399,2.38,2.39,2.429,2.414,2.331,2.378,2.423,2.462,2.47,2.442,2.416,1.779,1.828,1.82,1.79,1.812,1.826,1.836,1.819,1.849,1.851,1.868,1.873,1.884,1.817,1.745,1.794,1.83,1.865,1.848,1.871,1.849,1.796,1.809,1.841,1.827,1.708,1.763,1.815,1.769,1.792,1.795,2.105,2.133,2.202,2.195,2.145,2.159,2.196,2.251,2.22,2.223,2.234,2.13,2.232,2.269,2.24,2.235,2.265,2.25,2.191,2.252,2.273,2.266,2.303,2.322,2.277,2.228,2.324,2.3,3.127,3.139,3.203,3.172,3.048,3.11,2.937,2.865,2.974,3.146,3.183,3.102,3.264,3.28,3.272,3.201,3.024,2.861,2.656,2.86,2.97,3.049,3.111,3.128,3.201,3.079,3.196,3.233,3.25,3.234,3.111,2.829,2.792,2.913,3.035,3.046,3.064,3.11,3.041,2.963,3.087,3.148,3.171,3.21,3.178,3.148,3.033,3.113,3.198,3.165,3.125,3.061,2.978,2.736,2.911,3.048,3.051,3.078,3.074,2.959,2.698,2.935,3.048,3.174,3.181,3.282,3.33,3.206,3.338,3.447,3.486,3.539,3.513,3.462,3.279,3.341,3.467,3.557,3.47,3.625,3.586,3.459,3.55,3.575,3.352,3.191,3.057,3.142,3.271,3.429,3.488,3.41,2.971,3.025,3.145,2.916,3.062,3.093,3.158,3.201,3.175,3.055,2.924,3.044,3.029,2.973,3.013,3.095,3.038,2.893,2.988,3.006,3.056,3.074,3.069,2.971,2.723,2.736,2.819,2.79,2.72,2.659,2.101,2.081,2.224,2.236,2.18,2.104,2.138,2.065,2.042,2.214,2.215,2.253,2.219,2.204,2.161,2.101,2.175,2.161,2.111,2.168,2.193,2.091,1.99,2.104,2.122,2.031,1.985,1.93,1.873,1.887,2.012,0.0,0.0,0.0,0.0,0.0,0.0,0.0,0.0,0.0,0.0,0.0,0.0,0.0,0.0,0.0,0.0,0.0,0.0,0.0,0.0,0.0,0.0,0.0,0.0,0.0,0.0,0.0,0.0,0.0,0.0,0.0,2.021,1.985,1.924,1.891,1.929,1.899,1.794,1.764,1.738,1.656,1.751,1.828,1.888,1.961,1.901,1.786,1.652,1.703,1.742,1.808,1.832,1.801,1.728,1.604,1.712,1.798,1.824,1.821,1.842,1.817,3.046,3.022,3.151,3.231,3.27,3.305,3.358,3.346,3.397,3.444,3.508,3.529,3.534,3.505,3.391,3.414,3.32,3.442,3.48,3.488,3.442,3.313,3.293,3.218,3.329,3.434,3.445,3.469,3.335,3.382,3.439,3.248,3.227,3.246,3.187,3.086,3.148,3.176,3.188,3.168,3.056,2.868,2.602,2.552,2.729,2.808,2.88,2.921,2.984,2.884,2.948,3.014,3.039,3.081,3.016,2.931,2.732,2.74,2.78,2.789,2.721,2.276,2.234,2.163,2.186,2.172,2.268,2.333,2.371,2.341,2.262,2.377,2.419,2.424,2.401,2.432,2.428,2.304,2.322,2.415,2.467,2.484,2.545,2.481,2.366,2.452,2.5,2.495,2.47,2.518,2.555,2.469,2.561,2.607,2.674,2.672,2.681,2.611,2.498,2.583,2.58,2.625,2.641,2.68,2.717,2.595,2.618,2.708,2.735,2.737,2.75,2.77,2.711,2.72,2.758,2.741,2.557,2.389,2.467,2.54,2.475,2.508,2.511,2.085,2.114,2.181,2.175,2.125,2.139,2.176,2.229,2.199,2.202,2.213,2.11,2.211,2.248,2.219,2.214,2.244,2.229,2.171,2.231,2.252,2.245,2.282,2.301,2.255,2.207,2.303,2.278,2.012,3.32,3.332,3.4,3.368,3.236,3.302,3.118,3.042,3.157,3.34,3.379,3.293,3.466,3.483,3.474,3.398,3.211,3.037,2.82,3.036,3.153,3.237,3.302,3.321,3.398,3.269,3.393,3.433,3.45,3.434,3.303,2.636,2.602,2.715,2.828,2.838,2.856,2.898,2.834,2.762,2.877,2.934,2.955,2.992,2.962,2.933,2.827,2.901,2.98,2.95,2.912,2.853,2.775,2.55,2.713,2.841,2.844,2.869,2.865,2.757,2.515,2.527,2.624,2.732,2.739,2.825,2.866,2.76,2.873,2.968,3.001,3.046,3.025,2.98,2.823,2.876,2.984,3.062,2.987,3.121,3.087,2.977,3.056,3.077,2.885,2.747,2.631,2.705,2.816,2.952,3.003,2.935,2.971,3.025,3.145,2.916,3.062,3.093,3.158,3.201,3.175,3.055,2.924,3.044,3.029,2.973,3.013,3.095,3.038,2.893,2.988,3.006,3.056,3.074,3.069,2.971,2.723,2.736,2.819,2.79,2.72,2.659,2.681,2.656,2.838,2.854,2.782,2.685,2.729,2.635,2.606,2.826,2.827,2.875,2.832,2.813,2.758,2.681,2.775,2.757,2.694,2.767,2.798,2.669,2.539,2.686,2.709,2.591,2.533,2.463,2.391,2.409,2.568,1.979,1.949,1.975,2.047,2.104,1.989,2.012,2.086,2.146,2.193,2.274,2.187,2.121,2.207,2.168,2.261,2.283,2.265,2.208,2.193,2.264,2.282,2.178,2.163,2.23,2.236,2.184,2.235,2.343,2.383,2.405,1.302,1.279,1.24,1.218,1.243,1.223,1.155,1.136,1.119,1.067,1.128,1.178,1.216,1.263,1.224,1.15,1.064,1.097,1.122,1.165,1.18,1.16,1.113,1.033,1.103,1.158,1.175,1.173,1.187,1.17,3.046,3.022,3.151,3.231,3.27,3.305,3.358,3.346,3.397,3.444,3.508,3.529,3.534,3.505,3.391,3.414,3.32,3.442,3.48,3.488,3.442,3.313,3.293,3.218,3.329,3.434,3.445,3.469,3.335,3.382,3.439,3.248,3.227,3.246,3.187,3.086,3.148,3.176,3.188,3.168,3.056,2.868,2.602,2.552,2.729,2.808,2.88,2.921,2.984,2.884,2.948,3.014,3.039,3.081,3.016,2.931,2.732,2.74,2.78,2.789,2.721,2.276,2.234,2.163,2.186,2.172,2.268,2.333,2.371,2.341,2.262,2.377,2.419,2.424,2.401,2.432,2.428,2.304,2.322,2.415,2.467,2.484,2.545,2.481,2.366,2.452,2.5,2.495,2.47,2.518,2.555,2.469
Guntur_251,2.826,2.846,2.9,2.907,2.799,2.815,2.876,2.88,2.822,2.791,2.842,2.843,2.878,2.826,2.744,2.729,2.857,2.844,2.729,2.845,2.866,2.802,2.833,2.902,2.933,2.799,2.889,2.931,2.954,2.974,2.949,3.501,3.333,3.439,3.529,3.529,3.526,3.565,3.443,3.367,3.425,3.441,3.476,3.599,3.593,3.629,3.477,3.562,3.635,3.62,3.541,3.418,3.447,3.357,3.469,3.531,3.57,3.527,3.506,3.466,3.732,3.838,3.881,3.82,3.759,3.782,3.834,3.721,3.693,3.425,3.559,3.775,3.798,3.774,3.629,3.755,3.875,3.858,4.277,4.214,4.065,3.999,3.929,4.088,4.233,4.28,4.263,4.241,4.109,4.001,3.993,3.983,4.071,4.099,4.073,3.915,4.112,4.132,4.111,4.138,4.169,4.091,3.994,4.221,4.144,4.114,3.994,3.965,3.926,3.795,4.032,4.053,3.953,4.016,4.058,4.019,3.94,4.086,4.09,4.098,4.027,3.153,3.16,3.114,3.205,3.193,3.232,3.318,3.314,3.294,3.163,3.112,3.139,3.127,3.102,3.119,3.083,3.093,2.895,3.032,3.123,3.026,2.985,3.063,3.111,2.974,3.045,3.097,3.186,3.177,3.104,3.032,2.2,2.228,2.222,2.283,2.266,2.28,2.237,2.378,2.42,2.452,2.421,2.428,2.357,2.277,2.391,2.389,2.427,2.46,2.41,2.394,2.301,2.433,2.496,2.465,2.465,2.381,2.33,2.259,2.366,2.484,0.0,0.0,0.0,0.0,0.0,0.0,0.0,0.0,0.0,0.0,0.0,0.0,0.0,0.0,0.0,0.0,0.0,0.0,0.0,0.0,0.0,0.0,0.0,0.0,0.0,0.0,0.0,0.0,0.0,0.0,0.0,0.0,0.0,0.0,0.0,0.0,0.0,0.0,0.0,0.0,0.0,0.0,0.0,0.0,0.0,0.0,0.0,0.0,0.0,0.0,0.0,0.0,0.0,0.0,0.0,0.0,0.0,0.0,0.0,0.0,0.0,0.0,2.195,2.202,2.203,2.246,2.263,2.144,2.168,2.228,2.328,2.295,2.265,2.192,2.126,2.149,2.186,2.216,2.174,2.158,2.217,2.119,2.157,2.128,2.09,2.156,2.167,2.071,2.002,2.156,2.202,2.184,3.118,3.098,3.189,3.09,3.148,3.242,3.35,3.396,3.397,3.297,3.115,3.147,3.196,3.059,3.112,3.147,3.218,3.134,3.208,3.211,3.199,3.138,3.059,3.055,2.899,2.957,3.11,3.171,3.242,3.303,3.277,2.483,2.57,2.598,2.589,2.563,2.621,2.582,2.479,2.529,2.521,2.503,2.547,2.5,2.276,2.211,2.227,2.374,2.442,2.484,2.502,2.483,2.441,2.56,2.549,2.48,2.336,2.341,2.387,2.43,2.515,2.04,2.07,2.048,2.068,2.056,1.967,2.006,2.041,2.004,2.036,2.054,2.015,1.961,2.016,2.07,2.072,2.092,2.121,2.085,2.056,2.111,2.163,2.191,2.158,2.155,2.188,2.105,2.168,2.191,2.18,2.18,2.859,2.776,2.679,2.752,2.774,2.785,2.747,2.78,2.727,2.716,2.827,2.842,2.832,2.799,2.804,2.861,2.826,2.856,2.951,3.01,3.061,3.046,2.999,2.894,2.92,2.819,2.894,2.93,2.986,2.979,2.892,3.139,3.178,3.203,3.144,3.156,3.133,3.045,3.078,3.15,3.209,3.224,3.226,3.211,3.135,3.185,3.185,3.174,3.146,3.11,3.111,3.059,3.178,3.231,3.279,3.289,3.311,3.295,3.243,3.069,3.084,3.074,3.063,3.131,3.113,2.992,3.062,3.121,3.154,3.122,3.014,2.96,2.958,3.069,3.091,3.138,3.184,3.175,3.141,3.042,3.074,2.997,3.069,3.118,3.075,3.09,2.974,2.804,2.85,2.983,3.427,3.514,3.542,3.466,3.559,3.557,3.561,3.644,3.608,3.6,3.471,3.583,3.606,3.472,3.487,3.516,3.43,3.407,3.474,3.539,3.426,3.359,3.324,3.376,3.309,3.433,3.485,3.47,3.485,3.464,3.767,3.697,3.719,3.737,3.665,3.707,3.786,3.759,3.678,3.75,3.658,3.539,3.437,3.553,3.527,3.264,3.281,3.206,3.213,3.19,3.234,3.346,3.415,3.492,3.437,3.372,3.386,3.515,3.598,3.393,3.562,3.516,3.785,3.859,3.87,3.778,3.603,3.713,3.653,3.642,3.564,3.446,3.437,3.27,3.565,3.583,3.674,3.698,3.725,3.567,3.386,3.668,3.807,4.016,3.858,3.841,3.735,3.826,4.111,4.25,4.159,0.0,0.0,0.0,0.0,0.0,0.0,0.0,0.0,0.0,0.0,0.0,0.0,0.0,0.0,0.0,0.0,0.0,0.0,0.0,0.0,0.0,0.0,0.0,0.0,0.0,0.0,0.0,0.0,0.0,0.0,0.0,4.238,4.628,4.756,4.834,5.001,5.072,5.237,5.205,5.306,5.315,5.324,5.399,5.445,5.309,5.174,4.865,5.543,5.451,5.307,5.268,5.167,4.946,5.157,5.192,5.217,5.261,5.333,5.285,5.094,5.18,5.147,0.0,0.0,0.0,0.0,0.0,0.0,0.0,0.0,0.0,0.0,0.0,0.0,0.0,0.0,0.0,0.0,0.0,0.0,0.0,0.0,0.0,0.0,0.0,0.0,0.0,0.0,0.0,0.0,0.0,0.0,2.18,2.102,2.05,2.145,2.191,2.235,2.236,2.258,2.225,2.155,2.257,2.281,2.285,2.252,2.182,2.21,2.094,2.045,2.134,2.154,2.141,2.128,2.156,2.025,2.107,2.125,2.12,2.105,2.132,2.11,2.076,2.862,2.862,2.83,2.614,2.532,2.708,2.655,2.799,2.874,2.975,2.894,2.956,2.934,2.886,2.925,2.92,2.953,2.979,2.904,2.905,2.781,2.941,2.986,3.004,2.977,2.954,2.913,2.755,2.807,2.82,2.751,2.673,2.727,2.732,2.674,2.763,2.818,2.81,2.841,2.797,2.773,2.658,2.789,2.881,2.873,2.845,2.83,2.826,2.685,2.878,2.963,3.014,3.045,3.067,3.036,2.945,3.008,2.946,2.874,2.845,2.894,2.407,2.315,2.445,2.513,2.551,2.502,2.492,2.405,2.297,2.374,2.387,2.399,2.447,2.4,2.34,2.339,2.451,2.527,2.528,2.516,2.539,2.403,2.365,2.496,2.511,2.431,2.473,2.508,2.518,2.516,2.562,2.745,2.756,2.65,2.696,2.728,2.689,2.737,2.812,2.762,2.703,2.718,2.712,2.679,2.696,2.715,2.754,2.73,2.744,2.721,2.675,2.744,2.736,2.739,2.816,2.757,2.712,2.611,2.726,2.787,2.73,2.714,2.79,2.835,2.765,2.755,2.775,2.802,2.852,2.889,2.882,2.812,2.875,2.893,2.933,2.922,2.759,2.779,2.834,2.914,2.938,2.954,2.981,2.968,2.948,2.857,2.91,2.938,2.992,3.01,4.184,4.179,4.05,4.194,4.237,4.159,4.225,4.201,4.216,4.083,4.165,4.226,4.235,4.193,4.15,4.21,4.018,4.127,4.2,4.168,4.184,4.194,4.189,4.056,4.198,4.248,4.291,4.263,4.224,4.115,3.612,3.701,3.689,3.776,3.773,3.873,3.849,3.676,3.733,3.675,3.692,3.687,3.652,3.617,3.517,3.66,3.748,3.852,3.815,3.656,3.334,3.098,3.061,3.332,3.58,3.603,3.549,3.518,3.488,3.684,3.737,2.406,2.43,2.427,2.4,2.341,2.405,2.421,2.37,2.348,2.405,2.381,2.311,2.425,2.459,2.393,2.34,2.306,2.251,2.089,2.095,2.113,2.281,2.369,2.342,2.295,2.229,2.358,2.392,2.296,2.138,2.115,2.151,2.097,2.254,2.264,2.261,2.268,2.226,2.133,1.998,2.074,2.079,2.111,2.08,2.085,2.089,1.999,2.15,2.183,2.144,2.013,2.074,2.02,1.878,2.02,2.153,2.177,2.161,2.199,2.127,2.001,2.845,2.917,3.038,3.035,2.929,2.843,2.704,2.771,2.768,2.767,2.607,2.749,2.853,2.66,2.522,2.701,2.857,2.955,2.92,2.883,2.759,2.909,2.982,2.955,3.004,3.103,3.001,2.874,3.082,3.162,3.142,3.648,3.683,3.664,3.449,3.625,3.682,3.697,3.647,3.552,3.462,3.233,3.285,3.298,3.3,3.25,3.088,3.193,3.217,3.398,3.392,3.35,3.211,3.159,3.118,3.128,3.405,3.432,3.42,3.469,3.478,2.588,2.472,2.623,2.702,2.562,2.599,2.586,2.601,2.514,2.594,2.57,2.614,2.617,2.595,2.558,2.469,2.666,2.692,2.697,2.688,2.653,2.583,2.429,2.291,2.243,2.404,2.536,2.588,2.601,2.53,2.556,2.848,2.884,2.859,2.905,2.895,2.835,2.877,2.899,2.9,2.899,2.902,2.815,2.746,2.767,2.84,2.883,2.904,2.93,2.939,2.825,2.928,2.969,2.963,2.961,2.962,2.965,2.9,2.974,2.938,2.941,2.675,2.714,2.719,2.624,2.679,2.741,2.774,2.706,2.686,2.583,2.514,2.647,2.651,2.667,2.716,2.771,2.791,2.729,2.836,2.846,2.824,2.835,2.882,2.863,2.765,2.821,2.874,2.92,2.93,2.897,2.866,2.284,2.346,2.336,2.297,2.326,2.343,2.356,2.335,2.373,2.376,2.398,2.404,2.417,2.332,2.239,2.302,2.349,2.393,2.372,2.402,2.373,2.304,2.322,2.363,2.345,2.192,2.263,2.33,2.27,2.3,2.303,2.539,2.574,2.656,2.648,2.587,2.604,2.65,2.715,2.678,2.682,2.695,2.57,2.692,2.737,2.702,2.696,2.732,2.714,2.643,2.717,2.742,2.733,2.779,2.801,2.746,2.688,2.804,2.774,3.261,3.273,3.34,3.308,3.179,3.243,3.063,2.988,3.101,3.281,3.319,3.235,3.404,3.421,3.412,3.338,3.154,2.983,2.77,2.982,3.097,3.179,3.244,3.262,3.338,3.21,3.333,3.372,3.389,3.372,3.244,3.192,3.15,3.287,3.424,3.436,3.457,3.509,3.431,3.343,3.483,3.552,3.578,3.622,3.586,3.552,3.422,3.512,3.608,3.571,3.526,3.454,3.359,3.087,3.285,3.439,3.443,3.473,3.469,3.338,3.044,3.126,3.247,3.381,3.389,3.496,3.547,3.415,3.555,3.672,3.713,3.77,3.743,3.688,3.493,3.559,3.693,3.789,3.696,3.862,3.82,3.684,3.782,3.808,3.57,3.399,3.256,3.347,3.484,3.652,3.716,3.632,3.233,3.293,3.423,3.174,3.333,3.367,3.438,3.484,3.456,3.325,3.183,3.314,3.297,3.236,3.28,3.368,3.307,3.149,3.252,3.272,3.326,3.346,3.341,3.234,2.964,2.978,3.069,3.037,2.961,2.894,2.101,2.081,2.224,2.236,2.18,2.104,2.138,2.065,2.042,2.214,2.215,2.253,2.219,2.204,2.161,2.101,2.175,2.161,2.111,2.168,2.193,2.091,1.99,2.104,2.122,2.031,1.985,1.93,1.873,1.887,2.012,0.0,0.0,0.0,0.0,0.0,0.0,0.0,0.0,0.0,0.0,0.0,0.0,0.0,0.0,0.0,0.0,0.0,0.0,0.0,0.0,0.0,0.0,0.0,0.0,0.0,0.0,0.0,0.0,0.0,0.0,0.0,2.754,2.705,2.622,2.577,2.628,2.587,2.444,2.404,2.368,2.256,2.386,2.491,2.573,2.672,2.59,2.433,2.25,2.32,2.374,2.463,2.496,2.453,2.354,2.185,2.332,2.449,2.485,2.481,2.51,2.476,3.141,3.117,3.25,3.333,3.373,3.409,3.463,3.451,3.504,3.552,3.618,3.639,3.645,3.615,3.498,3.521,3.425,3.55,3.589,3.598,3.55,3.417,3.397,3.319,3.433,3.542,3.553,3.578,3.44,3.488,3.546,3.511,3.488,3.509,3.446,3.336,3.403,3.434,3.446,3.425,3.304,3.1,2.813,2.758,2.95,3.036,3.114,3.158,3.226,3.118,3.186,3.259,3.285,3.33,3.26,3.168,2.953,2.962,3.005,3.015,2.941,2.752,2.702,2.616,2.643,2.626,2.742,2.821,2.867,2.831,2.735,2.874,2.925,2.931,2.903,2.941,2.935,2.786,2.808,2.92,2.983,3.003,3.077,3.0,2.861,2.965,3.023,3.016,2.987,3.045,3.089,2.985,2.938,2.991,3.069,3.066,3.076,2.996,2.866,2.964,2.961,3.012,3.03,3.075,3.117,2.978,3.004,3.107,3.138,3.141,3.156,3.179,3.11,3.121,3.165,3.145,2.934,2.742,2.83,2.914,2.84,2.877,2.881,2.455,2.488,2.568,2.56,2.502,2.518,2.562,2.625,2.589,2.593,2.605,2.484,2.603,2.646,2.612,2.606,2.642,2.624,2.556,2.627,2.651,2.643,2.687,2.709,2.655,2.599,2.711,2.682,2.369,3.801,3.815,3.894,3.856,3.706,3.781,3.57,3.483,3.615,3.824,3.869,3.771,3.968,3.988,3.977,3.891,3.676,3.477,3.229,3.476,3.611,3.706,3.781,3.803,3.891,3.743,3.885,3.931,3.951,3.931,3.782,2.881,2.843,2.966,3.09,3.101,3.12,3.167,3.096,3.018,3.143,3.206,3.229,3.269,3.236,3.205,3.089,3.17,3.256,3.223,3.182,3.117,3.032,2.786,2.965,3.104,3.107,3.135,3.131,3.013,2.748,2.796,2.904,3.024,3.031,3.126,3.172,3.054,3.18,3.284,3.321,3.371,3.347,3.298,3.124,3.183,3.303,3.388,3.306,3.454,3.416,3.295,3.382,3.405,3.193,3.04,2.912,2.993,3.116,3.266,3.323,3.248,3.233,3.293,3.423,3.174,3.333,3.367,3.438,3.484,3.456,3.325,3.183,3.314,3.297,3.236,3.28,3.368,3.307,3.149,3.252,3.272,3.326,3.346,3.341,3.234,2.964,2.978,3.069,3.037,2.961,2.894,2.967,2.939,3.14,3.158,3.078,2.972,3.02,2.916,2.884,3.127,3.129,3.181,3.134,3.113,3.052,2.967,3.071,3.051,2.981,3.062,3.096,2.954,2.81,2.972,2.997,2.868,2.803,2.726,2.646,2.666,2.842,1.979,1.949,1.975,2.047,2.104,1.989,2.012,2.086,2.146,2.193,2.274,2.187,2.121,2.207,2.168,2.261,2.283,2.265,2.208,2.193,2.264,2.282,2.178,2.163,2.23,2.236,2.184,2.235,2.343,2.383,2.405,1.577,1.549,1.501,1.475,1.505,1.481,1.399,1.376,1.355,1.292,1.366,1.426,1.473,1.529,1.483,1.393,1.288,1.328,1.359,1.41,1.429,1.404,1.348,1.251,1.335,1.402,1.422,1.42,1.437,1.417,3.141,3.117,3.25,3.333,3.373,3.409,3.463,3.451,3.504,3.552,3.618,3.639,3.645,3.615,3.498,3.521,3.425,3.55,3.589,3.598,3.55,3.417,3.397,3.319,3.433,3.542,3.553,3.578,3.44,3.488,3.546,3.511,3.488,3.509,3.446,3.336,3.403,3.434,3.446,3.425,3.304,3.1,2.813,2.758,2.95,3.036,3.114,3.158,3.226,3.118,3.186,3.259,3.285,3.33,3.26,3.168,2.953,2.962,3.005,3.015,2.941,2.752,2.702,2.616,2.643,2.626,2.742,2.821,2.867,2.831,2.735,2.874,2.925,2.931,2.903,2.941,2.935,2.786,2.808,2.92,2.983,3.003,3.077,3.0,2.861,2.965,3.023,3.016,2.987,3.045,3.089,2.985
Guntur_252,2.612,2.63,2.68,2.686,2.586,2.601,2.658,2.661,2.608,2.579,2.626,2.627,2.659,2.612,2.536,2.522,2.64,2.628,2.522,2.629,2.648,2.589,2.618,2.682,2.711,2.587,2.67,2.709,2.73,2.748,2.725,3.248,3.092,3.191,3.274,3.274,3.271,3.308,3.194,3.124,3.177,3.192,3.225,3.339,3.334,3.367,3.226,3.305,3.372,3.358,3.285,3.171,3.198,3.114,3.219,3.276,3.312,3.272,3.253,3.216,2.488,2.559,2.587,2.546,2.506,2.522,2.556,2.481,2.462,2.283,2.372,2.517,2.532,2.516,2.419,2.503,2.583,2.572,2.851,2.809,2.71,2.666,2.619,2.725,2.822,2.853,2.842,2.827,2.739,2.668,2.662,3.442,3.518,3.543,3.52,3.383,3.554,3.571,3.553,3.576,3.603,3.535,3.451,3.648,3.581,3.556,3.452,3.426,3.393,3.279,3.484,3.503,3.416,3.471,3.507,3.473,3.405,3.531,3.535,3.541,3.48,3.552,3.56,3.508,3.611,3.597,3.641,3.738,3.734,3.711,3.563,3.506,3.536,3.523,3.494,3.514,3.473,3.485,3.262,3.416,3.518,3.409,3.363,3.451,3.505,3.351,3.431,3.489,3.589,3.579,3.498,3.416,1.722,1.743,1.739,1.786,1.772,1.784,1.75,1.86,1.894,1.918,1.894,1.9,1.844,1.781,1.871,1.869,1.899,1.925,1.885,1.873,1.801,1.904,1.953,1.929,1.928,1.863,1.823,1.768,1.851,1.943,0.0,0.0,0.0,0.0,0.0,0.0,0.0,0.0,0.0,0.0,0.0,0.0,0.0,0.0,0.0,0.0,0.0,0.0,0.0,0.0,0.0,0.0,0.0,0.0,0.0,0.0,0.0,0.0,0.0,0.0,0.0,0.0,0.0,0.0,0.0,0.0,0.0,0.0,0.0,0.0,0.0,0.0,0.0,0.0,0.0,0.0,0.0,0.0,0.0,0.0,0.0,0.0,0.0,0.0,0.0,0.0,0.0,0.0,0.0,0.0,0.0,0.0,2.12,2.127,2.128,2.169,2.186,2.071,2.094,2.152,2.249,2.217,2.188,2.118,2.053,2.076,2.111,2.141,2.1,2.085,2.141,2.047,2.084,2.055,2.019,2.083,2.093,2.0,1.934,2.083,2.127,2.11,3.351,3.33,3.429,3.322,3.384,3.485,3.601,3.651,3.652,3.544,3.349,3.383,3.436,3.289,3.346,3.383,3.459,3.369,3.449,3.452,3.439,3.373,3.288,3.284,3.116,3.179,3.343,3.409,3.485,3.551,3.522,2.222,2.299,2.324,2.316,2.293,2.344,2.31,2.217,2.263,2.255,2.239,2.278,2.237,2.036,1.978,1.993,2.124,2.185,2.222,2.239,2.221,2.184,2.29,2.281,2.218,2.09,2.095,2.136,2.173,2.25,2.104,2.135,2.113,2.134,2.12,2.029,2.069,2.105,2.067,2.101,2.119,2.078,2.022,2.08,2.136,2.138,2.158,2.188,2.151,2.121,2.178,2.231,2.26,2.226,2.223,2.257,2.172,2.237,2.261,2.248,2.249,2.718,2.639,2.547,2.617,2.638,2.648,2.612,2.644,2.592,2.583,2.688,2.702,2.693,2.661,2.666,2.72,2.687,2.715,2.806,2.862,2.911,2.896,2.851,2.751,2.776,2.681,2.751,2.786,2.839,2.833,2.75,2.62,2.653,2.674,2.625,2.634,2.615,2.542,2.57,2.629,2.679,2.691,2.693,2.68,2.617,2.659,2.659,2.649,2.626,2.596,2.597,2.554,2.653,2.697,2.737,2.746,2.764,2.751,2.707,2.88,2.895,2.885,2.875,2.939,2.923,2.809,2.875,2.93,2.961,2.93,2.83,2.778,2.777,2.881,2.902,2.946,2.989,2.98,2.948,2.855,2.885,2.813,2.881,2.927,2.886,2.901,2.792,2.632,2.676,2.8,3.253,3.337,3.363,3.291,3.379,3.378,3.381,3.459,3.426,3.418,3.295,3.402,3.423,3.297,3.311,3.338,3.257,3.234,3.298,3.36,3.253,3.189,3.156,3.206,3.141,3.26,3.309,3.295,3.308,3.289,2.253,2.21,2.224,2.234,2.191,2.216,2.264,2.247,2.199,2.242,2.187,2.116,2.055,2.124,2.109,1.951,1.962,1.917,1.921,1.907,1.934,2.001,2.042,2.088,2.055,2.016,2.024,2.101,2.151,2.029,2.13,2.314,2.491,2.54,2.547,2.487,2.372,2.444,2.404,2.397,2.346,2.268,2.262,2.152,2.347,2.358,2.418,2.434,2.452,2.348,2.229,2.414,2.506,2.643,2.539,2.528,2.458,2.518,2.706,2.797,2.737,0.0,0.0,0.0,0.0,0.0,0.0,0.0,0.0,0.0,0.0,0.0,0.0,0.0,0.0,0.0,0.0,0.0,0.0,0.0,0.0,0.0,0.0,0.0,0.0,0.0,0.0,0.0,0.0,0.0,0.0,0.0,4.618,5.043,5.183,5.268,5.45,5.527,5.707,5.672,5.783,5.792,5.802,5.884,5.934,5.786,5.638,5.301,6.041,5.94,5.784,5.741,5.631,5.39,5.62,5.658,5.685,5.733,5.811,5.759,5.551,5.645,5.609,0.0,0.0,0.0,0.0,0.0,0.0,0.0,0.0,0.0,0.0,0.0,0.0,0.0,0.0,0.0,0.0,0.0,0.0,0.0,0.0,0.0,0.0,0.0,0.0,0.0,0.0,0.0,0.0,0.0,0.0,1.676,1.615,1.576,1.648,1.684,1.717,1.718,1.735,1.71,1.656,1.735,1.753,1.756,1.731,1.677,1.698,1.609,1.571,1.64,1.656,1.645,1.635,1.656,1.556,1.619,1.633,1.629,1.617,1.638,1.622,1.596,3.292,3.292,3.255,3.007,2.912,3.115,3.054,3.219,3.306,3.422,3.328,3.4,3.375,3.319,3.364,3.358,3.397,3.426,3.34,3.342,3.199,3.383,3.434,3.455,3.424,3.398,3.35,3.169,3.228,3.243,2.684,2.608,2.66,2.665,2.608,2.695,2.749,2.741,2.771,2.729,2.705,2.593,2.72,2.81,2.802,2.775,2.761,2.757,2.619,2.807,2.891,2.941,2.97,2.992,2.962,2.873,2.934,2.874,2.804,2.775,2.823,2.781,2.674,2.825,2.903,2.947,2.891,2.879,2.779,2.653,2.742,2.758,2.771,2.826,2.773,2.703,2.702,2.831,2.919,2.92,2.906,2.933,2.776,2.731,2.883,2.9,2.808,2.856,2.897,2.909,2.906,2.959,3.147,3.16,3.038,3.091,3.128,3.083,3.138,3.224,3.167,3.1,3.117,3.109,3.072,3.091,3.113,3.158,3.131,3.147,3.119,3.067,3.146,3.137,3.141,3.229,3.161,3.11,2.994,3.126,3.269,3.202,3.183,3.272,3.325,3.244,3.231,3.255,3.287,3.345,3.389,3.38,3.298,3.372,3.394,3.44,3.427,3.236,3.26,3.324,3.418,3.446,3.465,3.497,3.482,3.458,3.351,3.413,3.446,3.509,3.53,3.988,3.984,3.86,3.997,4.038,3.964,4.027,4.004,4.019,3.892,3.97,4.028,4.036,3.997,3.956,4.013,3.83,3.934,4.003,3.973,3.988,3.997,3.992,3.866,4.001,4.049,4.09,4.063,4.026,3.922,3.828,3.922,3.908,4.001,3.997,4.103,4.078,3.895,3.955,3.894,3.912,3.907,3.87,3.832,3.727,3.878,3.971,4.082,4.043,3.874,3.533,3.283,3.243,3.531,3.794,3.818,3.761,3.728,3.696,3.903,3.96,2.406,2.43,2.427,2.4,2.341,2.405,2.421,2.37,2.348,2.405,2.381,2.311,2.425,2.459,2.393,2.34,2.306,2.251,2.089,2.095,2.113,2.281,2.369,2.342,2.295,2.229,2.358,2.392,2.296,2.138,2.115,2.151,2.097,2.254,2.264,2.261,2.268,2.226,2.133,1.998,2.074,2.079,2.111,2.08,2.085,2.089,1.999,2.15,2.183,2.144,2.013,2.074,2.02,1.878,2.02,2.153,2.177,2.161,2.199,2.127,2.001,3.085,3.164,3.294,3.292,3.177,3.083,2.933,3.005,3.002,3.001,2.828,2.981,3.094,2.885,2.736,2.93,3.099,3.205,3.167,3.127,2.992,3.155,3.234,3.205,3.259,3.365,3.255,3.117,3.342,3.43,3.407,3.583,3.618,3.599,3.388,3.561,3.617,3.631,3.582,3.489,3.401,3.176,3.227,3.24,3.242,3.193,3.034,3.137,3.16,3.338,3.332,3.291,3.154,3.104,3.063,3.073,3.345,3.371,3.36,3.408,3.417,3.055,2.918,3.097,3.19,3.024,3.068,3.053,3.07,2.968,3.062,3.034,3.086,3.089,3.063,3.019,2.915,3.147,3.178,3.183,3.173,3.132,3.049,2.868,2.705,2.648,2.837,2.994,3.055,3.071,2.986,3.018,3.224,3.265,3.237,3.289,3.278,3.21,3.257,3.282,3.283,3.281,3.285,3.186,3.108,3.132,3.215,3.263,3.288,3.317,3.327,3.198,3.315,3.362,3.354,3.352,3.353,3.356,3.282,3.367,3.325,3.329,2.912,2.955,2.96,2.856,2.917,2.984,3.019,2.946,2.924,2.811,2.736,2.881,2.885,2.903,2.957,3.016,3.039,2.971,3.087,3.098,3.074,3.086,3.137,3.117,3.01,3.071,3.129,3.178,3.19,3.153,3.12,2.788,2.863,2.852,2.804,2.839,2.86,2.877,2.851,2.897,2.901,2.927,2.934,2.951,2.847,2.733,2.81,2.867,2.922,2.896,2.932,2.897,2.813,2.834,2.885,2.863,2.676,2.762,2.844,2.772,2.808,2.811,2.695,2.732,2.819,2.811,2.746,2.764,2.812,2.882,2.842,2.847,2.86,2.728,2.857,2.905,2.868,2.861,2.9,2.881,2.806,2.884,2.911,2.901,2.949,2.973,2.915,2.853,2.976,2.945,4.049,4.065,4.148,4.108,3.948,4.028,3.803,3.711,3.851,4.074,4.122,4.017,4.228,4.248,4.237,4.145,3.917,3.705,3.439,3.703,3.847,3.948,4.028,4.051,4.145,3.987,4.139,4.187,4.209,4.188,4.029,3.595,3.548,3.702,3.857,3.87,3.894,3.952,3.864,3.766,3.923,4.001,4.03,4.079,4.039,4.0,3.854,3.956,4.063,4.022,3.971,3.89,3.784,3.477,3.7,3.874,3.878,3.912,3.907,3.76,3.429,3.394,3.525,3.671,3.679,3.795,3.851,3.708,3.86,3.987,4.031,4.093,4.063,4.004,3.792,3.864,4.009,4.113,4.013,4.193,4.148,4.0,4.106,4.134,3.876,3.69,3.535,3.634,3.783,3.965,4.034,3.944,3.179,3.238,3.366,3.121,3.278,3.311,3.38,3.426,3.399,3.27,3.13,3.258,3.242,3.182,3.225,3.312,3.252,3.097,3.198,3.217,3.27,3.291,3.285,3.18,2.914,2.929,3.018,2.986,2.911,2.846,2.752,2.726,2.913,2.929,2.855,2.756,2.801,2.705,2.675,2.9,2.902,2.951,2.907,2.887,2.83,2.752,2.848,2.83,2.765,2.84,2.872,2.74,2.606,2.756,2.78,2.66,2.599,2.528,2.454,2.472,2.636,0.0,0.0,0.0,0.0,0.0,0.0,0.0,0.0,0.0,0.0,0.0,0.0,0.0,0.0,0.0,0.0,0.0,0.0,0.0,0.0,0.0,0.0,0.0,0.0,0.0,0.0,0.0,0.0,0.0,0.0,0.0,4.476,4.397,4.261,4.188,4.272,4.205,3.972,3.907,3.848,3.667,3.878,4.049,4.181,4.342,4.209,3.955,3.658,3.771,3.858,4.003,4.057,3.987,3.826,3.551,3.791,3.981,4.039,4.033,4.08,4.024,3.479,3.452,3.6,3.691,3.736,3.775,3.835,3.822,3.88,3.934,4.007,4.031,4.037,4.003,3.874,3.9,3.793,3.931,3.975,3.985,3.932,3.784,3.762,3.676,3.803,3.923,3.935,3.963,3.81,3.863,3.928,4.107,4.08,4.104,4.03,3.902,3.98,4.016,4.031,4.006,3.864,3.626,3.291,3.226,3.45,3.551,3.642,3.693,3.773,3.647,3.727,3.811,3.842,3.895,3.813,3.706,3.454,3.464,3.514,3.526,3.44,2.901,2.848,2.757,2.786,2.768,2.891,2.973,3.022,2.984,2.883,3.03,3.084,3.09,3.059,3.099,3.094,2.936,2.96,3.078,3.145,3.165,3.244,3.162,3.016,3.125,3.187,3.179,3.148,3.21,3.256,3.146,3.304,3.364,3.451,3.448,3.459,3.369,3.223,3.333,3.329,3.387,3.408,3.458,3.505,3.348,3.378,3.494,3.529,3.532,3.549,3.574,3.498,3.509,3.559,3.537,3.299,3.083,3.183,3.277,3.194,3.236,3.239,2.578,2.613,2.697,2.689,2.627,2.644,2.69,2.757,2.719,2.723,2.736,2.609,2.733,2.779,2.744,2.737,2.774,2.756,2.684,2.759,2.784,2.775,2.821,2.845,2.789,2.729,2.847,2.817,2.488,4.089,4.104,4.188,4.148,3.986,4.067,3.84,3.747,3.889,4.114,4.162,4.056,4.268,4.289,4.278,4.185,3.955,3.74,3.473,3.739,3.884,3.987,4.067,4.09,4.186,4.026,4.179,4.228,4.249,4.229,4.068,3.119,3.079,3.212,3.346,3.358,3.379,3.429,3.353,3.267,3.404,3.471,3.497,3.54,3.504,3.471,3.344,3.432,3.526,3.49,3.446,3.376,3.283,3.017,3.21,3.361,3.365,3.394,3.39,3.262,2.975,3.254,3.379,3.519,3.527,3.638,3.691,3.555,3.7,3.822,3.864,3.923,3.895,3.838,3.636,3.704,3.843,3.943,3.847,4.019,3.976,3.834,3.936,3.963,3.716,3.537,3.389,3.483,3.626,3.801,3.868,3.78,3.179,3.238,3.366,3.121,3.278,3.311,3.38,3.426,3.399,3.27,3.13,3.258,3.242,3.182,3.225,3.312,3.252,3.097,3.198,3.217,3.27,3.291,3.285,3.18,2.914,2.929,3.018,2.986,2.911,2.846,3.453,3.421,3.655,3.676,3.583,3.458,3.515,3.394,3.356,3.639,3.641,3.702,3.647,3.623,3.551,3.453,3.574,3.551,3.469,3.564,3.604,3.437,3.27,3.459,3.488,3.337,3.262,3.172,3.079,3.102,3.307,2.534,2.496,2.53,2.622,2.694,2.547,2.577,2.671,2.748,2.809,2.913,2.801,2.716,2.827,2.776,2.896,2.924,2.901,2.828,2.809,2.899,2.922,2.789,2.77,2.856,2.864,2.797,2.863,3.0,3.052,3.08,3.281,3.223,3.123,3.07,3.131,3.082,2.911,2.863,2.82,2.688,2.842,2.968,3.065,3.183,3.085,2.899,2.681,2.764,2.828,2.934,2.973,2.922,2.804,2.603,2.778,2.918,2.96,2.956,2.99,2.949,3.479,3.452,3.6,3.691,3.736,3.775,3.835,3.822,3.88,3.934,4.007,4.031,4.037,4.003,3.874,3.9,3.793,3.931,3.975,3.985,3.932,3.784,3.762,3.676,3.803,3.923,3.935,3.963,3.81,3.863,3.928,4.107,4.08,4.104,4.03,3.902,3.98,4.016,4.031,4.006,3.864,3.626,3.291,3.226,3.45,3.551,3.642,3.693,3.773,3.647,3.727,3.811,3.842,3.895,3.813,3.706,3.454,3.464,3.514,3.526,3.44,2.901,2.848,2.757,2.786,2.768,2.891,2.973,3.022,2.984,2.883,3.03,3.084,3.09,3.059,3.099,3.094,2.936,2.96,3.078,3.145,3.165,3.244,3.162,3.016,3.125,3.187,3.179,3.148,3.21,3.256,3.146
Guntur_253,2.858,2.878,2.932,2.939,2.83,2.846,2.908,2.912,2.854,2.822,2.873,2.875,2.91,2.858,2.775,2.76,2.888,2.876,2.759,2.877,2.898,2.833,2.865,2.934,2.966,2.83,2.921,2.964,2.987,3.007,2.982,3.454,3.288,3.393,3.481,3.482,3.479,3.517,3.396,3.322,3.379,3.394,3.43,3.551,3.545,3.58,3.43,3.514,3.586,3.571,3.494,3.372,3.401,3.312,3.423,3.484,3.522,3.479,3.459,3.42,3.332,3.426,3.464,3.41,3.356,3.377,3.422,3.322,3.297,3.058,3.177,3.37,3.391,3.369,3.239,3.352,3.459,3.444,3.818,3.762,3.629,3.57,3.507,3.65,3.779,3.821,3.806,3.786,3.668,3.572,3.564,4.344,4.44,4.47,4.442,4.27,4.484,4.506,4.483,4.512,4.546,4.461,4.355,4.603,4.519,4.487,4.356,4.324,4.282,4.138,4.397,4.42,4.311,4.38,4.425,4.382,4.297,4.456,4.46,4.469,4.392,4.244,4.254,4.192,4.315,4.299,4.351,4.467,4.462,4.434,4.258,4.19,4.226,4.21,4.176,4.199,4.151,4.164,3.898,4.081,4.204,4.074,4.019,4.124,4.189,4.004,4.1,4.169,4.289,4.277,4.179,4.082,3.232,3.273,3.264,3.353,3.328,3.349,3.285,3.492,3.555,3.601,3.557,3.566,3.463,3.344,3.513,3.51,3.565,3.614,3.539,3.517,3.381,3.574,3.667,3.621,3.62,3.497,3.422,3.319,3.475,3.649,0.0,0.0,0.0,0.0,0.0,0.0,0.0,0.0,0.0,0.0,0.0,0.0,0.0,0.0,0.0,0.0,0.0,0.0,0.0,0.0,0.0,0.0,0.0,0.0,0.0,0.0,0.0,0.0,0.0,0.0,0.0,0.0,0.0,0.0,0.0,0.0,0.0,0.0,0.0,0.0,0.0,0.0,0.0,0.0,0.0,0.0,0.0,0.0,0.0,0.0,0.0,0.0,0.0,0.0,0.0,0.0,0.0,0.0,0.0,0.0,0.0,0.0,0.0,0.0,0.0,0.0,0.0,0.0,0.0,0.0,0.0,0.0,0.0,0.0,0.0,0.0,0.0,0.0,0.0,0.0,0.0,0.0,0.0,0.0,0.0,0.0,0.0,0.0,0.0,0.0,0.0,0.0,3.793,3.769,3.88,3.759,3.83,3.944,4.076,4.132,4.133,4.011,3.79,3.829,3.889,3.722,3.787,3.829,3.915,3.813,3.903,3.907,3.892,3.818,3.722,3.716,3.527,3.598,3.784,3.858,3.945,4.019,3.987,3.198,3.31,3.346,3.335,3.301,3.375,3.326,3.192,3.258,3.246,3.223,3.28,3.22,2.931,2.848,2.869,3.057,3.145,3.199,3.223,3.197,3.144,3.297,3.284,3.193,3.009,3.016,3.075,3.129,3.239,2.732,2.772,2.744,2.77,2.753,2.635,2.687,2.733,2.684,2.728,2.751,2.698,2.626,2.7,2.773,2.776,2.802,2.841,2.793,2.754,2.828,2.898,2.934,2.89,2.886,2.931,2.82,2.904,2.935,2.919,2.92,3.601,3.496,3.374,3.467,3.494,3.508,3.46,3.502,3.434,3.421,3.56,3.58,3.567,3.525,3.532,3.603,3.559,3.597,3.717,3.791,3.856,3.836,3.777,3.645,3.677,3.551,3.645,3.69,3.76,3.753,3.642,3.172,3.211,3.236,3.177,3.189,3.165,3.076,3.11,3.182,3.243,3.257,3.259,3.244,3.167,3.218,3.218,3.207,3.178,3.143,3.143,3.091,3.211,3.264,3.312,3.323,3.345,3.329,3.277,4.118,4.139,4.125,4.11,4.202,4.178,4.015,4.11,4.188,4.233,4.189,4.045,3.972,3.97,4.118,4.149,4.211,4.273,4.26,4.215,4.082,4.125,4.022,4.118,4.184,4.126,4.147,3.991,3.763,3.825,4.003,3.396,3.484,3.511,3.436,3.527,3.526,3.529,3.612,3.577,3.568,3.44,3.551,3.574,3.442,3.456,3.485,3.4,3.377,3.444,3.508,3.396,3.329,3.295,3.347,3.28,3.403,3.454,3.439,3.454,3.434,3.741,3.671,3.693,3.711,3.64,3.681,3.759,3.732,3.652,3.723,3.633,3.514,3.413,3.528,3.502,3.241,3.258,3.183,3.191,3.168,3.212,3.323,3.391,3.468,3.413,3.349,3.362,3.49,3.573,3.37,3.537,3.147,3.388,3.454,3.464,3.382,3.225,3.323,3.27,3.26,3.19,3.084,3.077,2.927,3.191,3.207,3.289,3.31,3.334,3.193,3.031,3.283,3.407,3.594,3.453,3.438,3.343,3.424,3.68,3.804,3.722,0.0,0.0,0.0,0.0,0.0,0.0,0.0,0.0,0.0,0.0,0.0,0.0,0.0,0.0,0.0,0.0,0.0,0.0,0.0,0.0,0.0,0.0,0.0,0.0,0.0,0.0,0.0,0.0,0.0,0.0,0.0,7.509,8.2,8.427,8.565,8.861,8.986,9.279,9.223,9.402,9.417,9.433,9.566,9.647,9.407,9.167,8.619,9.822,9.658,9.404,9.335,9.155,8.763,9.137,9.2,9.243,9.321,9.448,9.364,9.025,9.179,9.12,0.0,0.0,0.0,0.0,0.0,0.0,0.0,0.0,0.0,0.0,0.0,0.0,0.0,0.0,0.0,0.0,0.0,0.0,0.0,0.0,0.0,0.0,0.0,0.0,0.0,0.0,0.0,0.0,0.0,0.0,3.229,3.112,3.036,3.176,3.245,3.309,3.311,3.344,3.296,3.191,3.343,3.378,3.383,3.336,3.232,3.273,3.101,3.028,3.161,3.191,3.17,3.151,3.192,2.999,3.121,3.147,3.14,3.117,3.157,3.125,3.075,3.666,3.666,3.625,3.349,3.244,3.469,3.401,3.585,3.682,3.811,3.707,3.786,3.758,3.697,3.746,3.74,3.783,3.816,3.719,3.722,3.562,3.767,3.825,3.847,3.813,3.784,3.731,3.529,3.595,3.612,3.296,3.203,3.267,3.273,3.204,3.31,3.376,3.367,3.403,3.351,3.322,3.184,3.341,3.452,3.442,3.409,3.391,3.386,3.217,3.448,3.55,3.612,3.648,3.675,3.638,3.529,3.604,3.529,3.444,3.408,3.467,4.435,4.265,4.505,4.629,4.7,4.61,4.591,4.431,4.232,4.373,4.398,4.419,4.507,4.422,4.311,4.309,4.515,4.655,4.658,4.635,4.677,4.428,4.356,4.598,4.626,4.479,4.555,4.621,4.639,4.635,4.72,4.182,4.199,4.038,4.107,4.157,4.097,4.17,4.285,4.208,4.119,4.142,4.132,4.082,4.108,4.137,4.196,4.16,4.182,4.145,4.076,4.181,4.169,4.174,4.291,4.201,4.133,3.978,4.154,4.492,4.4,4.374,4.496,4.568,4.457,4.439,4.471,4.516,4.596,4.656,4.644,4.531,4.632,4.663,4.726,4.709,4.446,4.479,4.566,4.696,4.734,4.761,4.804,4.784,4.751,4.604,4.69,4.734,4.821,4.851,5.198,5.192,5.031,5.21,5.264,5.167,5.249,5.219,5.238,5.073,5.175,5.25,5.261,5.21,5.156,5.23,4.991,5.127,5.217,5.178,5.198,5.21,5.204,5.039,5.215,5.277,5.331,5.296,5.248,5.112,4.65,4.765,4.748,4.861,4.856,4.985,4.954,4.732,4.805,4.731,4.752,4.746,4.701,4.656,4.528,4.711,4.824,4.959,4.911,4.706,4.292,3.988,3.94,4.289,4.609,4.638,4.569,4.529,4.49,4.742,4.81,4.795,4.844,4.838,4.783,4.667,4.795,4.827,4.725,4.68,4.794,4.746,4.608,4.834,4.902,4.771,4.665,4.597,4.486,4.164,4.176,4.212,4.547,4.723,4.668,4.576,4.443,4.701,4.768,4.578,4.262,4.217,4.288,4.18,4.493,4.513,4.507,4.522,4.437,4.251,3.983,4.134,4.144,4.208,4.146,4.156,4.164,3.984,4.286,4.352,4.275,4.013,4.134,4.027,3.743,4.027,4.292,4.341,4.307,4.383,4.24,3.988,4.09,4.194,4.367,4.364,4.212,4.087,3.888,3.984,3.98,3.978,3.749,3.952,4.102,3.824,3.627,3.884,4.108,4.249,4.198,4.145,3.967,4.182,4.287,4.249,4.32,4.461,4.315,4.132,4.431,4.546,4.517,4.209,4.249,4.227,3.979,4.182,4.248,4.265,4.207,4.098,3.995,3.73,3.79,3.806,3.808,3.75,3.563,3.684,3.711,3.92,3.913,3.865,3.704,3.645,3.597,3.609,3.929,3.959,3.946,4.002,4.013,3.958,3.78,4.011,4.132,3.917,3.974,3.954,3.977,3.845,3.967,3.931,3.998,4.002,3.969,3.911,3.776,4.077,4.117,4.124,4.11,4.058,3.95,3.715,3.504,3.43,3.676,3.878,3.958,3.978,3.869,3.909,4.358,4.414,4.375,4.446,4.431,4.339,4.402,4.437,4.438,4.436,4.44,4.307,4.202,4.234,4.346,4.411,4.444,4.483,4.498,4.323,4.481,4.544,4.534,4.532,4.533,4.537,4.437,4.551,4.495,4.5,4.284,4.347,4.355,4.202,4.291,4.39,4.442,4.334,4.303,4.136,4.026,4.239,4.245,4.271,4.351,4.438,4.471,4.371,4.543,4.558,4.522,4.541,4.615,4.586,4.429,4.518,4.603,4.677,4.693,4.639,4.59,3.938,4.045,4.029,3.961,4.011,4.04,4.064,4.027,4.092,4.098,4.135,4.146,4.169,4.022,3.861,3.97,4.051,4.128,4.091,4.142,4.093,3.974,4.004,4.075,4.045,3.78,3.902,4.018,3.916,3.967,3.972,3.948,4.002,4.13,4.118,4.023,4.049,4.12,4.221,4.163,4.17,4.19,3.996,4.186,4.255,4.201,4.192,4.248,4.221,4.11,4.225,4.264,4.25,4.32,4.356,4.27,4.18,4.36,4.314,4.838,4.856,4.956,4.908,4.717,4.812,4.544,4.434,4.602,4.868,4.925,4.8,5.051,5.076,5.062,4.953,4.679,4.426,4.109,4.425,4.596,4.717,4.813,4.84,4.953,4.764,4.945,5.003,5.028,5.004,4.813,4.831,4.768,4.975,5.183,5.201,5.234,5.311,5.193,5.061,5.272,5.377,5.416,5.482,5.428,5.376,5.18,5.316,5.461,5.406,5.337,5.228,5.085,4.673,4.972,5.206,5.211,5.258,5.251,5.053,4.608,4.524,4.698,4.892,4.903,5.058,5.132,4.942,5.144,5.313,5.372,5.454,5.415,5.336,5.054,5.15,5.343,5.482,5.348,5.588,5.528,5.331,5.472,5.51,5.166,4.918,4.711,4.842,5.042,5.284,5.377,5.256,6.763,6.888,7.16,6.638,6.972,7.043,7.191,7.287,7.229,6.955,6.657,6.931,6.895,6.769,6.86,7.046,6.918,6.587,6.802,6.844,6.957,6.999,6.988,6.765,6.199,6.23,6.419,6.352,6.193,6.054,2.752,2.726,2.913,2.929,2.855,2.756,2.801,2.705,2.675,2.9,2.902,2.951,2.907,2.887,2.83,2.752,2.848,2.83,2.765,2.84,2.872,2.74,2.606,2.756,2.78,2.66,2.599,2.528,2.454,2.472,2.636,0.0,0.0,0.0,0.0,0.0,0.0,0.0,0.0,0.0,0.0,0.0,0.0,0.0,0.0,0.0,0.0,0.0,0.0,0.0,0.0,0.0,0.0,0.0,0.0,0.0,0.0,0.0,0.0,0.0,0.0,0.0,4.445,4.367,4.232,4.16,4.243,4.176,3.945,3.88,3.822,3.642,3.851,4.021,4.153,4.313,4.18,3.928,3.633,3.746,3.832,3.976,4.029,3.96,3.8,3.527,3.765,3.954,4.011,4.005,4.052,3.996,4.849,4.811,5.017,5.144,5.207,5.262,5.345,5.327,5.408,5.483,5.585,5.618,5.627,5.579,5.399,5.436,5.286,5.48,5.54,5.554,5.48,5.274,5.243,5.123,5.3,5.467,5.485,5.523,5.31,5.385,5.474,5.0,4.967,4.997,4.907,4.75,4.846,4.89,4.908,4.878,4.705,4.415,4.006,3.928,4.201,4.323,4.434,4.497,4.594,4.44,4.538,4.64,4.678,4.743,4.643,4.512,4.205,4.217,4.279,4.293,4.188,4.095,4.021,3.893,3.933,3.908,4.082,4.198,4.267,4.213,4.07,4.278,4.354,4.362,4.32,4.376,4.369,4.146,4.179,4.346,4.44,4.469,4.58,4.465,4.258,4.413,4.5,4.489,4.445,4.532,4.598,4.442,5.023,5.114,5.246,5.241,5.258,5.122,4.9,5.066,5.061,5.15,5.18,5.256,5.329,5.09,5.135,5.311,5.365,5.369,5.395,5.434,5.317,5.335,5.41,5.377,5.015,4.687,4.838,4.981,4.855,4.919,4.925,4.771,4.836,4.991,4.976,4.862,4.894,4.979,5.101,5.032,5.04,5.063,4.829,5.059,5.143,5.077,5.066,5.134,5.101,4.967,5.106,5.153,5.136,5.221,5.264,5.16,5.051,5.269,5.213,4.605,6.102,6.125,6.25,6.19,5.949,6.069,5.731,5.592,5.803,6.139,6.211,6.053,6.37,6.401,6.385,6.246,5.902,5.582,5.183,5.58,5.796,5.949,6.07,6.104,6.246,6.008,6.236,6.31,6.342,6.311,6.071,5.46,5.389,5.623,5.858,5.878,5.915,6.003,5.869,5.72,5.958,6.077,6.121,6.196,6.134,6.076,5.854,6.008,6.172,6.109,6.032,5.909,5.747,5.281,5.619,5.883,5.89,5.942,5.934,5.711,5.208,5.123,5.321,5.541,5.553,5.729,5.812,5.597,5.826,6.018,6.085,6.177,6.133,6.043,5.724,5.832,6.051,6.209,6.057,6.329,6.26,6.037,6.197,6.24,5.85,5.57,5.336,5.484,5.71,5.985,6.089,5.952,6.763,6.888,7.16,6.638,6.972,7.043,7.191,7.287,7.229,6.955,6.657,6.931,6.895,6.769,6.86,7.046,6.918,6.587,6.802,6.844,6.957,6.999,6.988,6.765,6.199,6.23,6.419,6.352,6.193,6.054,5.436,5.386,5.755,5.787,5.641,5.445,5.534,5.344,5.285,5.729,5.733,5.829,5.742,5.704,5.592,5.437,5.627,5.591,5.462,5.611,5.674,5.412,5.148,5.445,5.492,5.254,5.135,4.995,4.848,4.884,5.208,3.269,3.221,3.264,3.383,3.476,3.286,3.325,3.446,3.545,3.624,3.758,3.613,3.505,3.647,3.582,3.737,3.773,3.743,3.649,3.624,3.741,3.77,3.599,3.574,3.685,3.695,3.608,3.694,3.871,3.937,3.974,3.651,3.586,3.476,3.416,3.484,3.43,3.24,3.187,3.139,2.991,3.163,3.303,3.41,3.542,3.433,3.226,2.983,3.076,3.147,3.265,3.309,3.252,3.121,2.897,3.092,3.247,3.294,3.289,3.328,3.282,4.849,4.811,5.017,5.144,5.207,5.262,5.345,5.327,5.408,5.483,5.585,5.618,5.627,5.579,5.399,5.436,5.286,5.48,5.54,5.554,5.48,5.274,5.243,5.123,5.3,5.467,5.485,5.523,5.31,5.385,5.474,5.0,4.967,4.997,4.907,4.75,4.846,4.89,4.908,4.878,4.705,4.415,4.006,3.928,4.201,4.323,4.434,4.497,4.594,4.44,4.538,4.64,4.678,4.743,4.643,4.512,4.205,4.217,4.279,4.293,4.188,4.095,4.021,3.893,3.933,3.908,4.082,4.198,4.267,4.213,4.07,4.278,4.354,4.362,4.32,4.376,4.369,4.146,4.179,4.346,4.44,4.469,4.58,4.465,4.258,4.413,4.5,4.489,4.445,4.532,4.598,4.442
Guntur_254,2.858,2.878,2.932,2.939,2.83,2.846,2.908,2.912,2.854,2.822,2.873,2.875,2.91,2.858,2.775,2.76,2.888,2.876,2.759,2.877,2.898,2.833,2.865,2.934,2.966,2.83,2.921,2.964,2.987,3.007,2.982,3.454,3.288,3.393,3.481,3.482,3.479,3.517,3.396,3.322,3.379,3.394,3.43,3.551,3.545,3.58,3.43,3.514,3.586,3.571,3.494,3.372,3.401,3.312,3.423,3.484,3.522,3.479,3.459,3.42,3.332,3.426,3.464,3.41,3.356,3.377,3.422,3.322,3.297,3.058,3.177,3.37,3.391,3.369,3.239,3.352,3.459,3.444,3.818,3.762,3.629,3.57,3.507,3.65,3.779,3.821,3.806,3.786,3.668,3.572,3.564,4.344,4.44,4.47,4.442,4.27,4.484,4.506,4.483,4.512,4.546,4.461,4.355,4.603,4.519,4.487,4.356,4.324,4.282,4.138,4.397,4.42,4.311,4.38,4.425,4.382,4.297,4.456,4.46,4.469,4.392,4.244,4.254,4.192,4.315,4.299,4.351,4.467,4.462,4.434,4.258,4.19,4.226,4.21,4.176,4.199,4.151,4.164,3.898,4.081,4.204,4.074,4.019,4.124,4.189,4.004,4.1,4.169,4.289,4.277,4.179,4.082,3.232,3.273,3.264,3.353,3.328,3.349,3.285,3.492,3.555,3.601,3.557,3.566,3.463,3.344,3.513,3.51,3.565,3.614,3.539,3.517,3.381,3.574,3.667,3.621,3.62,3.497,3.422,3.319,3.475,3.649,0.0,0.0,0.0,0.0,0.0,0.0,0.0,0.0,0.0,0.0,0.0,0.0,0.0,0.0,0.0,0.0,0.0,0.0,0.0,0.0,0.0,0.0,0.0,0.0,0.0,0.0,0.0,0.0,0.0,0.0,0.0,0.0,0.0,0.0,0.0,0.0,0.0,0.0,0.0,0.0,0.0,0.0,0.0,0.0,0.0,0.0,0.0,0.0,0.0,0.0,0.0,0.0,0.0,0.0,0.0,0.0,0.0,0.0,0.0,0.0,0.0,0.0,0.0,0.0,0.0,0.0,0.0,0.0,0.0,0.0,0.0,0.0,0.0,0.0,0.0,0.0,0.0,0.0,0.0,0.0,0.0,0.0,0.0,0.0,0.0,0.0,0.0,0.0,0.0,0.0,0.0,0.0,3.793,3.769,3.88,3.759,3.83,3.944,4.076,4.132,4.133,4.011,3.79,3.829,3.889,3.722,3.787,3.829,3.915,3.813,3.903,3.907,3.892,3.818,3.722,3.716,3.527,3.598,3.784,3.858,3.945,4.019,3.987,3.198,3.31,3.346,3.335,3.301,3.375,3.326,3.192,3.258,3.246,3.223,3.28,3.22,2.931,2.848,2.869,3.057,3.145,3.199,3.223,3.197,3.144,3.297,3.284,3.193,3.009,3.016,3.075,3.129,3.239,2.732,2.772,2.744,2.77,2.753,2.635,2.687,2.733,2.684,2.728,2.751,2.698,2.626,2.7,2.773,2.776,2.802,2.841,2.793,2.754,2.828,2.898,2.934,2.89,2.886,2.931,2.82,2.904,2.935,2.919,2.92,3.601,3.496,3.374,3.467,3.494,3.508,3.46,3.502,3.434,3.421,3.56,3.58,3.567,3.525,3.532,3.603,3.559,3.597,3.717,3.791,3.856,3.836,3.777,3.645,3.677,3.551,3.645,3.69,3.76,3.753,3.642,3.172,3.211,3.236,3.177,3.189,3.165,3.076,3.11,3.182,3.243,3.257,3.259,3.244,3.167,3.218,3.218,3.207,3.178,3.143,3.143,3.091,3.211,3.264,3.312,3.323,3.345,3.329,3.277,4.118,4.139,4.125,4.11,4.202,4.178,4.015,4.11,4.188,4.233,4.189,4.045,3.972,3.97,4.118,4.149,4.211,4.273,4.26,4.215,4.082,4.125,4.022,4.118,4.184,4.126,4.147,3.991,3.763,3.825,4.003,3.396,3.484,3.511,3.436,3.527,3.526,3.529,3.612,3.577,3.568,3.44,3.551,3.574,3.442,3.456,3.485,3.4,3.377,3.444,3.508,3.396,3.329,3.295,3.347,3.28,3.403,3.454,3.439,3.454,3.434,3.741,3.671,3.693,3.711,3.64,3.681,3.759,3.732,3.652,3.723,3.633,3.514,3.413,3.528,3.502,3.241,3.258,3.183,3.191,3.168,3.212,3.323,3.391,3.468,3.413,3.349,3.362,3.49,3.573,3.37,3.537,3.147,3.388,3.454,3.464,3.382,3.225,3.323,3.27,3.26,3.19,3.084,3.077,2.927,3.191,3.207,3.289,3.31,3.334,3.193,3.031,3.283,3.407,3.594,3.453,3.438,3.343,3.424,3.68,3.804,3.722,0.0,0.0,0.0,0.0,0.0,0.0,0.0,0.0,0.0,0.0,0.0,0.0,0.0,0.0,0.0,0.0,0.0,0.0,0.0,0.0,0.0,0.0,0.0,0.0,0.0,0.0,0.0,0.0,0.0,0.0,0.0,7.509,8.2,8.427,8.565,8.861,8.986,9.279,9.223,9.402,9.417,9.433,9.566,9.647,9.407,9.167,8.619,9.822,9.658,9.404,9.335,9.155,8.763,9.137,9.2,9.243,9.321,9.448,9.364,9.025,9.179,9.12,0.0,0.0,0.0,0.0,0.0,0.0,0.0,0.0,0.0,0.0,0.0,0.0,0.0,0.0,0.0,0.0,0.0,0.0,0.0,0.0,0.0,0.0,0.0,0.0,0.0,0.0,0.0,0.0,0.0,0.0,3.229,3.112,3.036,3.176,3.245,3.309,3.311,3.344,3.296,3.191,3.343,3.378,3.383,3.336,3.232,3.273,3.101,3.028,3.161,3.191,3.17,3.151,3.192,2.999,3.121,3.147,3.14,3.117,3.157,3.125,3.075,3.666,3.666,3.625,3.349,3.244,3.469,3.401,3.585,3.682,3.811,3.707,3.786,3.758,3.697,3.746,3.74,3.783,3.816,3.719,3.722,3.562,3.767,3.825,3.847,3.813,3.784,3.731,3.529,3.595,3.612,3.296,3.203,3.267,3.273,3.204,3.31,3.376,3.367,3.403,3.351,3.322,3.184,3.341,3.452,3.442,3.409,3.391,3.386,3.217,3.448,3.55,3.612,3.648,3.675,3.638,3.529,3.604,3.529,3.444,3.408,3.467,4.435,4.265,4.505,4.629,4.7,4.61,4.591,4.431,4.232,4.373,4.398,4.419,4.507,4.422,4.311,4.309,4.515,4.655,4.658,4.635,4.677,4.428,4.356,4.598,4.626,4.479,4.555,4.621,4.639,4.635,4.72,4.182,4.199,4.038,4.107,4.157,4.097,4.17,4.285,4.208,4.119,4.142,4.132,4.082,4.108,4.137,4.196,4.16,4.182,4.145,4.076,4.181,4.169,4.174,4.291,4.201,4.133,3.978,4.154,4.492,4.4,4.374,4.496,4.568,4.457,4.439,4.471,4.516,4.596,4.656,4.644,4.531,4.632,4.663,4.726,4.709,4.446,4.479,4.566,4.696,4.734,4.761,4.804,4.784,4.751,4.604,4.69,4.734,4.821,4.851,5.198,5.192,5.031,5.21,5.264,5.167,5.249,5.219,5.238,5.073,5.175,5.25,5.261,5.21,5.156,5.23,4.991,5.127,5.217,5.178,5.198,5.21,5.204,5.039,5.215,5.277,5.331,5.296,5.248,5.112,4.65,4.765,4.748,4.861,4.856,4.985,4.954,4.732,4.805,4.731,4.752,4.746,4.701,4.656,4.528,4.711,4.824,4.959,4.911,4.706,4.292,3.988,3.94,4.289,4.609,4.638,4.569,4.529,4.49,4.742,4.81,4.795,4.844,4.838,4.783,4.667,4.795,4.827,4.725,4.68,4.794,4.746,4.608,4.834,4.902,4.771,4.665,4.597,4.486,4.164,4.176,4.212,4.547,4.723,4.668,4.576,4.443,4.701,4.768,4.578,4.262,4.217,4.288,4.18,4.493,4.513,4.507,4.522,4.437,4.251,3.983,4.134,4.144,4.208,4.146,4.156,4.164,3.984,4.286,4.352,4.275,4.013,4.134,4.027,3.743,4.027,4.292,4.341,4.307,4.383,4.24,3.988,4.09,4.194,4.367,4.364,4.212,4.087,3.888,3.984,3.98,3.978,3.749,3.952,4.102,3.824,3.627,3.884,4.108,4.249,4.198,4.145,3.967,4.182,4.287,4.249,4.32,4.461,4.315,4.132,4.431,4.546,4.517,4.209,4.249,4.227,3.979,4.182,4.248,4.265,4.207,4.098,3.995,3.73,3.79,3.806,3.808,3.75,3.563,3.684,3.711,3.92,3.913,3.865,3.704,3.645,3.597,3.609,3.929,3.959,3.946,4.002,4.013,3.958,3.78,4.011,4.132,3.917,3.974,3.954,3.977,3.845,3.967,3.931,3.998,4.002,3.969,3.911,3.776,4.077,4.117,4.124,4.11,4.058,3.95,3.715,3.504,3.43,3.676,3.878,3.958,3.978,3.869,3.909,4.358,4.414,4.375,4.446,4.431,4.339,4.402,4.437,4.438,4.436,4.44,4.307,4.202,4.234,4.346,4.411,4.444,4.483,4.498,4.323,4.481,4.544,4.534,4.532,4.533,4.537,4.437,4.551,4.495,4.5,4.284,4.347,4.355,4.202,4.291,4.39,4.442,4.334,4.303,4.136,4.026,4.239,4.245,4.271,4.351,4.438,4.471,4.371,4.543,4.558,4.522,4.541,4.615,4.586,4.429,4.518,4.603,4.677,4.693,4.639,4.59,3.938,4.045,4.029,3.961,4.011,4.04,4.064,4.027,4.092,4.098,4.135,4.146,4.169,4.022,3.861,3.97,4.051,4.128,4.091,4.142,4.093,3.974,4.004,4.075,4.045,3.78,3.902,4.018,3.916,3.967,3.972,3.948,4.002,4.13,4.118,4.023,4.049,4.12,4.221,4.163,4.17,4.19,3.996,4.186,4.255,4.201,4.192,4.248,4.221,4.11,4.225,4.264,4.25,4.32,4.356,4.27,4.18,4.36,4.314,4.838,4.856,4.956,4.908,4.717,4.812,4.544,4.434,4.602,4.868,4.925,4.8,5.051,5.076,5.062,4.953,4.679,4.426,4.109,4.425,4.596,4.717,4.813,4.84,4.953,4.764,4.945,5.003,5.028,5.004,4.813,4.831,4.768,4.975,5.183,5.201,5.234,5.311,5.193,5.061,5.272,5.377,5.416,5.482,5.428,5.376,5.18,5.316,5.461,5.406,5.337,5.228,5.085,4.673,4.972,5.206,5.211,5.258,5.251,5.053,4.608,4.524,4.698,4.892,4.903,5.058,5.132,4.942,5.144,5.313,5.372,5.454,5.415,5.336,5.054,5.15,5.343,5.482,5.348,5.588,5.528,5.331,5.472,5.51,5.166,4.918,4.711,4.842,5.042,5.284,5.377,5.256,6.763,6.888,7.16,6.638,6.972,7.043,7.191,7.287,7.229,6.955,6.657,6.931,6.895,6.769,6.86,7.046,6.918,6.587,6.802,6.844,6.957,6.999,6.988,6.765,6.199,6.23,6.419,6.352,6.193,6.054,2.752,2.726,2.913,2.929,2.855,2.756,2.801,2.705,2.675,2.9,2.902,2.951,2.907,2.887,2.83,2.752,2.848,2.83,2.765,2.84,2.872,2.74,2.606,2.756,2.78,2.66,2.599,2.528,2.454,2.472,2.636,0.0,0.0,0.0,0.0,0.0,0.0,0.0,0.0,0.0,0.0,0.0,0.0,0.0,0.0,0.0,0.0,0.0,0.0,0.0,0.0,0.0,0.0,0.0,0.0,0.0,0.0,0.0,0.0,0.0,0.0,0.0,4.445,4.367,4.232,4.16,4.243,4.176,3.945,3.88,3.822,3.642,3.851,4.021,4.153,4.313,4.18,3.928,3.633,3.746,3.832,3.976,4.029,3.96,3.8,3.527,3.765,3.954,4.011,4.005,4.052,3.996,4.849,4.811,5.017,5.144,5.207,5.262,5.345,5.327,5.408,5.483,5.585,5.618,5.627,5.579,5.399,5.436,5.286,5.48,5.54,5.554,5.48,5.274,5.243,5.123,5.3,5.467,5.485,5.523,5.31,5.385,5.474,5.0,4.967,4.997,4.907,4.75,4.846,4.89,4.908,4.878,4.705,4.415,4.006,3.928,4.201,4.323,4.434,4.497,4.594,4.44,4.538,4.64,4.678,4.743,4.643,4.512,4.205,4.217,4.279,4.293,4.188,4.095,4.021,3.893,3.933,3.908,4.082,4.198,4.267,4.213,4.07,4.278,4.354,4.362,4.32,4.376,4.369,4.146,4.179,4.346,4.44,4.469,4.58,4.465,4.258,4.413,4.5,4.489,4.445,4.532,4.598,4.442,5.023,5.114,5.246,5.241,5.258,5.122,4.9,5.066,5.061,5.15,5.18,5.256,5.329,5.09,5.135,5.311,5.365,5.369,5.395,5.434,5.317,5.335,5.41,5.377,5.015,4.687,4.838,4.981,4.855,4.919,4.925,4.771,4.836,4.991,4.976,4.862,4.894,4.979,5.101,5.032,5.04,5.063,4.829,5.059,5.143,5.077,5.066,5.134,5.101,4.967,5.106,5.153,5.136,5.221,5.264,5.16,5.051,5.269,5.213,4.605,6.102,6.125,6.25,6.19,5.949,6.069,5.731,5.592,5.803,6.139,6.211,6.053,6.37,6.401,6.385,6.246,5.902,5.582,5.183,5.58,5.796,5.949,6.07,6.104,6.246,6.008,6.236,6.31,6.342,6.311,6.071,5.46,5.389,5.623,5.858,5.878,5.915,6.003,5.869,5.72,5.958,6.077,6.121,6.196,6.134,6.076,5.854,6.008,6.172,6.109,6.032,5.909,5.747,5.281,5.619,5.883,5.89,5.942,5.934,5.711,5.208,5.123,5.321,5.541,5.553,5.729,5.812,5.597,5.826,6.018,6.085,6.177,6.133,6.043,5.724,5.832,6.051,6.209,6.057,6.329,6.26,6.037,6.197,6.24,5.85,5.57,5.336,5.484,5.71,5.985,6.089,5.952,6.763,6.888,7.16,6.638,6.972,7.043,7.191,7.287,7.229,6.955,6.657,6.931,6.895,6.769,6.86,7.046,6.918,6.587,6.802,6.844,6.957,6.999,6.988,6.765,6.199,6.23,6.419,6.352,6.193,6.054,5.436,5.386,5.755,5.787,5.641,5.445,5.534,5.344,5.285,5.729,5.733,5.829,5.742,5.704,5.592,5.437,5.627,5.591,5.462,5.611,5.674,5.412,5.148,5.445,5.492,5.254,5.135,4.995,4.848,4.884,5.208,3.269,3.221,3.264,3.383,3.476,3.286,3.325,3.446,3.545,3.624,3.758,3.613,3.505,3.647,3.582,3.737,3.773,3.743,3.649,3.624,3.741,3.77,3.599,3.574,3.685,3.695,3.608,3.694,3.871,3.937,3.974,3.651,3.586,3.476,3.416,3.484,3.43,3.24,3.187,3.139,2.991,3.163,3.303,3.41,3.542,3.433,3.226,2.983,3.076,3.147,3.265,3.309,3.252,3.121,2.897,3.092,3.247,3.294,3.289,3.328,3.282,4.849,4.811,5.017,5.144,5.207,5.262,5.345,5.327,5.408,5.483,5.585,5.618,5.627,5.579,5.399,5.436,5.286,5.48,5.54,5.554,5.48,5.274,5.243,5.123,5.3,5.467,5.485,5.523,5.31,5.385,5.474,5.0,4.967,4.997,4.907,4.75,4.846,4.89,4.908,4.878,4.705,4.415,4.006,3.928,4.201,4.323,4.434,4.497,4.594,4.44,4.538,4.64,4.678,4.743,4.643,4.512,4.205,4.217,4.279,4.293,4.188,4.095,4.021,3.893,3.933,3.908,4.082,4.198,4.267,4.213,4.07,4.278,4.354,4.362,4.32,4.376,4.369,4.146,4.179,4.346,4.44,4.469,4.58,4.465,4.258,4.413,4.5,4.489,4.445,4.532,4.598,4.442
Guntur_255,5.016,5.05,5.146,5.158,4.967,4.995,5.104,5.11,5.008,4.952,5.043,5.045,5.106,5.015,4.87,4.843,5.069,5.047,4.842,5.049,5.085,4.972,5.028,5.149,5.205,4.967,5.127,5.202,5.242,5.277,5.234,5.348,5.092,5.255,5.391,5.391,5.387,5.447,5.26,5.144,5.232,5.256,5.311,5.499,5.49,5.544,5.312,5.442,5.553,5.53,5.41,5.222,5.267,5.128,5.3,5.394,5.453,5.388,5.356,5.295,4.6,4.731,4.784,4.708,4.634,4.662,4.726,4.587,4.553,4.222,4.387,4.654,4.682,4.652,4.473,4.629,4.776,4.756,5.272,5.194,5.011,4.93,4.843,5.039,5.218,5.276,5.255,5.227,5.065,4.932,4.922,5.475,5.596,5.634,5.598,5.381,5.652,5.679,5.65,5.687,5.73,5.623,5.489,5.802,5.696,5.655,5.49,5.45,5.397,5.216,5.542,5.571,5.434,5.52,5.578,5.524,5.416,5.616,5.622,5.632,5.535,4.212,4.222,4.16,4.282,4.266,4.318,4.433,4.427,4.4,4.225,4.158,4.193,4.177,4.144,4.167,4.119,4.132,3.868,4.05,4.172,4.043,3.988,4.092,4.157,3.974,4.068,4.137,4.256,4.244,4.147,4.051,6.185,6.263,6.246,6.417,6.368,6.408,6.287,6.683,6.803,6.891,6.806,6.825,6.626,6.399,6.722,6.716,6.822,6.915,6.773,6.73,6.469,6.84,7.017,6.929,6.928,6.692,6.549,6.35,6.65,6.982,0.0,0.0,0.0,0.0,0.0,0.0,0.0,0.0,0.0,0.0,0.0,0.0,0.0,0.0,0.0,0.0,0.0,0.0,0.0,0.0,0.0,0.0,0.0,0.0,0.0,0.0,0.0,0.0,0.0,0.0,0.0,0.0,0.0,0.0,0.0,0.0,0.0,0.0,0.0,0.0,0.0,0.0,0.0,0.0,0.0,0.0,0.0,0.0,0.0,0.0,0.0,0.0,0.0,0.0,0.0,0.0,0.0,0.0,0.0,0.0,0.0,0.0,4.52,4.536,4.537,4.625,4.661,4.417,4.465,4.589,4.794,4.726,4.665,4.515,4.378,4.426,4.501,4.565,4.478,4.446,4.565,4.365,4.443,4.382,4.305,4.441,4.463,4.265,4.124,4.441,4.536,4.498,5.897,5.86,6.033,5.845,5.954,6.133,6.337,6.425,6.427,6.237,5.893,5.954,6.046,5.787,5.887,5.953,6.087,5.929,6.068,6.074,6.051,5.936,5.786,5.778,5.484,5.594,5.883,5.998,6.133,6.248,6.198,3.907,4.044,4.087,4.073,4.032,4.123,4.063,3.9,3.98,3.966,3.938,4.007,3.934,3.581,3.479,3.504,3.735,3.842,3.908,3.937,3.906,3.84,4.027,4.011,3.901,3.676,3.684,3.756,3.822,3.956,3.172,3.219,3.185,3.217,3.197,3.059,3.12,3.174,3.117,3.167,3.194,3.133,3.049,3.135,3.22,3.223,3.253,3.299,3.243,3.197,3.283,3.364,3.407,3.356,3.351,3.403,3.274,3.372,3.408,3.39,3.39,4.01,3.893,3.758,3.861,3.891,3.907,3.854,3.9,3.825,3.81,3.965,3.987,3.973,3.926,3.933,4.012,3.964,4.006,4.14,4.222,4.294,4.272,4.206,4.059,4.096,3.955,4.059,4.11,4.188,4.179,4.056,4.294,4.347,4.381,4.301,4.317,4.285,4.165,4.21,4.308,4.39,4.41,4.412,4.392,4.288,4.357,4.357,4.341,4.303,4.254,4.256,4.184,4.347,4.419,4.484,4.499,4.529,4.507,4.436,3.959,3.979,3.966,3.951,4.04,4.017,3.86,3.951,4.026,4.069,4.027,3.889,3.818,3.816,3.959,3.988,4.049,4.108,4.096,4.052,3.924,3.965,3.867,3.959,4.022,3.967,3.987,3.837,3.617,3.677,3.849,3.894,3.993,4.025,3.939,4.044,4.042,4.046,4.14,4.1,4.09,3.944,4.071,4.097,3.945,3.962,3.995,3.898,3.871,3.947,4.021,3.893,3.816,3.777,3.836,3.76,3.901,3.96,3.943,3.959,3.936,4.485,4.401,4.428,4.449,4.364,4.413,4.507,4.475,4.379,4.464,4.356,4.213,4.091,4.23,4.199,3.885,3.906,3.816,3.826,3.798,3.851,3.984,4.066,4.158,4.092,4.015,4.031,4.184,4.284,4.04,4.241,2.498,2.69,2.742,2.75,2.685,2.561,2.638,2.596,2.588,2.533,2.449,2.443,2.324,2.534,2.546,2.611,2.628,2.647,2.535,2.406,2.607,2.705,2.854,2.742,2.73,2.654,2.719,2.921,3.02,2.955,9.811,9.473,9.501,9.617,10.165,10.355,10.281,10.085,9.936,10.117,9.439,9.337,9.236,9.112,9.269,9.712,9.8,8.89,8.216,8.225,8.055,8.295,8.735,8.549,8.414,8.688,8.611,8.108,8.266,8.223,8.099,10.594,11.57,11.891,12.085,12.503,12.68,13.093,13.013,13.266,13.287,13.31,13.498,13.612,13.273,12.935,12.162,13.858,13.628,13.268,13.171,12.917,12.365,12.893,12.981,13.042,13.153,13.332,13.213,12.735,12.951,12.868,0.0,0.0,0.0,0.0,0.0,0.0,0.0,0.0,0.0,0.0,0.0,0.0,0.0,0.0,0.0,0.0,0.0,0.0,0.0,0.0,0.0,0.0,0.0,0.0,0.0,0.0,0.0,0.0,0.0,0.0,2.391,2.305,2.249,2.352,2.403,2.451,2.452,2.476,2.441,2.363,2.476,2.501,2.506,2.47,2.393,2.424,2.297,2.242,2.341,2.363,2.348,2.334,2.364,2.221,2.311,2.331,2.325,2.308,2.338,2.314,2.277,4.283,4.282,4.235,3.912,3.789,4.053,3.973,4.188,4.301,4.452,4.33,4.423,4.39,4.319,4.377,4.369,4.419,4.458,4.345,4.348,4.162,4.401,4.468,4.495,4.454,4.421,4.359,4.123,4.2,4.219,3.846,3.738,3.812,3.82,3.739,3.863,3.94,3.929,3.972,3.911,3.876,3.716,3.899,4.028,4.016,3.978,3.957,3.951,3.753,4.023,4.143,4.215,4.257,4.288,4.245,4.118,4.205,4.119,4.019,3.977,4.046,4.085,3.929,4.15,4.264,4.329,4.247,4.229,4.082,3.898,4.028,4.051,4.071,4.152,4.073,3.971,3.969,4.159,4.288,4.29,4.27,4.308,4.079,4.013,4.236,4.261,4.126,4.196,4.256,4.273,4.269,4.347,3.473,3.486,3.353,3.41,3.451,3.402,3.462,3.558,3.494,3.42,3.439,3.431,3.389,3.411,3.434,3.484,3.454,3.472,3.442,3.384,3.471,3.461,3.466,3.563,3.488,3.431,3.303,3.449,3.968,3.886,3.864,3.972,4.036,3.937,3.921,3.95,3.989,4.06,4.113,4.103,4.002,4.092,4.119,4.175,4.159,3.928,3.956,4.034,4.148,4.182,4.205,4.244,4.226,4.197,4.067,4.143,4.182,4.259,4.285,5.453,5.448,5.278,5.466,5.522,5.421,5.507,5.475,5.496,5.322,5.429,5.509,5.52,5.466,5.409,5.487,5.237,5.38,5.474,5.433,5.454,5.466,5.46,5.287,5.472,5.537,5.593,5.556,5.506,5.364,4.043,4.142,4.128,4.226,4.222,4.334,4.307,4.114,4.178,4.113,4.132,4.126,4.087,4.048,3.936,4.096,4.194,4.311,4.27,4.092,3.731,3.467,3.426,3.729,4.007,4.033,3.972,3.938,3.904,4.123,4.182,4.125,4.167,4.161,4.115,4.014,4.125,4.152,4.064,4.026,4.124,4.082,3.964,4.158,4.217,4.104,4.013,3.954,3.859,3.582,3.593,3.623,3.911,4.063,4.016,3.936,3.822,4.044,4.101,3.938,3.666,3.627,3.689,3.595,3.865,3.882,3.877,3.89,3.817,3.657,3.426,3.556,3.564,3.62,3.566,3.575,3.582,3.427,3.687,3.744,3.677,3.452,3.556,3.464,3.22,3.464,3.692,3.734,3.705,3.77,3.647,3.43,2.243,2.3,2.395,2.393,2.31,2.242,2.132,2.185,2.183,2.182,2.056,2.168,2.25,2.097,1.989,2.13,2.253,2.331,2.303,2.273,2.175,2.294,2.351,2.33,2.369,2.447,2.367,2.266,2.43,2.493,2.477,3.358,3.39,3.372,3.174,3.337,3.389,3.403,3.357,3.27,3.187,2.976,3.024,3.036,3.038,2.992,2.843,2.939,2.961,3.128,3.122,3.084,2.955,2.908,2.87,2.879,3.135,3.159,3.148,3.193,3.202,4.147,3.961,4.203,4.33,4.105,4.164,4.144,4.168,4.029,4.157,4.119,4.189,4.194,4.158,4.098,3.957,4.273,4.314,4.321,4.307,4.252,4.139,3.893,3.671,3.594,3.852,4.064,4.147,4.169,4.054,4.096,3.649,3.696,3.664,3.723,3.71,3.633,3.686,3.715,3.716,3.714,3.718,3.607,3.519,3.545,3.639,3.694,3.721,3.754,3.766,3.62,3.752,3.805,3.796,3.795,3.796,3.799,3.716,3.811,3.764,3.768,3.138,3.184,3.189,3.078,3.143,3.215,3.253,3.175,3.151,3.029,2.949,3.105,3.109,3.128,3.187,3.251,3.274,3.201,3.327,3.338,3.312,3.326,3.38,3.359,3.244,3.309,3.372,3.425,3.437,3.398,3.362,3.5,3.594,3.58,3.52,3.564,3.59,3.611,3.578,3.636,3.641,3.674,3.684,3.705,3.573,3.431,3.528,3.599,3.668,3.635,3.68,3.637,3.532,3.558,3.621,3.594,3.359,3.467,3.57,3.479,3.525,3.529,3.347,3.392,3.501,3.49,3.41,3.433,3.492,3.578,3.529,3.535,3.551,3.387,3.548,3.607,3.561,3.553,3.601,3.578,3.484,3.581,3.614,3.602,3.662,3.692,3.62,3.543,3.696,3.657,4.402,4.418,4.509,4.465,4.291,4.378,4.134,4.034,4.186,4.428,4.48,4.367,4.595,4.618,4.606,4.506,4.257,4.027,3.739,4.025,4.181,4.292,4.379,4.403,4.506,4.334,4.499,4.552,4.575,4.552,4.379,4.441,4.384,4.574,4.765,4.782,4.811,4.883,4.774,4.653,4.847,4.943,4.979,5.04,4.99,4.942,4.762,4.888,5.02,4.97,4.907,4.807,4.675,4.296,4.571,4.786,4.791,4.833,4.827,4.645,4.237,3.752,3.896,4.057,4.066,4.195,4.256,4.098,4.266,4.407,4.456,4.524,4.491,4.425,4.192,4.271,4.431,4.546,4.435,4.634,4.584,4.421,4.538,4.569,4.284,4.079,3.907,4.016,4.181,4.383,4.459,4.359,4.075,4.15,4.314,4.0,4.201,4.244,4.333,4.391,4.356,4.191,4.012,4.177,4.155,4.079,4.134,4.246,4.168,3.969,4.099,4.124,4.192,4.218,4.211,4.077,3.735,3.754,3.868,3.828,3.732,3.648,4.586,4.544,4.855,4.882,4.759,4.594,4.669,4.508,4.458,4.834,4.836,4.918,4.845,4.812,4.717,4.587,4.747,4.717,4.608,4.734,4.787,4.566,4.343,4.594,4.633,4.433,4.332,4.214,4.09,4.121,4.393,5.603,5.52,5.594,5.797,5.958,5.631,5.699,5.907,6.076,6.211,6.44,6.193,6.007,6.25,6.139,6.404,6.466,6.414,6.253,6.21,6.411,6.461,6.168,6.125,6.316,6.332,6.184,6.33,6.634,6.748,6.811,2.046,2.009,1.947,1.914,1.952,1.922,1.815,1.786,1.759,1.676,1.772,1.851,1.911,1.984,1.924,1.807,1.672,1.724,1.763,1.83,1.854,1.822,1.749,1.623,1.732,1.819,1.846,1.843,1.865,1.839,4.524,4.489,4.681,4.8,4.858,4.909,4.987,4.97,5.046,5.115,5.21,5.241,5.25,5.206,5.037,5.071,4.932,5.112,5.169,5.182,5.113,4.92,4.892,4.78,4.945,5.101,5.117,5.153,4.954,5.024,5.107,3.878,3.853,3.875,3.806,3.685,3.758,3.793,3.807,3.783,3.649,3.424,3.107,3.047,3.258,3.353,3.439,3.488,3.563,3.444,3.52,3.599,3.628,3.678,3.601,3.499,3.262,3.271,3.319,3.33,3.248,3.441,3.378,3.271,3.305,3.284,3.429,3.527,3.585,3.54,3.42,3.594,3.658,3.665,3.63,3.677,3.671,3.483,3.511,3.652,3.731,3.755,3.848,3.751,3.578,3.708,3.781,3.772,3.735,3.808,3.863,3.733,4.268,4.345,4.457,4.454,4.468,4.352,4.163,4.305,4.3,4.376,4.402,4.466,4.528,4.325,4.363,4.513,4.559,4.562,4.584,4.617,4.518,4.533,4.597,4.569,4.261,3.982,4.111,4.233,4.125,4.18,4.185,3.626,3.675,3.793,3.782,3.695,3.719,3.784,3.877,3.824,3.83,3.848,3.67,3.844,3.908,3.859,3.85,3.902,3.876,3.775,3.88,3.916,3.903,3.968,4.0,3.922,3.839,4.004,3.962,3.499,4.276,4.292,4.38,4.338,4.169,4.253,4.016,3.919,4.067,4.302,4.353,4.242,4.464,4.486,4.474,4.377,4.136,3.912,3.632,3.911,4.062,4.169,4.254,4.278,4.378,4.21,4.371,4.422,4.444,4.423,4.254,3.346,3.303,3.446,3.59,3.603,3.625,3.679,3.597,3.506,3.652,3.724,3.752,3.797,3.76,3.724,3.588,3.683,3.783,3.744,3.697,3.621,3.522,3.237,3.444,3.606,3.61,3.642,3.637,3.5,3.192,3.356,3.486,3.63,3.638,3.753,3.808,3.666,3.817,3.942,3.986,4.047,4.018,3.959,3.75,3.821,3.964,4.067,3.968,4.146,4.101,3.955,4.06,4.088,3.833,3.649,3.495,3.593,3.741,3.921,3.989,3.899,4.075,4.15,4.314,4.0,4.201,4.244,4.333,4.391,4.356,4.191,4.012,4.177,4.155,4.079,4.134,4.246,4.168,3.969,4.099,4.124,4.192,4.218,4.211,4.077,3.735,3.754,3.868,3.828,3.732,3.648,3.561,3.528,3.77,3.791,3.695,3.567,3.625,3.501,3.462,3.753,3.756,3.819,3.762,3.737,3.663,3.562,3.686,3.663,3.578,3.676,3.717,3.546,3.373,3.567,3.598,3.442,3.364,3.272,3.176,3.2,3.411,3.164,3.117,3.159,3.273,3.364,3.179,3.217,3.335,3.431,3.507,3.636,3.496,3.391,3.529,3.466,3.616,3.651,3.621,3.531,3.506,3.62,3.648,3.482,3.458,3.566,3.575,3.492,3.574,3.746,3.81,3.846,3.37,3.31,3.208,3.154,3.216,3.166,2.991,2.941,2.897,2.761,2.92,3.049,3.148,3.269,3.169,2.978,2.754,2.839,2.905,3.014,3.054,3.002,2.881,2.674,2.854,2.997,3.041,3.036,3.072,3.029,4.524,4.489,4.681,4.8,4.858,4.909,4.987,4.97,5.046,5.115,5.21,5.241,5.25,5.206,5.037,5.071,4.932,5.112,5.169,5.182,5.113,4.92,4.892,4.78,4.945,5.101,5.117,5.153,4.954,5.024,5.107,3.878,3.853,3.875,3.806,3.685,3.758,3.793,3.807,3.783,3.649,3.424,3.107,3.047,3.258,3.353,3.439,3.488,3.563,3.444,3.52,3.599,3.628,3.678,3.601,3.499,3.262,3.271,3.319,3.33,3.248,3.441,3.378,3.271,3.305,3.284,3.429,3.527,3.585,3.54,3.42,3.594,3.658,3.665,3.63,3.677,3.671,3.483,3.511,3.652,3.731,3.755,3.848,3.751,3.578,3.708,3.781,3.772,3.735,3.808,3.863,3.733
Guntur_256,4.864,4.898,4.99,5.002,4.817,4.844,4.95,4.956,4.857,4.803,4.891,4.892,4.952,4.864,4.723,4.697,4.916,4.894,4.696,4.896,4.932,4.822,4.876,4.994,5.048,4.817,4.972,5.045,5.083,5.118,5.076,5.601,5.333,5.503,5.646,5.646,5.642,5.705,5.508,5.387,5.48,5.505,5.562,5.759,5.75,5.806,5.563,5.699,5.816,5.792,5.666,5.469,5.516,5.371,5.551,5.65,5.711,5.643,5.609,5.546,4.754,4.89,4.944,4.866,4.789,4.819,4.884,4.741,4.705,4.363,4.533,4.809,4.839,4.807,4.623,4.784,4.936,4.915,5.448,5.368,5.178,5.095,5.005,5.208,5.393,5.453,5.431,5.402,5.234,5.097,5.086,5.671,5.797,5.837,5.8,5.575,5.855,5.883,5.853,5.891,5.936,5.825,5.687,6.01,5.9,5.858,5.687,5.645,5.591,5.403,5.741,5.771,5.629,5.718,5.778,5.722,5.611,5.818,5.824,5.834,5.734,5.043,5.055,4.981,5.127,5.107,5.17,5.307,5.301,5.268,5.059,4.978,5.02,5.002,4.961,4.989,4.931,4.947,4.631,4.849,4.995,4.84,4.775,4.9,4.977,4.758,4.871,4.954,5.096,5.081,4.966,4.85,5.421,5.49,5.475,5.625,5.582,5.616,5.51,5.858,5.963,6.04,5.966,5.982,5.808,5.609,5.892,5.887,5.979,6.061,5.937,5.898,5.67,5.995,6.15,6.073,6.072,5.865,5.74,5.566,5.829,6.12,0.0,0.0,0.0,0.0,0.0,0.0,0.0,0.0,0.0,0.0,0.0,0.0,0.0,0.0,0.0,0.0,0.0,0.0,0.0,0.0,0.0,0.0,0.0,0.0,0.0,0.0,0.0,0.0,0.0,0.0,0.0,0.0,0.0,0.0,0.0,0.0,0.0,0.0,0.0,0.0,0.0,0.0,0.0,0.0,0.0,0.0,0.0,0.0,0.0,0.0,0.0,0.0,0.0,0.0,0.0,0.0,0.0,0.0,0.0,0.0,0.0,0.0,4.025,4.039,4.041,4.119,4.151,3.933,3.976,4.086,4.269,4.209,4.154,4.021,3.899,3.942,4.008,4.065,3.988,3.959,4.065,3.887,3.956,3.902,3.833,3.955,3.974,3.798,3.672,3.955,4.039,4.006,6.287,6.247,6.432,6.231,6.348,6.538,6.756,6.849,6.851,6.649,6.282,6.347,6.446,6.169,6.276,6.347,6.489,6.321,6.469,6.476,6.451,6.328,6.169,6.16,5.846,5.964,6.272,6.395,6.538,6.661,6.608,4.98,5.153,5.209,5.191,5.139,5.255,5.178,4.97,5.072,5.054,5.019,5.107,5.013,4.564,4.434,4.466,4.76,4.897,4.98,5.018,4.978,4.894,5.133,5.112,4.972,4.684,4.695,4.787,4.872,5.042,4.799,4.869,4.819,4.866,4.836,4.627,4.72,4.801,4.715,4.791,4.832,4.739,4.612,4.743,4.871,4.876,4.921,4.99,4.906,4.836,4.966,5.089,5.154,5.077,5.069,5.148,4.953,5.101,5.156,5.128,5.128,4.79,4.651,4.489,4.612,4.649,4.667,4.604,4.659,4.569,4.552,4.737,4.762,4.746,4.69,4.699,4.793,4.735,4.785,4.945,5.043,5.13,5.103,5.025,4.849,4.892,4.724,4.849,4.91,5.003,4.992,4.846,4.988,5.049,5.089,4.996,5.014,4.977,4.838,4.891,5.005,5.099,5.123,5.125,5.102,4.981,5.061,5.061,5.043,4.998,4.942,4.943,4.861,5.05,5.133,5.209,5.226,5.261,5.236,5.153,4.813,4.837,4.821,4.803,4.911,4.883,4.693,4.803,4.895,4.947,4.896,4.728,4.642,4.64,4.813,4.848,4.922,4.994,4.979,4.926,4.77,4.821,4.701,4.813,4.89,4.822,4.847,4.665,4.398,4.471,4.679,4.827,4.951,4.99,4.883,5.013,5.012,5.016,5.133,5.083,5.072,4.889,5.047,5.08,4.891,4.913,4.953,4.833,4.799,4.894,4.986,4.827,4.731,4.683,4.756,4.661,4.837,4.909,4.888,4.909,4.88,3.524,3.458,3.479,3.495,3.428,3.467,3.541,3.516,3.44,3.507,3.422,3.31,3.214,3.323,3.299,3.052,3.069,2.998,3.005,2.983,3.025,3.13,3.194,3.267,3.215,3.154,3.167,3.287,3.365,3.174,3.332,2.655,2.858,2.914,2.923,2.853,2.721,2.804,2.759,2.751,2.691,2.602,2.596,2.47,2.692,2.705,2.775,2.793,2.813,2.694,2.557,2.77,2.875,3.033,2.913,2.901,2.821,2.889,3.104,3.209,3.141,2.116,2.043,2.049,2.074,2.192,2.233,2.217,2.175,2.143,2.182,2.036,2.014,1.992,1.965,1.999,2.095,2.114,1.918,1.772,1.774,1.737,1.789,1.884,1.844,1.815,1.874,1.857,1.749,1.783,1.774,1.747,6.4,6.989,7.183,7.301,7.553,7.66,7.91,7.861,8.014,8.027,8.041,8.154,8.223,8.018,7.814,7.347,8.372,8.233,8.016,7.957,7.803,7.47,7.788,7.842,7.879,7.946,8.054,7.982,7.693,7.824,7.774,0.0,0.0,0.0,0.0,0.0,0.0,0.0,0.0,0.0,0.0,0.0,0.0,0.0,0.0,0.0,0.0,0.0,0.0,0.0,0.0,0.0,0.0,0.0,0.0,0.0,0.0,0.0,0.0,0.0,0.0,2.302,2.219,2.165,2.265,2.314,2.36,2.361,2.384,2.35,2.276,2.384,2.409,2.413,2.379,2.304,2.334,2.212,2.159,2.254,2.275,2.261,2.247,2.276,2.138,2.225,2.244,2.239,2.222,2.251,2.228,2.193,4.089,4.088,4.043,3.735,3.618,3.869,3.793,3.998,4.106,4.25,4.134,4.223,4.192,4.123,4.178,4.171,4.219,4.256,4.148,4.151,3.973,4.202,4.266,4.291,4.252,4.22,4.162,3.936,4.01,4.028,3.748,3.642,3.714,3.722,3.643,3.764,3.839,3.828,3.87,3.811,3.777,3.621,3.799,3.925,3.913,3.876,3.856,3.85,3.657,3.92,4.037,4.107,4.148,4.178,4.136,4.012,4.097,4.013,3.916,3.875,3.942,4.873,4.687,4.951,5.087,5.164,5.066,5.045,4.87,4.651,4.806,4.833,4.857,4.953,4.86,4.737,4.735,4.961,5.115,5.119,5.094,5.14,4.866,4.787,5.053,5.083,4.922,5.006,5.078,5.098,5.093,5.187,3.573,3.587,3.45,3.509,3.551,3.5,3.562,3.661,3.595,3.519,3.539,3.53,3.487,3.51,3.534,3.585,3.554,3.573,3.541,3.482,3.572,3.561,3.566,3.666,3.589,3.531,3.399,3.549,4.156,4.071,4.047,4.16,4.227,4.124,4.108,4.138,4.179,4.253,4.308,4.298,4.193,4.287,4.315,4.373,4.357,4.115,4.144,4.225,4.345,4.381,4.405,4.445,4.427,4.397,4.26,4.34,4.381,4.462,4.489,5.198,5.192,5.031,5.21,5.264,5.167,5.249,5.219,5.238,5.073,5.175,5.25,5.261,5.21,5.156,5.23,4.991,5.127,5.217,5.178,5.198,5.21,5.204,5.039,5.215,5.277,5.331,5.296,5.248,5.112,4.558,4.67,4.654,4.765,4.76,4.886,4.856,4.638,4.71,4.637,4.658,4.652,4.608,4.563,4.438,4.618,4.728,4.861,4.814,4.613,4.207,3.909,3.862,4.204,4.518,4.546,4.478,4.439,4.401,4.648,4.715,3.525,3.561,3.557,3.517,3.431,3.525,3.549,3.474,3.441,3.525,3.489,3.388,3.554,3.604,3.508,3.429,3.38,3.298,3.062,3.071,3.096,3.343,3.473,3.432,3.364,3.266,3.456,3.505,3.365,3.133,3.1,3.153,3.073,3.303,3.318,3.314,3.325,3.262,3.125,2.928,3.039,3.046,3.094,3.048,3.055,3.062,2.929,3.151,3.2,3.143,2.95,3.039,2.961,2.752,2.961,3.155,3.191,3.166,3.222,3.117,2.932,2.859,2.932,3.053,3.05,2.944,2.857,2.718,2.785,2.782,2.78,2.62,2.763,2.867,2.673,2.535,2.715,2.871,2.97,2.934,2.897,2.772,2.923,2.997,2.97,3.019,3.118,3.016,2.888,3.097,3.178,3.157,3.268,3.299,3.282,3.089,3.247,3.298,3.311,3.267,3.182,3.101,2.896,2.942,2.955,2.956,2.911,2.766,2.86,2.881,3.044,3.038,3.001,2.876,2.83,2.793,2.802,3.05,3.074,3.064,3.107,3.116,4.014,3.835,4.069,4.192,3.973,4.031,4.011,4.034,3.9,4.024,3.987,4.055,4.059,4.026,3.967,3.83,4.136,4.176,4.183,4.169,4.116,4.007,3.768,3.554,3.479,3.728,3.934,4.015,4.035,3.924,3.965,4.142,4.195,4.159,4.226,4.211,4.124,4.184,4.217,4.218,4.216,4.22,4.094,3.994,4.024,4.131,4.193,4.224,4.261,4.275,4.109,4.259,4.319,4.309,4.307,4.309,4.313,4.218,4.326,4.273,4.278,3.229,3.277,3.282,3.167,3.235,3.309,3.348,3.267,3.243,3.118,3.035,3.195,3.2,3.22,3.279,3.345,3.37,3.295,3.424,3.435,3.409,3.423,3.479,3.457,3.338,3.405,3.47,3.525,3.538,3.497,3.46,3.565,3.661,3.647,3.585,3.63,3.657,3.678,3.645,3.704,3.709,3.743,3.752,3.774,3.64,3.495,3.594,3.666,3.736,3.703,3.749,3.705,3.597,3.624,3.689,3.661,3.421,3.532,3.637,3.544,3.591,3.595,3.363,3.409,3.518,3.508,3.427,3.45,3.509,3.596,3.547,3.553,3.569,3.404,3.566,3.625,3.579,3.571,3.619,3.595,3.501,3.599,3.632,3.62,3.681,3.711,3.638,3.561,3.714,3.675,4.944,4.962,5.064,5.016,4.82,4.917,4.643,4.531,4.702,4.974,5.032,4.905,5.161,5.186,5.173,5.061,4.782,4.523,4.199,4.521,4.696,4.82,4.918,4.946,5.061,4.868,5.053,5.112,5.138,5.113,4.919,4.213,4.158,4.339,4.52,4.536,4.564,4.632,4.529,4.413,4.597,4.689,4.723,4.781,4.733,4.688,4.517,4.636,4.762,4.714,4.654,4.559,4.434,4.075,4.336,4.54,4.545,4.585,4.579,4.406,4.019,3.994,4.148,4.32,4.329,4.466,4.531,4.363,4.542,4.691,4.744,4.816,4.781,4.711,4.463,4.547,4.718,4.84,4.722,4.934,4.88,4.707,4.831,4.865,4.561,4.342,4.16,4.276,4.451,4.666,4.747,4.64,4.513,4.596,4.778,4.43,4.652,4.7,4.799,4.863,4.824,4.641,4.443,4.625,4.602,4.517,4.578,4.702,4.616,4.396,4.539,4.567,4.642,4.671,4.663,4.515,4.137,4.157,4.283,4.239,4.133,4.04,4.586,4.544,4.855,4.882,4.759,4.594,4.669,4.508,4.458,4.834,4.836,4.918,4.845,4.812,4.717,4.587,4.747,4.717,4.608,4.734,4.787,4.566,4.343,4.594,4.633,4.433,4.332,4.214,4.09,4.121,4.393,0.0,0.0,0.0,0.0,0.0,0.0,0.0,0.0,0.0,0.0,0.0,0.0,0.0,0.0,0.0,0.0,0.0,0.0,0.0,0.0,0.0,0.0,0.0,0.0,0.0,0.0,0.0,0.0,0.0,0.0,0.0,4.928,4.841,4.691,4.611,4.703,4.629,4.373,4.301,4.236,4.037,4.269,4.458,4.603,4.781,4.634,4.354,4.027,4.152,4.248,4.407,4.466,4.39,4.212,3.91,4.173,4.383,4.446,4.44,4.492,4.43,4.358,4.325,4.51,4.624,4.68,4.729,4.805,4.788,4.861,4.928,5.02,5.049,5.057,5.015,4.853,4.886,4.751,4.925,4.979,4.992,4.925,4.74,4.712,4.605,4.764,4.914,4.93,4.964,4.773,4.84,4.92,3.871,3.846,3.868,3.799,3.678,3.752,3.786,3.8,3.776,3.643,3.418,3.102,3.041,3.252,3.347,3.433,3.482,3.557,3.438,3.513,3.593,3.622,3.672,3.594,3.493,3.256,3.265,3.313,3.324,3.243,3.253,3.193,3.092,3.124,3.104,3.242,3.334,3.388,3.346,3.233,3.397,3.458,3.464,3.431,3.476,3.47,3.293,3.319,3.452,3.526,3.55,3.637,3.546,3.382,3.505,3.574,3.565,3.53,3.599,3.651,3.528,4.285,4.363,4.476,4.472,4.486,4.37,4.18,4.323,4.318,4.394,4.42,4.484,4.547,4.343,4.381,4.531,4.577,4.581,4.603,4.636,4.536,4.551,4.616,4.587,4.279,3.999,4.128,4.25,4.142,4.197,4.202,3.698,3.748,3.868,3.857,3.768,3.793,3.859,3.954,3.9,3.906,3.924,3.742,3.921,3.986,3.935,3.926,3.979,3.953,3.849,3.957,3.994,3.98,4.047,4.08,3.999,3.915,4.083,4.04,3.569,4.095,4.11,4.195,4.154,3.992,4.073,3.846,3.753,3.895,4.12,4.168,4.062,4.275,4.296,4.285,4.192,3.961,3.746,3.478,3.745,3.89,3.993,4.074,4.096,4.192,4.032,4.185,4.234,4.256,4.235,4.074,3.716,3.667,3.826,3.986,4.0,4.025,4.085,3.994,3.892,4.055,4.135,4.166,4.217,4.175,4.135,3.984,4.089,4.2,4.158,4.105,4.021,3.911,3.594,3.824,4.004,4.008,4.044,4.038,3.886,3.544,4.164,4.325,4.504,4.514,4.656,4.724,4.549,4.736,4.891,4.946,5.021,4.985,4.912,4.653,4.741,4.919,5.046,4.923,5.144,5.088,4.907,5.037,5.072,4.755,4.527,4.337,4.458,4.641,4.865,4.95,4.838,4.513,4.596,4.778,4.43,4.652,4.7,4.799,4.863,4.824,4.641,4.443,4.625,4.602,4.517,4.578,4.702,4.616,4.396,4.539,4.567,4.642,4.671,4.663,4.515,4.137,4.157,4.283,4.239,4.133,4.04,4.419,4.378,4.677,4.704,4.585,4.426,4.498,4.344,4.295,4.657,4.66,4.738,4.668,4.636,4.545,4.419,4.574,4.545,4.44,4.561,4.612,4.399,4.185,4.426,4.464,4.271,4.174,4.06,3.941,3.97,4.233,3.164,3.117,3.159,3.273,3.364,3.179,3.217,3.335,3.431,3.507,3.636,3.496,3.391,3.529,3.466,3.616,3.651,3.621,3.531,3.506,3.62,3.648,3.482,3.458,3.566,3.575,3.492,3.574,3.746,3.81,3.846,2.687,2.64,2.558,2.514,2.564,2.524,2.385,2.345,2.31,2.201,2.328,2.431,2.51,2.607,2.527,2.374,2.196,2.264,2.316,2.403,2.435,2.394,2.297,2.132,2.276,2.39,2.425,2.421,2.449,2.416,4.358,4.325,4.51,4.624,4.68,4.729,4.805,4.788,4.861,4.928,5.02,5.049,5.057,5.015,4.853,4.886,4.751,4.925,4.979,4.992,4.925,4.74,4.712,4.605,4.764,4.914,4.93,4.964,4.773,4.84,4.92,3.871,3.846,3.868,3.799,3.678,3.752,3.786,3.8,3.776,3.643,3.418,3.102,3.041,3.252,3.347,3.433,3.482,3.557,3.438,3.513,3.593,3.622,3.672,3.594,3.493,3.256,3.265,3.313,3.324,3.243,3.253,3.193,3.092,3.124,3.104,3.242,3.334,3.388,3.346,3.233,3.397,3.458,3.464,3.431,3.476,3.47,3.293,3.319,3.452,3.526,3.55,3.637,3.546,3.382,3.505,3.574,3.565,3.53,3.599,3.651,3.528
Guntur_257,3.962,3.989,4.065,4.075,3.923,3.946,4.032,4.037,3.956,3.912,3.983,3.985,4.034,3.962,3.847,3.826,4.004,3.987,3.825,3.988,4.017,3.927,3.972,4.068,4.112,3.924,4.05,4.109,4.141,4.168,4.134,5.431,5.17,5.336,5.474,5.474,5.47,5.531,5.341,5.223,5.313,5.337,5.393,5.584,5.574,5.629,5.393,5.526,5.639,5.616,5.493,5.303,5.348,5.207,5.382,5.477,5.537,5.471,5.439,5.377,5.85,6.017,6.083,5.988,5.893,5.93,6.01,5.834,5.79,5.369,5.579,5.918,5.954,5.916,5.688,5.887,6.074,6.048,6.704,6.606,6.372,6.27,6.159,6.409,6.636,6.71,6.683,6.648,6.441,6.273,6.259,6.434,6.576,6.621,6.579,6.324,6.642,6.674,6.64,6.683,6.733,6.608,6.451,6.818,6.693,6.645,6.452,6.404,6.342,6.129,6.512,6.547,6.385,6.487,6.554,6.491,6.365,6.6,6.607,6.619,6.504,4.945,4.957,4.884,5.027,5.008,5.07,5.204,5.198,5.166,4.961,4.882,4.923,4.905,4.865,4.893,4.836,4.851,4.541,4.755,4.898,4.747,4.682,4.805,4.88,4.665,4.776,4.858,4.997,4.983,4.869,4.756,2.845,2.881,2.873,2.951,2.929,2.947,2.891,3.074,3.129,3.169,3.13,3.139,3.047,2.943,3.092,3.089,3.137,3.18,3.115,3.095,2.975,3.146,3.227,3.187,3.186,3.078,3.012,2.921,3.058,3.211,0.0,0.0,0.0,0.0,0.0,0.0,0.0,0.0,0.0,0.0,0.0,0.0,0.0,0.0,0.0,0.0,0.0,0.0,0.0,0.0,0.0,0.0,0.0,0.0,0.0,0.0,0.0,0.0,0.0,0.0,0.0,0.0,0.0,0.0,0.0,0.0,0.0,0.0,0.0,0.0,0.0,0.0,0.0,0.0,0.0,0.0,0.0,0.0,0.0,0.0,0.0,0.0,0.0,0.0,0.0,0.0,0.0,0.0,0.0,0.0,0.0,0.0,4.025,4.039,4.041,4.119,4.151,3.933,3.976,4.086,4.269,4.209,4.154,4.021,3.899,3.942,4.008,4.065,3.988,3.959,4.065,3.887,3.956,3.902,3.833,3.955,3.974,3.798,3.672,3.955,4.039,4.006,7.612,7.564,7.787,7.544,7.686,7.916,8.179,8.293,8.295,8.05,7.606,7.685,7.804,7.47,7.599,7.684,7.856,7.653,7.833,7.841,7.81,7.661,7.469,7.458,7.078,7.221,7.593,7.742,7.916,8.065,8.001,3.671,3.799,3.84,3.827,3.788,3.874,3.817,3.664,3.739,3.726,3.7,3.764,3.696,3.364,3.268,3.293,3.509,3.61,3.671,3.699,3.67,3.608,3.784,3.768,3.665,3.453,3.461,3.529,3.591,3.717,5.024,5.098,5.045,5.094,5.063,4.845,4.941,5.026,4.936,5.016,5.059,4.962,4.829,4.966,5.1,5.105,5.152,5.224,5.136,5.064,5.2,5.328,5.396,5.315,5.308,5.39,5.185,5.341,5.398,5.369,5.369,5.967,5.793,5.592,5.745,5.791,5.813,5.735,5.804,5.691,5.67,5.9,5.932,5.911,5.842,5.853,5.971,5.898,5.961,6.16,6.282,6.39,6.357,6.259,6.04,6.094,5.885,6.04,6.116,6.232,6.219,6.036,4.994,5.056,5.096,5.002,5.021,4.984,4.844,4.897,5.011,5.106,5.129,5.132,5.108,4.987,5.068,5.068,5.05,5.005,4.948,4.95,4.867,5.057,5.139,5.216,5.233,5.268,5.243,5.16,4.95,4.976,4.959,4.941,5.051,5.023,4.827,4.94,5.035,5.088,5.036,4.863,4.774,4.772,4.95,4.987,5.063,5.137,5.121,5.067,4.907,4.959,4.835,4.951,5.03,4.96,4.985,4.798,4.523,4.598,4.813,5.166,5.299,5.34,5.226,5.365,5.364,5.368,5.493,5.44,5.428,5.233,5.402,5.436,5.235,5.258,5.301,5.172,5.136,5.238,5.336,5.166,5.064,5.011,5.09,4.988,5.176,5.254,5.232,5.254,5.223,3.899,3.826,3.849,3.868,3.793,3.837,3.918,3.89,3.806,3.881,3.786,3.663,3.557,3.677,3.65,3.378,3.396,3.318,3.326,3.301,3.347,3.463,3.534,3.615,3.557,3.49,3.504,3.637,3.724,3.512,3.687,3.845,4.14,4.221,4.233,4.133,3.941,4.061,3.996,3.984,3.898,3.769,3.76,3.577,3.9,3.919,4.019,4.045,4.074,3.901,3.703,4.012,4.164,4.392,4.22,4.201,4.085,4.184,4.497,4.648,4.549,2.663,2.571,2.578,2.61,2.758,2.81,2.79,2.737,2.696,2.745,2.561,2.534,2.506,2.473,2.515,2.636,2.659,2.413,2.23,2.232,2.186,2.251,2.37,2.32,2.283,2.358,2.337,2.2,2.243,2.231,2.198,6.368,6.954,7.147,7.264,7.515,7.621,7.869,7.821,7.973,7.986,8.0,8.113,8.181,7.978,7.774,7.31,8.329,8.191,7.975,7.916,7.764,7.432,7.749,7.802,7.839,7.905,8.013,7.941,7.654,7.784,7.734,0.0,0.0,0.0,0.0,0.0,0.0,0.0,0.0,0.0,0.0,0.0,0.0,0.0,0.0,0.0,0.0,0.0,0.0,0.0,0.0,0.0,0.0,0.0,0.0,0.0,0.0,0.0,0.0,0.0,0.0,4.527,4.364,4.257,4.453,4.55,4.64,4.642,4.688,4.621,4.474,4.687,4.736,4.744,4.677,4.531,4.589,4.348,4.245,4.431,4.473,4.445,4.418,4.476,4.205,4.376,4.413,4.402,4.37,4.426,4.382,4.311,4.664,4.664,4.612,4.26,4.126,4.413,4.327,4.561,4.684,4.848,4.716,4.817,4.781,4.703,4.766,4.758,4.812,4.854,4.732,4.735,4.532,4.793,4.866,4.895,4.851,4.814,4.747,4.49,4.574,4.595,4.62,4.489,4.579,4.588,4.49,4.64,4.732,4.719,4.77,4.697,4.656,4.463,4.683,4.838,4.824,4.777,4.753,4.746,4.508,4.832,4.976,5.062,5.113,5.15,5.099,4.946,5.051,4.947,4.827,4.777,4.86,4.974,4.784,5.053,5.192,5.271,5.171,5.15,4.971,4.747,4.905,4.933,4.957,5.056,4.96,4.835,4.833,5.064,5.221,5.224,5.199,5.246,4.967,4.886,5.158,5.189,5.024,5.11,5.183,5.204,5.199,5.294,4.395,4.413,4.243,4.317,4.368,4.306,4.382,4.503,4.422,4.329,4.353,4.342,4.29,4.318,4.347,4.41,4.372,4.395,4.356,4.284,4.394,4.381,4.387,4.51,4.414,4.343,4.181,4.366,4.694,4.598,4.571,4.699,4.774,4.658,4.639,4.673,4.719,4.803,4.866,4.854,4.735,4.841,4.873,4.939,4.921,4.647,4.681,4.772,4.907,4.948,4.976,5.021,4.999,4.966,4.812,4.901,4.948,5.039,5.069,5.641,5.635,5.46,5.654,5.712,5.607,5.696,5.664,5.685,5.505,5.616,5.698,5.709,5.654,5.595,5.676,5.417,5.564,5.662,5.62,5.641,5.654,5.647,5.469,5.66,5.727,5.785,5.747,5.696,5.548,4.335,4.442,4.426,4.532,4.527,4.647,4.618,4.412,4.479,4.41,4.43,4.424,4.383,4.34,4.221,4.392,4.497,4.623,4.578,4.387,4.001,3.718,3.673,3.999,4.297,4.324,4.259,4.222,4.186,4.42,4.484,3.525,3.561,3.557,3.517,3.431,3.525,3.549,3.474,3.441,3.525,3.489,3.388,3.554,3.604,3.508,3.429,3.38,3.298,3.062,3.071,3.096,3.343,3.473,3.432,3.364,3.266,3.456,3.505,3.365,3.133,3.1,3.153,3.073,3.303,3.318,3.314,3.325,3.262,3.125,2.928,3.039,3.046,3.094,3.048,3.055,3.062,2.929,3.151,3.2,3.143,2.95,3.039,2.961,2.752,2.961,3.155,3.191,3.166,3.222,3.117,2.932,2.583,2.649,2.758,2.756,2.66,2.581,2.455,2.516,2.513,2.512,2.367,2.496,2.591,2.415,2.29,2.453,2.594,2.683,2.651,2.618,2.505,2.641,2.707,2.683,2.728,2.817,2.725,2.609,2.798,2.871,2.852,4.969,5.017,4.991,4.698,4.938,5.015,5.036,4.968,4.839,4.716,4.404,4.474,4.493,4.496,4.427,4.207,4.35,4.382,4.628,4.621,4.564,4.373,4.304,4.247,4.261,4.639,4.675,4.659,4.726,4.738,4.481,4.281,4.542,4.679,4.436,4.5,4.478,4.504,4.354,4.492,4.451,4.527,4.532,4.494,4.429,4.276,4.617,4.662,4.67,4.655,4.595,4.473,4.207,3.967,3.884,4.162,4.392,4.482,4.505,4.381,4.427,4.21,4.264,4.227,4.295,4.28,4.192,4.253,4.286,4.287,4.285,4.29,4.161,4.059,4.09,4.199,4.262,4.293,4.331,4.345,4.176,4.329,4.39,4.38,4.378,4.379,4.383,4.287,4.397,4.343,4.348,3.531,3.583,3.589,3.463,3.537,3.618,3.661,3.572,3.546,3.409,3.318,3.493,3.499,3.52,3.586,3.658,3.684,3.602,3.744,3.756,3.727,3.742,3.804,3.779,3.65,3.723,3.794,3.854,3.868,3.823,3.783,4.917,5.05,5.03,4.946,5.008,5.044,5.074,5.028,5.109,5.116,5.163,5.176,5.205,5.021,4.821,4.957,5.057,5.153,5.108,5.171,5.11,4.962,4.999,5.088,5.05,4.719,4.872,5.016,4.889,4.953,4.959,4.043,4.098,4.229,4.216,4.119,4.147,4.218,4.322,4.263,4.27,4.29,4.091,4.286,4.357,4.302,4.292,4.35,4.322,4.208,4.326,4.366,4.352,4.424,4.46,4.372,4.28,4.464,4.417,6.064,6.086,6.211,6.152,5.911,6.031,5.695,5.557,5.767,6.101,6.172,6.016,6.33,6.361,6.345,6.207,5.865,5.547,5.15,5.545,5.76,5.912,6.032,6.066,6.207,5.97,6.197,6.27,6.302,6.271,6.033,4.798,4.735,4.941,5.147,5.165,5.197,5.274,5.157,5.026,5.235,5.339,5.378,5.444,5.39,5.339,5.144,5.28,5.423,5.368,5.3,5.192,5.05,4.64,4.938,5.17,5.175,5.221,5.214,5.018,4.576,5.021,5.215,5.43,5.443,5.615,5.696,5.485,5.71,5.898,5.964,6.054,6.011,5.923,5.61,5.716,5.931,6.085,5.937,6.203,6.136,5.917,6.074,6.116,5.734,5.459,5.229,5.375,5.596,5.866,5.968,5.834,5.018,5.111,5.313,4.926,5.173,5.226,5.336,5.407,5.364,5.161,4.94,5.143,5.117,5.023,5.091,5.228,5.133,4.888,5.047,5.078,5.162,5.194,5.185,5.02,4.6,4.623,4.763,4.714,4.595,4.492,5.873,5.819,6.217,6.253,6.094,5.883,5.979,5.774,5.709,6.19,6.194,6.298,6.204,6.163,6.041,5.874,6.08,6.041,5.901,6.063,6.13,5.847,5.562,5.883,5.934,5.677,5.548,5.396,5.238,5.277,5.626,0.0,0.0,0.0,0.0,0.0,0.0,0.0,0.0,0.0,0.0,0.0,0.0,0.0,0.0,0.0,0.0,0.0,0.0,0.0,0.0,0.0,0.0,0.0,0.0,0.0,0.0,0.0,0.0,0.0,0.0,0.0,5.63,5.53,5.36,5.268,5.373,5.289,4.996,4.914,4.84,4.612,4.878,5.093,5.259,5.462,5.294,4.975,4.601,4.744,4.853,5.035,5.103,5.015,4.813,4.467,4.768,5.007,5.08,5.072,5.132,5.061,5.728,5.684,5.927,6.077,6.151,6.216,6.315,6.293,6.389,6.477,6.597,6.637,6.647,6.591,6.378,6.421,6.245,6.473,6.544,6.561,6.474,6.23,6.194,6.052,6.261,6.459,6.479,6.525,6.273,6.361,6.467,4.875,4.844,4.872,4.785,4.632,4.725,4.768,4.786,4.756,4.587,4.305,3.906,3.83,4.096,4.216,4.324,4.385,4.479,4.329,4.425,4.525,4.561,4.624,4.527,4.399,4.1,4.112,4.172,4.186,4.084,4.596,4.512,4.369,4.414,4.386,4.581,4.711,4.788,4.728,4.568,4.801,4.886,4.896,4.848,4.911,4.903,4.653,4.69,4.878,4.983,5.016,5.14,5.011,4.779,4.952,5.05,5.038,4.989,5.086,5.16,4.986,5.499,5.598,5.743,5.738,5.757,5.608,5.364,5.547,5.541,5.638,5.672,5.754,5.834,5.573,5.622,5.815,5.873,5.878,5.906,5.949,5.821,5.84,5.923,5.887,5.49,5.131,5.297,5.454,5.315,5.385,5.392,3.477,3.524,3.637,3.626,3.543,3.566,3.628,3.718,3.667,3.673,3.69,3.519,3.686,3.748,3.7,3.692,3.741,3.717,3.62,3.721,3.755,3.743,3.805,3.836,3.761,3.681,3.84,3.799,3.356,4.739,4.757,4.854,4.808,4.62,4.713,4.451,4.343,4.507,4.768,4.824,4.701,4.947,4.971,4.958,4.851,4.583,4.335,4.025,4.334,4.501,4.621,4.714,4.741,4.851,4.666,4.843,4.9,4.925,4.901,4.715,4.778,4.716,4.921,5.126,5.144,5.176,5.253,5.136,5.005,5.214,5.318,5.357,5.422,5.368,5.317,5.123,5.258,5.401,5.346,5.279,5.171,5.029,4.621,4.918,5.149,5.154,5.2,5.193,4.998,4.558,4.698,4.879,5.08,5.092,5.253,5.329,5.132,5.342,5.518,5.579,5.664,5.623,5.541,5.249,5.348,5.549,5.693,5.554,5.803,5.74,5.536,5.682,5.722,5.364,5.107,4.892,5.029,5.236,5.488,5.584,5.458,5.018,5.111,5.313,4.926,5.173,5.226,5.336,5.407,5.364,5.161,4.94,5.143,5.117,5.023,5.091,5.228,5.133,4.888,5.047,5.078,5.162,5.194,5.185,5.02,4.6,4.623,4.763,4.714,4.595,4.492,4.985,4.938,5.277,5.307,5.172,4.993,5.074,4.9,4.846,5.253,5.257,5.345,5.265,5.23,5.127,4.985,5.16,5.127,5.008,5.145,5.202,4.963,4.721,4.993,5.036,4.818,4.709,4.58,4.445,4.478,4.775,4.936,4.863,4.928,5.107,5.248,4.961,5.02,5.203,5.352,5.471,5.673,5.455,5.291,5.506,5.408,5.642,5.696,5.65,5.508,5.471,5.647,5.692,5.433,5.396,5.563,5.578,5.448,5.576,5.844,5.944,6.0,4.513,4.433,4.296,4.223,4.307,4.239,4.004,3.939,3.879,3.697,3.909,4.082,4.215,4.378,4.243,3.987,3.687,3.802,3.89,4.036,4.09,4.02,3.857,3.58,3.821,4.013,4.072,4.065,4.113,4.056,5.728,5.684,5.927,6.077,6.151,6.216,6.315,6.293,6.389,6.477,6.597,6.637,6.647,6.591,6.378,6.421,6.245,6.473,6.544,6.561,6.474,6.23,6.194,6.052,6.261,6.459,6.479,6.525,6.273,6.361,6.467,4.875,4.844,4.872,4.785,4.632,4.725,4.768,4.786,4.756,4.587,4.305,3.906,3.83,4.096,4.216,4.324,4.385,4.479,4.329,4.425,4.525,4.561,4.624,4.527,4.399,4.1,4.112,4.172,4.186,4.084,4.596,4.512,4.369,4.414,4.386,4.581,4.711,4.788,4.728,4.568,4.801,4.886,4.896,4.848,4.911,4.903,4.653,4.69,4.878,4.983,5.016,5.14,5.011,4.779,4.952,5.05,5.038,4.989,5.086,5.16,4.986
Guntur_258,6.782,6.829,6.958,6.975,6.716,6.754,6.901,6.91,6.772,6.696,6.819,6.822,6.905,6.782,6.585,6.549,6.854,6.824,6.548,6.827,6.876,6.723,6.798,6.963,7.038,6.717,6.933,7.034,7.088,7.135,7.077,6.507,6.195,6.393,6.559,6.56,6.554,6.627,6.399,6.259,6.366,6.396,6.462,6.691,6.68,6.745,6.463,6.621,6.757,6.729,6.582,6.354,6.408,6.239,6.449,6.563,6.635,6.555,6.517,6.443,8.067,8.297,8.389,8.257,8.127,8.177,8.287,8.044,7.984,7.404,7.693,8.161,8.211,8.158,7.844,8.117,8.376,8.341,9.245,9.109,8.787,8.646,8.493,8.837,9.151,9.252,9.216,9.167,8.882,8.65,8.631,8.138,8.318,8.376,8.322,7.999,8.402,8.443,8.399,8.454,8.517,8.359,8.16,8.625,8.467,8.406,8.161,8.101,8.022,7.753,8.238,8.281,8.077,8.206,8.291,8.211,8.051,8.348,8.357,8.372,8.228,5.589,5.602,5.52,5.682,5.66,5.729,5.882,5.875,5.838,5.607,5.517,5.564,5.543,5.498,5.529,5.465,5.483,5.132,5.374,5.535,5.364,5.291,5.43,5.515,5.273,5.398,5.49,5.647,5.631,5.503,5.375,5.227,5.294,5.279,5.423,5.382,5.416,5.313,5.648,5.75,5.824,5.752,5.768,5.6,5.409,5.681,5.676,5.765,5.844,5.724,5.688,5.467,5.781,5.93,5.856,5.855,5.656,5.535,5.367,5.62,5.901,0.0,0.0,0.0,0.0,0.0,0.0,0.0,0.0,0.0,0.0,0.0,0.0,0.0,0.0,0.0,0.0,0.0,0.0,0.0,0.0,0.0,0.0,0.0,0.0,0.0,0.0,0.0,0.0,0.0,0.0,0.0,0.0,0.0,0.0,0.0,0.0,0.0,0.0,0.0,0.0,0.0,0.0,0.0,0.0,0.0,0.0,0.0,0.0,0.0,0.0,0.0,0.0,0.0,0.0,0.0,0.0,0.0,0.0,0.0,0.0,0.0,0.0,5.921,5.941,5.944,6.059,6.106,5.785,5.848,6.011,6.28,6.191,6.11,5.915,5.735,5.798,5.896,5.98,5.866,5.823,5.98,5.717,5.82,5.74,5.639,5.818,5.846,5.586,5.402,5.818,5.941,5.892,7.274,7.228,7.442,7.21,7.345,7.564,7.816,7.925,7.927,7.693,7.269,7.344,7.458,7.138,7.262,7.343,7.508,7.313,7.485,7.493,7.464,7.321,7.137,7.128,6.764,6.9,7.257,7.399,7.565,7.707,7.646,5.803,6.006,6.07,6.05,5.989,6.124,6.035,5.792,5.911,5.89,5.849,5.951,5.843,5.318,5.167,5.205,5.547,5.707,5.804,5.848,5.801,5.704,5.982,5.957,5.794,5.459,5.471,5.578,5.677,5.876,6.388,6.482,6.414,6.477,6.437,6.159,6.282,6.39,6.276,6.377,6.432,6.309,6.139,6.313,6.484,6.49,6.551,6.642,6.53,6.438,6.611,6.774,6.86,6.758,6.748,6.853,6.593,6.79,6.863,6.826,6.826,7.528,7.308,7.055,7.247,7.305,7.333,7.234,7.321,7.179,7.152,7.443,7.484,7.457,7.37,7.384,7.532,7.441,7.52,7.771,7.925,8.061,8.02,7.896,7.619,7.688,7.424,7.62,7.715,7.861,7.845,7.615,6.434,6.513,6.565,6.445,6.468,6.421,6.241,6.309,6.456,6.578,6.608,6.612,6.581,6.425,6.529,6.529,6.506,6.447,6.375,6.377,6.27,6.514,6.621,6.72,6.742,6.786,6.754,6.647,7.867,7.907,7.881,7.852,8.028,7.982,7.671,7.851,8.001,8.086,8.003,7.728,7.588,7.584,7.867,7.925,8.045,8.163,8.139,8.053,7.798,7.88,7.684,7.867,7.993,7.883,7.923,7.625,7.189,7.307,7.648,7.23,7.415,7.473,7.313,7.508,7.506,7.512,7.688,7.613,7.595,7.323,7.559,7.607,7.326,7.357,7.418,7.238,7.188,7.33,7.467,7.229,7.086,7.013,7.124,6.981,7.244,7.352,7.321,7.352,7.309,6.237,6.121,6.158,6.187,6.068,6.137,6.268,6.223,6.089,6.208,6.057,5.859,5.69,5.882,5.839,5.403,5.432,5.307,5.32,5.281,5.355,5.54,5.654,5.782,5.69,5.583,5.605,5.819,5.957,5.618,5.897,5.707,6.144,6.263,6.282,6.133,5.849,6.027,5.93,5.912,5.785,5.593,5.579,5.308,5.787,5.815,5.964,6.003,6.046,5.79,5.496,5.954,6.179,6.518,6.262,6.235,6.063,6.21,6.673,6.898,6.75,12.805,12.363,12.399,12.551,13.266,13.514,13.418,13.162,12.967,13.203,12.319,12.185,12.054,11.893,12.097,12.676,12.789,11.603,10.722,10.735,10.513,10.826,11.4,11.157,10.981,11.339,11.238,10.582,10.788,10.732,10.569,6.368,6.954,7.147,7.264,7.515,7.621,7.869,7.821,7.973,7.986,8.0,8.113,8.181,7.978,7.774,7.31,8.329,8.191,7.975,7.916,7.764,7.432,7.749,7.802,7.839,7.905,8.013,7.941,7.654,7.784,7.734,0.0,0.0,0.0,0.0,0.0,0.0,0.0,0.0,0.0,0.0,0.0,0.0,0.0,0.0,0.0,0.0,0.0,0.0,0.0,0.0,0.0,0.0,0.0,0.0,0.0,0.0,0.0,0.0,0.0,0.0,8.694,8.38,8.176,8.552,8.737,8.911,8.914,9.003,8.873,8.593,9.0,9.094,9.11,8.981,8.701,8.813,8.35,8.153,8.51,8.59,8.536,8.484,8.595,8.075,8.403,8.474,8.453,8.392,8.5,8.414,8.279,6.251,6.25,6.181,5.71,5.531,5.915,5.799,6.112,6.277,6.498,6.32,6.456,6.408,6.303,6.388,6.377,6.45,6.506,6.342,6.346,6.074,6.424,6.522,6.56,6.501,6.452,6.362,6.017,6.13,6.158,6.25,6.073,6.194,6.207,6.075,6.277,6.401,6.384,6.453,6.354,6.299,6.038,6.335,6.545,6.526,6.463,6.43,6.42,6.099,6.537,6.732,6.848,6.916,6.967,6.898,6.691,6.833,6.692,6.53,6.462,6.574,8.33,8.012,8.463,8.695,8.827,8.659,8.624,8.324,7.949,8.214,8.261,8.301,8.467,8.306,8.097,8.094,8.48,8.743,8.749,8.707,8.786,8.317,8.183,8.637,8.689,8.413,8.557,8.679,8.714,8.706,8.865,6.898,6.925,6.659,6.774,6.855,6.757,6.877,7.067,6.94,6.794,6.831,6.814,6.732,6.776,6.822,6.921,6.861,6.897,6.837,6.722,6.896,6.875,6.884,7.078,6.928,6.816,6.561,6.851,7.901,7.739,7.693,7.908,8.035,7.839,7.808,7.865,7.943,8.084,8.189,8.169,7.97,8.148,8.202,8.313,8.282,7.821,7.878,8.032,8.259,8.327,8.374,8.45,8.414,8.358,8.098,8.249,8.327,8.481,8.532,7.175,7.167,6.944,7.192,7.266,7.132,7.245,7.203,7.23,7.002,7.143,7.247,7.262,7.191,7.117,7.219,6.89,7.077,7.202,7.148,7.175,7.192,7.183,6.955,7.199,7.284,7.358,7.31,7.244,7.057,5.872,6.017,5.996,6.138,6.132,6.295,6.256,5.976,6.068,5.974,6.001,5.993,5.937,5.879,5.718,5.949,6.092,6.262,6.202,5.943,5.42,5.036,4.976,5.417,5.82,5.857,5.769,5.719,5.67,5.988,6.075,6.349,6.413,6.405,6.333,6.179,6.349,6.391,6.255,6.197,6.347,6.284,6.101,6.4,6.49,6.317,6.176,6.086,5.94,5.514,5.53,5.576,6.02,6.254,6.181,6.058,5.882,6.225,6.313,6.061,5.643,5.583,5.678,5.534,5.949,5.975,5.968,5.987,5.875,5.629,5.273,5.473,5.486,5.571,5.489,5.502,5.513,5.275,5.675,5.762,5.66,5.313,5.473,5.332,4.956,5.332,5.682,5.747,5.702,5.803,5.614,5.28,6.624,6.792,7.073,7.067,6.821,6.619,6.297,6.451,6.445,6.442,6.071,6.4,6.643,6.193,5.873,6.29,6.653,6.881,6.799,6.713,6.423,6.773,6.943,6.88,6.995,7.224,6.988,6.691,7.175,7.362,7.315,8.714,8.797,8.752,8.238,8.658,8.795,8.831,8.711,8.485,8.271,7.723,7.846,7.879,7.884,7.763,7.377,7.628,7.683,8.116,8.103,8.003,7.669,7.547,7.448,7.472,8.135,8.197,8.17,8.287,8.308,7.315,6.988,7.415,7.638,7.241,7.346,7.31,7.352,7.107,7.332,7.266,7.39,7.398,7.336,7.23,6.98,7.537,7.61,7.623,7.598,7.501,7.302,6.867,6.476,6.341,6.794,7.169,7.316,7.354,7.151,7.226,7.692,7.791,7.724,7.849,7.821,7.659,7.771,7.832,7.834,7.83,7.838,7.603,7.418,7.474,7.672,7.787,7.845,7.914,7.939,7.631,7.91,8.021,8.003,8.0,8.002,8.009,7.833,8.034,7.935,7.944,6.292,6.384,6.395,6.171,6.302,6.447,6.524,6.365,6.319,6.075,5.913,6.225,6.235,6.273,6.389,6.518,6.566,6.419,6.671,6.693,6.641,6.669,6.778,6.734,6.504,6.635,6.76,6.868,6.893,6.813,6.741,7.515,7.719,7.688,7.558,7.653,7.71,7.755,7.684,7.808,7.819,7.89,7.91,7.956,7.674,7.368,7.576,7.729,7.876,7.807,7.904,7.81,7.584,7.641,7.776,7.718,7.213,7.446,7.666,7.472,7.57,7.579,5.919,6.0,6.191,6.173,6.032,6.071,6.176,6.329,6.242,6.252,6.281,5.99,6.276,6.38,6.299,6.285,6.369,6.328,6.162,6.334,6.393,6.372,6.478,6.531,6.402,6.266,6.536,6.467,7.641,7.67,7.827,7.752,7.449,7.6,7.177,7.002,7.268,7.688,7.778,7.581,7.977,8.016,7.995,7.822,7.39,6.99,6.49,6.988,7.258,7.45,7.601,7.644,7.822,7.523,7.81,7.901,7.941,7.903,7.602,7.418,7.322,7.639,7.959,7.986,8.036,8.155,7.974,7.771,8.095,8.256,8.316,8.418,8.334,8.255,7.954,8.163,8.385,8.3,8.195,8.028,7.808,7.175,7.635,7.993,8.002,8.073,8.062,7.759,7.076,5.768,5.99,6.238,6.252,6.449,6.543,6.301,6.559,6.775,6.85,6.955,6.905,6.803,6.444,6.566,6.813,6.99,6.819,7.125,7.048,6.797,6.977,7.025,6.587,6.27,6.007,6.174,6.428,6.738,6.856,6.701,7.504,7.642,7.944,7.365,7.736,7.814,7.978,8.085,8.021,7.717,7.387,7.69,7.651,7.51,7.612,7.818,7.675,7.309,7.547,7.594,7.719,7.766,7.753,7.506,6.878,6.912,7.122,7.048,6.872,6.717,10.194,10.099,10.79,10.852,10.577,10.21,10.376,10.02,9.909,10.743,10.749,10.93,10.767,10.695,10.485,10.194,10.552,10.484,10.241,10.522,10.639,10.148,9.653,10.211,10.298,9.852,9.629,9.366,9.09,9.158,9.765,0.0,0.0,0.0,0.0,0.0,0.0,0.0,0.0,0.0,0.0,0.0,0.0,0.0,0.0,0.0,0.0,0.0,0.0,0.0,0.0,0.0,0.0,0.0,0.0,0.0,0.0,0.0,0.0,0.0,0.0,0.0,9.837,9.663,9.365,9.205,9.389,9.242,8.73,8.586,8.457,8.059,8.523,8.899,9.19,9.543,9.251,8.692,8.039,8.289,8.48,8.798,8.916,8.763,8.409,7.805,8.331,8.749,8.876,8.863,8.967,8.843,8.596,8.529,8.894,9.119,9.229,9.327,9.476,9.443,9.587,9.719,9.9,9.959,9.974,9.891,9.571,9.636,9.371,9.713,9.82,9.845,9.714,9.349,9.294,9.082,9.395,9.691,9.722,9.791,9.413,9.545,9.704,11.357,11.284,11.349,11.146,10.79,11.007,11.107,11.148,11.079,10.687,10.028,9.1,8.922,9.541,9.821,10.072,10.214,10.435,10.086,10.307,10.541,10.625,10.773,10.545,10.248,9.552,9.58,9.72,9.751,9.513,6.456,6.338,6.136,6.2,6.16,6.434,6.617,6.725,6.64,6.416,6.743,6.863,6.876,6.809,6.898,6.886,6.535,6.587,6.851,6.999,7.045,7.219,7.038,6.712,6.956,7.093,7.076,7.007,7.144,7.247,7.002,6.968,7.094,7.277,7.271,7.295,7.106,6.797,7.028,7.021,7.144,7.187,7.292,7.393,7.062,7.124,7.368,7.443,7.448,7.484,7.538,7.376,7.401,7.505,7.459,6.957,6.502,6.712,6.911,6.735,6.824,6.832,7.647,7.751,7.999,7.976,7.793,7.844,7.98,8.177,8.065,8.078,8.115,7.739,8.108,8.243,8.138,8.119,8.229,8.175,7.961,8.183,8.259,8.232,8.369,8.437,8.271,8.096,8.445,8.356,7.38,7.39,7.417,7.569,7.497,7.204,7.35,6.94,6.772,7.028,7.435,7.522,7.331,7.715,7.752,7.732,7.564,7.147,6.76,6.277,6.758,7.019,7.205,7.351,7.392,7.565,7.276,7.553,7.641,7.68,7.643,7.352,9.244,9.124,9.519,9.917,9.952,10.014,10.163,9.936,9.683,10.087,10.288,10.363,10.49,10.386,10.286,9.911,10.172,10.449,10.343,10.212,10.004,9.73,8.94,9.514,9.961,9.971,10.06,10.047,9.668,8.817,9.406,9.769,10.173,10.195,10.517,10.671,10.276,10.697,11.048,11.171,11.341,11.26,11.095,10.509,10.708,11.11,11.399,11.12,11.619,11.493,11.084,11.378,11.457,10.741,10.226,9.796,10.069,10.483,10.988,11.18,10.928,7.504,7.642,7.944,7.365,7.736,7.814,7.978,8.085,8.021,7.717,7.387,7.69,7.651,7.51,7.612,7.818,7.675,7.309,7.547,7.594,7.719,7.766,7.753,7.506,6.878,6.912,7.122,7.048,6.872,6.717,9.981,9.888,10.565,10.625,10.356,9.997,10.16,9.811,9.702,10.519,10.525,10.702,10.543,10.472,10.266,9.982,10.332,10.265,10.028,10.302,10.417,9.937,9.452,9.998,10.083,9.647,9.429,9.17,8.901,8.967,9.561,10.221,10.069,10.205,10.575,10.867,10.272,10.395,10.774,11.083,11.329,11.748,11.296,10.956,11.401,11.199,11.682,11.795,11.7,11.406,11.328,11.694,11.786,11.251,11.173,11.52,11.551,11.281,11.547,12.101,12.309,12.424,4.513,4.433,4.296,4.223,4.307,4.239,4.004,3.939,3.879,3.697,3.909,4.082,4.215,4.378,4.243,3.987,3.687,3.802,3.89,4.036,4.09,4.02,3.857,3.58,3.821,4.013,4.072,4.065,4.113,4.056,8.596,8.529,8.894,9.119,9.229,9.327,9.476,9.443,9.587,9.719,9.9,9.959,9.974,9.891,9.571,9.636,9.371,9.713,9.82,9.845,9.714,9.349,9.294,9.082,9.395,9.691,9.722,9.791,9.413,9.545,9.704,11.357,11.284,11.349,11.146,10.79,11.007,11.107,11.148,11.079,10.687,10.028,9.1,8.922,9.541,9.821,10.072,10.214,10.435,10.086,10.307,10.541,10.625,10.773,10.545,10.248,9.552,9.58,9.72,9.751,9.513,6.456,6.338,6.136,6.2,6.16,6.434,6.617,6.725,6.64,6.416,6.743,6.863,6.876,6.809,6.898,6.886,6.535,6.587,6.851,6.999,7.045,7.219,7.038,6.712,6.956,7.093,7.076,7.007,7.144,7.247,7.002
Guntur_259,8.871,8.931,9.1,9.123,8.784,8.834,9.026,9.038,8.857,8.758,8.918,8.922,9.031,8.87,8.612,8.565,8.965,8.925,8.564,8.929,8.994,8.793,8.892,9.107,9.206,8.785,9.068,9.2,9.27,9.333,9.256,8.985,8.553,8.827,9.056,9.057,9.049,9.15,8.835,8.641,8.789,8.83,8.921,9.237,9.222,9.313,8.923,9.142,9.329,9.29,9.088,8.773,8.847,8.614,8.904,9.062,9.161,9.051,8.998,8.895,9.145,9.405,9.509,9.36,9.212,9.269,9.394,9.119,9.051,8.393,8.72,9.251,9.307,9.248,8.892,9.202,9.495,9.455,10.48,10.326,9.961,9.801,9.627,10.018,10.374,10.488,10.447,10.392,10.069,9.805,9.784,10.212,10.438,10.51,10.443,10.037,10.543,10.594,10.539,10.608,10.688,10.489,10.239,10.822,10.624,10.548,10.24,10.165,10.066,9.729,10.337,10.391,10.135,10.296,10.404,10.303,10.102,10.475,10.486,10.505,10.324,8.538,8.558,8.433,8.68,8.647,8.753,8.985,8.975,8.919,8.565,8.428,8.5,8.468,8.399,8.447,8.349,8.376,7.841,8.21,8.456,8.195,8.084,8.296,8.426,8.055,8.247,8.387,8.627,8.603,8.407,8.212,8.984,9.098,9.073,9.321,9.25,9.307,9.132,9.708,9.882,10.009,9.886,9.913,9.624,9.295,9.764,9.756,9.909,10.045,9.838,9.775,9.396,9.935,10.192,10.065,10.063,9.72,9.512,9.224,9.659,10.142,0.0,0.0,0.0,0.0,0.0,0.0,0.0,0.0,0.0,0.0,0.0,0.0,0.0,0.0,0.0,0.0,0.0,0.0,0.0,0.0,0.0,0.0,0.0,0.0,0.0,0.0,0.0,0.0,0.0,0.0,0.0,0.0,0.0,0.0,0.0,0.0,0.0,0.0,0.0,0.0,0.0,0.0,0.0,0.0,0.0,0.0,0.0,0.0,0.0,0.0,0.0,0.0,0.0,0.0,0.0,0.0,0.0,0.0,0.0,0.0,0.0,0.0,8.48,8.509,8.512,8.677,8.744,8.286,8.376,8.609,8.994,8.867,8.751,8.471,8.213,8.304,8.444,8.564,8.402,8.34,8.565,8.188,8.335,8.221,8.076,8.332,8.373,8.0,7.736,8.332,8.509,8.439,9.231,9.173,9.444,9.149,9.321,9.6,9.919,10.057,10.06,9.763,9.224,9.32,9.464,9.059,9.216,9.319,9.527,9.281,9.499,9.509,9.472,9.291,9.058,9.045,8.584,8.757,9.209,9.389,9.601,9.78,9.703,10.706,11.08,11.199,11.162,11.048,11.297,11.133,10.685,10.905,10.867,10.79,10.979,10.779,9.812,9.532,9.603,10.233,10.528,10.707,10.788,10.703,10.523,11.035,10.991,10.689,10.072,10.094,10.291,10.474,10.841,8.991,9.123,9.028,9.116,9.061,8.67,8.842,8.995,8.834,8.976,9.053,8.88,8.642,8.887,9.126,9.135,9.221,9.349,9.191,9.061,9.305,9.535,9.656,9.512,9.498,9.646,9.28,9.557,9.659,9.607,9.608,10.022,9.73,9.392,9.649,9.726,9.763,9.631,9.747,9.558,9.522,9.91,9.964,9.928,9.812,9.831,10.028,9.906,10.012,10.345,10.551,10.732,10.677,10.512,10.144,10.236,9.884,10.144,10.272,10.466,10.445,10.138,10.034,10.157,10.238,10.05,10.087,10.013,9.733,9.839,10.068,10.258,10.305,10.311,10.263,10.02,10.181,10.182,10.145,10.055,9.942,9.945,9.778,10.159,10.326,10.479,10.514,10.583,10.533,10.366,9.763,9.813,9.78,9.744,9.963,9.906,9.52,9.743,9.929,10.035,9.932,9.59,9.416,9.412,9.763,9.835,9.985,10.131,10.101,9.994,9.677,9.78,9.536,9.764,9.92,9.783,9.832,9.463,8.921,9.069,9.491,9.158,9.392,9.466,9.264,9.511,9.507,9.516,9.738,9.643,9.621,9.275,9.575,9.636,9.279,9.319,9.396,9.168,9.104,9.285,9.458,9.157,8.976,8.883,9.023,8.843,9.175,9.313,9.274,9.313,9.258,12.073,11.847,11.919,11.976,11.745,11.879,12.132,12.045,11.786,12.016,11.724,11.341,11.013,11.385,11.301,10.458,10.514,10.273,10.297,10.222,10.364,10.723,10.943,11.192,11.014,10.807,10.849,11.263,11.53,10.874,11.415,10.089,10.862,11.073,11.107,10.842,10.34,10.654,10.483,10.452,10.227,9.888,9.864,9.385,10.231,10.281,10.543,10.613,10.688,10.235,9.716,10.526,10.924,11.524,11.07,11.022,10.718,10.978,11.797,12.195,11.934,12.805,12.363,12.399,12.551,13.266,13.514,13.418,13.162,12.967,13.203,12.319,12.185,12.054,11.893,12.097,12.676,12.789,11.603,10.722,10.735,10.513,10.826,11.4,11.157,10.981,11.339,11.238,10.582,10.788,10.732,10.569,0.0,0.0,0.0,0.0,0.0,0.0,0.0,0.0,0.0,0.0,0.0,0.0,0.0,0.0,0.0,0.0,0.0,0.0,0.0,0.0,0.0,0.0,0.0,0.0,0.0,0.0,0.0,0.0,0.0,0.0,0.0,96.272,97.441,96.901,92.783,91.604,94.563,90.994,89.067,94.765,91.952,87.931,81.689,85.122,87.008,89.197,89.113,91.336,95.734,97.582,98.64,96.638,93.363,93.843,94.722,93.094,92.492,91.148,90.355,89.829,93.051,11.002,10.604,10.346,10.822,11.057,11.276,11.281,11.393,11.229,10.874,11.39,11.509,11.528,11.366,11.011,11.152,10.567,10.317,10.769,10.871,10.803,10.736,10.877,10.218,10.634,10.723,10.697,10.619,10.756,10.648,10.477,7.367,7.366,7.284,6.729,6.518,6.971,6.834,7.203,7.398,7.658,7.448,7.608,7.552,7.428,7.528,7.515,7.601,7.668,7.474,7.478,7.158,7.57,7.686,7.731,7.662,7.604,7.498,7.092,7.224,7.258,8.616,8.373,8.54,8.557,8.375,8.654,8.826,8.801,8.897,8.761,8.684,8.325,8.734,9.023,8.998,8.911,8.865,8.851,8.409,9.013,9.281,9.442,9.536,9.606,9.51,9.225,9.42,9.227,9.003,8.91,9.064,9.255,8.901,9.402,9.661,9.807,9.621,9.581,9.248,8.831,9.126,9.178,9.223,9.407,9.229,8.996,8.992,9.422,9.714,9.72,9.673,9.761,9.24,9.091,9.596,9.654,9.348,9.507,9.643,9.682,9.672,9.85,10.323,10.364,9.966,10.138,10.26,10.113,10.292,10.577,10.387,10.167,10.223,10.198,10.075,10.14,10.21,10.357,10.269,10.321,10.232,10.061,10.32,10.289,10.302,10.592,10.368,10.2,9.819,10.253,9.843,9.641,9.584,9.852,10.011,9.766,9.728,9.798,9.895,10.07,10.202,10.177,9.929,10.151,10.218,10.357,10.318,9.743,9.814,10.006,10.289,10.374,10.432,10.527,10.482,10.412,10.089,10.276,10.374,10.565,10.629,10.012,10.001,9.691,10.036,10.139,9.952,10.111,10.052,10.09,9.772,9.968,10.113,10.134,10.035,9.931,10.075,9.615,9.876,10.05,9.975,10.013,10.036,10.024,9.706,10.046,10.165,10.269,10.201,10.109,9.848,10.276,10.529,10.493,10.742,10.732,11.016,10.948,10.458,10.619,10.455,10.502,10.488,10.39,10.289,10.006,10.411,10.661,10.959,10.854,10.4,9.484,8.814,8.707,9.479,10.185,10.25,10.096,10.009,9.923,10.479,10.631,9.859,9.958,9.946,9.834,9.594,9.858,9.924,9.714,9.622,9.856,9.757,9.473,9.938,10.078,9.809,9.59,9.451,9.224,8.562,8.586,8.659,9.348,9.711,9.598,9.407,9.134,9.666,9.802,9.411,8.763,8.67,8.817,8.593,9.238,9.277,9.267,9.297,9.122,8.74,8.188,8.499,8.519,8.651,8.523,8.544,8.561,8.191,8.811,8.947,8.788,8.25,8.499,8.28,7.695,8.28,8.823,8.924,8.855,9.011,8.718,8.199,11.315,11.603,12.082,12.073,11.652,11.308,10.757,11.021,11.01,11.005,10.371,10.934,11.349,10.58,10.033,10.745,11.365,11.756,11.614,11.468,10.973,11.57,11.861,11.754,11.95,12.341,11.938,11.431,12.257,12.577,12.496,11.021,11.126,11.069,10.419,10.951,11.124,11.169,11.018,10.732,10.461,9.768,9.924,9.965,9.971,9.819,9.33,9.647,9.718,10.265,10.248,10.122,9.7,9.545,9.42,9.451,10.289,10.368,10.333,10.481,10.508,10.149,9.695,10.288,10.598,10.046,10.191,10.142,10.2,9.86,10.173,10.081,10.253,10.264,10.178,10.031,9.684,10.457,10.558,10.576,10.542,10.406,10.131,9.527,8.985,8.797,9.427,9.947,10.151,10.203,9.922,10.025,8.66,8.771,8.695,8.836,8.805,8.623,8.749,8.817,8.82,8.815,8.824,8.56,8.351,8.414,8.637,8.767,8.832,8.91,8.938,8.591,8.905,9.03,9.01,9.006,9.008,9.017,8.818,9.044,8.933,8.944,8.036,8.154,8.168,7.882,8.049,8.234,8.332,8.13,8.07,7.758,7.552,7.95,7.963,8.011,8.16,8.324,8.385,8.198,8.52,8.549,8.482,8.517,8.657,8.601,8.306,8.474,8.634,8.771,8.803,8.702,8.61,10.647,10.936,10.891,10.708,10.843,10.923,10.986,10.887,11.062,11.078,11.178,11.207,11.271,10.872,10.439,10.733,10.951,11.159,11.06,11.197,11.065,10.744,10.825,11.017,10.934,10.219,10.549,10.861,10.586,10.725,10.737,10.207,10.346,10.676,10.645,10.401,10.469,10.65,10.913,10.764,10.781,10.832,10.33,10.821,11.002,10.862,10.837,10.983,10.911,10.625,10.922,11.023,10.987,11.17,11.261,11.039,10.806,11.271,11.152,9.55,9.585,9.782,9.688,9.31,9.498,8.969,8.751,9.083,9.608,9.72,9.474,9.97,10.018,9.992,9.775,9.236,8.736,8.111,8.733,9.071,9.311,9.5,9.553,9.776,9.403,9.761,9.875,9.925,9.877,9.501,8.715,8.602,8.975,9.35,9.383,9.441,9.581,9.368,9.129,9.51,9.699,9.77,9.89,9.791,9.698,9.344,9.59,9.851,9.752,9.628,9.431,9.173,8.429,8.97,9.391,9.401,9.484,9.472,9.115,8.313,7.745,8.044,8.377,8.396,8.661,8.787,8.462,8.808,9.098,9.199,9.339,9.272,9.136,8.654,8.818,9.149,9.387,9.157,9.568,9.465,9.128,9.37,9.434,8.845,8.421,8.067,8.292,8.633,9.048,9.207,8.999,11.168,11.374,11.823,10.962,11.513,11.63,11.875,12.033,11.938,11.486,10.994,11.446,11.387,11.178,11.329,11.635,11.424,10.878,11.232,11.302,11.488,11.559,11.539,11.172,10.237,10.288,10.6,10.49,10.227,9.997,9.461,9.373,10.015,10.072,9.817,9.476,9.631,9.3,9.197,9.971,9.977,10.145,9.994,9.927,9.732,9.462,9.793,9.731,9.506,9.766,9.874,9.419,8.96,9.477,9.558,9.145,8.937,8.693,8.437,8.5,9.063,0.0,0.0,0.0,0.0,0.0,0.0,0.0,0.0,0.0,0.0,0.0,0.0,0.0,0.0,0.0,0.0,0.0,0.0,0.0,0.0,0.0,0.0,0.0,0.0,0.0,0.0,0.0,0.0,0.0,0.0,0.0,14.509,14.252,13.812,13.577,13.847,13.63,12.875,12.664,12.473,11.886,12.57,13.125,13.553,14.075,13.644,12.82,11.856,12.224,12.507,12.976,13.15,12.925,12.402,11.512,12.287,12.904,13.091,13.071,13.225,13.043,10.52,10.438,10.885,11.161,11.296,11.416,11.597,11.557,11.734,11.895,12.116,12.188,12.207,12.105,11.714,11.793,11.468,11.888,12.019,12.049,11.889,11.442,11.375,11.115,11.498,11.861,11.899,11.983,11.521,11.682,11.877,14.508,14.414,14.498,14.238,13.784,14.06,14.189,14.241,14.153,13.652,12.81,11.625,11.398,12.188,12.545,12.867,13.048,13.33,12.884,13.167,13.465,13.573,13.761,13.471,13.091,12.202,12.237,12.416,12.457,12.152,8.647,8.489,8.219,8.305,8.252,8.618,8.864,9.008,8.895,8.594,9.032,9.193,9.21,9.121,9.24,9.224,8.754,8.823,9.177,9.375,9.437,9.67,9.427,8.991,9.317,9.501,9.478,9.386,9.569,9.707,9.38,9.175,9.34,9.582,9.574,9.605,9.356,8.95,9.254,9.244,9.406,9.463,9.601,9.734,9.298,9.38,9.701,9.799,9.807,9.854,9.925,9.712,9.744,9.882,9.821,9.16,8.561,8.837,9.099,8.868,8.985,8.995,10.092,10.229,10.556,10.525,10.284,10.351,10.531,10.79,10.643,10.66,10.71,10.213,10.7,10.878,10.739,10.715,10.86,10.789,10.506,10.799,10.899,10.863,11.044,11.134,10.915,10.684,11.144,11.027,9.74,11.034,11.076,11.303,11.194,10.757,10.975,10.364,10.112,10.495,11.102,11.232,10.947,11.52,11.576,11.546,11.295,10.672,10.095,9.372,10.091,10.482,10.759,10.977,11.039,11.296,10.864,11.278,11.41,11.468,11.413,10.978,10.636,10.498,10.953,11.411,11.451,11.522,11.693,11.432,11.142,11.606,11.837,11.923,12.069,11.95,11.835,11.404,11.704,12.022,11.901,11.75,11.51,11.195,10.287,10.946,11.461,11.473,11.574,11.559,11.124,10.145,10.365,10.765,11.21,11.235,11.59,11.759,11.323,11.787,12.175,12.31,12.498,12.408,12.226,11.581,11.799,12.243,12.561,12.254,12.803,12.665,12.214,12.538,12.625,11.836,11.268,10.795,11.095,11.552,12.108,12.32,12.042,11.168,11.374,11.823,10.962,11.513,11.63,11.875,12.033,11.938,11.486,10.994,11.446,11.387,11.178,11.329,11.635,11.424,10.878,11.232,11.302,11.488,11.559,11.539,11.172,10.237,10.288,10.6,10.49,10.227,9.997,10.999,10.896,11.642,11.709,11.412,11.016,11.196,10.812,10.691,11.591,11.598,11.794,11.618,11.54,11.313,10.999,11.385,11.312,11.05,11.353,11.479,10.95,10.416,11.017,11.111,10.631,10.39,10.105,9.808,9.881,10.536,10.909,10.747,10.892,11.287,11.598,10.963,11.094,11.499,11.829,12.092,12.538,12.056,11.694,12.168,11.952,12.468,12.589,12.487,12.174,12.091,12.481,12.579,12.008,11.925,12.295,12.328,12.04,12.324,12.915,13.137,13.26,18.944,18.608,18.034,17.727,18.079,17.797,16.811,16.535,16.285,15.519,16.412,17.137,17.696,18.377,17.814,16.738,15.48,15.961,16.329,16.943,17.17,16.875,16.193,15.031,16.043,16.848,17.093,17.067,17.267,17.029,10.52,10.438,10.885,11.161,11.296,11.416,11.597,11.557,11.734,11.895,12.116,12.188,12.207,12.105,11.714,11.793,11.468,11.888,12.019,12.049,11.889,11.442,11.375,11.115,11.498,11.861,11.899,11.983,11.521,11.682,11.877,14.508,14.414,14.498,14.238,13.784,14.06,14.189,14.241,14.153,13.652,12.81,11.625,11.398,12.188,12.545,12.867,13.048,13.33,12.884,13.167,13.465,13.573,13.761,13.471,13.091,12.202,12.237,12.416,12.457,12.152,8.647,8.489,8.219,8.305,8.252,8.618,8.864,9.008,8.895,8.594,9.032,9.193,9.21,9.121,9.24,9.224,8.754,8.823,9.177,9.375,9.437,9.67,9.427,8.991,9.317,9.501,9.478,9.386,9.569,9.707,9.38
Guntur_260,7.3,7.35,7.488,7.507,7.228,7.269,7.428,7.437,7.289,7.207,7.339,7.342,7.431,7.299,7.087,7.048,7.377,7.345,7.048,7.348,7.401,7.236,7.317,7.494,7.575,7.229,7.462,7.571,7.629,7.68,7.617,6.678,6.358,6.561,6.731,6.732,6.726,6.801,6.567,6.423,6.533,6.563,6.631,6.866,6.855,6.922,6.632,6.795,6.934,6.905,6.755,6.521,6.576,6.403,6.618,6.736,6.809,6.727,6.688,6.612,6.183,6.359,6.429,6.328,6.228,6.267,6.352,6.165,6.119,5.675,5.896,6.255,6.293,6.252,6.012,6.221,6.419,6.392,7.085,6.982,6.734,6.626,6.509,6.773,7.014,7.091,7.063,7.026,6.808,6.629,6.615,8.728,8.922,8.983,8.926,8.579,9.011,9.055,9.008,9.067,9.135,8.965,8.752,9.25,9.081,9.016,8.753,8.688,8.604,8.315,8.835,8.882,8.663,8.801,8.892,8.806,8.635,8.954,8.963,8.979,8.825,7.764,7.782,7.669,7.893,7.863,7.959,8.171,8.161,8.111,7.789,7.664,7.729,7.7,7.638,7.682,7.592,7.616,7.13,7.466,7.69,7.452,7.351,7.544,7.662,7.325,7.499,7.627,7.845,7.823,7.645,7.468,5.313,5.38,5.365,5.512,5.47,5.504,5.4,5.741,5.844,5.919,5.847,5.862,5.692,5.497,5.774,5.769,5.86,5.94,5.818,5.781,5.557,5.875,6.027,5.952,5.951,5.748,5.625,5.455,5.712,5.998,0.0,0.0,0.0,0.0,0.0,0.0,0.0,0.0,0.0,0.0,0.0,0.0,0.0,0.0,0.0,0.0,0.0,0.0,0.0,0.0,0.0,0.0,0.0,0.0,0.0,0.0,0.0,0.0,0.0,0.0,0.0,0.0,0.0,0.0,0.0,0.0,0.0,0.0,0.0,0.0,0.0,0.0,0.0,0.0,0.0,0.0,0.0,0.0,0.0,0.0,0.0,0.0,0.0,0.0,0.0,0.0,0.0,0.0,0.0,0.0,0.0,0.0,7.929,7.956,7.959,8.113,8.176,7.747,7.831,8.049,8.41,8.291,8.182,7.921,7.68,7.765,7.896,8.007,7.856,7.798,8.008,7.656,7.793,7.687,7.551,7.791,7.829,7.481,7.233,7.79,7.956,7.891,7.404,7.357,7.575,7.338,7.476,7.7,7.956,8.066,8.069,7.83,7.398,7.475,7.591,7.266,7.392,7.474,7.642,7.444,7.619,7.626,7.597,7.452,7.265,7.255,6.885,7.023,7.386,7.531,7.7,7.844,7.782,9.774,10.115,10.224,10.19,10.086,10.314,10.164,9.755,9.955,9.921,9.85,10.023,9.84,8.958,8.703,8.767,9.342,9.612,9.775,9.849,9.771,9.607,10.075,10.034,9.759,9.195,9.215,9.395,9.562,9.897,7.193,7.299,7.223,7.293,7.249,6.936,7.074,7.196,7.067,7.18,7.242,7.104,6.913,7.109,7.301,7.308,7.376,7.479,7.353,7.249,7.444,7.628,7.725,7.609,7.598,7.717,7.424,7.646,7.728,7.686,7.686,7.643,7.42,7.162,7.358,7.417,7.446,7.345,7.433,7.289,7.262,7.557,7.598,7.571,7.483,7.497,7.647,7.555,7.635,7.889,8.046,8.185,8.142,8.017,7.736,7.806,7.537,7.736,7.833,7.981,7.965,7.731,8.659,8.765,8.835,8.673,8.705,8.641,8.399,8.491,8.688,8.852,8.893,8.898,8.857,8.647,8.786,8.786,8.755,8.677,8.579,8.582,8.438,8.767,8.911,9.043,9.073,9.133,9.09,8.946,7.896,7.936,7.91,7.881,8.057,8.011,7.699,7.88,8.03,8.116,8.033,7.756,7.615,7.612,7.896,7.954,8.075,8.193,8.169,8.082,7.826,7.909,7.712,7.896,8.023,7.912,7.952,7.653,7.215,7.334,7.676,8.796,9.022,9.093,8.898,9.135,9.132,9.14,9.353,9.263,9.241,8.909,9.197,9.256,8.913,8.952,9.026,8.806,8.745,8.918,9.085,8.795,8.621,8.532,8.667,8.494,8.813,8.945,8.908,8.945,8.892,9.985,9.798,9.857,9.905,9.714,9.825,10.034,9.962,9.748,9.938,9.696,9.38,9.108,9.416,9.347,8.65,8.695,8.496,8.516,8.454,8.572,8.868,9.051,9.256,9.109,8.938,8.973,9.315,9.536,8.993,9.441,9.692,10.434,10.637,10.67,10.416,9.933,10.235,10.07,10.041,9.825,9.499,9.476,9.015,9.829,9.876,10.129,10.196,10.268,9.833,9.334,10.112,10.495,11.07,10.635,10.589,10.297,10.546,11.333,11.716,11.465,7.872,7.601,7.623,7.716,8.156,8.308,8.249,8.092,7.972,8.117,7.573,7.491,7.411,7.311,7.437,7.793,7.863,7.133,6.592,6.599,6.463,6.656,7.008,6.859,6.751,6.971,6.909,6.506,6.632,6.598,6.498,0.0,0.0,0.0,0.0,0.0,0.0,0.0,0.0,0.0,0.0,0.0,0.0,0.0,0.0,0.0,0.0,0.0,0.0,0.0,0.0,0.0,0.0,0.0,0.0,0.0,0.0,0.0,0.0,0.0,0.0,0.0,96.272,97.441,96.901,92.783,91.604,94.563,90.994,89.067,94.765,91.952,87.931,81.689,85.122,87.008,89.197,89.113,91.336,95.734,97.582,98.64,96.638,93.363,93.843,94.722,93.094,92.492,91.148,90.355,89.829,93.051,7.562,7.289,7.111,7.438,7.6,7.751,7.754,7.831,7.718,7.474,7.829,7.91,7.924,7.812,7.568,7.665,7.263,7.091,7.402,7.472,7.425,7.379,7.476,7.023,7.309,7.371,7.353,7.299,7.393,7.319,7.201,6.708,6.708,6.633,6.128,5.935,6.348,6.223,6.56,6.737,6.974,6.782,6.928,6.877,6.764,6.855,6.844,6.922,6.982,6.806,6.81,6.519,6.894,6.999,7.04,6.977,6.924,6.828,6.458,6.579,6.609,6.769,6.577,6.708,6.722,6.579,6.798,6.933,6.914,6.989,6.882,6.822,6.539,6.861,7.088,7.068,7.0,6.964,6.953,6.605,7.08,7.291,7.417,7.491,7.546,7.471,7.247,7.4,7.248,7.072,6.999,7.12,7.423,7.139,7.541,7.748,7.866,7.716,7.685,7.417,7.083,7.32,7.361,7.397,7.545,7.402,7.216,7.212,7.557,7.791,7.796,7.758,7.829,7.411,7.292,7.697,7.743,7.497,7.625,7.734,7.765,7.758,7.9,8.483,8.517,8.19,8.331,8.431,8.31,8.457,8.692,8.535,8.355,8.401,8.381,8.279,8.333,8.39,8.512,8.438,8.482,8.408,8.268,8.481,8.455,8.466,8.704,8.52,8.382,8.069,8.425,8.767,8.587,8.537,8.775,8.916,8.698,8.664,8.727,8.814,8.97,9.087,9.065,8.843,9.041,9.101,9.225,9.19,8.679,8.741,8.912,9.165,9.24,9.292,9.377,9.337,9.274,8.986,9.153,9.24,9.41,9.467,9.135,9.125,8.841,9.156,9.25,9.08,9.224,9.171,9.206,8.915,9.094,9.227,9.246,9.155,9.061,9.192,8.772,9.011,9.169,9.1,9.135,9.156,9.145,8.855,9.165,9.274,9.369,9.306,9.223,8.984,9.338,9.568,9.536,9.762,9.752,10.011,9.949,9.504,9.65,9.501,9.544,9.531,9.441,9.35,9.093,9.461,9.688,9.959,9.863,9.451,8.619,8.009,7.913,8.614,9.256,9.315,9.175,9.095,9.018,9.523,9.661,9.859,9.958,9.946,9.834,9.594,9.858,9.924,9.714,9.622,9.856,9.757,9.473,9.938,10.078,9.809,9.59,9.451,9.224,8.562,8.586,8.659,9.348,9.711,9.598,9.407,9.134,9.666,9.802,9.411,8.763,8.67,8.817,8.593,9.238,9.277,9.267,9.297,9.122,8.74,8.188,8.499,8.519,8.651,8.523,8.544,8.561,8.191,8.811,8.947,8.788,8.25,8.499,8.28,7.695,8.28,8.823,8.924,8.855,9.011,8.718,8.199,9.532,9.775,10.178,10.17,9.816,9.526,9.061,9.284,9.275,9.27,8.737,9.211,9.56,8.912,8.452,9.052,9.574,9.903,9.784,9.66,9.244,9.747,9.992,9.902,10.067,10.396,10.056,9.629,10.326,10.595,10.527,10.86,10.964,10.907,10.267,10.791,10.961,11.006,10.857,10.575,10.308,9.626,9.779,9.82,9.825,9.675,9.194,9.506,9.576,10.115,10.098,9.974,9.558,9.406,9.282,9.313,10.138,10.216,10.182,10.328,10.355,8.515,8.134,8.631,8.891,8.428,8.55,8.508,8.557,8.272,8.535,8.457,8.601,8.61,8.538,8.415,8.125,8.773,8.857,8.872,8.844,8.73,8.499,7.993,7.538,7.38,7.908,8.345,8.516,8.559,8.323,8.411,9.172,9.289,9.209,9.358,9.325,9.132,9.266,9.338,9.341,9.336,9.345,9.066,8.844,8.911,9.147,9.284,9.353,9.436,9.466,9.098,9.431,9.564,9.542,9.538,9.54,9.549,9.339,9.579,9.461,9.472,8.019,8.137,8.151,7.866,8.033,8.217,8.315,8.113,8.054,7.743,7.537,7.934,7.947,7.995,8.144,8.307,8.369,8.182,8.503,8.531,8.465,8.5,8.639,8.584,8.29,8.457,8.617,8.754,8.785,8.684,8.593,9.075,9.321,9.283,9.127,9.242,9.31,9.364,9.279,9.429,9.443,9.528,9.552,9.607,9.267,8.897,9.149,9.334,9.511,9.427,9.544,9.431,9.158,9.227,9.39,9.32,8.71,8.991,9.258,9.023,9.141,9.152,7.985,8.094,8.352,8.328,8.137,8.19,8.332,8.538,8.421,8.434,8.474,8.081,8.466,8.607,8.497,8.478,8.592,8.536,8.312,8.545,8.624,8.595,8.738,8.81,8.636,8.453,8.818,8.725,7.895,7.924,8.087,8.009,7.696,7.852,7.415,7.235,7.509,7.943,8.036,7.832,8.242,8.282,8.261,8.081,7.636,7.222,6.706,7.22,7.499,7.698,7.853,7.898,8.082,7.773,8.069,8.164,8.205,8.165,7.854,6.639,6.552,6.837,7.122,7.147,7.192,7.299,7.136,6.954,7.244,7.388,7.442,7.533,7.459,7.387,7.118,7.306,7.504,7.428,7.334,7.184,6.988,6.421,6.833,7.154,7.161,7.225,7.215,6.944,6.332,7.133,7.408,7.714,7.732,7.976,8.092,7.793,8.112,8.379,8.472,8.601,8.539,8.414,7.97,8.12,8.426,8.644,8.433,8.811,8.716,8.406,8.629,8.688,8.146,7.755,7.429,7.636,7.95,8.333,8.478,8.287,9.343,9.515,9.891,9.17,9.631,9.729,9.934,10.066,9.987,9.608,9.197,9.575,9.526,9.351,9.478,9.733,9.556,9.1,9.396,9.455,9.61,9.669,9.653,9.346,8.564,8.606,8.867,8.776,8.556,8.363,4.424,4.382,4.683,4.709,4.59,4.431,4.503,4.348,4.3,4.662,4.665,4.743,4.673,4.641,4.55,4.424,4.579,4.55,4.444,4.566,4.617,4.404,4.189,4.431,4.469,4.276,4.179,4.064,3.945,3.974,4.237,0.0,0.0,0.0,0.0,0.0,0.0,0.0,0.0,0.0,0.0,0.0,0.0,0.0,0.0,0.0,0.0,0.0,0.0,0.0,0.0,0.0,0.0,0.0,0.0,0.0,0.0,0.0,0.0,0.0,0.0,0.0,7.395,7.264,7.04,6.92,7.057,6.947,6.562,6.455,6.357,6.058,6.407,6.69,6.908,7.174,6.954,6.534,6.043,6.231,6.374,6.614,6.702,6.587,6.321,5.867,6.262,6.577,6.672,6.662,6.741,6.648,7.716,7.657,7.984,8.186,8.285,8.373,8.506,8.477,8.607,8.725,8.887,8.94,8.954,8.879,8.592,8.65,8.412,8.72,8.816,8.838,8.72,8.393,8.343,8.153,8.434,8.7,8.728,8.789,8.45,8.569,8.711,10.159,10.093,10.152,9.97,9.652,9.846,9.935,9.972,9.911,9.559,8.97,8.14,7.981,8.535,8.785,9.01,9.137,9.334,9.022,9.22,9.429,9.504,9.636,9.433,9.167,8.544,8.569,8.694,8.723,8.51,7.725,7.584,7.342,7.419,7.371,7.699,7.918,8.048,7.946,7.678,8.069,8.212,8.228,8.148,8.255,8.24,7.82,7.882,8.198,8.375,8.43,8.639,8.422,8.032,8.323,8.488,8.467,8.385,8.548,8.672,8.379,7.142,7.271,7.459,7.453,7.477,7.284,6.967,7.204,7.197,7.323,7.366,7.474,7.578,7.238,7.302,7.552,7.629,7.634,7.671,7.727,7.561,7.586,7.693,7.646,7.131,6.664,6.88,7.083,6.904,6.994,7.003,7.637,7.741,7.988,7.965,7.782,7.833,7.969,8.166,8.054,8.067,8.104,7.729,8.097,8.232,8.127,8.108,8.218,8.164,7.95,8.172,8.248,8.221,8.358,8.426,8.26,8.085,8.433,8.344,7.37,9.797,9.833,10.035,9.939,9.551,9.744,9.201,8.978,9.318,9.856,9.972,9.719,10.227,10.277,10.251,10.028,9.475,8.962,8.321,8.959,9.306,9.552,9.745,9.8,10.029,9.646,10.013,10.13,10.182,10.132,9.747,9.852,9.724,10.145,10.57,10.606,10.672,10.831,10.59,10.32,10.751,10.964,11.044,11.18,11.069,10.963,10.563,10.841,11.136,11.024,10.884,10.661,10.37,9.528,10.14,10.616,10.627,10.721,10.707,10.304,9.397,7.391,7.676,7.994,8.011,8.265,8.385,8.075,8.405,8.682,8.778,8.912,8.848,8.718,8.258,8.414,8.73,8.957,8.738,9.13,9.032,8.71,8.941,9.003,8.44,8.035,7.698,7.912,8.238,8.634,8.785,8.587,9.343,9.515,9.891,9.17,9.631,9.729,9.934,10.066,9.987,9.608,9.197,9.575,9.526,9.351,9.478,9.733,9.556,9.1,9.396,9.455,9.61,9.669,9.653,9.346,8.564,8.606,8.867,8.776,8.556,8.363,7.843,7.77,8.302,8.349,8.138,7.856,7.984,7.71,7.624,8.266,8.271,8.41,8.285,8.229,8.067,7.843,8.118,8.066,7.88,8.096,8.185,7.808,7.427,7.856,7.924,7.581,7.409,7.206,6.994,7.046,7.513,6.645,6.546,6.634,6.875,7.065,6.678,6.758,7.004,7.205,7.365,7.637,7.344,7.123,7.412,7.28,7.595,7.668,7.606,7.415,7.365,7.602,7.662,7.314,7.264,7.489,7.509,7.334,7.507,7.867,8.002,8.077,18.944,18.608,18.034,17.727,18.079,17.797,16.811,16.535,16.285,15.519,16.412,17.137,17.696,18.377,17.814,16.738,15.48,15.961,16.329,16.943,17.17,16.875,16.193,15.031,16.043,16.848,17.093,17.067,17.267,17.029,7.716,7.657,7.984,8.186,8.285,8.373,8.506,8.477,8.607,8.725,8.887,8.94,8.954,8.879,8.592,8.65,8.412,8.72,8.816,8.838,8.72,8.393,8.343,8.153,8.434,8.7,8.728,8.789,8.45,8.569,8.711,10.159,10.093,10.152,9.97,9.652,9.846,9.935,9.972,9.911,9.559,8.97,8.14,7.981,8.535,8.785,9.01,9.137,9.334,9.022,9.22,9.429,9.504,9.636,9.433,9.167,8.544,8.569,8.694,8.723,8.51,7.725,7.584,7.342,7.419,7.371,7.699,7.918,8.048,7.946,7.678,8.069,8.212,8.228,8.148,8.255,8.24,7.82,7.882,8.198,8.375,8.43,8.639,8.422,8.032,8.323,8.488,8.467,8.385,8.548,8.672,8.379
Guntur_261,3.722,3.748,3.819,3.828,3.686,3.707,3.788,3.793,3.717,3.675,3.742,3.744,3.79,3.722,3.614,3.594,3.762,3.745,3.594,3.747,3.774,3.69,3.731,3.822,3.863,3.686,3.805,3.861,3.89,3.916,3.884,3.495,3.327,3.434,3.523,3.523,3.52,3.559,3.437,3.361,3.419,3.435,3.47,3.593,3.587,3.623,3.471,3.556,3.629,3.614,3.535,3.413,3.442,3.351,3.464,3.525,3.564,3.521,3.5,3.46,4.323,4.446,4.495,4.425,4.355,4.382,4.441,4.311,4.278,3.968,4.122,4.373,4.4,4.372,4.203,4.35,4.488,4.47,4.954,4.882,4.709,4.633,4.551,4.736,4.904,4.958,4.938,4.913,4.76,4.635,4.625,4.893,5.001,5.035,5.003,4.809,5.051,5.076,5.05,5.083,5.121,5.025,4.906,5.185,5.09,5.054,4.906,4.87,4.823,4.661,4.953,4.979,4.856,4.933,4.985,4.936,4.84,5.019,5.024,5.033,4.947,3.161,3.168,3.122,3.213,3.201,3.241,3.327,3.323,3.302,3.171,3.12,3.147,3.135,3.11,3.127,3.091,3.101,2.903,3.039,3.131,3.034,2.993,3.071,3.119,2.982,3.053,3.105,3.194,3.185,3.113,3.04,4.577,4.635,4.623,4.749,4.713,4.742,4.653,4.946,5.035,5.1,5.037,5.051,4.904,4.736,4.975,4.971,5.049,5.118,5.013,4.98,4.788,5.062,5.193,5.128,5.127,4.953,4.847,4.7,4.921,5.168,0.0,0.0,0.0,0.0,0.0,0.0,0.0,0.0,0.0,0.0,0.0,0.0,0.0,0.0,0.0,0.0,0.0,0.0,0.0,0.0,0.0,0.0,0.0,0.0,0.0,0.0,0.0,0.0,0.0,0.0,0.0,0.0,0.0,0.0,0.0,0.0,0.0,0.0,0.0,0.0,0.0,0.0,0.0,0.0,0.0,0.0,0.0,0.0,0.0,0.0,0.0,0.0,0.0,0.0,0.0,0.0,0.0,0.0,0.0,0.0,0.0,0.0,6.155,6.176,6.178,6.297,6.346,6.014,6.079,6.248,6.528,6.435,6.351,6.148,5.961,6.027,6.129,6.215,6.098,6.053,6.216,5.943,6.049,5.967,5.861,6.047,6.077,5.806,5.615,6.047,6.176,6.125,4.52,4.492,4.625,4.48,4.564,4.701,4.857,4.925,4.926,4.781,4.517,4.564,4.635,4.436,4.513,4.563,4.665,4.545,4.652,4.656,4.638,4.55,4.435,4.429,4.203,4.288,4.509,4.598,4.701,4.789,4.751,4.233,4.38,4.427,4.413,4.368,4.466,4.401,4.224,4.311,4.296,4.266,4.341,4.261,3.879,3.769,3.796,4.046,4.162,4.233,4.265,4.231,4.16,4.363,4.345,4.226,3.982,3.991,4.069,4.141,4.286,4.326,4.39,4.344,4.387,4.36,4.172,4.255,4.328,4.251,4.319,4.356,4.273,4.158,4.276,4.392,4.396,4.437,4.499,4.423,4.36,4.478,4.588,4.646,4.577,4.57,4.641,4.465,4.599,4.648,4.623,4.623,3.741,3.632,3.506,3.602,3.631,3.645,3.596,3.639,3.568,3.555,3.699,3.72,3.707,3.663,3.67,3.744,3.698,3.738,3.862,3.939,4.007,3.986,3.924,3.787,3.821,3.69,3.787,3.835,3.907,3.899,3.785,4.177,4.228,4.262,4.184,4.199,4.168,4.052,4.096,4.191,4.27,4.29,4.292,4.273,4.171,4.238,4.238,4.223,4.186,4.139,4.14,4.071,4.229,4.298,4.362,4.377,4.406,4.385,4.315,4.075,4.095,4.082,4.067,4.158,4.134,3.973,4.066,4.144,4.188,4.145,4.003,3.93,3.928,4.075,4.105,4.167,4.228,4.215,4.171,4.039,4.081,3.98,4.075,4.14,4.083,4.103,3.949,3.723,3.785,3.961,3.894,3.993,4.025,3.939,4.044,4.042,4.046,4.14,4.1,4.09,3.944,4.071,4.097,3.945,3.962,3.995,3.898,3.871,3.947,4.021,3.893,3.816,3.777,3.836,3.76,3.901,3.96,3.943,3.959,3.936,5.052,4.957,4.987,5.011,4.915,4.971,5.076,5.04,4.932,5.028,4.906,4.745,4.608,4.764,4.729,4.376,4.399,4.298,4.309,4.277,4.337,4.487,4.579,4.683,4.608,4.522,4.54,4.713,4.825,4.55,4.776,3.913,4.212,4.294,4.307,4.205,4.01,4.132,4.065,4.053,3.966,3.835,3.825,3.639,3.968,3.987,4.089,4.116,4.145,3.969,3.768,4.082,4.237,4.469,4.293,4.275,4.157,4.257,4.575,4.729,4.628,7.872,7.601,7.623,7.716,8.156,8.308,8.249,8.092,7.972,8.117,7.573,7.491,7.411,7.311,7.437,7.793,7.863,7.133,6.592,6.599,6.463,6.656,7.008,6.859,6.751,6.971,6.909,6.506,6.632,6.598,6.498,0.0,0.0,0.0,0.0,0.0,0.0,0.0,0.0,0.0,0.0,0.0,0.0,0.0,0.0,0.0,0.0,0.0,0.0,0.0,0.0,0.0,0.0,0.0,0.0,0.0,0.0,0.0,0.0,0.0,0.0,0.0,0.0,0.0,0.0,0.0,0.0,0.0,0.0,0.0,0.0,0.0,0.0,0.0,0.0,0.0,0.0,0.0,0.0,0.0,0.0,0.0,0.0,0.0,0.0,0.0,0.0,0.0,0.0,0.0,0.0,0.0,7.318,7.053,6.882,7.198,7.354,7.5,7.504,7.578,7.469,7.233,7.576,7.655,7.668,7.56,7.324,7.418,7.029,6.862,7.163,7.231,7.185,7.141,7.235,6.797,7.073,7.133,7.115,7.063,7.155,7.083,6.969,3.95,3.95,3.906,3.608,3.495,3.738,3.664,3.863,3.967,4.106,3.994,4.08,4.049,3.983,4.037,4.03,4.076,4.112,4.008,4.01,3.838,4.059,4.121,4.146,4.108,4.077,4.021,3.803,3.874,3.892,3.732,3.627,3.699,3.706,3.628,3.748,3.823,3.812,3.854,3.795,3.761,3.606,3.783,3.908,3.897,3.859,3.84,3.834,3.642,3.904,4.02,4.089,4.13,4.161,4.119,3.996,4.08,3.996,3.9,3.859,3.926,3.539,3.404,3.596,3.695,3.751,3.679,3.664,3.537,3.378,3.49,3.51,3.527,3.598,3.529,3.441,3.439,3.603,3.715,3.717,3.7,3.733,3.534,3.477,3.67,3.692,3.575,3.636,3.688,3.703,3.699,3.767,4.259,4.276,4.112,4.183,4.233,4.173,4.246,4.364,4.286,4.195,4.218,4.208,4.157,4.184,4.213,4.274,4.237,4.259,4.222,4.151,4.258,4.245,4.251,4.37,4.278,4.209,4.051,4.23,4.45,4.359,4.333,4.454,4.526,4.415,4.398,4.43,4.474,4.553,4.612,4.601,4.489,4.589,4.619,4.682,4.665,4.405,4.437,4.524,4.652,4.69,4.716,4.759,4.739,4.707,4.561,4.646,4.69,4.776,4.805,4.576,4.571,4.429,4.587,4.634,4.548,4.621,4.594,4.611,4.466,4.556,4.622,4.631,4.586,4.539,4.604,4.394,4.514,4.593,4.559,4.576,4.587,4.581,4.436,4.591,4.646,4.693,4.662,4.62,4.501,4.15,4.253,4.238,4.339,4.334,4.449,4.422,4.224,4.289,4.222,4.242,4.236,4.196,4.155,4.041,4.205,4.306,4.426,4.384,4.201,3.831,3.56,3.517,3.829,4.114,4.14,4.078,4.042,4.008,4.232,4.294,2.918,2.948,2.944,2.911,2.84,2.918,2.937,2.875,2.848,2.917,2.888,2.804,2.942,2.983,2.903,2.839,2.797,2.73,2.534,2.542,2.563,2.767,2.874,2.841,2.785,2.704,2.861,2.901,2.786,2.594,2.566,2.61,2.544,2.734,2.746,2.743,2.752,2.7,2.587,2.424,2.516,2.522,2.561,2.523,2.529,2.534,2.424,2.608,2.648,2.601,2.442,2.516,2.451,2.278,2.451,2.612,2.641,2.621,2.667,2.58,2.427,4.182,4.289,4.466,4.462,4.307,4.179,3.976,4.074,4.069,4.067,3.833,4.041,4.195,3.91,3.708,3.972,4.201,4.345,4.293,4.239,4.056,4.276,4.384,4.344,4.417,4.561,4.412,4.225,4.53,4.649,4.619,7.502,7.574,7.535,7.092,7.454,7.572,7.603,7.5,7.305,7.121,6.649,6.755,6.783,6.787,6.684,6.351,6.567,6.615,6.988,6.976,6.89,6.603,6.498,6.412,6.433,7.003,7.058,7.034,7.134,7.153,5.34,5.101,5.413,5.576,5.285,5.362,5.336,5.367,5.187,5.352,5.304,5.394,5.4,5.355,5.277,5.095,5.502,5.555,5.564,5.546,5.475,5.33,5.013,4.727,4.628,4.96,5.233,5.34,5.368,5.22,5.275,4.746,4.807,4.765,4.842,4.826,4.726,4.795,4.832,4.833,4.831,4.836,4.691,4.577,4.611,4.733,4.804,4.84,4.883,4.898,4.708,4.88,4.949,4.938,4.936,4.937,4.942,4.833,4.957,4.896,4.901,4.564,4.631,4.639,4.477,4.572,4.677,4.732,4.618,4.584,4.407,4.289,4.516,4.523,4.55,4.635,4.728,4.763,4.656,4.839,4.855,4.818,4.838,4.917,4.885,4.718,4.813,4.904,4.982,5.0,4.943,4.89,4.538,4.661,4.642,4.564,4.621,4.655,4.682,4.64,4.715,4.721,4.764,4.776,4.804,4.633,4.449,4.574,4.667,4.756,4.713,4.772,4.716,4.579,4.613,4.695,4.66,4.355,4.496,4.629,4.511,4.571,4.576,4.466,4.527,4.671,4.658,4.551,4.581,4.66,4.775,4.71,4.717,4.739,4.52,4.735,4.814,4.752,4.742,4.805,4.774,4.649,4.779,4.823,4.807,4.887,4.927,4.83,4.728,4.932,4.879,4.493,4.51,4.602,4.558,4.38,4.469,4.22,4.118,4.273,4.521,4.574,4.458,4.691,4.714,4.701,4.599,4.346,4.11,3.816,4.109,4.268,4.381,4.47,4.495,4.6,4.424,4.592,4.646,4.67,4.647,4.47,4.744,4.682,4.885,5.089,5.107,5.139,5.215,5.099,4.969,5.177,5.28,5.318,5.383,5.33,5.279,5.086,5.22,5.362,5.308,5.241,5.134,4.993,4.588,4.882,5.112,5.117,5.162,5.156,4.962,4.525,3.732,3.876,4.037,4.046,4.173,4.234,4.078,4.245,4.384,4.433,4.5,4.468,4.403,4.17,4.249,4.409,4.523,4.413,4.611,4.561,4.398,4.515,4.546,4.262,4.058,3.887,3.996,4.16,4.36,4.436,4.336,3.685,3.753,3.901,3.617,3.798,3.837,3.918,3.97,3.939,3.789,3.627,3.776,3.757,3.688,3.738,3.839,3.769,3.589,3.706,3.729,3.79,3.813,3.807,3.686,3.377,3.394,3.497,3.461,3.374,3.298,4.424,4.382,4.683,4.709,4.59,4.431,4.503,4.348,4.3,4.662,4.665,4.743,4.673,4.641,4.55,4.424,4.579,4.55,4.444,4.566,4.617,4.404,4.189,4.431,4.469,4.276,4.179,4.064,3.945,3.974,4.237,0.0,0.0,0.0,0.0,0.0,0.0,0.0,0.0,0.0,0.0,0.0,0.0,0.0,0.0,0.0,0.0,0.0,0.0,0.0,0.0,0.0,0.0,0.0,0.0,0.0,0.0,0.0,0.0,0.0,0.0,0.0,2.937,2.885,2.796,2.748,2.803,2.759,2.606,2.564,2.525,2.406,2.545,2.657,2.744,2.849,2.762,2.595,2.4,2.475,2.532,2.627,2.662,2.616,2.511,2.33,2.487,2.612,2.65,2.646,2.677,2.64,4.358,4.325,4.51,4.624,4.68,4.729,4.805,4.788,4.861,4.928,5.02,5.049,5.057,5.015,4.853,4.886,4.751,4.925,4.979,4.992,4.925,4.74,4.712,4.605,4.764,4.914,4.93,4.964,4.773,4.84,4.92,5.436,5.401,5.432,5.335,5.165,5.268,5.316,5.336,5.303,5.115,4.8,4.356,4.271,4.567,4.701,4.821,4.889,4.995,4.828,4.934,5.045,5.086,5.156,5.048,4.905,4.572,4.585,4.652,4.668,4.554,3.332,3.271,3.167,3.2,3.179,3.321,3.415,3.471,3.427,3.312,3.48,3.542,3.549,3.514,3.56,3.554,3.373,3.4,3.536,3.612,3.636,3.726,3.632,3.464,3.59,3.661,3.652,3.617,3.687,3.74,3.614,3.774,3.843,3.942,3.939,3.951,3.849,3.682,3.807,3.803,3.87,3.893,3.95,4.004,3.825,3.859,3.991,4.031,4.034,4.054,4.083,3.996,4.009,4.065,4.04,3.768,3.522,3.636,3.743,3.648,3.696,3.701,5.916,5.997,6.189,6.171,6.029,6.069,6.174,6.326,6.239,6.249,6.279,5.988,6.273,6.377,6.296,6.282,6.367,6.325,6.159,6.331,6.39,6.369,6.475,6.528,6.399,6.264,6.534,6.465,5.71,7.315,7.342,7.493,7.421,7.131,7.275,6.87,6.703,6.957,7.359,7.445,7.257,7.636,7.674,7.654,7.487,7.075,6.692,6.213,6.689,6.948,7.132,7.276,7.317,7.488,7.202,7.476,7.564,7.602,7.565,7.277,3.971,3.92,4.09,4.261,4.276,4.302,4.366,4.269,4.16,4.334,4.42,4.452,4.507,4.462,4.419,4.258,4.37,4.489,4.444,4.387,4.298,4.18,3.841,4.087,4.279,4.284,4.322,4.316,4.154,3.788,4.326,4.493,4.678,4.689,4.837,4.908,4.726,4.919,5.081,5.138,5.216,5.178,5.103,4.833,4.925,5.11,5.242,5.114,5.344,5.286,5.098,5.233,5.269,4.94,4.703,4.505,4.631,4.821,5.053,5.142,5.026,3.685,3.753,3.901,3.617,3.798,3.837,3.918,3.97,3.939,3.789,3.627,3.776,3.757,3.688,3.738,3.839,3.769,3.589,3.706,3.729,3.79,3.813,3.807,3.686,3.377,3.394,3.497,3.461,3.374,3.298,4.59,4.548,4.859,4.887,4.763,4.598,4.673,4.512,4.462,4.838,4.841,4.922,4.849,4.816,4.722,4.591,4.752,4.721,4.612,4.738,4.791,4.57,4.347,4.598,4.637,4.437,4.336,4.218,4.094,4.124,4.397,6.645,6.546,6.634,6.875,7.065,6.678,6.758,7.004,7.205,7.365,7.637,7.344,7.123,7.412,7.28,7.595,7.668,7.606,7.415,7.365,7.602,7.662,7.314,7.264,7.489,7.509,7.334,7.507,7.867,8.002,8.077,6.089,5.981,5.797,5.698,5.811,5.72,5.403,5.315,5.235,4.988,5.275,5.508,5.688,5.907,5.726,5.38,4.976,5.13,5.249,5.446,5.519,5.424,5.205,4.831,5.157,5.415,5.494,5.486,5.55,5.474,4.358,4.325,4.51,4.624,4.68,4.729,4.805,4.788,4.861,4.928,5.02,5.049,5.057,5.015,4.853,4.886,4.751,4.925,4.979,4.992,4.925,4.74,4.712,4.605,4.764,4.914,4.93,4.964,4.773,4.84,4.92,5.436,5.401,5.432,5.335,5.165,5.268,5.316,5.336,5.303,5.115,4.8,4.356,4.271,4.567,4.701,4.821,4.889,4.995,4.828,4.934,5.045,5.086,5.156,5.048,4.905,4.572,4.585,4.652,4.668,4.554,3.332,3.271,3.167,3.2,3.179,3.321,3.415,3.471,3.427,3.312,3.48,3.542,3.549,3.514,3.56,3.554,3.373,3.4,3.536,3.612,3.636,3.726,3.632,3.464,3.59,3.661,3.652,3.617,3.687,3.74,3.614
Guntur_262,2.208,2.223,2.265,2.271,2.187,2.199,2.247,2.25,2.205,2.18,2.22,2.221,2.248,2.208,2.144,2.132,2.232,2.222,2.132,2.223,2.239,2.189,2.213,2.267,2.292,2.187,2.257,2.29,2.308,2.323,2.304,2.142,2.039,2.104,2.159,2.159,2.157,2.181,2.106,2.06,2.095,2.105,2.127,2.202,2.198,2.22,2.127,2.179,2.224,2.215,2.166,2.091,2.109,2.053,2.122,2.16,2.184,2.157,2.145,2.12,2.334,2.4,2.427,2.389,2.351,2.366,2.398,2.327,2.31,2.142,2.226,2.361,2.375,2.36,2.269,2.348,2.423,2.413,2.675,2.635,2.542,2.501,2.457,2.557,2.648,2.677,2.666,2.652,2.57,2.502,2.497,3.893,3.979,4.006,3.981,3.826,4.019,4.039,4.018,4.044,4.074,3.998,3.903,4.126,4.05,4.021,3.904,3.875,3.837,3.709,3.941,3.961,3.864,3.925,3.966,3.928,3.851,3.993,3.998,4.005,3.936,2.346,2.352,2.317,2.385,2.376,2.405,2.469,2.466,2.451,2.354,2.316,2.336,2.327,2.308,2.321,2.294,2.302,2.155,2.256,2.324,2.252,2.221,2.28,2.315,2.214,2.266,2.305,2.371,2.364,2.31,2.257,1.71,1.732,1.727,1.774,1.761,1.772,1.738,1.848,1.881,1.905,1.882,1.887,1.832,1.769,1.859,1.857,1.886,1.912,1.873,1.861,1.789,1.891,1.94,1.916,1.915,1.85,1.811,1.756,1.839,1.931,0.0,0.0,0.0,0.0,0.0,0.0,0.0,0.0,0.0,0.0,0.0,0.0,0.0,0.0,0.0,0.0,0.0,0.0,0.0,0.0,0.0,0.0,0.0,0.0,0.0,0.0,0.0,0.0,0.0,0.0,0.0,0.0,0.0,0.0,0.0,0.0,0.0,0.0,0.0,0.0,0.0,0.0,0.0,0.0,0.0,0.0,0.0,0.0,0.0,0.0,0.0,0.0,0.0,0.0,0.0,0.0,0.0,0.0,0.0,0.0,0.0,0.0,2.438,2.446,2.447,2.494,2.514,2.382,2.408,2.474,2.585,2.549,2.515,2.435,2.361,2.387,2.427,2.462,2.415,2.397,2.462,2.354,2.396,2.363,2.321,2.395,2.407,2.3,2.224,2.395,2.446,2.426,2.84,2.823,2.906,2.815,2.868,2.954,3.052,3.094,3.095,3.004,2.838,2.868,2.912,2.787,2.836,2.867,2.932,2.856,2.923,2.926,2.914,2.859,2.787,2.783,2.641,2.694,2.834,2.889,2.954,3.009,2.985,2.209,2.286,2.311,2.303,2.279,2.331,2.297,2.205,2.25,2.242,2.226,2.265,2.224,2.024,1.967,1.981,2.111,2.172,2.209,2.226,2.208,2.171,2.277,2.268,2.205,2.078,2.083,2.123,2.161,2.237,2.029,2.059,2.037,2.057,2.045,1.957,1.995,2.03,1.993,2.026,2.043,2.004,1.95,2.005,2.06,2.062,2.081,2.11,2.074,2.045,2.1,2.152,2.179,2.147,2.143,2.177,2.094,2.157,2.18,2.168,2.168,2.29,2.223,2.146,2.204,2.222,2.231,2.2,2.227,2.184,2.176,2.264,2.276,2.268,2.242,2.246,2.291,2.263,2.287,2.364,2.41,2.452,2.439,2.402,2.317,2.338,2.258,2.318,2.347,2.391,2.386,2.316,2.108,2.134,2.151,2.111,2.119,2.104,2.045,2.067,2.115,2.155,2.165,2.166,2.156,2.105,2.139,2.139,2.131,2.112,2.089,2.089,2.054,2.134,2.169,2.201,2.209,2.223,2.213,2.178,2.7,2.713,2.704,2.694,2.755,2.739,2.632,2.694,2.745,2.775,2.746,2.652,2.604,2.602,2.7,2.719,2.761,2.801,2.793,2.763,2.676,2.704,2.637,2.7,2.743,2.705,2.719,2.617,2.467,2.508,2.624,2.176,2.232,2.25,2.202,2.26,2.26,2.262,2.314,2.292,2.287,2.204,2.276,2.29,2.205,2.215,2.233,2.179,2.164,2.207,2.248,2.176,2.133,2.111,2.144,2.102,2.181,2.213,2.204,2.213,2.2,1.903,1.868,1.879,1.888,1.852,1.873,1.913,1.899,1.858,1.894,1.848,1.788,1.736,1.795,1.782,1.649,1.658,1.62,1.623,1.612,1.634,1.691,1.725,1.765,1.736,1.704,1.711,1.776,1.818,1.714,1.8,1.353,1.456,1.485,1.489,1.454,1.386,1.428,1.405,1.401,1.371,1.326,1.322,1.258,1.372,1.378,1.414,1.423,1.433,1.372,1.303,1.411,1.465,1.545,1.484,1.478,1.437,1.472,1.582,1.635,1.6,1.377,1.33,1.334,1.35,1.427,1.454,1.443,1.416,1.395,1.42,1.325,1.311,1.297,1.279,1.301,1.364,1.376,1.248,1.153,1.155,1.131,1.165,1.226,1.2,1.181,1.22,1.209,1.138,1.16,1.154,1.137,3.347,3.655,3.756,3.818,3.95,4.005,4.136,4.111,4.191,4.197,4.205,4.264,4.3,4.193,4.086,3.842,4.378,4.305,4.191,4.161,4.081,3.906,4.073,4.101,4.12,4.155,4.211,4.174,4.023,4.091,4.065,0.0,0.0,0.0,0.0,0.0,0.0,0.0,0.0,0.0,0.0,0.0,0.0,0.0,0.0,0.0,0.0,0.0,0.0,0.0,0.0,0.0,0.0,0.0,0.0,0.0,0.0,0.0,0.0,0.0,0.0,1.82,1.754,1.711,1.79,1.829,1.865,1.866,1.884,1.857,1.799,1.884,1.904,1.907,1.88,1.821,1.845,1.748,1.706,1.781,1.798,1.787,1.776,1.799,1.69,1.759,1.774,1.769,1.756,1.779,1.761,1.733,2.044,2.044,2.021,1.867,1.809,1.935,1.896,1.999,2.053,2.125,2.067,2.111,2.096,2.061,2.089,2.086,2.109,2.128,2.074,2.075,1.987,2.101,2.133,2.146,2.126,2.11,2.081,1.968,2.005,2.014,1.858,1.806,1.842,1.846,1.806,1.866,1.903,1.898,1.919,1.889,1.873,1.795,1.884,1.946,1.94,1.922,1.912,1.909,1.813,1.944,2.002,2.036,2.057,2.072,2.051,1.99,2.032,1.99,1.942,1.922,1.955,1.903,1.83,1.933,1.987,2.017,1.978,1.97,1.902,1.816,1.877,1.887,1.897,1.934,1.898,1.85,1.849,1.937,1.998,1.999,1.989,2.007,1.9,1.87,1.973,1.985,1.922,1.955,1.983,1.991,1.989,2.025,1.828,1.835,1.765,1.795,1.817,1.791,1.822,1.873,1.839,1.8,1.81,1.806,1.784,1.796,1.808,1.834,1.818,1.828,1.812,1.782,1.827,1.822,1.824,1.876,1.836,1.806,1.739,1.816,2.214,2.169,2.156,2.216,2.252,2.197,2.189,2.204,2.226,2.266,2.295,2.29,2.234,2.284,2.299,2.33,2.321,2.192,2.208,2.251,2.315,2.334,2.347,2.368,2.358,2.342,2.27,2.312,2.334,2.377,2.391,2.982,2.979,2.887,2.989,3.02,2.965,3.012,2.994,3.006,2.911,2.969,3.012,3.019,2.989,2.958,3.001,2.864,2.942,2.994,2.971,2.983,2.989,2.986,2.891,2.992,3.028,3.059,3.038,3.011,2.933,2.844,2.914,2.904,2.973,2.97,3.049,3.03,2.894,2.939,2.893,2.906,2.903,2.875,2.847,2.769,2.881,2.95,3.033,3.004,2.878,2.625,2.439,2.41,2.623,2.819,2.837,2.794,2.77,2.746,2.9,2.942,3.297,3.33,3.326,3.289,3.208,3.297,3.319,3.248,3.218,3.296,3.263,3.168,3.323,3.37,3.28,3.207,3.16,3.084,2.863,2.871,2.896,3.126,3.247,3.209,3.146,3.054,3.232,3.278,3.147,2.93,2.899,2.948,2.873,3.089,3.102,3.099,3.109,3.05,2.923,2.738,2.842,2.849,2.893,2.85,2.857,2.863,2.739,2.947,2.992,2.939,2.759,2.842,2.769,2.573,2.769,2.95,2.984,2.961,3.013,2.915,2.742,1.684,1.727,1.798,1.797,1.734,1.683,1.601,1.64,1.639,1.638,1.544,1.627,1.689,1.575,1.493,1.599,1.692,1.75,1.729,1.707,1.633,1.722,1.765,1.75,1.779,1.837,1.777,1.701,1.824,1.872,1.86,2.34,2.362,2.35,2.212,2.325,2.361,2.371,2.339,2.278,2.221,2.074,2.107,2.115,2.117,2.084,1.981,2.048,2.063,2.179,2.175,2.149,2.059,2.026,2.0,2.006,2.184,2.201,2.193,2.225,2.231,2.096,2.002,2.124,2.188,2.074,2.104,2.094,2.106,2.036,2.1,2.081,2.117,2.119,2.101,2.071,2.0,2.159,2.18,2.184,2.176,2.149,2.092,1.967,1.855,1.816,1.946,2.054,2.096,2.107,2.048,2.07,2.102,2.129,2.11,2.145,2.137,2.093,2.123,2.14,2.141,2.139,2.142,2.078,2.027,2.042,2.096,2.128,2.143,2.162,2.169,2.085,2.161,2.192,2.187,2.186,2.186,2.188,2.14,2.195,2.168,2.171,1.932,1.961,1.964,1.895,1.935,1.98,2.003,1.955,1.941,1.865,1.816,1.912,1.915,1.926,1.962,2.002,2.016,1.971,2.049,2.056,2.04,2.048,2.082,2.068,1.997,2.038,2.076,2.109,2.117,2.092,2.07,1.649,1.694,1.687,1.658,1.679,1.692,1.702,1.686,1.713,1.716,1.731,1.736,1.746,1.684,1.617,1.662,1.696,1.728,1.713,1.734,1.714,1.664,1.677,1.706,1.693,1.583,1.634,1.682,1.639,1.661,1.663,1.893,1.919,1.98,1.975,1.929,1.942,1.976,2.024,1.997,2.0,2.009,1.916,2.007,2.041,2.015,2.01,2.037,2.024,1.971,2.026,2.045,2.038,2.072,2.089,2.048,2.004,2.091,2.069,2.556,2.566,2.619,2.593,2.492,2.543,2.401,2.343,2.431,2.572,2.602,2.536,2.669,2.682,2.675,2.617,2.473,2.339,2.171,2.338,2.428,2.493,2.543,2.557,2.617,2.517,2.613,2.644,2.657,2.644,2.543,2.446,2.414,2.519,2.624,2.633,2.65,2.689,2.629,2.562,2.669,2.722,2.742,2.775,2.748,2.722,2.622,2.692,2.765,2.737,2.702,2.647,2.574,2.366,2.517,2.636,2.638,2.662,2.658,2.558,2.333,2.342,2.432,2.532,2.538,2.618,2.656,2.558,2.663,2.75,2.781,2.823,2.803,2.762,2.616,2.666,2.766,2.838,2.768,2.892,2.861,2.759,2.832,2.852,2.674,2.546,2.439,2.507,2.61,2.735,2.783,2.72,3.065,3.121,3.245,3.008,3.159,3.192,3.259,3.302,3.276,3.152,3.017,3.141,3.125,3.067,3.109,3.193,3.135,2.985,3.082,3.102,3.153,3.172,3.167,3.066,2.809,2.823,2.909,2.879,2.807,2.743,2.049,2.03,2.169,2.181,2.126,2.052,2.086,2.014,1.992,2.16,2.161,2.197,2.164,2.15,2.108,2.049,2.121,2.107,2.059,2.115,2.139,2.04,1.941,2.052,2.07,1.98,1.936,1.883,1.827,1.841,1.963,0.0,0.0,0.0,0.0,0.0,0.0,0.0,0.0,0.0,0.0,0.0,0.0,0.0,0.0,0.0,0.0,0.0,0.0,0.0,0.0,0.0,0.0,0.0,0.0,0.0,0.0,0.0,0.0,0.0,0.0,0.0,2.046,2.009,1.947,1.914,1.952,1.922,1.815,1.786,1.759,1.676,1.772,1.851,1.911,1.984,1.924,1.807,1.672,1.724,1.763,1.83,1.854,1.822,1.749,1.623,1.732,1.819,1.846,1.843,1.865,1.839,2.651,2.63,2.743,2.812,2.846,2.876,2.922,2.912,2.957,2.997,3.053,3.071,3.076,3.05,2.952,2.971,2.89,2.995,3.028,3.036,2.996,2.883,2.866,2.801,2.897,2.989,2.998,3.019,2.903,2.943,2.993,2.645,2.628,2.644,2.596,2.513,2.564,2.587,2.597,2.581,2.489,2.336,2.12,2.078,2.222,2.287,2.346,2.379,2.431,2.349,2.401,2.455,2.475,2.509,2.456,2.387,2.225,2.231,2.264,2.271,2.216,1.899,1.864,1.805,1.824,1.812,1.893,1.947,1.978,1.953,1.887,1.984,2.019,2.023,2.003,2.029,2.026,1.922,1.938,2.015,2.059,2.072,2.124,2.07,1.974,2.046,2.086,2.082,2.061,2.101,2.132,2.06,2.09,2.128,2.183,2.181,2.188,2.132,2.039,2.109,2.106,2.143,2.156,2.188,2.218,2.118,2.137,2.21,2.233,2.234,2.245,2.261,2.213,2.22,2.252,2.238,2.087,1.951,2.014,2.073,2.021,2.047,2.05,1.982,2.009,2.074,2.068,2.02,2.033,2.069,2.12,2.091,2.094,2.104,2.006,2.102,2.137,2.11,2.105,2.133,2.119,2.064,2.121,2.141,2.134,2.169,2.187,2.144,2.099,2.189,2.166,1.913,3.045,3.056,3.119,3.089,2.968,3.028,2.86,2.79,2.896,3.063,3.099,3.02,3.179,3.194,3.186,3.117,2.945,2.785,2.586,2.784,2.892,2.969,3.029,3.046,3.117,2.998,3.112,3.148,3.164,3.149,3.029,2.068,2.041,2.13,2.219,2.227,2.24,2.274,2.223,2.166,2.257,2.302,2.318,2.347,2.324,2.301,2.217,2.276,2.338,2.314,2.285,2.238,2.177,2.0,2.128,2.228,2.231,2.251,2.248,2.163,1.973,2.403,2.495,2.598,2.604,2.687,2.726,2.625,2.732,2.822,2.854,2.897,2.876,2.834,2.685,2.735,2.838,2.912,2.841,2.968,2.936,2.831,2.906,2.926,2.744,2.612,2.502,2.572,2.678,2.807,2.856,2.791,3.065,3.121,3.245,3.008,3.159,3.192,3.259,3.302,3.276,3.152,3.017,3.141,3.125,3.067,3.109,3.193,3.135,2.985,3.082,3.102,3.153,3.172,3.167,3.066,2.809,2.823,2.909,2.879,2.807,2.743,2.55,2.526,2.699,2.714,2.645,2.554,2.595,2.506,2.478,2.687,2.689,2.734,2.693,2.675,2.622,2.55,2.639,2.622,2.562,2.632,2.661,2.538,2.414,2.554,2.576,2.464,2.408,2.342,2.274,2.291,2.442,2.031,2.001,2.028,2.102,2.16,2.042,2.066,2.141,2.203,2.252,2.335,2.245,2.178,2.266,2.226,2.322,2.344,2.325,2.267,2.252,2.324,2.343,2.236,2.221,2.29,2.296,2.242,2.295,2.405,2.446,2.469,1.302,1.279,1.24,1.218,1.243,1.223,1.155,1.136,1.119,1.067,1.128,1.178,1.216,1.263,1.224,1.15,1.064,1.097,1.122,1.165,1.18,1.16,1.113,1.033,1.103,1.158,1.175,1.173,1.187,1.17,2.651,2.63,2.743,2.812,2.846,2.876,2.922,2.912,2.957,2.997,3.053,3.071,3.076,3.05,2.952,2.971,2.89,2.995,3.028,3.036,2.996,2.883,2.866,2.801,2.897,2.989,2.998,3.019,2.903,2.943,2.993,2.645,2.628,2.644,2.596,2.513,2.564,2.587,2.597,2.581,2.489,2.336,2.12,2.078,2.222,2.287,2.346,2.379,2.431,2.349,2.401,2.455,2.475,2.509,2.456,2.387,2.225,2.231,2.264,2.271,2.216,1.899,1.864,1.805,1.824,1.812,1.893,1.947,1.978,1.953,1.887,1.984,2.019,2.023,2.003,2.029,2.026,1.922,1.938,2.015,2.059,2.072,2.124,2.07,1.974,2.046,2.086,2.082,2.061,2.101,2.132,2.06
Guntur_263,3.943,3.97,4.045,4.055,3.905,3.927,4.012,4.018,3.937,3.893,3.964,3.966,4.014,3.943,3.828,3.807,3.985,3.968,3.807,3.969,3.998,3.909,3.953,4.048,4.092,3.905,4.031,4.09,4.121,4.149,4.114,5.042,4.8,4.954,5.082,5.083,5.079,5.135,4.959,4.85,4.933,4.956,5.007,5.184,5.176,5.227,5.008,5.131,5.236,5.214,5.101,4.923,4.965,4.835,4.997,5.086,5.141,5.079,5.05,4.992,4.773,4.909,4.963,4.885,4.808,4.837,4.903,4.759,4.723,4.38,4.551,4.828,4.857,4.826,4.641,4.802,4.955,4.934,5.469,5.389,5.198,5.115,5.024,5.228,5.414,5.474,5.452,5.423,5.255,5.117,5.106,5.016,5.127,5.162,5.129,4.93,5.178,5.203,5.177,5.21,5.249,5.152,5.029,5.315,5.218,5.181,5.03,4.993,4.944,4.778,5.077,5.104,4.978,5.057,5.11,5.061,4.962,5.145,5.151,5.16,5.071,3.878,3.887,3.83,3.942,3.927,3.976,4.081,4.076,4.051,3.89,3.828,3.861,3.846,3.815,3.837,3.792,3.804,3.561,3.729,3.841,3.722,3.672,3.768,3.827,3.659,3.746,3.809,3.918,3.908,3.818,3.73,2.223,2.251,2.245,2.307,2.289,2.303,2.26,2.402,2.445,2.477,2.447,2.453,2.382,2.3,2.416,2.414,2.452,2.486,2.435,2.419,2.325,2.459,2.522,2.491,2.49,2.405,2.354,2.283,2.39,2.51,0.0,0.0,0.0,0.0,0.0,0.0,0.0,0.0,0.0,0.0,0.0,0.0,0.0,0.0,0.0,0.0,0.0,0.0,0.0,0.0,0.0,0.0,0.0,0.0,0.0,0.0,0.0,0.0,0.0,0.0,0.0,0.0,0.0,0.0,0.0,0.0,0.0,0.0,0.0,0.0,0.0,0.0,0.0,0.0,0.0,0.0,0.0,0.0,0.0,0.0,0.0,0.0,0.0,0.0,0.0,0.0,0.0,0.0,0.0,0.0,0.0,0.0,7.2,7.225,7.228,7.368,7.425,7.036,7.112,7.31,7.637,7.529,7.431,7.193,6.974,7.051,7.17,7.272,7.134,7.082,7.272,6.953,7.077,6.981,6.857,7.075,7.11,6.793,6.569,7.075,7.225,7.166,5.144,5.111,5.262,5.098,5.194,5.349,5.527,5.604,5.606,5.44,5.14,5.193,5.274,5.048,5.135,5.193,5.309,5.172,5.293,5.298,5.278,5.177,5.047,5.04,4.783,4.879,5.131,5.232,5.35,5.45,5.407,4.252,4.4,4.447,4.433,4.388,4.487,4.421,4.244,4.331,4.316,4.285,4.36,4.281,3.897,3.786,3.814,4.064,4.181,4.252,4.284,4.25,4.179,4.383,4.365,4.245,4.0,4.009,4.087,4.16,4.305,3.124,3.17,3.137,3.168,3.148,3.012,3.072,3.125,3.069,3.119,3.146,3.085,3.003,3.088,3.171,3.174,3.204,3.248,3.194,3.149,3.233,3.313,3.355,3.305,3.3,3.352,3.224,3.321,3.356,3.338,3.338,4.247,4.123,3.98,4.089,4.121,4.137,4.081,4.13,4.05,4.035,4.199,4.222,4.207,4.158,4.166,4.249,4.198,4.242,4.384,4.471,4.548,4.524,4.454,4.298,4.337,4.188,4.299,4.353,4.435,4.426,4.296,4.436,4.491,4.527,4.444,4.46,4.427,4.303,4.35,4.451,4.536,4.556,4.559,4.538,4.43,4.502,4.502,4.486,4.446,4.396,4.397,4.323,4.492,4.565,4.633,4.649,4.679,4.657,4.583,3.858,3.877,3.864,3.85,3.936,3.914,3.761,3.85,3.923,3.965,3.924,3.789,3.72,3.719,3.858,3.886,3.945,4.003,3.991,3.949,3.824,3.864,3.768,3.858,3.92,3.865,3.885,3.739,3.525,3.583,3.75,3.841,3.939,3.97,3.885,3.989,3.987,3.991,4.084,4.045,4.035,3.89,4.016,4.041,3.892,3.909,3.941,3.845,3.818,3.894,3.967,3.84,3.765,3.726,3.784,3.709,3.848,3.906,3.889,3.906,3.883,3.655,3.587,3.609,3.626,3.556,3.597,3.673,3.647,3.569,3.638,3.55,3.434,3.334,3.447,3.422,3.167,3.183,3.11,3.118,3.095,3.138,3.247,3.313,3.389,3.335,3.272,3.285,3.41,3.491,3.292,3.456,2.459,2.648,2.699,2.707,2.643,2.52,2.597,2.555,2.548,2.493,2.41,2.404,2.288,2.494,2.506,2.57,2.587,2.605,2.495,2.368,2.566,2.663,2.809,2.699,2.687,2.613,2.676,2.876,2.973,2.909,5.325,5.141,5.156,5.219,5.517,5.62,5.58,5.474,5.392,5.491,5.123,5.067,5.013,4.946,5.031,5.271,5.319,4.825,4.459,4.464,4.372,4.502,4.741,4.64,4.567,4.715,4.674,4.401,4.486,4.463,4.395,6.639,7.25,7.451,7.574,7.835,7.946,8.205,8.155,8.313,8.327,8.341,8.459,8.53,8.318,8.106,7.621,8.685,8.54,8.315,8.254,8.095,7.749,8.079,8.135,8.173,8.242,8.355,8.28,7.98,8.116,8.064,0.0,0.0,0.0,0.0,0.0,0.0,0.0,0.0,0.0,0.0,0.0,0.0,0.0,0.0,0.0,0.0,0.0,0.0,0.0,0.0,0.0,0.0,0.0,0.0,0.0,0.0,0.0,0.0,0.0,0.0,3.207,3.091,3.016,3.154,3.223,3.287,3.288,3.321,3.273,3.169,3.32,3.355,3.36,3.313,3.209,3.251,3.08,3.007,3.139,3.169,3.149,3.129,3.17,2.978,3.099,3.126,3.118,3.095,3.135,3.104,3.054,1.982,1.982,1.96,1.81,1.754,1.876,1.839,1.938,1.99,2.06,2.004,2.047,2.032,1.999,2.025,2.022,2.045,2.063,2.011,2.012,1.926,2.037,2.068,2.08,2.061,2.046,2.017,1.908,1.944,1.953,3.073,2.986,3.045,3.052,2.987,3.086,3.148,3.139,3.173,3.124,3.097,2.969,3.115,3.218,3.209,3.178,3.161,3.157,2.999,3.214,3.31,3.367,3.401,3.426,3.392,3.29,3.36,3.29,3.211,3.177,3.232,2.626,2.526,2.668,2.742,2.783,2.73,2.719,2.624,2.506,2.59,2.605,2.617,2.67,2.619,2.553,2.552,2.674,2.757,2.759,2.745,2.77,2.622,2.58,2.723,2.74,2.653,2.698,2.737,2.748,2.745,2.795,3.023,3.035,2.918,2.969,3.004,2.961,3.014,3.097,3.042,2.977,2.994,2.986,2.95,2.969,2.99,3.033,3.007,3.022,2.996,2.946,3.022,3.013,3.017,3.102,3.036,2.987,2.875,3.002,3.116,3.052,3.034,3.118,3.169,3.091,3.079,3.102,3.132,3.188,3.229,3.222,3.143,3.213,3.234,3.278,3.266,3.084,3.106,3.167,3.257,3.284,3.302,3.332,3.318,3.296,3.194,3.253,3.284,3.344,3.365,4.056,4.052,3.926,4.066,4.107,4.032,4.096,4.072,4.088,3.959,4.038,4.097,4.105,4.065,4.023,4.081,3.895,4.001,4.071,4.041,4.056,4.066,4.061,3.932,4.07,4.118,4.16,4.132,4.095,3.989,3.881,3.977,3.963,4.057,4.053,4.161,4.135,3.95,4.011,3.949,3.967,3.962,3.924,3.886,3.779,3.932,4.027,4.139,4.1,3.928,3.582,3.329,3.289,3.58,3.847,3.872,3.813,3.78,3.748,3.958,4.015,3.297,3.33,3.326,3.289,3.208,3.297,3.319,3.248,3.218,3.296,3.263,3.168,3.323,3.37,3.28,3.207,3.16,3.084,2.863,2.871,2.896,3.126,3.247,3.209,3.146,3.054,3.232,3.278,3.147,2.93,2.899,2.948,2.873,3.089,3.102,3.099,3.109,3.05,2.923,2.738,2.842,2.849,2.893,2.85,2.857,2.863,2.739,2.947,2.992,2.939,2.759,2.842,2.769,2.573,2.769,2.95,2.984,2.961,3.013,2.915,2.742,2.08,2.133,2.222,2.22,2.142,2.079,1.978,2.026,2.024,2.023,1.907,2.01,2.087,1.945,1.845,1.976,2.09,2.161,2.135,2.109,2.018,2.127,2.181,2.161,2.197,2.269,2.195,2.102,2.254,2.313,2.298,2.481,2.505,2.492,2.346,2.466,2.504,2.515,2.481,2.416,2.355,2.199,2.234,2.244,2.245,2.211,2.101,2.172,2.188,2.311,2.307,2.279,2.184,2.149,2.121,2.128,2.316,2.334,2.326,2.36,2.366,2.985,2.852,3.026,3.117,2.955,2.998,2.983,3.0,2.9,2.992,2.965,3.016,3.019,2.994,2.951,2.849,3.076,3.106,3.111,3.101,3.061,2.98,2.803,2.643,2.588,2.773,2.926,2.986,3.001,2.918,2.949,2.515,2.547,2.525,2.566,2.557,2.504,2.541,2.56,2.561,2.56,2.562,2.486,2.425,2.443,2.508,2.546,2.565,2.587,2.596,2.495,2.586,2.622,2.616,2.615,2.616,2.618,2.561,2.626,2.594,2.597,2.336,2.37,2.374,2.291,2.34,2.394,2.422,2.363,2.346,2.255,2.195,2.311,2.315,2.329,2.372,2.42,2.438,2.383,2.477,2.485,2.466,2.476,2.516,2.5,2.415,2.463,2.51,2.55,2.559,2.53,2.503,1.643,1.688,1.681,1.652,1.673,1.686,1.695,1.68,1.707,1.71,1.725,1.729,1.739,1.678,1.611,1.656,1.69,1.722,1.707,1.728,1.708,1.658,1.67,1.7,1.687,1.577,1.628,1.676,1.634,1.655,1.657,2.316,2.348,2.423,2.416,2.36,2.376,2.417,2.477,2.443,2.447,2.458,2.344,2.456,2.497,2.465,2.459,2.493,2.476,2.411,2.479,2.502,2.494,2.535,2.556,2.505,2.452,2.558,2.531,2.979,2.99,3.051,3.022,2.904,2.963,2.798,2.73,2.833,2.997,3.032,2.955,3.11,3.125,3.117,3.049,2.881,2.725,2.53,2.724,2.83,2.905,2.963,2.98,3.05,2.933,3.045,3.08,3.096,3.081,2.964,3.474,3.429,3.577,3.727,3.74,3.763,3.819,3.734,3.639,3.791,3.866,3.894,3.942,3.903,3.866,3.725,3.823,3.927,3.887,3.838,3.759,3.656,3.36,3.575,3.743,3.747,3.78,3.776,3.633,3.314,3.152,3.273,3.409,3.416,3.524,3.576,3.443,3.584,3.702,3.743,3.8,3.773,3.718,3.522,3.588,3.723,3.82,3.726,3.893,3.851,3.714,3.813,3.839,3.599,3.427,3.283,3.374,3.513,3.682,3.746,3.662,3.28,3.341,3.473,3.22,3.382,3.416,3.488,3.534,3.507,3.374,3.229,3.362,3.345,3.283,3.328,3.418,3.355,3.195,3.299,3.32,3.374,3.395,3.389,3.281,3.007,3.022,3.113,3.081,3.004,2.936,3.95,3.913,4.181,4.205,4.099,3.956,4.021,3.883,3.84,4.163,4.166,4.236,4.173,4.145,4.063,3.95,4.089,4.063,3.969,4.077,4.123,3.933,3.741,3.957,3.991,3.818,3.732,3.629,3.523,3.549,3.784,0.0,0.0,0.0,0.0,0.0,0.0,0.0,0.0,0.0,0.0,0.0,0.0,0.0,0.0,0.0,0.0,0.0,0.0,0.0,0.0,0.0,0.0,0.0,0.0,0.0,0.0,0.0,0.0,0.0,0.0,0.0,2.986,2.933,2.843,2.794,2.85,2.805,2.65,2.606,2.567,2.446,2.587,2.701,2.789,2.897,2.808,2.638,2.44,2.516,2.574,2.671,2.706,2.66,2.552,2.369,2.529,2.656,2.694,2.69,2.722,2.684,3.396,3.37,3.514,3.603,3.647,3.685,3.744,3.731,3.788,3.84,3.911,3.935,3.941,3.908,3.782,3.807,3.702,3.838,3.88,3.89,3.838,3.694,3.672,3.588,3.712,3.829,3.841,3.868,3.719,3.771,3.834,3.518,3.495,3.516,3.452,3.342,3.409,3.44,3.453,3.432,3.31,3.106,2.819,2.764,2.955,3.042,3.12,3.164,3.232,3.124,3.193,3.265,3.291,3.337,3.267,3.174,2.959,2.967,3.011,3.021,2.947,2.891,2.838,2.748,2.776,2.758,2.881,2.963,3.011,2.973,2.873,3.019,3.073,3.079,3.049,3.089,3.084,2.926,2.95,3.068,3.134,3.155,3.233,3.151,3.005,3.115,3.176,3.168,3.138,3.199,3.245,3.136,2.973,3.027,3.105,3.102,3.112,3.032,2.9,2.999,2.996,3.048,3.066,3.111,3.154,3.013,3.04,3.144,3.175,3.178,3.193,3.216,3.147,3.158,3.202,3.183,2.968,2.774,2.864,2.949,2.874,2.912,2.915,2.609,2.644,2.729,2.721,2.659,2.676,2.722,2.79,2.751,2.756,2.769,2.64,2.766,2.812,2.776,2.77,2.807,2.789,2.716,2.792,2.818,2.808,2.855,2.879,2.822,2.762,2.881,2.851,2.518,3.32,3.332,3.4,3.368,3.236,3.302,3.118,3.042,3.157,3.34,3.379,3.293,3.466,3.483,3.474,3.398,3.211,3.037,2.82,3.036,3.153,3.237,3.302,3.321,3.398,3.269,3.393,3.433,3.45,3.434,3.303,2.841,2.804,2.925,3.048,3.058,3.077,3.123,3.054,2.976,3.1,3.162,3.185,3.224,3.192,3.161,3.046,3.126,3.211,3.179,3.138,3.074,2.99,2.748,2.924,3.061,3.064,3.091,3.087,2.971,2.71,2.731,2.837,2.954,2.96,3.054,3.099,2.984,3.106,3.208,3.244,3.293,3.27,3.222,3.052,3.109,3.226,3.31,3.229,3.374,3.337,3.219,3.304,3.327,3.119,2.969,2.845,2.924,3.044,3.191,3.246,3.173,3.28,3.341,3.473,3.22,3.382,3.416,3.488,3.534,3.507,3.374,3.229,3.362,3.345,3.283,3.328,3.418,3.355,3.195,3.299,3.32,3.374,3.395,3.389,3.281,3.007,3.022,3.113,3.081,3.004,2.936,2.898,2.871,3.068,3.085,3.007,2.903,2.95,2.849,2.817,3.054,3.056,3.108,3.061,3.041,2.981,2.898,3.0,2.981,2.912,2.992,3.025,2.885,2.745,2.903,2.928,2.801,2.738,2.663,2.585,2.604,2.776,2.195,2.163,2.192,2.272,2.334,2.207,2.233,2.314,2.381,2.434,2.523,2.426,2.353,2.449,2.405,2.509,2.534,2.513,2.45,2.433,2.512,2.532,2.417,2.4,2.475,2.481,2.423,2.48,2.599,2.644,2.669,1.302,1.279,1.24,1.218,1.243,1.223,1.155,1.136,1.119,1.067,1.128,1.178,1.216,1.263,1.224,1.15,1.064,1.097,1.122,1.165,1.18,1.16,1.113,1.033,1.103,1.158,1.175,1.173,1.187,1.17,3.396,3.37,3.514,3.603,3.647,3.685,3.744,3.731,3.788,3.84,3.911,3.935,3.941,3.908,3.782,3.807,3.702,3.838,3.88,3.89,3.838,3.694,3.672,3.588,3.712,3.829,3.841,3.868,3.719,3.771,3.834,3.518,3.495,3.516,3.452,3.342,3.409,3.44,3.453,3.432,3.31,3.106,2.819,2.764,2.955,3.042,3.12,3.164,3.232,3.124,3.193,3.265,3.291,3.337,3.267,3.174,2.959,2.967,3.011,3.021,2.947,2.891,2.838,2.748,2.776,2.758,2.881,2.963,3.011,2.973,2.873,3.019,3.073,3.079,3.049,3.089,3.084,2.926,2.95,3.068,3.134,3.155,3.233,3.151,3.005,3.115,3.176,3.168,3.138,3.199,3.245,3.136
Guntur_264,4.606,4.637,4.725,4.736,4.561,4.587,4.686,4.693,4.599,4.547,4.63,4.632,4.689,4.605,4.471,4.447,4.655,4.634,4.447,4.636,4.67,4.565,4.617,4.728,4.78,4.561,4.708,4.777,4.813,4.845,4.806,5.731,5.456,5.63,5.776,5.777,5.772,5.836,5.636,5.512,5.606,5.632,5.691,5.892,5.882,5.94,5.691,5.831,5.95,5.926,5.797,5.596,5.643,5.495,5.679,5.78,5.843,5.773,5.739,5.674,5.364,5.517,5.578,5.49,5.403,5.436,5.51,5.349,5.309,4.923,5.115,5.426,5.459,5.424,5.215,5.397,5.569,5.546,6.147,6.057,5.842,5.748,5.647,5.876,6.084,6.152,6.127,6.095,5.906,5.751,5.738,5.794,5.923,5.963,5.925,5.695,5.982,6.011,5.98,6.019,6.064,5.951,5.81,6.141,6.028,5.985,5.811,5.768,5.712,5.52,5.865,5.896,5.751,5.842,5.903,5.846,5.732,5.944,5.95,5.961,5.858,4.473,4.483,4.418,4.547,4.53,4.585,4.707,4.701,4.672,4.487,4.415,4.453,4.436,4.4,4.425,4.374,4.388,4.107,4.301,4.43,4.293,4.235,4.346,4.414,4.22,4.32,4.394,4.519,4.507,4.404,4.302,4.452,4.508,4.496,4.619,4.584,4.612,4.525,4.811,4.897,4.96,4.899,4.913,4.769,4.606,4.839,4.835,4.91,4.978,4.875,4.844,4.657,4.923,5.051,4.988,4.987,4.817,4.714,4.571,4.787,5.026,0.0,0.0,0.0,0.0,0.0,0.0,0.0,0.0,0.0,0.0,0.0,0.0,0.0,0.0,0.0,0.0,0.0,0.0,0.0,0.0,0.0,0.0,0.0,0.0,0.0,0.0,0.0,0.0,0.0,0.0,0.0,0.0,0.0,0.0,0.0,0.0,0.0,0.0,0.0,0.0,0.0,0.0,0.0,0.0,0.0,0.0,0.0,0.0,0.0,0.0,0.0,0.0,0.0,0.0,0.0,0.0,0.0,0.0,0.0,0.0,0.0,0.0,7.2,7.225,7.228,7.368,7.425,7.036,7.112,7.31,7.637,7.529,7.431,7.193,6.974,7.051,7.17,7.272,7.134,7.082,7.272,6.953,7.077,6.981,6.857,7.075,7.11,6.793,6.569,7.075,7.225,7.166,4.139,4.113,4.235,4.103,4.179,4.305,4.448,4.51,4.511,4.378,4.136,4.179,4.244,4.062,4.132,4.179,4.272,4.162,4.259,4.264,4.247,4.166,4.062,4.056,3.849,3.927,4.129,4.21,4.305,4.386,4.351,5.229,5.411,5.469,5.451,5.396,5.517,5.437,5.218,5.326,5.307,5.269,5.362,5.264,4.792,4.655,4.69,4.998,5.142,5.229,5.269,5.227,5.139,5.389,5.368,5.22,4.919,4.93,5.026,5.115,5.294,4.509,4.575,4.528,4.572,4.544,4.348,4.434,4.511,4.43,4.501,4.54,4.453,4.334,4.457,4.577,4.581,4.624,4.688,4.609,4.544,4.666,4.782,4.842,4.77,4.763,4.837,4.654,4.793,4.844,4.818,4.818,4.937,4.794,4.627,4.754,4.791,4.81,4.745,4.802,4.709,4.691,4.882,4.909,4.891,4.834,4.843,4.94,4.881,4.932,5.097,5.198,5.287,5.26,5.179,4.998,5.043,4.869,4.998,5.06,5.156,5.146,4.995,6.097,6.172,6.221,6.107,6.129,6.084,5.914,5.979,6.117,6.233,6.262,6.265,6.236,6.088,6.186,6.187,6.165,6.109,6.041,6.043,5.942,6.173,6.274,6.367,6.388,6.43,6.4,6.299,4.849,4.874,4.857,4.84,4.948,4.92,4.728,4.839,4.932,4.984,4.933,4.763,4.677,4.674,4.849,4.885,4.959,5.032,5.017,4.963,4.806,4.857,4.736,4.849,4.927,4.859,4.883,4.7,4.431,4.504,4.714,5.181,5.314,5.356,5.241,5.381,5.379,5.384,5.509,5.456,5.443,5.248,5.417,5.452,5.25,5.273,5.316,5.187,5.151,5.253,5.351,5.181,5.078,5.026,5.105,5.003,5.191,5.269,5.247,5.269,5.238,5.743,5.636,5.67,5.697,5.587,5.651,5.771,5.73,5.607,5.716,5.577,5.395,5.239,5.416,5.376,4.975,5.002,4.887,4.898,4.863,4.931,5.101,5.206,5.324,5.239,5.141,5.161,5.358,5.485,5.173,5.43,4.142,4.459,4.546,4.56,4.451,4.245,4.374,4.303,4.291,4.199,4.059,4.049,3.853,4.2,4.221,4.328,4.357,4.388,4.202,3.989,4.321,4.485,4.731,4.545,4.525,4.4,4.507,4.843,5.006,4.899,0.0,0.0,0.0,0.0,0.0,0.0,0.0,0.0,0.0,0.0,0.0,0.0,0.0,0.0,0.0,0.0,0.0,0.0,0.0,0.0,0.0,0.0,0.0,0.0,0.0,0.0,0.0,0.0,0.0,0.0,0.0,6.639,7.25,7.451,7.574,7.835,7.946,8.205,8.155,8.313,8.327,8.341,8.459,8.53,8.318,8.106,7.621,8.685,8.54,8.315,8.254,8.095,7.749,8.079,8.135,8.173,8.242,8.355,8.28,7.98,8.116,8.064,0.0,0.0,0.0,0.0,0.0,0.0,0.0,0.0,0.0,0.0,0.0,0.0,0.0,0.0,0.0,0.0,0.0,0.0,0.0,0.0,0.0,0.0,0.0,0.0,0.0,0.0,0.0,0.0,0.0,0.0,4.111,3.962,3.866,4.044,4.132,4.214,4.215,4.257,4.196,4.063,4.256,4.301,4.308,4.247,4.114,4.167,3.949,3.855,4.024,4.062,4.037,4.012,4.064,3.818,3.974,4.007,3.997,3.968,4.019,3.979,3.915,2.814,2.813,2.782,2.57,2.489,2.662,2.61,2.751,2.826,2.925,2.845,2.906,2.884,2.837,2.875,2.87,2.903,2.929,2.854,2.856,2.734,2.891,2.935,2.953,2.926,2.904,2.864,2.709,2.759,2.772,4.168,4.05,4.131,4.14,4.051,4.186,4.269,4.258,4.304,4.238,4.201,4.027,4.225,4.365,4.352,4.31,4.288,4.282,4.068,4.36,4.49,4.567,4.613,4.647,4.6,4.463,4.557,4.463,4.355,4.31,4.385,4.061,3.906,4.126,4.239,4.304,4.222,4.204,4.058,3.875,4.005,4.028,4.047,4.128,4.05,3.948,3.946,4.135,4.263,4.265,4.245,4.283,4.055,3.989,4.211,4.236,4.102,4.172,4.232,4.249,4.244,4.322,4.496,4.514,4.341,4.415,4.468,4.404,4.482,4.606,4.524,4.428,4.452,4.442,4.388,4.416,4.447,4.511,4.472,4.495,4.456,4.382,4.495,4.481,4.487,4.613,4.515,4.442,4.276,4.465,3.563,3.49,3.469,3.566,3.623,3.535,3.521,3.547,3.582,3.645,3.693,3.684,3.594,3.674,3.698,3.749,3.735,3.527,3.552,3.622,3.724,3.755,3.776,3.81,3.794,3.769,3.652,3.72,3.755,3.824,3.847,4.891,4.886,4.734,4.903,4.953,4.862,4.939,4.911,4.929,4.774,4.869,4.94,4.95,4.902,4.852,4.922,4.697,4.825,4.909,4.873,4.891,4.903,4.897,4.742,4.907,4.966,5.016,4.983,4.938,4.811,4.281,4.387,4.371,4.475,4.471,4.589,4.561,4.357,4.424,4.355,4.375,4.369,4.328,4.286,4.168,4.337,4.441,4.566,4.522,4.333,3.951,3.672,3.628,3.949,4.243,4.27,4.206,4.17,4.134,4.366,4.429,2.406,2.43,2.427,2.4,2.341,2.405,2.421,2.37,2.348,2.405,2.381,2.311,2.425,2.459,2.393,2.34,2.306,2.251,2.089,2.095,2.113,2.281,2.369,2.342,2.295,2.229,2.358,2.392,2.296,2.138,2.115,2.151,2.097,2.254,2.264,2.261,2.268,2.226,2.133,1.998,2.074,2.079,2.111,2.08,2.085,2.089,1.999,2.15,2.183,2.144,2.013,2.074,2.02,1.878,2.02,2.153,2.177,2.161,2.199,2.127,2.001,3.361,3.447,3.589,3.586,3.461,3.359,3.195,3.274,3.271,3.269,3.081,3.248,3.371,3.143,2.98,3.192,3.376,3.492,3.45,3.407,3.26,3.437,3.523,3.492,3.55,3.666,3.546,3.396,3.641,3.736,3.712,4.067,4.106,4.085,3.845,4.041,4.105,4.121,4.066,3.96,3.86,3.605,3.662,3.677,3.679,3.623,3.443,3.56,3.586,3.788,3.782,3.735,3.579,3.522,3.476,3.487,3.797,3.826,3.813,3.868,3.878,3.793,3.624,3.845,3.961,3.755,3.809,3.79,3.812,3.685,3.802,3.768,3.832,3.836,3.804,3.749,3.62,3.908,3.946,3.953,3.94,3.889,3.787,3.561,3.358,3.288,3.523,3.718,3.794,3.813,3.708,3.747,3.557,3.602,3.571,3.629,3.616,3.541,3.593,3.621,3.622,3.62,3.624,3.515,3.429,3.456,3.547,3.6,3.627,3.659,3.671,3.528,3.657,3.709,3.7,3.698,3.699,3.703,3.621,3.714,3.669,3.673,3.106,3.151,3.157,3.046,3.111,3.182,3.22,3.142,3.119,2.998,2.919,3.073,3.077,3.096,3.154,3.217,3.241,3.168,3.293,3.304,3.278,3.292,3.346,3.324,3.21,3.275,3.337,3.39,3.402,3.363,3.327,2.201,2.26,2.251,2.213,2.241,2.258,2.271,2.25,2.286,2.29,2.31,2.316,2.33,2.247,2.157,2.218,2.263,2.306,2.286,2.314,2.287,2.221,2.237,2.277,2.26,2.112,2.18,2.245,2.188,2.217,2.219,3.035,3.076,3.174,3.165,3.092,3.113,3.167,3.245,3.2,3.206,3.221,3.071,3.218,3.271,3.229,3.222,3.266,3.244,3.159,3.247,3.278,3.267,3.321,3.348,3.282,3.213,3.351,3.316,4.056,4.072,4.155,4.115,3.955,4.035,3.81,3.717,3.858,4.081,4.129,4.024,4.235,4.256,4.244,4.152,3.923,3.711,3.445,3.71,3.853,3.955,4.035,4.058,4.153,3.994,4.146,4.195,4.216,4.196,4.036,4.018,3.966,4.138,4.311,4.326,4.353,4.418,4.319,4.209,4.385,4.472,4.505,4.56,4.514,4.471,4.308,4.422,4.542,4.496,4.439,4.348,4.229,3.886,4.136,4.33,4.334,4.373,4.367,4.203,3.833,3.681,3.823,3.981,3.99,4.116,4.176,4.022,4.187,4.324,4.372,4.439,4.407,4.342,4.113,4.191,4.348,4.461,4.352,4.548,4.498,4.338,4.453,4.484,4.204,4.002,3.834,3.941,4.103,4.301,4.376,4.277,4.655,4.74,4.928,4.569,4.798,4.847,4.949,5.015,4.976,4.787,4.582,4.77,4.746,4.658,4.722,4.849,4.761,4.534,4.681,4.71,4.788,4.817,4.809,4.656,4.266,4.287,4.418,4.372,4.262,4.166,3.95,3.913,4.181,4.205,4.099,3.956,4.021,3.883,3.84,4.163,4.166,4.236,4.173,4.145,4.063,3.95,4.089,4.063,3.969,4.077,4.123,3.933,3.741,3.957,3.991,3.818,3.732,3.629,3.523,3.549,3.784,0.0,0.0,0.0,0.0,0.0,0.0,0.0,0.0,0.0,0.0,0.0,0.0,0.0,0.0,0.0,0.0,0.0,0.0,0.0,0.0,0.0,0.0,0.0,0.0,0.0,0.0,0.0,0.0,0.0,0.0,0.0,3.755,3.689,3.575,3.514,3.584,3.528,3.333,3.278,3.228,3.077,3.254,3.397,3.508,3.643,3.532,3.318,3.069,3.164,3.237,3.359,3.404,3.345,3.21,2.98,3.18,3.34,3.389,3.383,3.423,3.376,4.339,4.306,4.49,4.604,4.659,4.709,4.783,4.767,4.84,4.907,4.998,5.027,5.035,4.993,4.832,4.864,4.73,4.903,4.957,4.97,4.904,4.719,4.692,4.585,4.743,4.892,4.908,4.943,4.752,4.819,4.899,3.67,3.647,3.668,3.602,3.487,3.557,3.589,3.603,3.58,3.454,3.241,2.941,2.883,3.083,3.174,3.255,3.301,3.372,3.259,3.331,3.406,3.434,3.481,3.408,3.312,3.087,3.096,3.141,3.151,3.074,3.6,3.534,3.421,3.457,3.435,3.587,3.69,3.75,3.703,3.578,3.76,3.827,3.834,3.797,3.847,3.84,3.644,3.673,3.82,3.903,3.928,4.025,3.924,3.743,3.879,3.955,3.946,3.907,3.983,4.041,3.905,3.705,3.772,3.869,3.866,3.878,3.778,3.614,3.737,3.733,3.798,3.821,3.877,3.931,3.754,3.788,3.917,3.957,3.96,3.979,4.008,3.922,3.935,3.99,3.966,3.699,3.457,3.568,3.674,3.581,3.628,3.632,3.975,4.029,4.158,4.146,4.051,4.077,4.148,4.25,4.192,4.199,4.218,4.023,4.215,4.285,4.23,4.221,4.277,4.25,4.138,4.254,4.293,4.279,4.35,4.386,4.299,4.208,4.39,4.343,3.836,3.832,3.847,3.926,3.888,3.736,3.812,3.599,3.512,3.645,3.856,3.901,3.802,4.001,4.02,4.01,3.923,3.707,3.506,3.255,3.505,3.64,3.737,3.812,3.834,3.923,3.773,3.917,3.963,3.983,3.964,3.813,3.687,3.639,3.797,3.956,3.97,3.994,4.054,3.963,3.863,4.024,4.104,4.134,4.184,4.143,4.103,3.954,4.058,4.168,4.126,4.073,3.99,3.881,3.566,3.795,3.973,3.978,4.013,4.008,3.857,3.517,3.248,3.374,3.513,3.521,3.632,3.685,3.549,3.694,3.816,3.858,3.917,3.889,3.832,3.63,3.698,3.837,3.937,3.841,4.013,3.969,3.828,3.93,3.957,3.71,3.532,3.383,3.477,3.62,3.795,3.861,3.774,4.655,4.74,4.928,4.569,4.798,4.847,4.949,5.015,4.976,4.787,4.582,4.77,4.746,4.658,4.722,4.849,4.761,4.534,4.681,4.71,4.788,4.817,4.809,4.656,4.266,4.287,4.418,4.372,4.262,4.166,3.447,3.415,3.649,3.67,3.577,3.453,3.509,3.388,3.351,3.633,3.635,3.696,3.641,3.617,3.546,3.447,3.568,3.545,3.463,3.558,3.598,3.432,3.264,3.453,3.482,3.332,3.256,3.167,3.074,3.097,3.302,2.619,2.58,2.615,2.709,2.784,2.632,2.663,2.76,2.84,2.903,3.01,2.894,2.807,2.921,2.869,2.993,3.022,2.998,2.922,2.902,2.996,3.02,2.883,2.863,2.952,2.959,2.89,2.958,3.1,3.154,3.183,1.577,1.549,1.501,1.475,1.505,1.481,1.399,1.376,1.355,1.292,1.366,1.426,1.473,1.529,1.483,1.393,1.288,1.328,1.359,1.41,1.429,1.404,1.348,1.251,1.335,1.402,1.422,1.42,1.437,1.417,4.339,4.306,4.49,4.604,4.659,4.709,4.783,4.767,4.84,4.907,4.998,5.027,5.035,4.993,4.832,4.864,4.73,4.903,4.957,4.97,4.904,4.719,4.692,4.585,4.743,4.892,4.908,4.943,4.752,4.819,4.899,3.67,3.647,3.668,3.602,3.487,3.557,3.589,3.603,3.58,3.454,3.241,2.941,2.883,3.083,3.174,3.255,3.301,3.372,3.259,3.331,3.406,3.434,3.481,3.408,3.312,3.087,3.096,3.141,3.151,3.074,3.6,3.534,3.421,3.457,3.435,3.587,3.69,3.75,3.703,3.578,3.76,3.827,3.834,3.797,3.847,3.84,3.644,3.673,3.82,3.903,3.928,4.025,3.924,3.743,3.879,3.955,3.946,3.907,3.983,4.041,3.905
Guntur_265,2.789,2.808,2.861,2.868,2.761,2.777,2.838,2.841,2.784,2.753,2.804,2.805,2.839,2.788,2.707,2.693,2.818,2.806,2.692,2.807,2.827,2.764,2.795,2.863,2.894,2.762,2.851,2.892,2.914,2.934,2.91,3.13,2.98,3.075,3.155,3.155,3.153,3.188,3.078,3.011,3.062,3.076,3.108,3.218,3.213,3.245,3.109,3.185,3.25,3.237,3.166,3.056,3.082,3.001,3.102,3.157,3.192,3.153,3.135,3.099,2.753,2.831,2.862,2.817,2.773,2.79,2.828,2.745,2.724,2.526,2.625,2.785,2.802,2.784,2.677,2.77,2.858,2.846,3.154,3.108,2.998,2.95,2.898,3.016,3.123,3.157,3.145,3.128,3.031,2.951,2.945,4.065,4.155,4.184,4.157,3.996,4.197,4.217,4.195,4.223,4.254,4.175,4.076,4.308,4.229,4.199,4.076,4.046,4.007,3.873,4.115,4.137,4.035,4.099,4.141,4.101,4.021,4.17,4.174,4.182,4.11,3.536,3.544,3.492,3.594,3.581,3.625,3.721,3.717,3.694,3.547,3.49,3.52,3.507,3.478,3.498,3.457,3.469,3.247,3.4,3.502,3.394,3.348,3.435,3.489,3.336,3.415,3.473,3.573,3.563,3.482,3.401,1.722,1.743,1.739,1.786,1.772,1.784,1.75,1.86,1.894,1.918,1.894,1.9,1.844,1.781,1.871,1.869,1.899,1.925,1.885,1.873,1.801,1.904,1.953,1.929,1.928,1.863,1.823,1.768,1.851,1.943,0.0,0.0,0.0,0.0,0.0,0.0,0.0,0.0,0.0,0.0,0.0,0.0,0.0,0.0,0.0,0.0,0.0,0.0,0.0,0.0,0.0,0.0,0.0,0.0,0.0,0.0,0.0,0.0,0.0,0.0,0.0,0.0,0.0,0.0,0.0,0.0,0.0,0.0,0.0,0.0,0.0,0.0,0.0,0.0,0.0,0.0,0.0,0.0,0.0,0.0,0.0,0.0,0.0,0.0,0.0,0.0,0.0,0.0,0.0,0.0,0.0,0.0,5.109,5.126,5.128,5.227,5.268,4.992,5.046,5.186,5.418,5.342,5.272,5.103,4.948,5.003,5.087,5.159,5.061,5.024,5.16,4.933,5.021,4.953,4.865,5.02,5.044,4.82,4.66,5.019,5.126,5.084,3.481,3.459,3.561,3.45,3.515,3.62,3.741,3.793,3.794,3.682,3.479,3.515,3.569,3.416,3.475,3.514,3.593,3.5,3.582,3.586,3.572,3.504,3.416,3.411,3.237,3.302,3.473,3.541,3.62,3.688,3.659,2.905,3.006,3.038,3.028,2.998,3.065,3.021,2.899,2.959,2.948,2.927,2.979,2.924,2.662,2.586,2.605,2.776,2.857,2.905,2.927,2.904,2.855,2.994,2.982,2.9,2.733,2.739,2.792,2.842,2.941,3.011,3.056,3.024,3.053,3.035,2.904,2.962,3.013,2.959,3.006,3.032,2.974,2.894,2.976,3.057,3.06,3.088,3.131,3.078,3.035,3.116,3.194,3.234,3.186,3.181,3.231,3.108,3.201,3.235,3.218,3.218,3.684,3.577,3.452,3.547,3.575,3.589,3.54,3.583,3.513,3.5,3.643,3.662,3.649,3.607,3.614,3.686,3.641,3.68,3.803,3.878,3.945,3.925,3.864,3.729,3.762,3.633,3.729,3.776,3.847,3.839,3.727,3.1,3.138,3.163,3.105,3.117,3.094,3.007,3.04,3.111,3.17,3.184,3.186,3.171,3.096,3.146,3.146,3.135,3.107,3.072,3.073,3.021,3.139,3.19,3.238,3.249,3.27,3.255,3.203,4.581,4.605,4.589,4.572,4.675,4.648,4.467,4.572,4.659,4.709,4.661,4.5,4.418,4.416,4.581,4.615,4.685,4.754,4.74,4.689,4.541,4.589,4.475,4.582,4.655,4.59,4.614,4.44,4.186,4.255,4.454,4.074,4.179,4.212,4.121,4.231,4.23,4.234,4.332,4.29,4.28,4.127,4.26,4.287,4.128,4.146,4.18,4.079,4.051,4.131,4.208,4.074,3.993,3.952,4.014,3.934,4.082,4.143,4.126,4.143,4.119,4.077,4.001,4.025,4.044,3.966,4.011,4.097,4.067,3.98,4.058,3.959,3.83,3.719,3.845,3.816,3.532,3.55,3.469,3.477,3.452,3.5,3.621,3.696,3.779,3.719,3.65,3.664,3.803,3.894,3.672,3.855,2.197,2.365,2.411,2.418,2.361,2.251,2.32,2.282,2.276,2.227,2.153,2.148,2.043,2.228,2.238,2.296,2.311,2.327,2.229,2.115,2.292,2.379,2.509,2.41,2.4,2.334,2.39,2.569,2.655,2.598,0.0,0.0,0.0,0.0,0.0,0.0,0.0,0.0,0.0,0.0,0.0,0.0,0.0,0.0,0.0,0.0,0.0,0.0,0.0,0.0,0.0,0.0,0.0,0.0,0.0,0.0,0.0,0.0,0.0,0.0,0.0,5.227,5.708,5.866,5.962,6.168,6.255,6.459,6.42,6.545,6.555,6.566,6.659,6.715,6.548,6.381,6.0,6.837,6.723,6.546,6.498,6.373,6.1,6.36,6.404,6.434,6.489,6.577,6.518,6.282,6.389,6.348,0.0,0.0,0.0,0.0,0.0,0.0,0.0,0.0,0.0,0.0,0.0,0.0,0.0,0.0,0.0,0.0,0.0,0.0,0.0,0.0,0.0,0.0,0.0,0.0,0.0,0.0,0.0,0.0,0.0,0.0,3.884,3.743,3.652,3.82,3.903,3.98,3.982,4.022,3.964,3.838,4.021,4.063,4.069,4.012,3.887,3.937,3.73,3.642,3.801,3.837,3.813,3.79,3.839,3.607,3.754,3.785,3.776,3.749,3.797,3.759,3.698,3.624,3.624,3.584,3.311,3.207,3.43,3.362,3.544,3.64,3.768,3.665,3.743,3.716,3.655,3.704,3.698,3.74,3.773,3.677,3.679,3.522,3.725,3.781,3.804,3.77,3.741,3.689,3.489,3.554,3.571,4.225,4.106,4.188,4.196,4.107,4.243,4.328,4.316,4.363,4.296,4.258,4.082,4.283,4.425,4.412,4.369,4.347,4.34,4.123,4.419,4.551,4.63,4.676,4.71,4.663,4.524,4.619,4.524,4.415,4.369,4.445,4.619,4.442,4.692,4.821,4.894,4.801,4.781,4.615,4.407,4.554,4.58,4.603,4.694,4.605,4.49,4.488,4.702,4.848,4.851,4.827,4.871,4.611,4.537,4.789,4.818,4.665,4.744,4.812,4.832,4.827,4.915,5.508,5.529,5.317,5.409,5.474,5.395,5.491,5.643,5.541,5.424,5.454,5.441,5.375,5.41,5.447,5.526,5.478,5.507,5.459,5.368,5.506,5.49,5.497,5.651,5.531,5.442,5.239,5.47,5.77,5.652,5.619,5.775,5.869,5.725,5.703,5.744,5.801,5.904,5.981,5.966,5.82,5.951,5.99,6.071,6.049,5.712,5.753,5.866,6.032,6.082,6.116,6.171,6.145,6.104,5.915,6.024,6.081,6.194,6.231,4.78,4.775,4.627,4.792,4.841,4.752,4.827,4.799,4.817,4.665,4.759,4.829,4.838,4.791,4.742,4.81,4.591,4.715,4.798,4.762,4.781,4.792,4.786,4.634,4.796,4.853,4.903,4.87,4.827,4.702,4.243,4.347,4.332,4.435,4.431,4.548,4.52,4.318,4.384,4.316,4.336,4.33,4.289,4.248,4.131,4.298,4.401,4.525,4.481,4.294,3.916,3.639,3.595,3.914,4.205,4.232,4.168,4.132,4.097,4.326,4.389,2.406,2.43,2.427,2.4,2.341,2.405,2.421,2.37,2.348,2.405,2.381,2.311,2.425,2.459,2.393,2.34,2.306,2.251,2.089,2.095,2.113,2.281,2.369,2.342,2.295,2.229,2.358,2.392,2.296,2.138,2.115,2.151,2.097,2.254,2.264,2.261,2.268,2.226,2.133,1.998,2.074,2.079,2.111,2.08,2.085,2.089,1.999,2.15,2.183,2.144,2.013,2.074,2.02,1.878,2.02,2.153,2.177,2.161,2.199,2.127,2.001,4.472,4.586,4.775,4.772,4.605,4.469,4.252,4.356,4.352,4.349,4.099,4.322,4.486,4.182,3.966,4.247,4.492,4.646,4.591,4.533,4.337,4.573,4.688,4.646,4.723,4.878,4.718,4.518,4.845,4.971,4.939,4.466,4.509,4.486,4.222,4.438,4.508,4.526,4.465,4.349,4.239,3.959,4.022,4.039,4.041,3.979,3.781,3.91,3.938,4.16,4.153,4.102,3.931,3.868,3.817,3.83,4.17,4.202,4.187,4.248,4.259,3.976,3.799,4.031,4.152,3.936,3.993,3.973,3.996,3.863,3.986,3.95,4.017,4.021,3.988,3.93,3.794,4.097,4.137,4.143,4.13,4.077,3.969,3.733,3.52,3.447,3.693,3.897,3.977,3.997,3.887,3.928,4.087,4.139,4.103,4.17,4.155,4.069,4.128,4.161,4.162,4.16,4.164,4.039,3.941,3.971,4.076,4.137,4.168,4.204,4.218,4.054,4.202,4.261,4.252,4.25,4.251,4.255,4.161,4.268,4.216,4.22,4.187,4.249,4.256,4.107,4.194,4.291,4.342,4.236,4.205,4.043,3.935,4.143,4.149,4.175,4.252,4.338,4.37,4.272,4.44,4.455,4.42,4.438,4.511,4.482,4.328,4.416,4.499,4.571,4.587,4.535,4.487,3.411,3.503,3.489,3.43,3.473,3.499,3.519,3.487,3.544,3.549,3.581,3.59,3.611,3.483,3.344,3.438,3.508,3.574,3.543,3.587,3.544,3.442,3.468,3.529,3.503,3.273,3.379,3.479,3.391,3.435,3.44,5.023,5.091,5.254,5.238,5.118,5.152,5.241,5.37,5.297,5.305,5.33,5.083,5.325,5.414,5.345,5.333,5.405,5.369,5.229,5.375,5.424,5.407,5.497,5.541,5.432,5.317,5.546,5.488,5.021,5.04,5.144,5.094,4.895,4.994,4.716,4.602,4.776,5.052,5.111,4.982,5.242,5.268,5.254,5.14,4.857,4.594,4.265,4.592,4.77,4.896,4.995,5.023,5.14,4.944,5.132,5.192,5.219,5.193,4.996,4.173,4.118,4.297,4.477,4.492,4.52,4.587,4.485,4.371,4.553,4.644,4.678,4.735,4.688,4.643,4.474,4.592,4.717,4.669,4.61,4.516,4.392,4.036,4.295,4.496,4.501,4.541,4.535,4.364,3.98,5.717,5.937,6.183,6.196,6.392,6.485,6.245,6.501,6.715,6.789,6.893,6.843,6.743,6.387,6.508,6.753,6.928,6.759,7.062,6.985,6.737,6.915,6.963,6.528,6.215,5.954,6.12,6.371,6.678,6.795,6.642,4.789,4.878,5.07,4.701,4.937,4.987,5.092,5.16,5.12,4.925,4.714,4.908,4.883,4.793,4.858,4.99,4.899,4.665,4.817,4.847,4.926,4.957,4.948,4.791,4.39,4.412,4.545,4.499,4.386,4.287,5.215,5.167,5.52,5.552,5.411,5.223,5.309,5.127,5.069,5.496,5.5,5.592,5.509,5.472,5.364,5.215,5.398,5.364,5.24,5.383,5.443,5.192,4.939,5.224,5.269,5.041,4.926,4.792,4.651,4.685,4.996,0.0,0.0,0.0,0.0,0.0,0.0,0.0,0.0,0.0,0.0,0.0,0.0,0.0,0.0,0.0,0.0,0.0,0.0,0.0,0.0,0.0,0.0,0.0,0.0,0.0,0.0,0.0,0.0,0.0,0.0,0.0,4.903,4.817,4.668,4.588,4.68,4.607,4.351,4.28,4.215,4.017,4.248,4.436,4.581,4.757,4.611,4.333,4.007,4.131,4.227,4.385,4.444,4.368,4.192,3.891,4.153,4.361,4.424,4.418,4.47,4.408,4.498,4.464,4.655,4.773,4.83,4.882,4.959,4.942,5.018,5.087,5.181,5.212,5.22,5.176,5.009,5.043,4.904,5.084,5.139,5.152,5.084,4.893,4.864,4.753,4.917,5.072,5.088,5.124,4.926,4.995,5.079,4.321,4.293,4.318,4.241,4.106,4.188,4.226,4.242,4.216,4.066,3.815,3.463,3.395,3.63,3.737,3.832,3.886,3.97,3.837,3.922,4.011,4.043,4.099,4.012,3.899,3.634,3.645,3.698,3.71,3.62,3.362,3.3,3.195,3.228,3.208,3.35,3.446,3.502,3.458,3.341,3.511,3.574,3.581,3.546,3.592,3.586,3.403,3.43,3.568,3.645,3.669,3.759,3.665,3.495,3.622,3.694,3.685,3.649,3.72,3.774,3.646,4.477,4.558,4.676,4.672,4.687,4.566,4.367,4.516,4.511,4.59,4.617,4.685,4.75,4.537,4.577,4.734,4.782,4.785,4.808,4.843,4.739,4.755,4.822,4.793,4.47,4.177,4.312,4.44,4.328,4.384,4.39,4.514,4.576,4.722,4.708,4.6,4.63,4.711,4.827,4.761,4.768,4.791,4.569,4.786,4.866,4.804,4.793,4.858,4.826,4.7,4.831,4.876,4.859,4.94,4.981,4.883,4.779,4.985,4.933,4.357,4.658,4.675,4.771,4.725,4.541,4.633,4.375,4.268,4.43,4.686,4.741,4.621,4.862,4.886,4.873,4.768,4.505,4.261,3.956,4.259,4.424,4.541,4.633,4.659,4.768,4.586,4.76,4.816,4.841,4.817,4.634,4.398,4.34,4.529,4.718,4.734,4.764,4.835,4.727,4.607,4.799,4.894,4.93,4.99,4.941,4.893,4.715,4.839,4.971,4.921,4.858,4.759,4.629,4.253,4.526,4.739,4.744,4.786,4.779,4.599,4.195,3.943,4.096,4.265,4.274,4.409,4.474,4.308,4.484,4.632,4.683,4.755,4.721,4.651,4.406,4.489,4.658,4.779,4.662,4.871,4.819,4.647,4.77,4.803,4.503,4.287,4.107,4.221,4.395,4.607,4.687,4.582,4.789,4.878,5.07,4.701,4.937,4.987,5.092,5.16,5.12,4.925,4.714,4.908,4.883,4.793,4.858,4.99,4.899,4.665,4.817,4.847,4.926,4.957,4.948,4.791,4.39,4.412,4.545,4.499,4.386,4.287,4.184,4.146,4.429,4.455,4.342,4.191,4.259,4.113,4.068,4.41,4.413,4.487,4.42,4.39,4.304,4.185,4.331,4.304,4.204,4.319,4.367,4.166,3.963,4.191,4.227,4.044,3.953,3.845,3.732,3.759,4.008,3.571,3.518,3.565,3.695,3.797,3.589,3.632,3.764,3.872,3.958,4.104,3.947,3.828,3.983,3.913,4.082,4.121,4.088,3.985,3.958,4.086,4.118,3.931,3.904,4.025,4.036,3.941,4.034,4.228,4.3,4.341,3.281,3.223,3.123,3.07,3.131,3.082,2.911,2.863,2.82,2.688,2.842,2.968,3.065,3.183,3.085,2.899,2.681,2.764,2.828,2.934,2.973,2.922,2.804,2.603,2.778,2.918,2.96,2.956,2.99,2.949,4.498,4.464,4.655,4.773,4.83,4.882,4.959,4.942,5.018,5.087,5.181,5.212,5.22,5.176,5.009,5.043,4.904,5.084,5.139,5.152,5.084,4.893,4.864,4.753,4.917,5.072,5.088,5.124,4.926,4.995,5.079,4.321,4.293,4.318,4.241,4.106,4.188,4.226,4.242,4.216,4.066,3.815,3.463,3.395,3.63,3.737,3.832,3.886,3.97,3.837,3.922,4.011,4.043,4.099,4.012,3.899,3.634,3.645,3.698,3.71,3.62,3.362,3.3,3.195,3.228,3.208,3.35,3.446,3.502,3.458,3.341,3.511,3.574,3.581,3.546,3.592,3.586,3.403,3.43,3.568,3.645,3.669,3.759,3.665,3.495,3.622,3.694,3.685,3.649,3.72,3.774,3.646
Guntur_266,2.946,2.967,3.023,3.03,2.918,2.934,2.998,3.002,2.942,2.909,2.962,2.963,3.0,2.946,2.86,2.845,2.978,2.965,2.845,2.966,2.987,2.921,2.953,3.025,3.058,2.918,3.012,3.056,3.079,3.1,3.074,2.918,2.778,2.867,2.941,2.942,2.939,2.972,2.87,2.807,2.855,2.868,2.898,3.0,2.996,3.025,2.898,2.969,3.03,3.018,2.952,2.85,2.874,2.798,2.892,2.943,2.976,2.94,2.923,2.889,3.122,3.211,3.247,3.196,3.145,3.164,3.207,3.113,3.09,2.866,2.977,3.158,3.178,3.157,3.036,3.142,3.242,3.228,3.578,3.526,3.401,3.346,3.287,3.42,3.542,3.581,3.567,3.548,3.438,3.348,3.34,4.032,4.122,4.15,4.123,3.963,4.163,4.183,4.162,4.189,4.22,4.142,4.043,4.273,4.195,4.165,4.044,4.014,3.975,3.841,4.082,4.103,4.002,4.066,4.108,4.068,3.989,4.136,4.141,4.148,4.077,3.919,3.928,3.87,3.984,3.969,4.017,4.124,4.119,4.094,3.931,3.868,3.901,3.887,3.855,3.877,3.832,3.844,3.599,3.768,3.881,3.761,3.71,3.807,3.867,3.697,3.785,3.849,3.96,3.949,3.859,3.769,3.232,3.273,3.264,3.353,3.328,3.349,3.285,3.492,3.555,3.601,3.557,3.566,3.463,3.344,3.513,3.51,3.565,3.614,3.539,3.517,3.381,3.574,3.667,3.621,3.62,3.497,3.422,3.319,3.475,3.649,0.0,0.0,0.0,0.0,0.0,0.0,0.0,0.0,0.0,0.0,0.0,0.0,0.0,0.0,0.0,0.0,0.0,0.0,0.0,0.0,0.0,0.0,0.0,0.0,0.0,0.0,0.0,0.0,0.0,0.0,0.0,0.0,0.0,0.0,0.0,0.0,0.0,0.0,0.0,0.0,0.0,0.0,0.0,0.0,0.0,0.0,0.0,0.0,0.0,0.0,0.0,0.0,0.0,0.0,0.0,0.0,0.0,0.0,0.0,0.0,0.0,0.0,4.604,4.62,4.622,4.711,4.748,4.499,4.548,4.674,4.883,4.814,4.751,4.599,4.459,4.509,4.585,4.65,4.562,4.528,4.65,4.446,4.525,4.464,4.385,4.524,4.546,4.344,4.2,4.524,4.62,4.582,4.676,4.647,4.784,4.635,4.722,4.863,5.025,5.094,5.096,4.945,4.673,4.721,4.794,4.589,4.668,4.721,4.826,4.701,4.812,4.817,4.798,4.707,4.588,4.582,4.348,4.436,4.665,4.756,4.863,4.954,4.915,3.001,3.105,3.139,3.128,3.096,3.166,3.12,2.995,3.056,3.046,3.024,3.077,3.021,2.75,2.672,2.691,2.868,2.951,3.001,3.023,3.0,2.949,3.093,3.08,2.996,2.823,2.829,2.884,2.935,3.038,2.271,2.304,2.28,2.302,2.288,2.189,2.233,2.272,2.231,2.267,2.286,2.242,2.182,2.244,2.305,2.307,2.329,2.361,2.321,2.288,2.35,2.408,2.438,2.402,2.399,2.436,2.343,2.414,2.439,2.426,2.426,3.236,3.142,3.033,3.116,3.14,3.153,3.11,3.147,3.086,3.075,3.2,3.217,3.206,3.168,3.174,3.238,3.199,3.233,3.341,3.407,3.466,3.448,3.394,3.276,3.305,3.192,3.276,3.317,3.38,3.373,3.274,3.016,3.053,3.077,3.021,3.032,3.01,2.925,2.957,3.026,3.083,3.098,3.099,3.085,3.012,3.06,3.06,3.049,3.022,2.988,2.989,2.939,3.054,3.104,3.15,3.16,3.181,3.166,3.116,3.59,3.608,3.596,3.583,3.663,3.642,3.5,3.582,3.651,3.69,3.652,3.526,3.462,3.46,3.59,3.616,3.671,3.725,3.714,3.674,3.558,3.596,3.506,3.59,3.647,3.597,3.615,3.479,3.28,3.334,3.49,3.509,3.599,3.628,3.55,3.645,3.643,3.647,3.732,3.696,3.687,3.555,3.669,3.693,3.556,3.571,3.601,3.513,3.489,3.558,3.625,3.509,3.44,3.404,3.458,3.389,3.516,3.569,3.554,3.569,3.548,3.122,3.064,3.082,3.097,3.037,3.072,3.137,3.115,3.048,3.107,3.032,2.933,2.848,2.944,2.922,2.704,2.719,2.656,2.663,2.643,2.68,2.773,2.83,2.894,2.848,2.795,2.805,2.912,2.982,2.812,2.952,2.269,2.443,2.491,2.498,2.439,2.326,2.396,2.358,2.351,2.3,2.224,2.219,2.111,2.301,2.312,2.372,2.387,2.404,2.302,2.185,2.368,2.457,2.592,2.49,2.479,2.411,2.469,2.654,2.743,2.684,0.0,0.0,0.0,0.0,0.0,0.0,0.0,0.0,0.0,0.0,0.0,0.0,0.0,0.0,0.0,0.0,0.0,0.0,0.0,0.0,0.0,0.0,0.0,0.0,0.0,0.0,0.0,0.0,0.0,0.0,0.0,5.227,5.708,5.866,5.962,6.168,6.255,6.459,6.42,6.545,6.555,6.566,6.659,6.715,6.548,6.381,6.0,6.837,6.723,6.546,6.498,6.373,6.1,6.36,6.404,6.434,6.489,6.577,6.518,6.282,6.389,6.348,0.0,0.0,0.0,0.0,0.0,0.0,0.0,0.0,0.0,0.0,0.0,0.0,0.0,0.0,0.0,0.0,0.0,0.0,0.0,0.0,0.0,0.0,0.0,0.0,0.0,0.0,0.0,0.0,0.0,0.0,4.117,3.968,3.871,4.049,4.137,4.219,4.221,4.263,4.202,4.069,4.262,4.306,4.314,4.253,4.12,4.173,3.954,3.86,4.029,4.068,4.042,4.017,4.07,3.823,3.979,4.012,4.003,3.974,4.025,3.984,3.92,3.964,3.964,3.92,3.621,3.507,3.751,3.677,3.876,3.981,4.121,4.008,4.094,4.064,3.997,4.051,4.044,4.09,4.126,4.022,4.024,3.852,4.074,4.136,4.16,4.123,4.092,4.035,3.816,3.887,3.905,4.474,4.348,4.434,4.444,4.349,4.494,4.583,4.57,4.62,4.549,4.509,4.323,4.535,4.686,4.672,4.627,4.603,4.596,4.366,4.68,4.82,4.903,4.952,4.988,4.938,4.79,4.892,4.791,4.675,4.627,4.707,6.053,5.822,6.15,6.319,6.415,6.293,6.267,6.049,5.776,5.969,6.003,6.032,6.153,6.036,5.884,5.882,6.163,6.354,6.358,6.327,6.384,6.044,5.946,6.277,6.314,6.114,6.218,6.307,6.333,6.326,6.442,6.371,6.397,6.151,6.257,6.332,6.241,6.352,6.528,6.41,6.275,6.31,6.294,6.218,6.258,6.301,6.393,6.338,6.37,6.315,6.209,6.369,6.35,6.359,6.537,6.399,6.295,6.06,6.328,6.308,6.179,6.142,6.314,6.416,6.259,6.234,6.28,6.342,6.454,6.538,6.522,6.363,6.506,6.548,6.637,6.612,6.244,6.29,6.413,6.594,6.649,6.686,6.747,6.718,6.673,6.466,6.586,6.648,6.771,6.812,5.488,5.482,5.311,5.5,5.557,5.455,5.541,5.51,5.53,5.356,5.463,5.543,5.554,5.5,5.443,5.522,5.27,5.413,5.508,5.467,5.488,5.5,5.494,5.32,5.506,5.571,5.628,5.591,5.541,5.397,5.173,5.3,5.282,5.407,5.402,5.545,5.511,5.264,5.345,5.262,5.286,5.279,5.23,5.179,5.037,5.241,5.366,5.516,5.463,5.235,4.774,4.436,4.383,4.772,5.127,5.16,5.082,5.038,4.995,5.275,5.351,4.795,4.844,4.838,4.783,4.667,4.795,4.827,4.725,4.68,4.794,4.746,4.608,4.834,4.902,4.771,4.665,4.597,4.486,4.164,4.176,4.212,4.547,4.723,4.668,4.576,4.443,4.701,4.768,4.578,4.262,4.217,4.288,4.18,4.493,4.513,4.507,4.522,4.437,4.251,3.983,4.134,4.144,4.208,4.146,4.156,4.164,3.984,4.286,4.352,4.275,4.013,4.134,4.027,3.743,4.027,4.292,4.341,4.307,4.383,4.24,3.988,5.817,5.965,6.211,6.206,5.99,5.813,5.53,5.666,5.66,5.657,5.332,5.621,5.834,5.439,5.158,5.524,5.842,6.043,5.971,5.895,5.641,5.948,6.097,6.042,6.143,6.344,6.137,5.876,6.301,6.466,6.424,6.78,6.845,6.81,6.41,6.737,6.843,6.871,6.778,6.602,6.435,6.01,6.105,6.131,6.134,6.041,5.74,5.935,5.978,6.315,6.305,6.227,5.967,5.872,5.795,5.814,6.33,6.378,6.357,6.448,6.465,5.169,4.938,5.24,5.398,5.117,5.191,5.165,5.195,5.022,5.181,5.134,5.222,5.228,5.184,5.109,4.933,5.326,5.378,5.386,5.369,5.3,5.16,4.853,4.577,4.481,4.801,5.066,5.17,5.197,5.053,5.106,5.276,5.344,5.298,5.383,5.364,5.253,5.33,5.372,5.373,5.371,5.376,5.215,5.088,5.126,5.262,5.341,5.381,5.428,5.445,5.234,5.425,5.502,5.489,5.487,5.488,5.493,5.372,5.51,5.443,5.449,5.135,5.21,5.219,5.036,5.143,5.261,5.324,5.195,5.157,4.957,4.825,5.08,5.088,5.119,5.214,5.319,5.358,5.239,5.444,5.462,5.42,5.442,5.532,5.496,5.308,5.415,5.517,5.605,5.625,5.56,5.502,4.199,4.313,4.296,4.224,4.277,4.308,4.333,4.294,4.363,4.37,4.409,4.42,4.446,4.288,4.117,4.233,4.319,4.401,4.362,4.417,4.364,4.238,4.27,4.345,4.313,4.03,4.161,4.284,4.175,4.23,4.235,5.095,5.164,5.329,5.314,5.192,5.226,5.317,5.448,5.373,5.382,5.407,5.156,5.402,5.492,5.422,5.41,5.483,5.447,5.304,5.452,5.503,5.485,5.576,5.621,5.511,5.394,5.626,5.567,4.916,4.934,5.035,4.987,4.792,4.889,4.617,4.505,4.675,4.946,5.004,4.877,5.132,5.157,5.144,5.032,4.754,4.497,4.175,4.495,4.669,4.793,4.89,4.918,5.032,4.84,5.024,5.083,5.109,5.084,4.891,5.033,4.967,5.183,5.399,5.418,5.452,5.533,5.41,5.272,5.492,5.601,5.642,5.711,5.654,5.6,5.396,5.538,5.689,5.631,5.56,5.446,5.297,4.868,5.18,5.423,5.429,5.477,5.47,5.264,4.801,5.946,6.176,6.431,6.445,6.649,6.746,6.496,6.762,6.985,7.062,7.17,7.118,7.014,6.644,6.769,7.024,7.206,7.03,7.345,7.266,7.007,7.193,7.243,6.791,6.465,6.193,6.366,6.627,6.947,7.068,6.909,7.039,7.169,7.452,6.909,7.256,7.33,7.484,7.584,7.525,7.239,6.929,7.214,7.177,7.045,7.141,7.333,7.2,6.856,7.079,7.123,7.241,7.285,7.273,7.041,6.452,6.484,6.681,6.612,6.446,6.301,4.313,4.273,4.565,4.591,4.475,4.32,4.39,4.239,4.192,4.545,4.548,4.624,4.555,4.525,4.436,4.313,4.464,4.435,4.333,4.451,4.501,4.293,4.084,4.32,4.357,4.168,4.074,3.962,3.846,3.875,4.131,0.0,0.0,0.0,0.0,0.0,0.0,0.0,0.0,0.0,0.0,0.0,0.0,0.0,0.0,0.0,0.0,0.0,0.0,0.0,0.0,0.0,0.0,0.0,0.0,0.0,0.0,0.0,0.0,0.0,0.0,0.0,5.465,5.369,5.203,5.114,5.216,5.134,4.85,4.77,4.698,4.477,4.735,4.944,5.105,5.302,5.139,4.829,4.466,4.605,4.711,4.888,4.953,4.869,4.672,4.336,4.628,4.861,4.931,4.924,4.982,4.913,4.989,4.95,5.162,5.293,5.357,5.414,5.5,5.481,5.565,5.641,5.746,5.78,5.789,5.741,5.555,5.593,5.439,5.638,5.7,5.714,5.638,5.426,5.394,5.271,5.453,5.625,5.643,5.683,5.464,5.54,5.633,5.762,5.724,5.758,5.654,5.474,5.584,5.635,5.656,5.621,5.422,5.087,4.617,4.526,4.84,4.982,5.11,5.182,5.294,5.117,5.229,5.347,5.39,5.465,5.35,5.199,4.846,4.86,4.931,4.947,4.826,4.909,4.819,4.666,4.714,4.684,4.892,5.032,5.114,5.049,4.879,5.127,5.218,5.228,5.178,5.245,5.236,4.969,5.009,5.209,5.322,5.357,5.489,5.351,5.104,5.289,5.393,5.38,5.328,5.432,5.51,5.324,5.087,5.179,5.312,5.308,5.325,5.187,4.962,5.131,5.125,5.215,5.246,5.323,5.397,5.155,5.201,5.379,5.433,5.437,5.463,5.503,5.385,5.402,5.479,5.445,5.079,4.746,4.9,5.045,4.917,4.981,4.987,5.911,5.992,6.183,6.165,6.024,6.063,6.168,6.321,6.234,6.244,6.273,5.983,6.267,6.372,6.291,6.276,6.361,6.319,6.154,6.326,6.384,6.363,6.469,6.522,6.394,6.258,6.528,6.459,5.705,6.814,6.84,6.98,6.913,6.643,6.778,6.4,6.245,6.481,6.856,6.936,6.76,7.114,7.149,7.13,6.975,6.591,6.234,5.788,6.232,6.473,6.644,6.779,6.817,6.976,6.709,6.965,7.047,7.082,7.048,6.78,5.687,5.613,5.857,6.102,6.123,6.161,6.253,6.113,5.958,6.206,6.33,6.376,6.454,6.39,6.329,6.098,6.258,6.428,6.364,6.283,6.155,5.986,5.501,5.853,6.128,6.135,6.189,6.181,5.948,5.425,5.387,5.595,5.826,5.839,6.024,6.112,5.885,6.126,6.328,6.398,6.496,6.449,6.355,6.019,6.133,6.363,6.528,6.369,6.655,6.583,6.348,6.517,6.562,6.152,5.857,5.611,5.767,6.004,6.293,6.403,6.259,7.039,7.169,7.452,6.909,7.256,7.33,7.484,7.584,7.525,7.239,6.929,7.214,7.177,7.045,7.141,7.333,7.2,6.856,7.079,7.123,7.241,7.285,7.273,7.041,6.452,6.484,6.681,6.612,6.446,6.301,5.717,5.663,6.051,6.086,5.932,5.726,5.819,5.619,5.557,6.025,6.028,6.13,6.038,5.998,5.88,5.717,5.917,5.879,5.743,5.901,5.966,5.691,5.414,5.726,5.775,5.525,5.4,5.252,5.098,5.136,5.476,4.068,4.008,4.062,4.209,4.325,4.089,4.137,4.288,4.412,4.509,4.676,4.496,4.361,4.538,4.457,4.65,4.695,4.657,4.54,4.509,4.655,4.691,4.478,4.447,4.585,4.597,4.49,4.596,4.817,4.899,4.945,3.281,3.223,3.123,3.07,3.131,3.082,2.911,2.863,2.82,2.688,2.842,2.968,3.065,3.183,3.085,2.899,2.681,2.764,2.828,2.934,2.973,2.922,2.804,2.603,2.778,2.918,2.96,2.956,2.99,2.949,4.989,4.95,5.162,5.293,5.357,5.414,5.5,5.481,5.565,5.641,5.746,5.78,5.789,5.741,5.555,5.593,5.439,5.638,5.7,5.714,5.638,5.426,5.394,5.271,5.453,5.625,5.643,5.683,5.464,5.54,5.633,5.762,5.724,5.758,5.654,5.474,5.584,5.635,5.656,5.621,5.422,5.087,4.617,4.526,4.84,4.982,5.11,5.182,5.294,5.117,5.229,5.347,5.39,5.465,5.35,5.199,4.846,4.86,4.931,4.947,4.826,4.909,4.819,4.666,4.714,4.684,4.892,5.032,5.114,5.049,4.879,5.127,5.218,5.228,5.178,5.245,5.236,4.969,5.009,5.209,5.322,5.357,5.489,5.351,5.104,5.289,5.393,5.38,5.328,5.432,5.51,5.324
Guntur_267,2.946,2.967,3.023,3.03,2.918,2.934,2.998,3.002,2.942,2.909,2.962,2.963,3.0,2.946,2.86,2.845,2.978,2.965,2.845,2.966,2.987,2.921,2.953,3.025,3.058,2.918,3.012,3.056,3.079,3.1,3.074,2.918,2.778,2.867,2.941,2.942,2.939,2.972,2.87,2.807,2.855,2.868,2.898,3.0,2.996,3.025,2.898,2.969,3.03,3.018,2.952,2.85,2.874,2.798,2.892,2.943,2.976,2.94,2.923,2.889,3.122,3.211,3.247,3.196,3.145,3.164,3.207,3.113,3.09,2.866,2.977,3.158,3.178,3.157,3.036,3.142,3.242,3.228,3.578,3.526,3.401,3.346,3.287,3.42,3.542,3.581,3.567,3.548,3.438,3.348,3.34,4.032,4.122,4.15,4.123,3.963,4.163,4.183,4.162,4.189,4.22,4.142,4.043,4.273,4.195,4.165,4.044,4.014,3.975,3.841,4.082,4.103,4.002,4.066,4.108,4.068,3.989,4.136,4.141,4.148,4.077,3.919,3.928,3.87,3.984,3.969,4.017,4.124,4.119,4.094,3.931,3.868,3.901,3.887,3.855,3.877,3.832,3.844,3.599,3.768,3.881,3.761,3.71,3.807,3.867,3.697,3.785,3.849,3.96,3.949,3.859,3.769,3.232,3.273,3.264,3.353,3.328,3.349,3.285,3.492,3.555,3.601,3.557,3.566,3.463,3.344,3.513,3.51,3.565,3.614,3.539,3.517,3.381,3.574,3.667,3.621,3.62,3.497,3.422,3.319,3.475,3.649,0.0,0.0,0.0,0.0,0.0,0.0,0.0,0.0,0.0,0.0,0.0,0.0,0.0,0.0,0.0,0.0,0.0,0.0,0.0,0.0,0.0,0.0,0.0,0.0,0.0,0.0,0.0,0.0,0.0,0.0,0.0,0.0,0.0,0.0,0.0,0.0,0.0,0.0,0.0,0.0,0.0,0.0,0.0,0.0,0.0,0.0,0.0,0.0,0.0,0.0,0.0,0.0,0.0,0.0,0.0,0.0,0.0,0.0,0.0,0.0,0.0,0.0,4.604,4.62,4.622,4.711,4.748,4.499,4.548,4.674,4.883,4.814,4.751,4.599,4.459,4.509,4.585,4.65,4.562,4.528,4.65,4.446,4.525,4.464,4.385,4.524,4.546,4.344,4.2,4.524,4.62,4.582,4.676,4.647,4.784,4.635,4.722,4.863,5.025,5.094,5.096,4.945,4.673,4.721,4.794,4.589,4.668,4.721,4.826,4.701,4.812,4.817,4.798,4.707,4.588,4.582,4.348,4.436,4.665,4.756,4.863,4.954,4.915,3.001,3.105,3.139,3.128,3.096,3.166,3.12,2.995,3.056,3.046,3.024,3.077,3.021,2.75,2.672,2.691,2.868,2.951,3.001,3.023,3.0,2.949,3.093,3.08,2.996,2.823,2.829,2.884,2.935,3.038,2.271,2.304,2.28,2.302,2.288,2.189,2.233,2.272,2.231,2.267,2.286,2.242,2.182,2.244,2.305,2.307,2.329,2.361,2.321,2.288,2.35,2.408,2.438,2.402,2.399,2.436,2.343,2.414,2.439,2.426,2.426,3.236,3.142,3.033,3.116,3.14,3.153,3.11,3.147,3.086,3.075,3.2,3.217,3.206,3.168,3.174,3.238,3.199,3.233,3.341,3.407,3.466,3.448,3.394,3.276,3.305,3.192,3.276,3.317,3.38,3.373,3.274,3.016,3.053,3.077,3.021,3.032,3.01,2.925,2.957,3.026,3.083,3.098,3.099,3.085,3.012,3.06,3.06,3.049,3.022,2.988,2.989,2.939,3.054,3.104,3.15,3.16,3.181,3.166,3.116,3.59,3.608,3.596,3.583,3.663,3.642,3.5,3.582,3.651,3.69,3.652,3.526,3.462,3.46,3.59,3.616,3.671,3.725,3.714,3.674,3.558,3.596,3.506,3.59,3.647,3.597,3.615,3.479,3.28,3.334,3.49,3.509,3.599,3.628,3.55,3.645,3.643,3.647,3.732,3.696,3.687,3.555,3.669,3.693,3.556,3.571,3.601,3.513,3.489,3.558,3.625,3.509,3.44,3.404,3.458,3.389,3.516,3.569,3.554,3.569,3.548,3.122,3.064,3.082,3.097,3.037,3.072,3.137,3.115,3.048,3.107,3.032,2.933,2.848,2.944,2.922,2.704,2.719,2.656,2.663,2.643,2.68,2.773,2.83,2.894,2.848,2.795,2.805,2.912,2.982,2.812,2.952,2.269,2.443,2.491,2.498,2.439,2.326,2.396,2.358,2.351,2.3,2.224,2.219,2.111,2.301,2.312,2.372,2.387,2.404,2.302,2.185,2.368,2.457,2.592,2.49,2.479,2.411,2.469,2.654,2.743,2.684,0.0,0.0,0.0,0.0,0.0,0.0,0.0,0.0,0.0,0.0,0.0,0.0,0.0,0.0,0.0,0.0,0.0,0.0,0.0,0.0,0.0,0.0,0.0,0.0,0.0,0.0,0.0,0.0,0.0,0.0,0.0,5.227,5.708,5.866,5.962,6.168,6.255,6.459,6.42,6.545,6.555,6.566,6.659,6.715,6.548,6.381,6.0,6.837,6.723,6.546,6.498,6.373,6.1,6.36,6.404,6.434,6.489,6.577,6.518,6.282,6.389,6.348,0.0,0.0,0.0,0.0,0.0,0.0,0.0,0.0,0.0,0.0,0.0,0.0,0.0,0.0,0.0,0.0,0.0,0.0,0.0,0.0,0.0,0.0,0.0,0.0,0.0,0.0,0.0,0.0,0.0,0.0,4.117,3.968,3.871,4.049,4.137,4.219,4.221,4.263,4.202,4.069,4.262,4.306,4.314,4.253,4.12,4.173,3.954,3.86,4.029,4.068,4.042,4.017,4.07,3.823,3.979,4.012,4.003,3.974,4.025,3.984,3.92,3.964,3.964,3.92,3.621,3.507,3.751,3.677,3.876,3.981,4.121,4.008,4.094,4.064,3.997,4.051,4.044,4.09,4.126,4.022,4.024,3.852,4.074,4.136,4.16,4.123,4.092,4.035,3.816,3.887,3.905,4.474,4.348,4.434,4.444,4.349,4.494,4.583,4.57,4.62,4.549,4.509,4.323,4.535,4.686,4.672,4.627,4.603,4.596,4.366,4.68,4.82,4.903,4.952,4.988,4.938,4.79,4.892,4.791,4.675,4.627,4.707,6.053,5.822,6.15,6.319,6.415,6.293,6.267,6.049,5.776,5.969,6.003,6.032,6.153,6.036,5.884,5.882,6.163,6.354,6.358,6.327,6.384,6.044,5.946,6.277,6.314,6.114,6.218,6.307,6.333,6.326,6.442,6.371,6.397,6.151,6.257,6.332,6.241,6.352,6.528,6.41,6.275,6.31,6.294,6.218,6.258,6.301,6.393,6.338,6.37,6.315,6.209,6.369,6.35,6.359,6.537,6.399,6.295,6.06,6.328,6.308,6.179,6.142,6.314,6.416,6.259,6.234,6.28,6.342,6.454,6.538,6.522,6.363,6.506,6.548,6.637,6.612,6.244,6.29,6.413,6.594,6.649,6.686,6.747,6.718,6.673,6.466,6.586,6.648,6.771,6.812,5.488,5.482,5.311,5.5,5.557,5.455,5.541,5.51,5.53,5.356,5.463,5.543,5.554,5.5,5.443,5.522,5.27,5.413,5.508,5.467,5.488,5.5,5.494,5.32,5.506,5.571,5.628,5.591,5.541,5.397,5.173,5.3,5.282,5.407,5.402,5.545,5.511,5.264,5.345,5.262,5.286,5.279,5.23,5.179,5.037,5.241,5.366,5.516,5.463,5.235,4.774,4.436,4.383,4.772,5.127,5.16,5.082,5.038,4.995,5.275,5.351,4.795,4.844,4.838,4.783,4.667,4.795,4.827,4.725,4.68,4.794,4.746,4.608,4.834,4.902,4.771,4.665,4.597,4.486,4.164,4.176,4.212,4.547,4.723,4.668,4.576,4.443,4.701,4.768,4.578,4.262,4.217,4.288,4.18,4.493,4.513,4.507,4.522,4.437,4.251,3.983,4.134,4.144,4.208,4.146,4.156,4.164,3.984,4.286,4.352,4.275,4.013,4.134,4.027,3.743,4.027,4.292,4.341,4.307,4.383,4.24,3.988,5.817,5.965,6.211,6.206,5.99,5.813,5.53,5.666,5.66,5.657,5.332,5.621,5.834,5.439,5.158,5.524,5.842,6.043,5.971,5.895,5.641,5.948,6.097,6.042,6.143,6.344,6.137,5.876,6.301,6.466,6.424,6.78,6.845,6.81,6.41,6.737,6.843,6.871,6.778,6.602,6.435,6.01,6.105,6.131,6.134,6.041,5.74,5.935,5.978,6.315,6.305,6.227,5.967,5.872,5.795,5.814,6.33,6.378,6.357,6.448,6.465,5.169,4.938,5.24,5.398,5.117,5.191,5.165,5.195,5.022,5.181,5.134,5.222,5.228,5.184,5.109,4.933,5.326,5.378,5.386,5.369,5.3,5.16,4.853,4.577,4.481,4.801,5.066,5.17,5.197,5.053,5.106,5.276,5.344,5.298,5.383,5.364,5.253,5.33,5.372,5.373,5.371,5.376,5.215,5.088,5.126,5.262,5.341,5.381,5.428,5.445,5.234,5.425,5.502,5.489,5.487,5.488,5.493,5.372,5.51,5.443,5.449,5.135,5.21,5.219,5.036,5.143,5.261,5.324,5.195,5.157,4.957,4.825,5.08,5.088,5.119,5.214,5.319,5.358,5.239,5.444,5.462,5.42,5.442,5.532,5.496,5.308,5.415,5.517,5.605,5.625,5.56,5.502,4.199,4.313,4.296,4.224,4.277,4.308,4.333,4.294,4.363,4.37,4.409,4.42,4.446,4.288,4.117,4.233,4.319,4.401,4.362,4.417,4.364,4.238,4.27,4.345,4.313,4.03,4.161,4.284,4.175,4.23,4.235,5.095,5.164,5.329,5.314,5.192,5.226,5.317,5.448,5.373,5.382,5.407,5.156,5.402,5.492,5.422,5.41,5.483,5.447,5.304,5.452,5.503,5.485,5.576,5.621,5.511,5.394,5.626,5.567,4.916,4.934,5.035,4.987,4.792,4.889,4.617,4.505,4.675,4.946,5.004,4.877,5.132,5.157,5.144,5.032,4.754,4.497,4.175,4.495,4.669,4.793,4.89,4.918,5.032,4.84,5.024,5.083,5.109,5.084,4.891,5.033,4.967,5.183,5.399,5.418,5.452,5.533,5.41,5.272,5.492,5.601,5.642,5.711,5.654,5.6,5.396,5.538,5.689,5.631,5.56,5.446,5.297,4.868,5.18,5.423,5.429,5.477,5.47,5.264,4.801,5.946,6.176,6.431,6.445,6.649,6.746,6.496,6.762,6.985,7.062,7.17,7.118,7.014,6.644,6.769,7.024,7.206,7.03,7.345,7.266,7.007,7.193,7.243,6.791,6.465,6.193,6.366,6.627,6.947,7.068,6.909,7.039,7.169,7.452,6.909,7.256,7.33,7.484,7.584,7.525,7.239,6.929,7.214,7.177,7.045,7.141,7.333,7.2,6.856,7.079,7.123,7.241,7.285,7.273,7.041,6.452,6.484,6.681,6.612,6.446,6.301,4.313,4.273,4.565,4.591,4.475,4.32,4.39,4.239,4.192,4.545,4.548,4.624,4.555,4.525,4.436,4.313,4.464,4.435,4.333,4.451,4.501,4.293,4.084,4.32,4.357,4.168,4.074,3.962,3.846,3.875,4.131,0.0,0.0,0.0,0.0,0.0,0.0,0.0,0.0,0.0,0.0,0.0,0.0,0.0,0.0,0.0,0.0,0.0,0.0,0.0,0.0,0.0,0.0,0.0,0.0,0.0,0.0,0.0,0.0,0.0,0.0,0.0,5.465,5.369,5.203,5.114,5.216,5.134,4.85,4.77,4.698,4.477,4.735,4.944,5.105,5.302,5.139,4.829,4.466,4.605,4.711,4.888,4.953,4.869,4.672,4.336,4.628,4.861,4.931,4.924,4.982,4.913,4.989,4.95,5.162,5.293,5.357,5.414,5.5,5.481,5.565,5.641,5.746,5.78,5.789,5.741,5.555,5.593,5.439,5.638,5.7,5.714,5.638,5.426,5.394,5.271,5.453,5.625,5.643,5.683,5.464,5.54,5.633,5.762,5.724,5.758,5.654,5.474,5.584,5.635,5.656,5.621,5.422,5.087,4.617,4.526,4.84,4.982,5.11,5.182,5.294,5.117,5.229,5.347,5.39,5.465,5.35,5.199,4.846,4.86,4.931,4.947,4.826,4.909,4.819,4.666,4.714,4.684,4.892,5.032,5.114,5.049,4.879,5.127,5.218,5.228,5.178,5.245,5.236,4.969,5.009,5.209,5.322,5.357,5.489,5.351,5.104,5.289,5.393,5.38,5.328,5.432,5.51,5.324,5.087,5.179,5.312,5.308,5.325,5.187,4.962,5.131,5.125,5.215,5.246,5.323,5.397,5.155,5.201,5.379,5.433,5.437,5.463,5.503,5.385,5.402,5.479,5.445,5.079,4.746,4.9,5.045,4.917,4.981,4.987,5.911,5.992,6.183,6.165,6.024,6.063,6.168,6.321,6.234,6.244,6.273,5.983,6.267,6.372,6.291,6.276,6.361,6.319,6.154,6.326,6.384,6.363,6.469,6.522,6.394,6.258,6.528,6.459,5.705,6.814,6.84,6.98,6.913,6.643,6.778,6.4,6.245,6.481,6.856,6.936,6.76,7.114,7.149,7.13,6.975,6.591,6.234,5.788,6.232,6.473,6.644,6.779,6.817,6.976,6.709,6.965,7.047,7.082,7.048,6.78,5.687,5.613,5.857,6.102,6.123,6.161,6.253,6.113,5.958,6.206,6.33,6.376,6.454,6.39,6.329,6.098,6.258,6.428,6.364,6.283,6.155,5.986,5.501,5.853,6.128,6.135,6.189,6.181,5.948,5.425,5.387,5.595,5.826,5.839,6.024,6.112,5.885,6.126,6.328,6.398,6.496,6.449,6.355,6.019,6.133,6.363,6.528,6.369,6.655,6.583,6.348,6.517,6.562,6.152,5.857,5.611,5.767,6.004,6.293,6.403,6.259,7.039,7.169,7.452,6.909,7.256,7.33,7.484,7.584,7.525,7.239,6.929,7.214,7.177,7.045,7.141,7.333,7.2,6.856,7.079,7.123,7.241,7.285,7.273,7.041,6.452,6.484,6.681,6.612,6.446,6.301,5.717,5.663,6.051,6.086,5.932,5.726,5.819,5.619,5.557,6.025,6.028,6.13,6.038,5.998,5.88,5.717,5.917,5.879,5.743,5.901,5.966,5.691,5.414,5.726,5.775,5.525,5.4,5.252,5.098,5.136,5.476,4.068,4.008,4.062,4.209,4.325,4.089,4.137,4.288,4.412,4.509,4.676,4.496,4.361,4.538,4.457,4.65,4.695,4.657,4.54,4.509,4.655,4.691,4.478,4.447,4.585,4.597,4.49,4.596,4.817,4.899,4.945,3.281,3.223,3.123,3.07,3.131,3.082,2.911,2.863,2.82,2.688,2.842,2.968,3.065,3.183,3.085,2.899,2.681,2.764,2.828,2.934,2.973,2.922,2.804,2.603,2.778,2.918,2.96,2.956,2.99,2.949,4.989,4.95,5.162,5.293,5.357,5.414,5.5,5.481,5.565,5.641,5.746,5.78,5.789,5.741,5.555,5.593,5.439,5.638,5.7,5.714,5.638,5.426,5.394,5.271,5.453,5.625,5.643,5.683,5.464,5.54,5.633,5.762,5.724,5.758,5.654,5.474,5.584,5.635,5.656,5.621,5.422,5.087,4.617,4.526,4.84,4.982,5.11,5.182,5.294,5.117,5.229,5.347,5.39,5.465,5.35,5.199,4.846,4.86,4.931,4.947,4.826,4.909,4.819,4.666,4.714,4.684,4.892,5.032,5.114,5.049,4.879,5.127,5.218,5.228,5.178,5.245,5.236,4.969,5.009,5.209,5.322,5.357,5.489,5.351,5.104,5.289,5.393,5.38,5.328,5.432,5.51,5.324
Guntur_268,7.249,7.299,7.437,7.455,7.178,7.219,7.376,7.386,7.238,7.157,7.288,7.291,7.38,7.249,7.038,7.0,7.326,7.294,6.999,7.297,7.35,7.186,7.266,7.442,7.523,7.179,7.41,7.519,7.576,7.627,7.564,7.937,7.556,7.798,8.0,8.001,7.994,8.084,7.806,7.634,7.765,7.801,7.881,8.161,8.147,8.227,7.883,8.076,8.241,8.207,8.029,7.75,7.816,7.61,7.866,8.006,8.093,7.996,7.949,7.859,8.006,8.234,8.325,8.194,8.065,8.114,8.224,7.983,7.923,7.348,7.634,8.099,8.148,8.096,7.784,8.056,8.312,8.277,9.174,9.04,8.72,8.58,8.428,8.77,9.081,9.182,9.145,9.097,8.815,8.584,8.565,8.253,8.436,8.494,8.44,8.112,8.52,8.562,8.518,8.573,8.638,8.477,8.275,8.746,8.586,8.525,8.276,8.215,8.135,7.862,8.354,8.398,8.191,8.321,8.408,8.327,8.165,8.466,8.475,8.49,8.344,7.308,7.325,7.218,7.429,7.401,7.492,7.691,7.682,7.634,7.331,7.214,7.275,7.248,7.189,7.23,7.146,7.169,6.711,7.027,7.238,7.014,6.919,7.1,7.212,6.894,7.058,7.178,7.384,7.364,7.196,7.029,7.964,8.064,8.042,8.262,8.199,8.25,8.095,8.605,8.759,8.872,8.764,8.787,8.531,8.24,8.655,8.648,8.783,8.904,8.721,8.665,8.329,8.807,9.034,8.922,8.92,8.616,8.432,8.176,8.562,8.99,0.0,0.0,0.0,0.0,0.0,0.0,0.0,0.0,0.0,0.0,0.0,0.0,0.0,0.0,0.0,0.0,0.0,0.0,0.0,0.0,0.0,0.0,0.0,0.0,0.0,0.0,0.0,0.0,0.0,0.0,0.0,0.0,0.0,0.0,0.0,0.0,0.0,0.0,0.0,0.0,0.0,0.0,0.0,0.0,0.0,0.0,0.0,0.0,0.0,0.0,0.0,0.0,0.0,0.0,0.0,0.0,0.0,0.0,0.0,0.0,0.0,0.0,8.153,8.181,8.184,8.342,8.407,7.966,8.053,8.277,8.647,8.525,8.414,8.145,7.897,7.984,8.119,8.234,8.078,8.019,8.235,7.872,8.013,7.904,7.765,8.011,8.05,7.692,7.438,8.011,8.181,8.114,5.993,5.955,6.131,5.939,6.051,6.232,6.439,6.528,6.531,6.338,5.988,6.05,6.144,5.881,5.982,6.049,6.185,6.025,6.166,6.173,6.149,6.031,5.88,5.872,5.572,5.684,5.978,6.095,6.232,6.349,6.299,5.752,5.953,6.017,5.997,5.936,6.07,5.982,5.741,5.859,5.838,5.797,5.899,5.791,5.272,5.122,5.159,5.498,5.657,5.753,5.796,5.75,5.653,5.929,5.905,5.743,5.411,5.423,5.529,5.627,5.824,4.826,4.897,4.846,4.893,4.863,4.653,4.746,4.828,4.741,4.817,4.859,4.766,4.638,4.77,4.898,4.903,4.949,5.018,4.933,4.863,4.994,5.118,5.182,5.105,5.098,5.177,4.981,5.13,5.184,5.156,5.157,5.462,5.303,5.119,5.258,5.3,5.321,5.249,5.312,5.209,5.19,5.401,5.43,5.411,5.347,5.358,5.465,5.399,5.456,5.638,5.75,5.849,5.819,5.729,5.528,5.578,5.387,5.529,5.598,5.704,5.692,5.525,7.537,7.629,7.69,7.549,7.577,7.521,7.311,7.391,7.562,7.705,7.741,7.745,7.709,7.526,7.647,7.648,7.62,7.552,7.468,7.47,7.345,7.631,7.756,7.871,7.897,7.949,7.912,7.786,6.398,6.43,6.409,6.385,6.528,6.491,6.238,6.385,6.507,6.576,6.509,6.285,6.171,6.167,6.398,6.445,6.543,6.639,6.619,6.549,6.341,6.409,6.249,6.398,6.501,6.411,6.443,6.201,5.846,5.943,6.22,6.326,6.488,6.539,6.399,6.57,6.568,6.573,6.727,6.662,6.646,6.407,6.614,6.656,6.41,6.438,6.491,6.333,6.289,6.414,6.533,6.325,6.2,6.136,6.233,6.108,6.338,6.433,6.406,6.433,6.395,7.219,7.084,7.127,7.161,7.023,7.103,7.254,7.202,7.047,7.185,7.01,6.781,6.585,6.807,6.757,6.253,6.286,6.142,6.157,6.112,6.197,6.411,6.543,6.692,6.585,6.462,6.487,6.734,6.894,6.502,6.825,6.215,6.691,6.822,6.842,6.679,6.37,6.564,6.458,6.439,6.301,6.092,6.077,5.781,6.303,6.334,6.495,6.538,6.585,6.306,5.986,6.485,6.73,7.099,6.82,6.79,6.603,6.763,7.268,7.513,7.352,9.811,9.473,9.501,9.617,10.165,10.355,10.281,10.085,9.936,10.117,9.439,9.337,9.236,9.112,9.269,9.712,9.8,8.89,8.216,8.225,8.055,8.295,8.735,8.549,8.414,8.688,8.611,8.108,8.266,8.223,8.099,10.899,11.902,12.232,12.433,12.862,13.044,13.469,13.387,13.647,13.669,13.693,13.886,14.003,13.655,13.307,12.511,14.256,14.019,13.649,13.549,13.288,12.72,13.263,13.354,13.417,13.53,13.715,13.592,13.1,13.323,13.237,0.0,0.0,0.0,0.0,0.0,0.0,0.0,0.0,0.0,0.0,0.0,0.0,0.0,0.0,0.0,0.0,0.0,0.0,0.0,0.0,0.0,0.0,0.0,0.0,0.0,0.0,0.0,0.0,0.0,0.0,7.135,6.877,6.709,7.018,7.17,7.313,7.316,7.389,7.282,7.052,7.386,7.464,7.476,7.371,7.141,7.232,6.853,6.691,6.984,7.05,7.006,6.963,7.054,6.627,6.896,6.954,6.937,6.887,6.976,6.906,6.795,5.703,5.703,5.64,5.21,5.046,5.397,5.291,5.577,5.728,5.929,5.767,5.89,5.847,5.751,5.828,5.819,5.885,5.936,5.786,5.79,5.542,5.861,5.95,5.986,5.932,5.887,5.805,5.49,5.593,5.619,5.99,5.821,5.937,5.949,5.822,6.016,6.136,6.119,6.185,6.09,6.037,5.787,6.072,6.273,6.255,6.194,6.163,6.153,5.845,6.265,6.452,6.564,6.629,6.678,6.611,6.413,6.549,6.414,6.259,6.194,6.301,5.36,5.155,5.445,5.595,5.68,5.572,5.549,5.356,5.114,5.285,5.315,5.341,5.448,5.344,5.21,5.208,5.456,5.626,5.629,5.602,5.653,5.351,5.265,5.557,5.591,5.413,5.505,5.584,5.607,5.601,5.704,6.448,6.474,6.225,6.333,6.409,6.317,6.429,6.607,6.488,6.351,6.386,6.37,6.293,6.334,6.377,6.47,6.414,6.447,6.391,6.284,6.446,6.427,6.435,6.616,6.476,6.371,6.133,6.404,6.937,6.794,6.755,6.943,7.055,6.883,6.856,6.905,6.974,7.097,7.19,7.173,6.997,7.154,7.201,7.299,7.272,6.867,6.916,7.052,7.251,7.311,7.352,7.419,7.388,7.338,7.11,7.242,7.311,7.446,7.491,7.2,7.192,6.969,7.217,7.291,7.157,7.271,7.229,7.256,7.027,7.168,7.273,7.288,7.217,7.142,7.245,6.914,7.103,7.227,7.173,7.201,7.217,7.208,6.98,7.224,7.31,7.385,7.336,7.27,7.082,5.98,6.127,6.106,6.251,6.245,6.41,6.371,6.086,6.179,6.084,6.111,6.103,6.046,5.987,5.822,6.058,6.203,6.377,6.316,6.052,5.519,5.129,5.067,5.516,5.927,5.965,5.875,5.824,5.774,6.098,6.186,4.125,4.167,4.161,4.115,4.014,4.125,4.152,4.064,4.026,4.124,4.082,3.964,4.158,4.217,4.104,4.013,3.954,3.859,3.582,3.593,3.623,3.911,4.063,4.016,3.936,3.822,4.044,4.101,3.938,3.666,3.627,3.689,3.595,3.865,3.882,3.877,3.89,3.817,3.657,3.426,3.556,3.564,3.62,3.566,3.575,3.582,3.427,3.687,3.744,3.677,3.452,3.556,3.464,3.22,3.464,3.692,3.734,3.705,3.77,3.647,3.43,5.413,5.551,5.78,5.776,5.575,5.41,5.146,5.273,5.267,5.265,4.962,5.231,5.43,5.062,4.8,5.141,5.437,5.624,5.557,5.486,5.25,5.536,5.675,5.623,5.717,5.904,5.711,5.469,5.864,6.017,5.978,5.672,5.726,5.696,5.362,5.636,5.724,5.748,5.67,5.523,5.383,5.027,5.107,5.128,5.131,5.053,4.802,4.965,5.001,5.283,5.274,5.209,4.992,4.912,4.848,4.864,5.295,5.336,5.317,5.394,5.408,4.664,4.456,4.728,4.87,4.617,4.684,4.661,4.688,4.531,4.675,4.633,4.712,4.717,4.678,4.61,4.451,4.806,4.852,4.86,4.845,4.783,4.656,4.379,4.13,4.043,4.332,4.571,4.665,4.689,4.56,4.607,4.888,4.951,4.908,4.987,4.97,4.867,4.938,4.977,4.978,4.975,4.98,4.831,4.713,4.749,4.875,4.948,4.985,5.029,5.045,4.849,5.026,5.097,5.085,5.083,5.084,5.089,4.977,5.105,5.042,5.048,4.144,4.205,4.212,4.065,4.151,4.247,4.297,4.193,4.162,4.001,3.895,4.1,4.107,4.132,4.209,4.293,4.325,4.228,4.394,4.409,4.375,4.393,4.465,4.436,4.284,4.37,4.453,4.524,4.54,4.488,4.44,4.283,4.399,4.381,4.307,4.361,4.393,4.419,4.379,4.45,4.456,4.496,4.508,4.534,4.373,4.199,4.317,4.405,4.488,4.449,4.504,4.451,4.322,4.354,4.431,4.398,4.11,4.243,4.369,4.258,4.314,4.319,4.193,4.25,4.386,4.373,4.273,4.301,4.375,4.483,4.422,4.429,4.45,4.243,4.445,4.52,4.462,4.452,4.512,4.482,4.365,4.487,4.528,4.513,4.589,4.626,4.535,4.439,4.63,4.581,4.641,4.658,4.754,4.708,4.525,4.616,4.359,4.253,4.414,4.669,4.724,4.604,4.845,4.869,4.856,4.751,4.489,4.246,3.942,4.244,4.408,4.525,4.617,4.643,4.751,4.57,4.743,4.799,4.823,4.8,4.617,5.12,5.054,5.273,5.493,5.512,5.547,5.629,5.504,5.364,5.587,5.698,5.74,5.81,5.753,5.697,5.49,5.634,5.787,5.729,5.656,5.541,5.389,4.952,5.27,5.517,5.523,5.572,5.565,5.355,4.884,4.281,4.446,4.63,4.64,4.787,4.857,4.677,4.869,5.029,5.085,5.162,5.125,5.05,4.783,4.874,5.057,5.188,5.061,5.288,5.231,5.045,5.179,5.215,4.889,4.654,4.459,4.583,4.771,5.001,5.089,4.974,4.796,4.884,5.077,4.707,4.944,4.994,5.099,5.167,5.127,4.932,4.721,4.915,4.89,4.8,4.865,4.997,4.906,4.671,4.824,4.853,4.933,4.964,4.955,4.798,4.396,4.418,4.552,4.505,4.392,4.293,4.586,4.544,4.855,4.882,4.759,4.594,4.669,4.508,4.458,4.834,4.836,4.918,4.845,4.812,4.717,4.587,4.747,4.717,4.608,4.734,4.787,4.566,4.343,4.594,4.633,4.433,4.332,4.214,4.09,4.121,4.393,4.803,4.732,4.795,4.969,5.106,4.827,4.885,5.063,5.208,5.324,5.52,5.308,5.148,5.357,5.262,5.489,5.542,5.498,5.36,5.323,5.495,5.538,5.287,5.25,5.413,5.428,5.301,5.426,5.686,5.784,5.838,4.226,4.151,4.023,3.954,4.033,3.97,3.75,3.688,3.633,3.462,3.661,3.823,3.947,4.099,3.974,3.734,3.453,3.56,3.642,3.779,3.83,3.764,3.612,3.353,3.579,3.758,3.813,3.807,3.852,3.799,4.995,4.957,5.169,5.3,5.364,5.421,5.507,5.488,5.572,5.649,5.753,5.788,5.797,5.748,5.562,5.6,5.446,5.645,5.707,5.722,5.645,5.433,5.401,5.278,5.46,5.632,5.65,5.69,5.471,5.547,5.64,5.228,5.195,5.225,5.131,4.968,5.067,5.113,5.132,5.101,4.92,4.616,4.189,4.108,4.392,4.521,4.637,4.702,4.804,4.643,4.745,4.853,4.891,4.959,4.855,4.718,4.397,4.41,4.475,4.489,4.379,3.838,3.768,3.648,3.686,3.662,3.825,3.934,3.998,3.948,3.814,4.009,4.08,4.088,4.048,4.101,4.094,3.885,3.916,4.073,4.161,4.188,4.292,4.184,3.99,4.135,4.217,4.206,4.166,4.247,4.308,4.163,4.703,4.788,4.912,4.908,4.924,4.797,4.588,4.744,4.739,4.822,4.851,4.922,4.99,4.767,4.809,4.974,5.024,5.027,5.052,5.088,4.979,4.995,5.066,5.035,4.696,4.389,4.53,4.665,4.546,4.606,4.612,4.268,4.326,4.464,4.451,4.349,4.378,4.453,4.563,4.501,4.508,4.529,4.319,4.525,4.6,4.542,4.531,4.593,4.563,4.443,4.567,4.609,4.594,4.671,4.709,4.616,4.518,4.713,4.663,4.119,5.22,5.24,5.347,5.296,5.089,5.192,4.903,4.784,4.965,5.252,5.314,5.179,5.45,5.476,5.462,5.344,5.049,4.776,4.434,4.774,4.959,5.09,5.193,5.222,5.344,5.14,5.336,5.398,5.425,5.399,5.194,4.534,4.475,4.669,4.864,4.881,4.911,4.985,4.873,4.749,4.947,5.046,5.083,5.145,5.094,5.045,4.861,4.989,5.125,5.073,5.009,4.906,4.772,4.385,4.666,4.886,4.891,4.934,4.928,4.742,4.325,4.078,4.235,4.41,4.42,4.56,4.626,4.455,4.638,4.79,4.843,4.917,4.882,4.81,4.556,4.642,4.817,4.942,4.821,5.038,4.983,4.806,4.933,4.967,4.657,4.434,4.247,4.366,4.545,4.764,4.847,4.738,4.796,4.884,5.077,4.707,4.944,4.994,5.099,5.167,5.127,4.932,4.721,4.915,4.89,4.8,4.865,4.997,4.906,4.671,4.824,4.853,4.933,4.964,4.955,4.798,4.396,4.418,4.552,4.505,4.392,4.293,4.327,4.287,4.581,4.607,4.49,4.334,4.405,4.254,4.206,4.561,4.563,4.64,4.571,4.54,4.451,4.328,4.479,4.451,4.348,4.467,4.516,4.308,4.098,4.335,4.372,4.183,4.088,3.976,3.859,3.888,4.145,3.64,3.586,3.634,3.766,3.87,3.658,3.702,3.837,3.947,4.034,4.184,4.023,3.902,4.06,3.988,4.16,4.2,4.167,4.062,4.034,4.164,4.197,4.007,3.979,4.102,4.113,4.017,4.112,4.309,4.383,4.424,4.2,4.125,3.998,3.93,4.008,3.945,3.727,3.666,3.61,3.441,3.638,3.799,3.923,4.074,3.949,3.711,3.432,3.539,3.62,3.756,3.806,3.741,3.59,3.332,3.557,3.735,3.789,3.784,3.828,3.775,4.995,4.957,5.169,5.3,5.364,5.421,5.507,5.488,5.572,5.649,5.753,5.788,5.797,5.748,5.562,5.6,5.446,5.645,5.707,5.722,5.645,5.433,5.401,5.278,5.46,5.632,5.65,5.69,5.471,5.547,5.64,5.228,5.195,5.225,5.131,4.968,5.067,5.113,5.132,5.101,4.92,4.616,4.189,4.108,4.392,4.521,4.637,4.702,4.804,4.643,4.745,4.853,4.891,4.959,4.855,4.718,4.397,4.41,4.475,4.489,4.379,3.838,3.768,3.648,3.686,3.662,3.825,3.934,3.998,3.948,3.814,4.009,4.08,4.088,4.048,4.101,4.094,3.885,3.916,4.073,4.161,4.188,4.292,4.184,3.99,4.135,4.217,4.206,4.166,4.247,4.308,4.163
Guntur_269,8.883,8.944,9.113,9.136,8.796,8.847,9.039,9.051,8.87,8.771,8.931,8.935,9.044,8.883,8.624,8.578,8.978,8.938,8.576,8.942,9.006,8.806,8.904,9.12,9.219,8.797,9.08,9.213,9.283,9.346,9.269,8.59,8.178,8.44,8.658,8.66,8.652,8.749,8.448,8.262,8.404,8.443,8.53,8.832,8.818,8.904,8.531,8.741,8.919,8.883,8.689,8.388,8.459,8.236,8.513,8.664,8.759,8.653,8.603,8.505,8.203,8.436,8.53,8.396,8.263,8.314,8.427,8.179,8.118,7.528,7.822,8.298,8.349,8.295,7.976,8.254,8.516,8.481,9.4,9.262,8.935,8.791,8.635,8.986,9.305,9.408,9.37,9.321,9.032,8.795,8.776,9.146,9.349,9.413,9.353,8.99,9.443,9.488,9.44,9.501,9.572,9.394,9.171,9.693,9.515,9.448,9.172,9.105,9.016,8.713,9.258,9.307,9.078,9.222,9.318,9.228,9.048,9.382,9.392,9.409,9.247,7.088,7.104,7.001,7.205,7.178,7.266,7.459,7.45,7.404,7.111,6.997,7.056,7.03,6.973,7.013,6.931,6.953,6.509,6.815,7.02,6.803,6.711,6.887,6.995,6.687,6.846,6.962,7.162,7.142,6.979,6.817,8.431,8.538,8.514,8.747,8.681,8.735,8.57,9.11,9.273,9.393,9.278,9.303,9.032,8.723,9.163,9.155,9.299,9.426,9.233,9.173,8.818,9.324,9.565,9.445,9.443,9.122,8.927,8.656,9.065,9.518,0.0,0.0,0.0,0.0,0.0,0.0,0.0,0.0,0.0,0.0,0.0,0.0,0.0,0.0,0.0,0.0,0.0,0.0,0.0,0.0,0.0,0.0,0.0,0.0,0.0,0.0,0.0,0.0,0.0,0.0,0.0,0.0,0.0,0.0,0.0,0.0,0.0,0.0,0.0,0.0,0.0,0.0,0.0,0.0,0.0,0.0,0.0,0.0,0.0,0.0,0.0,0.0,0.0,0.0,0.0,0.0,0.0,0.0,0.0,0.0,0.0,0.0,8.928,8.959,8.962,9.136,9.207,8.724,8.818,9.064,9.47,9.336,9.214,8.919,8.648,8.743,8.891,9.016,8.846,8.781,9.017,8.621,8.775,8.656,8.503,8.773,8.816,8.423,8.145,8.772,8.959,8.885,6.521,6.48,6.671,6.463,6.584,6.781,7.007,7.104,7.106,6.896,6.516,6.583,6.685,6.399,6.51,6.583,6.73,6.556,6.71,6.717,6.691,6.563,6.398,6.389,6.064,6.185,6.505,6.632,6.782,6.909,6.854,8.497,8.794,8.888,8.859,8.769,8.967,8.836,8.481,8.655,8.625,8.564,8.714,8.555,7.787,7.566,7.622,8.122,8.356,8.498,8.562,8.495,8.352,8.759,8.723,8.484,7.994,8.011,8.168,8.313,8.604,6.415,6.509,6.441,6.504,6.464,6.185,6.309,6.417,6.302,6.403,6.459,6.335,6.165,6.34,6.511,6.517,6.578,6.67,6.557,6.465,6.639,6.803,6.889,6.786,6.776,6.882,6.62,6.818,6.891,6.854,6.855,5.91,5.737,5.538,5.689,5.735,5.757,5.679,5.748,5.636,5.615,5.843,5.875,5.854,5.786,5.797,5.913,5.841,5.903,6.1,6.221,6.328,6.296,6.199,5.981,6.036,5.828,5.982,6.057,6.171,6.159,5.978,7.478,7.57,7.631,7.491,7.518,7.463,7.254,7.333,7.504,7.646,7.681,7.685,7.649,7.468,7.588,7.588,7.561,7.494,7.41,7.412,7.288,7.572,7.696,7.81,7.836,7.888,7.85,7.726,7.223,7.26,7.235,7.209,7.37,7.328,7.043,7.208,7.346,7.424,7.348,7.095,6.966,6.963,7.223,7.276,7.387,7.495,7.472,7.393,7.159,7.235,7.055,7.223,7.339,7.237,7.274,7.001,6.6,6.709,7.022,8.57,8.79,8.859,8.669,8.901,8.898,8.905,9.113,9.025,9.004,8.68,8.961,9.018,8.684,8.722,8.794,8.58,8.52,8.689,8.851,8.569,8.4,8.313,8.444,8.275,8.587,8.716,8.679,8.715,8.664,8.661,8.499,8.551,8.592,8.426,8.522,8.703,8.641,8.455,8.62,8.411,8.136,7.901,8.168,8.108,7.503,7.543,7.37,7.387,7.333,7.436,7.693,7.851,8.029,7.901,7.753,7.783,8.08,8.272,7.801,8.189,7.009,7.546,7.693,7.716,7.532,7.183,7.402,7.283,7.262,7.105,6.87,6.853,6.52,7.108,7.142,7.325,7.373,7.426,7.111,6.75,7.313,7.59,8.006,7.691,7.657,7.447,7.627,8.196,8.472,8.291,9.796,9.458,9.486,9.602,10.149,10.338,10.265,10.069,9.92,10.101,9.424,9.322,9.221,9.098,9.255,9.697,9.784,8.876,8.203,8.212,8.043,8.282,8.721,8.535,8.401,8.675,8.597,8.095,8.253,8.21,8.086,0.0,0.0,0.0,0.0,0.0,0.0,0.0,0.0,0.0,0.0,0.0,0.0,0.0,0.0,0.0,0.0,0.0,0.0,0.0,0.0,0.0,0.0,0.0,0.0,0.0,0.0,0.0,0.0,0.0,0.0,0.0,0.0,0.0,0.0,0.0,0.0,0.0,0.0,0.0,0.0,0.0,0.0,0.0,0.0,0.0,0.0,0.0,0.0,0.0,0.0,0.0,0.0,0.0,0.0,0.0,0.0,0.0,0.0,0.0,0.0,0.0,7.512,7.24,7.064,7.389,7.55,7.699,7.703,7.779,7.667,7.425,7.777,7.858,7.872,7.76,7.518,7.615,7.215,7.044,7.353,7.423,7.376,7.331,7.427,6.977,7.261,7.322,7.304,7.251,7.345,7.271,7.154,5.897,5.897,5.832,5.387,5.218,5.581,5.471,5.767,5.922,6.131,5.963,6.091,6.046,5.947,6.027,6.017,6.085,6.138,5.983,5.987,5.731,6.06,6.153,6.189,6.134,6.087,6.003,5.677,5.783,5.81,6.187,6.012,6.132,6.145,6.014,6.214,6.338,6.32,6.389,6.291,6.236,5.978,6.272,6.479,6.461,6.398,6.366,6.356,6.038,6.472,6.665,6.78,6.847,6.898,6.829,6.624,6.764,6.625,6.465,6.398,6.509,5.988,5.759,6.083,6.251,6.346,6.225,6.199,5.984,5.714,5.905,5.939,5.967,6.086,5.971,5.821,5.818,6.096,6.285,6.289,6.259,6.316,5.979,5.882,6.209,6.246,6.048,6.151,6.239,6.264,6.258,6.373,7.146,7.175,6.899,7.018,7.102,7.001,7.125,7.322,7.19,7.038,7.077,7.06,6.974,7.02,7.068,7.17,7.109,7.145,7.083,6.965,7.144,7.123,7.132,7.333,7.177,7.061,6.797,7.098,5.847,5.727,5.693,5.852,5.947,5.801,5.779,5.821,5.878,5.982,6.06,6.046,5.898,6.03,6.07,6.152,6.129,5.788,5.83,5.944,6.112,6.163,6.197,6.254,6.227,6.185,5.993,6.105,6.162,6.276,6.314,8.24,8.231,7.975,8.259,8.344,8.191,8.321,8.273,8.304,8.042,8.203,8.323,8.34,8.259,8.173,8.291,7.913,8.128,8.271,8.209,8.241,8.259,8.249,7.988,8.267,8.365,8.451,8.395,8.32,8.104,7.24,7.419,7.393,7.569,7.561,7.761,7.714,7.368,7.481,7.366,7.399,7.39,7.32,7.249,7.05,7.335,7.511,7.721,7.647,7.328,6.682,6.21,6.135,6.679,7.176,7.222,7.113,7.052,6.992,7.383,7.49,7.824,7.903,7.893,7.805,7.614,7.824,7.876,7.709,7.636,7.822,7.743,7.518,7.887,7.998,7.784,7.611,7.5,7.32,6.794,6.814,6.872,7.418,7.706,7.617,7.466,7.248,7.671,7.779,7.469,6.954,6.88,6.997,6.819,7.331,7.363,7.354,7.378,7.239,6.936,6.498,6.745,6.761,6.866,6.764,6.78,6.794,6.5,6.993,7.101,6.974,6.547,6.745,6.571,6.107,6.571,7.002,7.082,7.027,7.151,6.918,6.507,3.814,3.911,4.073,4.07,3.928,3.812,3.626,3.715,3.711,3.709,3.496,3.686,3.826,3.566,3.382,3.622,3.831,3.963,3.915,3.866,3.699,3.9,3.998,3.962,4.028,4.16,4.024,3.853,4.132,4.24,4.212,5.311,5.361,5.334,5.021,5.277,5.36,5.382,5.309,5.171,5.041,4.707,4.782,4.802,4.805,4.731,4.496,4.649,4.683,4.947,4.938,4.877,4.674,4.6,4.539,4.554,4.958,4.996,4.979,5.05,5.064,4.469,4.269,4.53,4.666,4.423,4.487,4.465,4.491,4.341,4.479,4.439,4.514,4.519,4.481,4.417,4.264,4.604,4.649,4.656,4.641,4.582,4.461,4.195,3.956,3.873,4.151,4.379,4.469,4.492,4.368,4.414,5.584,5.656,5.607,5.698,5.678,5.56,5.642,5.686,5.687,5.684,5.69,5.52,5.385,5.426,5.569,5.653,5.695,5.745,5.764,5.54,5.742,5.823,5.81,5.807,5.809,5.814,5.686,5.832,5.761,5.767,4.117,4.178,4.185,4.038,4.124,4.219,4.269,4.166,4.135,3.975,3.869,4.074,4.08,4.105,4.181,4.265,4.297,4.201,4.366,4.38,4.346,4.364,4.436,4.407,4.256,4.342,4.424,4.494,4.51,4.459,4.412,4.561,4.685,4.666,4.588,4.645,4.679,4.707,4.664,4.739,4.746,4.789,4.801,4.829,4.658,4.472,4.598,4.691,4.78,4.738,4.797,4.74,4.603,4.638,4.72,4.684,4.378,4.519,4.653,4.535,4.595,4.6,4.109,4.165,4.299,4.286,4.188,4.215,4.288,4.394,4.334,4.341,4.361,4.159,4.357,4.43,4.373,4.363,4.422,4.393,4.278,4.397,4.438,4.424,4.497,4.534,4.445,4.351,4.538,4.49,5.021,5.04,5.144,5.094,4.895,4.994,4.716,4.602,4.776,5.052,5.111,4.982,5.242,5.268,5.254,5.14,4.857,4.594,4.265,4.592,4.77,4.896,4.995,5.023,5.14,4.944,5.132,5.192,5.219,5.193,4.996,5.933,5.856,6.11,6.365,6.388,6.427,6.523,6.377,6.215,6.474,6.603,6.651,6.733,6.666,6.602,6.362,6.529,6.706,6.639,6.555,6.421,6.245,5.738,6.106,6.393,6.4,6.457,6.448,6.206,5.659,4.447,4.619,4.809,4.82,4.973,5.045,4.858,5.057,5.223,5.282,5.362,5.324,5.246,4.969,5.063,5.253,5.389,5.258,5.493,5.434,5.241,5.379,5.417,5.078,4.835,4.631,4.761,4.956,5.195,5.286,5.167,5.247,5.344,5.555,5.15,5.409,5.464,5.579,5.654,5.609,5.396,5.165,5.378,5.35,5.252,5.323,5.467,5.367,5.111,5.277,5.31,5.398,5.431,5.422,5.249,4.81,4.834,4.98,4.929,4.805,4.697,4.586,4.544,4.855,4.882,4.759,4.594,4.669,4.508,4.458,4.834,4.836,4.918,4.845,4.812,4.717,4.587,4.747,4.717,4.608,4.734,4.787,4.566,4.343,4.594,4.633,4.433,4.332,4.214,4.09,4.121,4.393,0.0,0.0,0.0,0.0,0.0,0.0,0.0,0.0,0.0,0.0,0.0,0.0,0.0,0.0,0.0,0.0,0.0,0.0,0.0,0.0,0.0,0.0,0.0,0.0,0.0,0.0,0.0,0.0,0.0,0.0,0.0,5.752,5.65,5.476,5.383,5.49,5.404,5.105,5.021,4.945,4.712,4.983,5.204,5.373,5.58,5.409,5.083,4.701,4.847,4.958,5.145,5.214,5.124,4.917,4.564,4.871,5.116,5.19,5.182,5.243,5.171,4.766,4.729,4.932,5.056,5.118,5.172,5.254,5.236,5.316,5.389,5.489,5.522,5.531,5.484,5.307,5.343,5.196,5.386,5.445,5.459,5.386,5.184,5.153,5.036,5.209,5.374,5.391,5.429,5.22,5.293,5.381,4.709,4.679,4.706,4.621,4.474,4.564,4.605,4.623,4.594,4.431,4.158,3.773,3.7,3.956,4.072,4.176,4.235,4.327,4.182,4.274,4.371,4.406,4.467,4.373,4.249,3.96,3.972,4.03,4.043,3.944,4.071,3.996,3.869,3.909,3.884,4.057,4.173,4.241,4.187,4.046,4.252,4.327,4.336,4.294,4.35,4.342,4.121,4.154,4.32,4.413,4.442,4.552,4.438,4.232,4.386,4.473,4.462,4.418,4.505,4.57,4.416,5.319,5.415,5.555,5.55,5.568,5.424,5.189,5.365,5.359,5.453,5.486,5.566,5.643,5.39,5.438,5.624,5.681,5.685,5.713,5.754,5.631,5.649,5.729,5.694,5.31,4.963,5.123,5.275,5.141,5.209,5.215,4.817,4.883,5.039,5.024,4.909,4.941,5.027,5.151,5.08,5.089,5.112,4.875,5.108,5.193,5.126,5.115,5.184,5.15,5.015,5.155,5.203,5.186,5.272,5.315,5.21,5.1,5.32,5.264,4.649,5.295,5.315,5.424,5.372,5.162,5.267,4.973,4.853,5.036,5.328,5.39,5.253,5.528,5.555,5.541,5.42,5.122,4.844,4.498,4.843,5.03,5.163,5.268,5.297,5.421,5.214,5.412,5.476,5.503,5.477,5.268,5.67,5.596,5.839,6.083,6.105,6.142,6.234,6.095,5.94,6.187,6.311,6.357,6.434,6.371,6.31,6.08,6.24,6.409,6.345,6.264,6.136,5.968,5.484,5.836,6.11,6.116,6.171,6.163,5.931,5.409,5.43,5.64,5.873,5.886,6.072,6.16,5.932,6.175,6.378,6.449,6.548,6.501,6.405,6.067,6.182,6.414,6.581,6.42,6.708,6.635,6.399,6.569,6.614,6.201,5.904,5.655,5.813,6.052,6.344,6.454,6.309,5.247,5.344,5.555,5.15,5.409,5.464,5.579,5.654,5.609,5.396,5.165,5.378,5.35,5.252,5.323,5.467,5.367,5.111,5.277,5.31,5.398,5.431,5.422,5.249,4.81,4.834,4.98,4.929,4.805,4.697,5.762,5.709,6.099,6.134,5.979,5.771,5.865,5.664,5.601,6.073,6.076,6.179,6.087,6.046,5.927,5.763,5.965,5.926,5.789,5.948,6.014,5.737,5.457,5.772,5.821,5.569,5.443,5.294,5.139,5.177,5.52,4.507,4.441,4.5,4.664,4.792,4.53,4.584,4.751,4.888,4.996,5.181,4.982,4.832,5.028,4.938,5.152,5.201,5.16,5.03,4.996,5.157,5.198,4.962,4.927,5.08,5.094,4.975,5.092,5.336,5.428,5.479,3.6,3.536,3.427,3.369,3.436,3.382,3.195,3.142,3.095,2.949,3.119,3.256,3.363,3.492,3.385,3.181,2.942,3.033,3.103,3.22,3.263,3.207,3.077,2.856,3.049,3.202,3.248,3.243,3.281,3.236,4.766,4.729,4.932,5.056,5.118,5.172,5.254,5.236,5.316,5.389,5.489,5.522,5.531,5.484,5.307,5.343,5.196,5.386,5.445,5.459,5.386,5.184,5.153,5.036,5.209,5.374,5.391,5.429,5.22,5.293,5.381,4.709,4.679,4.706,4.621,4.474,4.564,4.605,4.623,4.594,4.431,4.158,3.773,3.7,3.956,4.072,4.176,4.235,4.327,4.182,4.274,4.371,4.406,4.467,4.373,4.249,3.96,3.972,4.03,4.043,3.944,4.071,3.996,3.869,3.909,3.884,4.057,4.173,4.241,4.187,4.046,4.252,4.327,4.336,4.294,4.35,4.342,4.121,4.154,4.32,4.413,4.442,4.552,4.438,4.232,4.386,4.473,4.462,4.418,4.505,4.57,4.416
Guntur_270,8.271,8.328,8.485,8.506,8.19,8.237,8.416,8.427,8.259,8.167,8.316,8.319,8.421,8.271,8.03,7.987,8.359,8.322,7.986,8.326,8.386,8.199,8.291,8.492,8.584,8.191,8.455,8.579,8.644,8.702,8.631,7.637,7.271,7.503,7.698,7.699,7.692,7.778,7.51,7.345,7.471,7.506,7.584,7.852,7.839,7.916,7.585,7.771,7.93,7.897,7.725,7.457,7.521,7.323,7.569,7.703,7.787,7.693,7.648,7.561,8.585,8.829,8.927,8.786,8.648,8.701,8.819,8.56,8.496,7.879,8.186,8.684,8.737,8.681,8.347,8.638,8.913,8.875,9.837,9.694,9.35,9.2,9.037,9.404,9.738,9.846,9.807,9.755,9.452,9.204,9.184,10.441,10.672,10.746,10.677,10.263,10.78,10.832,10.776,10.846,10.928,10.724,10.469,11.065,10.863,10.785,10.47,10.394,10.292,9.947,10.569,10.625,10.363,10.528,10.637,10.535,10.329,10.711,10.722,10.741,10.556,7.723,7.741,7.628,7.851,7.822,7.918,8.128,8.118,8.068,7.748,7.624,7.689,7.66,7.598,7.641,7.552,7.577,7.093,7.426,7.649,7.413,7.312,7.504,7.622,7.286,7.46,7.587,7.804,7.782,7.605,7.428,7.394,7.487,7.467,7.671,7.612,7.66,7.515,7.989,8.132,8.237,8.136,8.158,7.921,7.65,8.036,8.029,8.155,8.266,8.096,8.044,7.733,8.176,8.388,8.283,8.281,7.999,7.828,7.591,7.949,8.347,0.0,0.0,0.0,0.0,0.0,0.0,0.0,0.0,0.0,0.0,0.0,0.0,0.0,0.0,0.0,0.0,0.0,0.0,0.0,0.0,0.0,0.0,0.0,0.0,0.0,0.0,0.0,0.0,0.0,0.0,0.0,0.0,0.0,0.0,0.0,0.0,0.0,0.0,0.0,0.0,0.0,0.0,0.0,0.0,0.0,0.0,0.0,0.0,0.0,0.0,0.0,0.0,0.0,0.0,0.0,0.0,0.0,0.0,0.0,0.0,0.0,0.0,8.685,8.715,8.719,8.887,8.956,8.487,8.579,8.817,9.212,9.082,8.963,8.676,8.412,8.505,8.649,8.771,8.605,8.542,8.772,8.386,8.537,8.421,8.272,8.534,8.576,8.194,7.923,8.534,8.715,8.643,7.872,7.822,8.053,7.802,7.948,8.186,8.458,8.576,8.578,8.325,7.866,7.947,8.07,7.725,7.858,7.946,8.124,7.914,8.1,8.108,8.077,7.923,7.724,7.713,7.32,7.467,7.853,8.006,8.187,8.34,8.274,7.329,7.585,7.666,7.641,7.563,7.734,7.621,7.315,7.465,7.439,7.386,7.516,7.379,6.717,6.526,6.574,7.005,7.207,7.33,7.385,7.327,7.203,7.554,7.524,7.317,6.895,6.91,7.045,7.17,7.421,6.28,6.373,6.306,6.368,6.329,6.056,6.177,6.283,6.17,6.27,6.324,6.203,6.036,6.207,6.375,6.381,6.441,6.53,6.42,6.329,6.5,6.66,6.745,6.644,6.634,6.738,6.482,6.676,6.747,6.711,6.711,6.402,6.215,6.0,6.164,6.213,6.237,6.153,6.226,6.106,6.083,6.33,6.365,6.342,6.268,6.28,6.406,6.328,6.395,6.609,6.74,6.856,6.82,6.715,6.48,6.538,6.314,6.48,6.562,6.686,6.672,6.476,8.256,8.358,8.425,8.27,8.301,8.239,8.009,8.097,8.285,8.441,8.48,8.484,8.445,8.245,8.378,8.378,8.348,8.274,8.181,8.183,8.046,8.36,8.497,8.623,8.652,8.709,8.668,8.53,7.028,7.063,7.04,7.014,7.171,7.13,6.852,7.013,7.147,7.223,7.149,6.903,6.778,6.774,7.028,7.079,7.187,7.292,7.27,7.193,6.966,7.039,6.864,7.028,7.14,7.041,7.077,6.811,6.421,6.528,6.832,8.111,8.319,8.384,8.205,8.424,8.421,8.428,8.624,8.541,8.521,8.215,8.48,8.535,8.219,8.254,8.322,8.12,8.064,8.223,8.377,8.11,7.95,7.868,7.992,7.832,8.126,8.248,8.214,8.248,8.199,7.1,6.967,7.009,7.043,6.907,6.986,7.135,7.084,6.931,7.067,6.895,6.67,6.477,6.696,6.646,6.151,6.183,6.041,6.056,6.012,6.095,6.306,6.436,6.582,6.477,6.356,6.38,6.624,6.781,6.395,6.713,6.187,6.661,6.791,6.812,6.649,6.341,6.534,6.429,6.41,6.272,6.065,6.049,5.755,6.275,6.305,6.466,6.509,6.555,6.277,5.959,6.456,6.7,7.067,6.789,6.76,6.574,6.733,7.235,7.479,7.319,9.796,9.458,9.486,9.602,10.149,10.338,10.265,10.069,9.92,10.101,9.424,9.322,9.221,9.098,9.255,9.697,9.784,8.876,8.203,8.212,8.043,8.282,8.721,8.535,8.401,8.675,8.597,8.095,8.253,8.21,8.086,0.0,0.0,0.0,0.0,0.0,0.0,0.0,0.0,0.0,0.0,0.0,0.0,0.0,0.0,0.0,0.0,0.0,0.0,0.0,0.0,0.0,0.0,0.0,0.0,0.0,0.0,0.0,0.0,0.0,0.0,0.0,0.0,0.0,0.0,0.0,0.0,0.0,0.0,0.0,0.0,0.0,0.0,0.0,0.0,0.0,0.0,0.0,0.0,0.0,0.0,0.0,0.0,0.0,0.0,0.0,0.0,0.0,0.0,0.0,0.0,0.0,6.541,6.305,6.151,6.434,6.574,6.704,6.707,6.774,6.676,6.465,6.772,6.843,6.854,6.757,6.547,6.631,6.283,6.134,6.403,6.463,6.423,6.383,6.467,6.075,6.322,6.376,6.36,6.314,6.395,6.331,6.229,8.177,8.177,8.086,7.47,7.235,7.738,7.586,7.996,8.212,8.501,8.268,8.446,8.383,8.246,8.356,8.343,8.438,8.512,8.296,8.301,7.946,8.404,8.532,8.582,8.505,8.441,8.323,7.872,8.019,8.056,7.807,7.586,7.737,7.753,7.588,7.841,7.996,7.974,8.061,7.938,7.868,7.542,7.913,8.175,8.152,8.073,8.032,8.019,7.618,8.166,8.409,8.554,8.64,8.703,8.616,8.358,8.535,8.36,8.157,8.073,8.212,6.539,6.29,6.644,6.826,6.93,6.798,6.77,6.535,6.24,6.449,6.485,6.517,6.647,6.521,6.357,6.354,6.657,6.864,6.868,6.835,6.897,6.529,6.424,6.781,6.821,6.605,6.717,6.814,6.841,6.834,6.96,8.063,8.095,7.784,7.919,8.014,7.899,8.039,8.261,8.113,7.941,7.985,7.966,7.869,7.92,7.975,8.09,8.021,8.062,7.992,7.858,8.061,8.037,8.047,8.273,8.098,7.967,7.669,8.008,6.769,6.63,6.591,6.775,6.885,6.716,6.69,6.739,6.805,6.926,7.016,6.999,6.828,6.981,7.027,7.122,7.096,6.701,6.749,6.881,7.076,7.135,7.175,7.24,7.209,7.16,6.939,7.067,7.134,7.266,7.31,7.677,7.669,7.431,7.695,7.775,7.631,7.753,7.708,7.737,7.493,7.643,7.755,7.771,7.695,7.615,7.725,7.373,7.573,7.706,7.649,7.678,7.695,7.686,7.443,7.703,7.794,7.874,7.822,7.752,7.551,8.039,8.238,8.209,8.404,8.396,8.618,8.565,8.182,8.307,8.179,8.216,8.205,8.128,8.049,7.828,8.145,8.34,8.574,8.491,8.137,7.42,6.895,6.812,7.416,7.969,8.019,7.899,7.83,7.763,8.198,8.317,7.824,7.903,7.893,7.805,7.614,7.824,7.876,7.709,7.636,7.822,7.743,7.518,7.887,7.998,7.784,7.611,7.5,7.32,6.794,6.814,6.872,7.418,7.706,7.617,7.466,7.248,7.671,7.779,7.469,6.954,6.88,6.997,6.819,7.331,7.363,7.354,7.378,7.239,6.936,6.498,6.745,6.761,6.866,6.764,6.78,6.794,6.5,6.993,7.101,6.974,6.547,6.745,6.571,6.107,6.571,7.002,7.082,7.027,7.151,6.918,6.507,7.529,7.721,8.04,8.034,7.754,7.524,7.158,7.334,7.326,7.323,6.901,7.276,7.552,7.04,6.676,7.15,7.562,7.822,7.728,7.631,7.302,7.699,7.892,7.821,7.952,8.212,7.943,7.606,8.156,8.369,8.315,7.289,7.359,7.321,6.891,7.243,7.357,7.387,7.287,7.098,6.919,6.461,6.563,6.591,6.595,6.494,6.171,6.381,6.427,6.79,6.778,6.694,6.415,6.313,6.23,6.251,6.805,6.857,6.834,6.932,6.95,6.476,6.186,6.564,6.762,6.41,6.503,6.471,6.508,6.291,6.491,6.432,6.542,6.549,6.494,6.4,6.179,6.672,6.737,6.748,6.726,6.64,6.464,6.079,5.733,5.613,6.015,6.347,6.477,6.51,6.331,6.397,7.446,7.541,7.476,7.597,7.57,7.414,7.522,7.581,7.583,7.579,7.587,7.36,7.18,7.234,7.426,7.537,7.593,7.66,7.685,7.386,7.656,7.764,7.746,7.743,7.745,7.752,7.582,7.776,7.681,7.69,5.301,5.379,5.389,5.2,5.31,5.432,5.497,5.364,5.324,5.118,4.982,5.245,5.254,5.285,5.384,5.492,5.532,5.409,5.621,5.64,5.596,5.619,5.711,5.674,5.48,5.591,5.696,5.787,5.808,5.741,5.68,6.382,6.555,6.529,6.419,6.5,6.547,6.586,6.526,6.631,6.641,6.701,6.718,6.756,6.517,6.257,6.434,6.564,6.689,6.63,6.712,6.633,6.441,6.489,6.604,6.554,6.125,6.323,6.511,6.346,6.429,6.436,6.309,6.395,6.599,6.58,6.429,6.471,6.583,6.746,6.653,6.664,6.695,6.385,6.689,6.8,6.714,6.698,6.789,6.745,6.568,6.751,6.814,6.791,6.904,6.961,6.824,6.679,6.967,6.893,7.254,7.281,7.43,7.359,7.072,7.215,6.813,6.647,6.899,7.298,7.384,7.196,7.573,7.61,7.59,7.425,7.016,6.636,6.161,6.634,6.89,7.073,7.216,7.256,7.426,7.142,7.414,7.501,7.539,7.502,7.217,6.37,6.287,6.56,6.834,6.858,6.9,7.003,6.847,6.673,6.951,7.089,7.141,7.228,7.157,7.088,6.83,7.01,7.2,7.128,7.037,6.893,6.705,6.161,6.556,6.864,6.871,6.932,6.923,6.662,6.076,5.997,6.229,6.486,6.501,6.706,6.804,6.552,6.82,7.045,7.123,7.232,7.179,7.074,6.701,6.827,7.084,7.268,7.091,7.409,7.328,7.068,7.255,7.305,6.849,6.52,6.246,6.42,6.684,7.006,7.129,6.968,5.988,6.099,6.34,5.878,6.173,6.236,6.367,6.452,6.401,6.159,5.895,6.137,6.106,5.993,6.075,6.239,6.125,5.833,6.023,6.06,6.16,6.198,6.187,5.99,5.489,5.516,5.683,5.625,5.484,5.36,5.873,5.819,6.217,6.253,6.094,5.883,5.979,5.774,5.709,6.19,6.194,6.298,6.204,6.163,6.041,5.874,6.08,6.041,5.901,6.063,6.13,5.847,5.562,5.883,5.934,5.677,5.548,5.396,5.238,5.277,5.626,0.0,0.0,0.0,0.0,0.0,0.0,0.0,0.0,0.0,0.0,0.0,0.0,0.0,0.0,0.0,0.0,0.0,0.0,0.0,0.0,0.0,0.0,0.0,0.0,0.0,0.0,0.0,0.0,0.0,0.0,0.0,7.23,7.102,6.883,6.765,6.9,6.792,6.416,6.311,6.215,5.923,6.264,6.54,6.754,7.014,6.799,6.388,5.908,6.092,6.232,6.466,6.553,6.441,6.18,5.737,6.123,6.43,6.524,6.514,6.59,6.499,6.448,6.398,6.672,6.841,6.924,6.997,7.108,7.084,7.192,7.291,7.427,7.471,7.483,7.42,7.18,7.229,7.03,7.287,7.367,7.386,7.287,7.013,6.972,6.813,7.048,7.27,7.294,7.345,7.062,7.161,7.28,5.956,5.917,5.952,5.845,5.658,5.772,5.824,5.846,5.81,5.604,5.258,4.772,4.679,5.003,5.15,5.282,5.356,5.472,5.289,5.405,5.527,5.572,5.649,5.53,5.374,5.009,5.024,5.097,5.114,4.989,5.583,5.481,5.306,5.362,5.328,5.564,5.723,5.816,5.743,5.549,5.832,5.935,5.947,5.889,5.966,5.956,5.652,5.697,5.925,6.053,6.093,6.243,6.087,5.805,6.015,6.134,6.12,6.06,6.178,6.267,6.056,6.248,6.361,6.525,6.52,6.541,6.372,6.095,6.302,6.296,6.406,6.444,6.538,6.629,6.332,6.388,6.607,6.673,6.678,6.71,6.759,6.614,6.636,6.73,6.688,6.238,5.83,6.018,6.197,6.039,6.119,6.126,5.362,5.435,5.609,5.592,5.464,5.5,5.595,5.733,5.654,5.664,5.69,5.426,5.685,5.779,5.706,5.693,5.77,5.732,5.582,5.738,5.791,5.772,5.868,5.916,5.799,5.676,5.921,5.858,5.175,6.008,6.03,6.154,6.095,5.857,5.976,5.643,5.506,5.714,6.045,6.115,5.96,6.272,6.303,6.286,6.15,5.811,5.496,5.103,5.494,5.707,5.858,5.977,6.01,6.15,5.915,6.141,6.213,6.244,6.214,5.977,6.108,6.028,6.29,6.553,6.576,6.616,6.715,6.565,6.398,6.665,6.797,6.847,6.931,6.862,6.796,6.549,6.721,6.904,6.834,6.747,6.61,6.429,5.907,6.286,6.581,6.588,6.647,6.638,6.388,5.826,5.489,5.701,5.937,5.95,6.138,6.228,5.997,6.243,6.448,6.52,6.619,6.571,6.475,6.133,6.249,6.484,6.652,6.49,6.781,6.708,6.469,6.64,6.686,6.269,5.968,5.717,5.876,6.118,6.413,6.525,6.378,5.988,6.099,6.34,5.878,6.173,6.236,6.367,6.452,6.401,6.159,5.895,6.137,6.106,5.993,6.075,6.239,6.125,5.833,6.023,6.06,6.16,6.198,6.187,5.99,5.489,5.516,5.683,5.625,5.484,5.36,5.825,5.771,6.166,6.201,6.044,5.834,5.929,5.726,5.662,6.139,6.143,6.246,6.153,6.112,5.992,5.825,6.03,5.991,5.852,6.013,6.079,5.799,5.516,5.835,5.885,5.63,5.503,5.352,5.195,5.233,5.58,5.994,5.905,5.985,6.202,6.373,6.024,6.096,6.318,6.5,6.644,6.889,6.625,6.425,6.686,6.567,6.851,6.917,6.861,6.689,6.643,6.858,6.912,6.598,6.552,6.756,6.774,6.615,6.772,7.096,7.218,7.286,6.925,6.803,6.593,6.48,6.609,6.506,6.145,6.045,5.953,5.673,6.0,6.265,6.469,6.718,6.512,6.119,5.659,5.835,5.969,6.194,6.277,6.169,5.92,5.495,5.865,6.159,6.249,6.239,6.312,6.225,6.448,6.398,6.672,6.841,6.924,6.997,7.108,7.084,7.192,7.291,7.427,7.471,7.483,7.42,7.18,7.229,7.03,7.287,7.367,7.386,7.287,7.013,6.972,6.813,7.048,7.27,7.294,7.345,7.062,7.161,7.28,5.956,5.917,5.952,5.845,5.658,5.772,5.824,5.846,5.81,5.604,5.258,4.772,4.679,5.003,5.15,5.282,5.356,5.472,5.289,5.405,5.527,5.572,5.649,5.53,5.374,5.009,5.024,5.097,5.114,4.989,5.583,5.481,5.306,5.362,5.328,5.564,5.723,5.816,5.743,5.549,5.832,5.935,5.947,5.889,5.966,5.956,5.652,5.697,5.925,6.053,6.093,6.243,6.087,5.805,6.015,6.134,6.12,6.06,6.178,6.267,6.056
Guntur_271,8.543,8.601,8.764,8.785,8.459,8.507,8.692,8.704,8.53,8.434,8.589,8.592,8.697,8.542,8.293,8.249,8.633,8.595,8.247,8.599,8.661,8.468,8.563,8.77,8.865,8.46,8.732,8.86,8.927,8.987,8.914,7.208,6.862,7.081,7.265,7.266,7.259,7.341,7.088,6.932,7.051,7.084,7.157,7.41,7.398,7.471,7.158,7.334,7.484,7.453,7.291,7.038,7.098,6.911,7.143,7.27,7.349,7.261,7.218,7.136,9.385,9.652,9.759,9.606,9.454,9.512,9.641,9.358,9.288,8.614,8.949,9.494,9.552,9.49,9.125,9.444,9.744,9.703,10.755,10.598,10.222,10.058,9.88,10.281,10.646,10.764,10.721,10.665,10.333,10.063,10.041,10.556,10.79,10.864,10.795,10.376,10.898,10.951,10.895,10.965,11.048,10.842,10.584,11.187,10.982,10.904,10.585,10.508,10.406,10.056,10.685,10.742,10.477,10.643,10.754,10.65,10.443,10.828,10.84,10.859,10.672,7.935,7.953,7.837,8.067,8.036,8.135,8.351,8.341,8.29,7.961,7.833,7.9,7.87,7.806,7.851,7.759,7.784,7.287,7.63,7.859,7.616,7.513,7.71,7.831,7.486,7.664,7.795,8.018,7.996,7.813,7.632,5.929,6.004,5.987,6.151,6.104,6.142,6.026,6.406,6.521,6.605,6.524,6.542,6.351,6.134,6.443,6.438,6.539,6.628,6.492,6.45,6.201,6.556,6.726,6.642,6.64,6.414,6.277,6.087,6.374,6.693,0.0,0.0,0.0,0.0,0.0,0.0,0.0,0.0,0.0,0.0,0.0,0.0,0.0,0.0,0.0,0.0,0.0,0.0,0.0,0.0,0.0,0.0,0.0,0.0,0.0,0.0,0.0,0.0,0.0,0.0,0.0,0.0,0.0,0.0,0.0,0.0,0.0,0.0,0.0,0.0,0.0,0.0,0.0,0.0,0.0,0.0,0.0,0.0,0.0,0.0,0.0,0.0,0.0,0.0,0.0,0.0,0.0,0.0,0.0,0.0,0.0,0.0,5.921,5.941,5.944,6.059,6.106,5.785,5.848,6.011,6.28,6.191,6.11,5.915,5.735,5.798,5.896,5.98,5.866,5.823,5.98,5.717,5.82,5.74,5.639,5.818,5.846,5.586,5.402,5.818,5.941,5.892,8.833,8.777,9.037,8.754,8.918,9.185,9.491,9.623,9.626,9.341,8.826,8.918,9.056,8.668,8.818,8.917,9.116,8.881,9.089,9.098,9.063,8.89,8.667,8.655,8.214,8.379,8.812,8.984,9.186,9.358,9.284,7.54,7.803,7.887,7.86,7.781,7.956,7.84,7.525,7.679,7.653,7.599,7.732,7.591,6.91,6.713,6.763,7.207,7.414,7.541,7.597,7.537,7.41,7.772,7.74,7.528,7.093,7.108,7.248,7.376,7.635,6.989,7.092,7.018,7.086,7.043,6.739,6.873,6.992,6.866,6.977,7.037,6.902,6.717,6.908,7.094,7.101,7.167,7.267,7.144,7.044,7.233,7.412,7.506,7.394,7.383,7.498,7.213,7.429,7.508,7.468,7.468,7.867,7.637,7.372,7.574,7.634,7.664,7.56,7.651,7.503,7.475,7.778,7.821,7.793,7.702,7.716,7.871,7.776,7.858,8.121,8.282,8.424,8.381,8.251,7.962,8.034,7.758,7.963,8.063,8.215,8.199,7.958,8.483,8.588,8.656,8.498,8.529,8.466,8.229,8.319,8.512,8.673,8.713,8.718,8.678,8.472,8.608,8.609,8.578,8.501,8.406,8.408,8.268,8.59,8.73,8.86,8.889,8.948,8.906,8.765,8.186,8.227,8.2,8.169,8.353,8.305,7.981,8.169,8.325,8.413,8.327,8.041,7.895,7.891,8.186,8.246,8.371,8.494,8.468,8.379,8.113,8.199,7.995,8.186,8.317,8.202,8.243,7.934,7.48,7.603,7.958,9.037,9.269,9.342,9.142,9.386,9.382,9.391,9.609,9.517,9.494,9.153,9.449,9.509,9.157,9.197,9.273,9.047,8.985,9.162,9.334,9.036,8.858,8.766,8.904,8.726,9.055,9.19,9.152,9.19,9.136,8.299,8.144,8.193,8.232,8.074,8.166,8.339,8.28,8.102,8.26,8.059,7.796,7.57,7.826,7.769,7.189,7.227,7.061,7.078,7.027,7.125,7.371,7.522,7.693,7.571,7.429,7.458,7.742,7.926,7.475,7.847,7.037,7.576,7.723,7.747,7.562,7.212,7.431,7.312,7.29,7.134,6.897,6.88,6.546,7.136,7.171,7.354,7.403,7.455,7.139,6.777,7.342,7.62,8.038,7.722,7.688,7.476,7.657,8.229,8.506,8.324,9.996,9.651,9.679,9.798,10.356,10.55,10.474,10.275,10.123,10.307,9.617,9.513,9.41,9.284,9.444,9.895,9.984,9.058,8.37,8.38,8.207,8.451,8.899,8.71,8.572,8.852,8.773,8.261,8.421,8.378,8.251,0.0,0.0,0.0,0.0,0.0,0.0,0.0,0.0,0.0,0.0,0.0,0.0,0.0,0.0,0.0,0.0,0.0,0.0,0.0,0.0,0.0,0.0,0.0,0.0,0.0,0.0,0.0,0.0,0.0,0.0,0.0,0.0,0.0,0.0,0.0,0.0,0.0,0.0,0.0,0.0,0.0,0.0,0.0,0.0,0.0,0.0,0.0,0.0,0.0,0.0,0.0,0.0,0.0,0.0,0.0,0.0,0.0,0.0,0.0,0.0,0.0,8.988,8.663,8.452,8.841,9.033,9.212,9.216,9.307,9.173,8.883,9.305,9.402,9.418,9.285,8.995,9.111,8.633,8.428,8.797,8.881,8.825,8.771,8.886,8.348,8.687,8.76,8.739,8.675,8.787,8.699,8.559,8.475,8.475,8.381,7.742,7.499,8.02,7.862,8.288,8.511,8.811,8.569,8.753,8.689,8.546,8.661,8.647,8.745,8.822,8.599,8.604,8.236,8.71,8.843,8.895,8.815,8.748,8.626,8.159,8.312,8.35,8.289,8.055,8.216,8.233,8.058,8.325,8.491,8.467,8.559,8.429,8.354,8.009,8.403,8.681,8.656,8.572,8.528,8.515,8.089,8.671,8.929,9.083,9.174,9.242,9.149,8.875,9.063,8.876,8.661,8.572,8.72,9.658,9.289,9.812,10.082,10.235,10.04,9.998,9.651,9.216,9.524,9.578,9.625,9.816,9.631,9.388,9.384,9.832,10.137,10.144,10.095,10.186,9.643,9.487,10.014,10.074,9.755,9.921,10.063,10.104,10.094,10.279,10.033,10.073,9.686,9.853,9.971,9.829,10.003,10.28,10.095,9.882,9.936,9.912,9.792,9.855,9.923,10.067,9.98,10.031,9.944,9.778,10.03,10.0,10.013,10.295,10.077,9.914,9.543,9.965,9.095,8.909,8.856,9.104,9.25,9.024,8.989,9.054,9.144,9.306,9.427,9.404,9.175,9.38,9.442,9.57,9.534,9.004,9.069,9.246,9.508,9.586,9.64,9.728,9.686,9.621,9.323,9.496,9.586,9.763,9.822,7.49,7.482,7.25,7.508,7.585,7.445,7.564,7.52,7.548,7.31,7.457,7.566,7.581,7.507,7.429,7.537,7.193,7.388,7.518,7.462,7.491,7.508,7.498,7.261,7.515,7.604,7.682,7.631,7.563,7.367,7.87,8.064,8.037,8.227,8.219,8.437,8.385,8.01,8.133,8.007,8.043,8.033,7.957,7.88,7.663,7.974,8.165,8.393,8.313,7.965,7.264,6.75,6.669,7.26,7.801,7.85,7.733,7.666,7.6,8.026,8.142,9.874,9.974,9.962,9.85,9.61,9.874,9.94,9.729,9.637,9.872,9.773,9.488,9.954,10.094,9.825,9.606,9.466,9.239,8.575,8.6,8.673,9.363,9.726,9.613,9.423,9.148,9.681,9.818,9.426,8.777,8.684,8.831,8.607,9.253,9.292,9.281,9.312,9.137,8.754,8.201,8.513,8.532,8.665,8.537,8.557,8.575,8.204,8.825,8.962,8.802,8.263,8.513,8.293,7.708,8.293,8.837,8.938,8.869,9.026,8.732,8.212,9.574,9.818,10.223,10.216,9.86,9.568,9.102,9.326,9.316,9.312,8.776,9.252,9.603,8.952,8.49,9.092,9.616,9.947,9.827,9.703,9.285,9.79,10.036,9.946,10.112,10.442,10.101,9.672,10.372,10.642,10.573,9.764,9.857,9.807,9.231,9.702,9.855,9.895,9.761,9.508,9.268,8.654,8.792,8.829,8.834,8.699,8.266,8.547,8.61,9.095,9.079,8.967,8.594,8.457,8.345,8.373,9.115,9.186,9.154,9.286,9.31,8.085,7.724,8.196,8.442,8.003,8.119,8.079,8.126,7.855,8.104,8.031,8.168,8.176,8.108,7.991,7.715,8.33,8.411,8.425,8.398,8.29,8.071,7.59,7.158,7.008,7.51,7.924,8.086,8.128,7.904,7.987,7.982,8.084,8.014,8.144,8.116,7.948,8.064,8.127,8.129,8.125,8.133,7.89,7.697,7.755,7.961,8.08,8.14,8.212,8.238,7.918,8.208,8.323,8.304,8.301,8.303,8.311,8.128,8.336,8.234,8.243,6.965,7.067,7.079,6.831,6.976,7.136,7.221,7.046,6.995,6.724,6.545,6.891,6.902,6.943,7.073,7.215,7.268,7.106,7.385,7.409,7.352,7.382,7.503,7.455,7.199,7.344,7.483,7.602,7.63,7.542,7.462,8.82,9.059,9.022,8.871,8.982,9.048,9.101,9.019,9.164,9.177,9.26,9.284,9.337,9.006,8.647,8.891,9.072,9.244,9.162,9.276,9.166,8.901,8.968,9.126,9.058,8.465,8.739,8.998,8.769,8.884,8.895,7.573,7.676,7.921,7.898,7.717,7.768,7.902,8.097,7.986,7.999,8.036,7.664,8.029,8.163,8.059,8.04,8.149,8.096,7.883,8.104,8.179,8.152,8.287,8.355,8.191,8.017,8.363,8.274,8.669,8.702,8.88,8.795,8.452,8.623,8.142,7.945,8.246,8.722,8.824,8.601,9.051,9.095,9.071,8.874,8.385,7.931,7.364,7.928,8.235,8.453,8.624,8.673,8.875,8.536,8.861,8.965,9.01,8.967,8.625,8.668,8.555,8.926,9.299,9.332,9.39,9.529,9.317,9.08,9.459,9.647,9.717,9.836,9.739,9.645,9.294,9.539,9.798,9.699,9.576,9.38,9.124,8.383,8.921,9.34,9.35,9.433,9.421,9.066,8.268,6.431,6.679,6.955,6.971,7.191,7.296,7.026,7.314,7.554,7.638,7.755,7.699,7.586,7.186,7.321,7.597,7.794,7.604,7.944,7.859,7.579,7.78,7.833,7.344,6.992,6.698,6.885,7.168,7.513,7.644,7.472,9.249,9.419,9.791,9.078,9.534,9.631,9.833,9.965,9.886,9.511,9.104,9.478,9.43,9.256,9.382,9.635,9.46,9.008,9.302,9.359,9.513,9.572,9.556,9.251,8.477,8.519,8.778,8.687,8.469,8.278,10.194,10.099,10.79,10.852,10.577,10.21,10.376,10.02,9.909,10.743,10.749,10.93,10.767,10.695,10.485,10.194,10.552,10.484,10.241,10.522,10.639,10.148,9.653,10.211,10.298,9.852,9.629,9.366,9.09,9.158,9.765,0.0,0.0,0.0,0.0,0.0,0.0,0.0,0.0,0.0,0.0,0.0,0.0,0.0,0.0,0.0,0.0,0.0,0.0,0.0,0.0,0.0,0.0,0.0,0.0,0.0,0.0,0.0,0.0,0.0,0.0,0.0,11.437,11.235,10.888,10.703,10.915,10.745,10.15,9.983,9.832,9.37,9.909,10.346,10.684,11.095,10.755,10.106,9.346,9.637,9.859,10.229,10.366,10.189,9.777,9.075,9.686,10.172,10.32,10.304,10.425,10.281,8.971,8.902,9.283,9.518,9.633,9.735,9.89,9.856,10.007,10.144,10.333,10.394,10.411,10.323,9.99,10.057,9.78,10.138,10.25,10.276,10.139,9.758,9.7,9.479,9.806,10.115,10.148,10.219,9.825,9.963,10.129,8.649,8.593,8.644,8.488,8.218,8.383,8.459,8.49,8.438,8.139,7.637,6.931,6.795,7.267,7.479,7.671,7.779,7.947,7.681,7.85,8.028,8.092,8.204,8.031,7.805,7.274,7.296,7.402,7.427,7.245,7.075,6.946,6.725,6.795,6.752,7.051,7.253,7.371,7.278,7.032,7.39,7.522,7.536,7.463,7.561,7.548,7.163,7.22,7.509,7.671,7.721,7.912,7.714,7.356,7.624,7.774,7.755,7.68,7.829,7.943,7.675,7.642,7.78,7.981,7.974,8.0,7.793,7.454,7.708,7.7,7.835,7.881,7.997,8.107,7.744,7.813,8.08,8.162,8.168,8.207,8.267,8.089,8.116,8.231,8.18,7.629,7.13,7.361,7.579,7.387,7.483,7.492,7.95,8.058,8.316,8.292,8.101,8.155,8.296,8.501,8.384,8.398,8.437,8.046,8.429,8.57,8.46,8.441,8.555,8.499,8.276,8.507,8.586,8.558,8.7,8.772,8.599,8.417,8.779,8.687,7.673,6.958,6.984,7.128,7.059,6.784,6.921,6.535,6.377,6.618,7.001,7.083,6.903,7.264,7.3,7.281,7.123,6.73,6.366,5.91,6.363,6.61,6.785,6.922,6.961,7.123,6.851,7.112,7.195,7.232,7.197,6.923,8.818,8.703,9.081,9.46,9.493,9.552,9.694,9.478,9.237,9.622,9.814,9.885,10.006,9.907,9.812,9.455,9.703,9.967,9.867,9.741,9.542,9.281,8.528,9.075,9.502,9.512,9.596,9.583,9.223,8.411,7.908,8.213,8.553,8.572,8.843,8.972,8.639,8.993,9.289,9.392,9.536,9.467,9.328,8.836,9.003,9.341,9.584,9.35,9.769,9.663,9.319,9.566,9.632,9.031,8.598,8.236,8.466,8.814,9.238,9.4,9.188,9.249,9.419,9.791,9.078,9.534,9.631,9.833,9.965,9.886,9.511,9.104,9.478,9.43,9.256,9.382,9.635,9.46,9.008,9.302,9.359,9.513,9.572,9.556,9.251,8.477,8.519,8.778,8.687,8.469,8.278,8.392,8.314,8.883,8.934,8.707,8.405,8.542,8.249,8.157,8.844,8.849,8.998,8.864,8.805,8.632,8.392,8.687,8.631,8.431,8.662,8.758,8.354,7.947,8.406,8.478,8.111,7.927,7.71,7.484,7.539,8.039,10.221,10.069,10.205,10.575,10.867,10.272,10.395,10.774,11.083,11.329,11.748,11.296,10.956,11.401,11.199,11.682,11.795,11.7,11.406,11.328,11.694,11.786,11.251,11.173,11.52,11.551,11.281,11.547,12.101,12.309,12.424,6.925,6.803,6.593,6.48,6.609,6.506,6.145,6.045,5.953,5.673,6.0,6.265,6.469,6.718,6.512,6.119,5.659,5.835,5.969,6.194,6.277,6.169,5.92,5.495,5.865,6.159,6.249,6.239,6.312,6.225,8.971,8.902,9.283,9.518,9.633,9.735,9.89,9.856,10.007,10.144,10.333,10.394,10.411,10.323,9.99,10.057,9.78,10.138,10.25,10.276,10.139,9.758,9.7,9.479,9.806,10.115,10.148,10.219,9.825,9.963,10.129,8.649,8.593,8.644,8.488,8.218,8.383,8.459,8.49,8.438,8.139,7.637,6.931,6.795,7.267,7.479,7.671,7.779,7.947,7.681,7.85,8.028,8.092,8.204,8.031,7.805,7.274,7.296,7.402,7.427,7.245,7.075,6.946,6.725,6.795,6.752,7.051,7.253,7.371,7.278,7.032,7.39,7.522,7.536,7.463,7.561,7.548,7.163,7.22,7.509,7.671,7.721,7.912,7.714,7.356,7.624,7.774,7.755,7.68,7.829,7.943,7.675
Guntur_272,9.047,9.109,9.281,9.304,8.959,9.01,9.206,9.218,9.034,8.933,9.096,9.1,9.211,9.047,8.784,8.736,9.143,9.103,8.735,9.107,9.173,8.968,9.069,9.288,9.389,8.96,9.248,9.383,9.455,9.518,9.44,7.502,7.142,7.37,7.561,7.562,7.556,7.64,7.377,7.215,7.339,7.373,7.449,7.713,7.7,7.776,7.45,7.633,7.789,7.757,7.588,7.325,7.387,7.193,7.435,7.566,7.649,7.557,7.513,7.427,10.106,10.393,10.508,10.343,10.18,10.242,10.381,10.077,10.001,9.275,9.636,10.223,10.285,10.219,9.826,10.169,10.492,10.448,11.581,11.411,11.007,10.83,10.638,11.07,11.463,11.59,11.544,11.484,11.127,10.835,10.812,9.802,10.019,10.088,10.024,9.635,10.12,10.169,10.116,10.182,10.259,10.068,9.828,10.388,10.197,10.125,9.829,9.757,9.662,9.338,9.922,9.974,9.729,9.883,9.986,9.89,9.697,10.055,10.066,10.084,9.91,9.018,9.039,8.908,9.168,9.134,9.246,9.491,9.48,9.421,9.048,8.903,8.978,8.945,8.872,8.923,8.819,8.847,8.282,8.672,8.932,8.657,8.539,8.763,8.9,8.508,8.711,8.859,9.113,9.087,8.88,8.674,7.034,7.123,7.104,7.298,7.243,7.288,7.15,7.601,7.737,7.837,7.741,7.762,7.536,7.278,7.645,7.639,7.758,7.865,7.703,7.654,7.357,7.779,7.98,7.881,7.879,7.611,7.448,7.222,7.563,7.941,0.0,0.0,0.0,0.0,0.0,0.0,0.0,0.0,0.0,0.0,0.0,0.0,0.0,0.0,0.0,0.0,0.0,0.0,0.0,0.0,0.0,0.0,0.0,0.0,0.0,0.0,0.0,0.0,0.0,0.0,0.0,0.0,0.0,0.0,0.0,0.0,0.0,0.0,0.0,0.0,0.0,0.0,0.0,0.0,0.0,0.0,0.0,0.0,0.0,0.0,0.0,0.0,0.0,0.0,0.0,0.0,0.0,0.0,0.0,0.0,0.0,0.0,11.468,11.508,11.512,11.735,11.826,11.206,11.327,11.642,12.164,11.992,11.835,11.457,11.108,11.231,11.421,11.582,11.362,11.279,11.583,11.074,11.272,11.119,10.922,11.269,11.324,10.82,10.462,11.268,11.508,11.413,9.015,8.958,9.223,8.935,9.102,9.375,9.687,9.821,9.824,9.534,9.008,9.101,9.242,8.846,9.0,9.1,9.304,9.063,9.276,9.286,9.25,9.073,8.845,8.833,8.383,8.551,8.993,9.169,9.375,9.551,9.475,9.978,10.327,10.438,10.403,10.297,10.529,10.376,9.959,10.163,10.128,10.056,10.233,10.046,9.145,8.884,8.95,9.538,9.813,9.98,10.055,9.975,9.807,10.285,10.244,9.963,9.387,9.408,9.592,9.762,10.104,8.181,8.301,8.214,8.295,8.244,7.888,8.045,8.184,8.037,8.166,8.237,8.079,7.863,8.085,8.304,8.312,8.389,8.506,8.362,8.245,8.466,8.675,8.785,8.654,8.642,8.776,8.443,8.696,8.789,8.741,8.742,9.382,9.109,8.793,9.033,9.105,9.14,9.017,9.125,8.948,8.915,9.277,9.328,9.295,9.186,9.203,9.388,9.274,9.373,9.685,9.878,10.047,9.996,9.841,9.497,9.582,9.253,9.497,9.616,9.798,9.778,9.491,9.69,9.809,9.887,9.706,9.742,9.67,9.399,9.502,9.723,9.907,9.952,9.957,9.912,9.677,9.832,9.833,9.798,9.71,9.601,9.604,9.443,9.811,9.972,10.12,10.154,10.22,10.172,10.011,9.98,10.031,9.998,9.961,10.184,10.126,9.731,9.96,10.15,10.258,10.153,9.804,9.626,9.621,9.98,10.054,10.207,10.356,10.325,10.216,9.892,9.997,9.748,9.981,10.141,10.0,10.051,9.673,9.12,9.27,9.702,9.587,9.833,9.91,9.698,9.957,9.953,9.962,10.194,10.096,10.072,9.71,10.024,10.088,9.714,9.756,9.837,9.597,9.531,9.72,9.901,9.586,9.397,9.3,9.446,9.257,9.605,9.749,9.708,9.749,9.692,11.961,11.737,11.808,11.865,11.636,11.769,12.019,11.933,11.677,11.904,11.615,11.236,10.911,11.28,11.197,10.361,10.416,10.177,10.201,10.127,10.268,10.623,10.842,11.088,10.911,10.707,10.748,11.158,11.423,10.773,11.309,10.089,10.862,11.073,11.107,10.842,10.34,10.654,10.483,10.452,10.227,9.888,9.864,9.385,10.231,10.281,10.543,10.613,10.688,10.235,9.716,10.526,10.924,11.524,11.07,11.022,10.718,10.978,11.797,12.195,11.934,9.996,9.651,9.679,9.798,10.356,10.55,10.474,10.275,10.123,10.307,9.617,9.513,9.41,9.284,9.444,9.895,9.984,9.058,8.37,8.38,8.207,8.451,8.899,8.71,8.572,8.852,8.773,8.261,8.421,8.378,8.251,0.0,0.0,0.0,0.0,0.0,0.0,0.0,0.0,0.0,0.0,0.0,0.0,0.0,0.0,0.0,0.0,0.0,0.0,0.0,0.0,0.0,0.0,0.0,0.0,0.0,0.0,0.0,0.0,0.0,0.0,0.0,63.323,64.092,63.736,61.028,60.252,62.199,59.851,58.583,62.331,60.481,57.837,53.73,55.989,57.229,58.669,58.614,60.076,62.969,64.185,64.88,63.563,61.409,61.725,62.303,61.232,60.836,59.952,59.43,59.084,61.204,10.414,10.037,9.793,10.244,10.466,10.673,10.678,10.784,10.628,10.292,10.781,10.894,10.912,10.758,10.422,10.556,10.002,9.765,10.193,10.29,10.225,10.162,10.295,9.672,10.065,10.15,10.126,10.052,10.181,10.079,9.917,6.584,6.583,6.51,6.014,5.825,6.23,6.107,6.438,6.611,6.844,6.656,6.799,6.749,6.639,6.728,6.717,6.793,6.853,6.679,6.683,6.397,6.766,6.869,6.909,6.847,6.796,6.701,6.338,6.456,6.486,7.786,7.566,7.717,7.733,7.568,7.82,7.975,7.953,8.04,7.917,7.847,7.522,7.892,8.153,8.13,8.052,8.01,7.998,7.598,8.144,8.387,8.532,8.617,8.68,8.593,8.336,8.512,8.337,8.135,8.051,8.19,9.919,9.54,10.077,10.354,10.511,10.311,10.269,9.911,9.465,9.781,9.837,9.885,10.082,9.891,9.642,9.638,10.098,10.411,10.418,10.367,10.461,9.903,9.744,10.285,10.346,10.018,10.189,10.335,10.377,10.366,10.556,9.365,9.402,9.041,9.197,9.307,9.174,9.336,9.595,9.422,9.223,9.274,9.251,9.14,9.199,9.262,9.396,9.315,9.363,9.282,9.127,9.362,9.334,9.346,9.609,9.405,9.253,8.907,9.301,9.388,9.196,9.142,9.397,9.549,9.315,9.279,9.346,9.439,9.606,9.731,9.708,9.471,9.683,9.746,9.879,9.842,9.294,9.361,9.545,9.815,9.896,9.951,10.041,9.999,9.932,9.624,9.802,9.895,10.078,10.139,8.981,8.971,8.693,9.002,9.095,8.927,9.069,9.017,9.051,8.765,8.941,9.072,9.09,9.002,8.909,9.037,8.625,8.859,9.015,8.947,8.982,9.002,8.991,8.707,9.011,9.118,9.211,9.15,9.068,8.834,9.008,9.23,9.198,9.417,9.407,9.657,9.597,9.167,9.308,9.164,9.206,9.194,9.107,9.019,8.771,9.126,9.345,9.607,9.514,9.117,8.314,7.726,7.633,8.31,8.928,8.985,8.85,8.774,8.699,9.186,9.319,5.75,5.808,5.801,5.735,5.595,5.749,5.788,5.665,5.612,5.748,5.69,5.525,5.796,5.878,5.721,5.593,5.512,5.379,4.993,5.008,5.05,5.452,5.663,5.597,5.486,5.327,5.637,5.717,5.489,5.11,5.056,5.142,5.011,5.387,5.411,5.404,5.422,5.32,5.097,4.775,4.957,4.968,5.045,4.971,4.983,4.993,4.777,5.139,5.218,5.125,4.811,4.957,4.829,4.488,4.829,5.146,5.204,5.164,5.255,5.084,4.782,11.273,11.56,12.037,12.028,11.608,11.265,10.716,10.98,10.968,10.963,10.333,10.893,11.306,10.54,9.995,10.705,11.322,11.711,11.571,11.425,10.932,11.527,11.816,11.71,11.906,12.295,11.893,11.388,12.211,12.53,12.449,11.562,11.673,11.613,10.931,11.489,11.67,11.717,11.559,11.259,10.974,10.248,10.411,10.455,10.461,10.301,9.789,10.121,10.195,10.77,10.751,10.619,10.176,10.014,9.882,9.915,10.794,10.877,10.84,10.996,11.024,7.524,7.187,7.626,7.856,7.447,7.555,7.518,7.561,7.309,7.541,7.473,7.6,7.608,7.545,7.436,7.179,7.752,7.827,7.84,7.814,7.714,7.51,7.063,6.661,6.521,6.988,7.373,7.525,7.563,7.355,7.432,8.716,8.827,8.751,8.892,8.861,8.678,8.805,8.874,8.876,8.872,8.881,8.615,8.404,8.468,8.692,8.823,8.888,8.967,8.995,8.646,8.962,9.088,9.067,9.064,9.066,9.074,8.875,9.102,8.991,9.001,7.923,8.039,8.053,7.771,7.936,8.118,8.215,8.015,7.957,7.649,7.446,7.839,7.851,7.899,8.046,8.207,8.268,8.083,8.4,8.428,8.363,8.397,8.535,8.48,8.19,8.355,8.513,8.648,8.679,8.579,8.489,9.811,10.077,10.036,9.867,9.991,10.065,10.123,10.031,10.193,10.208,10.3,10.327,10.386,10.018,9.619,9.89,10.09,10.282,10.191,10.318,10.196,9.9,9.975,10.151,10.075,9.416,9.72,10.008,9.754,9.882,9.894,9.372,9.499,9.803,9.774,9.55,9.612,9.779,10.02,9.883,9.899,9.945,9.484,9.936,10.101,9.973,9.95,10.084,10.019,9.756,10.028,10.121,10.088,10.256,10.34,10.136,9.921,10.349,10.24,9.388,9.423,9.616,9.524,9.152,9.337,8.817,8.603,8.929,9.445,9.556,9.313,9.801,9.848,9.823,9.609,9.08,8.588,7.974,8.585,8.917,9.153,9.339,9.391,9.61,9.243,9.595,9.708,9.757,9.709,9.34,8.964,8.847,9.231,9.617,9.65,9.71,9.855,9.635,9.39,9.781,9.976,10.049,10.172,10.071,9.974,9.611,9.864,10.132,10.03,9.902,9.7,9.435,8.669,9.225,9.659,9.669,9.755,9.742,9.375,8.55,7.924,8.23,8.57,8.589,8.861,8.99,8.657,9.012,9.308,9.411,9.555,9.486,9.347,8.854,9.021,9.36,9.603,9.369,9.789,9.683,9.338,9.586,9.652,9.049,8.615,8.253,8.483,8.832,9.257,9.419,9.207,9.579,9.755,10.14,9.402,9.874,9.975,10.184,10.32,10.239,9.851,9.429,9.817,9.766,9.587,9.717,9.979,9.798,9.33,9.633,9.693,9.853,9.913,9.897,9.582,8.78,8.823,9.091,8.997,8.771,8.574,10.194,10.099,10.79,10.852,10.577,10.21,10.376,10.02,9.909,10.743,10.749,10.93,10.767,10.695,10.485,10.194,10.552,10.484,10.241,10.522,10.639,10.148,9.653,10.211,10.298,9.852,9.629,9.366,9.09,9.158,9.765,0.0,0.0,0.0,0.0,0.0,0.0,0.0,0.0,0.0,0.0,0.0,0.0,0.0,0.0,0.0,0.0,0.0,0.0,0.0,0.0,0.0,0.0,0.0,0.0,0.0,0.0,0.0,0.0,0.0,0.0,0.0,9.837,9.663,9.365,9.205,9.389,9.242,8.73,8.586,8.457,8.059,8.523,8.899,9.19,9.543,9.251,8.692,8.039,8.289,8.48,8.798,8.916,8.763,8.409,7.805,8.331,8.749,8.876,8.863,8.967,8.843,9.22,9.149,9.54,9.782,9.9,10.005,10.164,10.129,10.284,10.425,10.619,10.682,10.699,10.609,10.266,10.336,10.051,10.419,10.534,10.56,10.42,10.028,9.969,9.741,10.078,10.395,10.429,10.502,10.097,10.238,10.409,13.137,13.052,13.128,12.892,12.481,12.732,12.848,12.895,12.815,12.361,11.599,10.526,10.321,11.037,11.36,11.651,11.815,12.07,11.666,11.923,12.192,12.29,12.461,12.198,11.854,11.048,11.081,11.243,11.28,11.004,8.692,8.533,8.261,8.347,8.294,8.662,8.91,9.055,8.941,8.639,9.079,9.24,9.258,9.168,9.288,9.272,8.799,8.869,9.224,9.423,9.485,9.72,9.476,9.037,9.365,9.55,9.527,9.434,9.618,9.757,9.428,8.431,8.584,8.806,8.798,8.826,8.598,8.225,8.504,8.496,8.644,8.696,8.823,8.945,8.544,8.62,8.915,9.005,9.012,9.055,9.121,8.925,8.955,9.081,9.026,8.418,7.867,8.121,8.362,8.15,8.257,8.267,9.07,9.193,9.487,9.46,9.242,9.303,9.464,9.698,9.565,9.58,9.625,9.179,9.616,9.776,9.652,9.63,9.76,9.696,9.442,9.706,9.795,9.763,9.926,10.007,9.81,9.602,10.016,9.91,8.753,8.252,8.283,8.453,8.372,8.045,8.208,7.751,7.563,7.849,8.303,8.4,8.187,8.615,8.657,8.635,8.447,7.982,7.55,7.009,7.547,7.839,8.046,8.209,8.255,8.448,8.125,8.435,8.534,8.577,8.535,8.21,9.59,9.466,9.876,10.289,10.325,10.389,10.544,10.309,10.046,10.465,10.674,10.751,10.883,10.775,10.672,10.283,10.554,10.84,10.731,10.595,10.379,10.095,9.276,9.871,10.334,10.345,10.437,10.423,10.031,9.148,7.45,7.738,8.058,8.076,8.331,8.452,8.139,8.473,8.751,8.849,8.984,8.919,8.788,8.324,8.482,8.8,9.029,8.808,9.203,9.104,8.78,9.012,9.075,8.508,8.1,7.759,7.976,8.304,8.704,8.856,8.656,9.579,9.755,10.14,9.402,9.874,9.975,10.184,10.32,10.239,9.851,9.429,9.817,9.766,9.587,9.717,9.979,9.798,9.33,9.633,9.693,9.853,9.913,9.897,9.582,8.78,8.823,9.091,8.997,8.771,8.574,7.906,7.832,8.369,8.416,8.203,7.919,8.048,7.772,7.685,8.332,8.337,8.477,8.351,8.295,8.132,7.906,8.184,8.131,7.943,8.16,8.251,7.871,7.487,7.919,7.987,7.641,7.468,7.264,7.05,7.103,7.573,10.221,10.069,10.205,10.575,10.867,10.272,10.395,10.774,11.083,11.329,11.748,11.296,10.956,11.401,11.199,11.682,11.795,11.7,11.406,11.328,11.694,11.786,11.251,11.173,11.52,11.551,11.281,11.547,12.101,12.309,12.424,18.944,18.608,18.034,17.727,18.079,17.797,16.811,16.535,16.285,15.519,16.412,17.137,17.696,18.377,17.814,16.738,15.48,15.961,16.329,16.943,17.17,16.875,16.193,15.031,16.043,16.848,17.093,17.067,17.267,17.029,9.22,9.149,9.54,9.782,9.9,10.005,10.164,10.129,10.284,10.425,10.619,10.682,10.699,10.609,10.266,10.336,10.051,10.419,10.534,10.56,10.42,10.028,9.969,9.741,10.078,10.395,10.429,10.502,10.097,10.238,10.409,13.137,13.052,13.128,12.892,12.481,12.732,12.848,12.895,12.815,12.361,11.599,10.526,10.321,11.037,11.36,11.651,11.815,12.07,11.666,11.923,12.192,12.29,12.461,12.198,11.854,11.048,11.081,11.243,11.28,11.004,8.692,8.533,8.261,8.347,8.294,8.662,8.91,9.055,8.941,8.639,9.079,9.24,9.258,9.168,9.288,9.272,8.799,8.869,9.224,9.423,9.485,9.72,9.476,9.037,9.365,9.55,9.527,9.434,9.618,9.757,9.428
Guntur_273,8.536,8.595,8.757,8.779,8.453,8.501,8.686,8.697,8.524,8.428,8.582,8.586,8.69,8.536,8.287,8.242,8.627,8.589,8.241,8.592,8.655,8.462,8.557,8.764,8.859,8.454,8.726,8.853,8.921,8.981,8.907,8.343,7.943,8.197,8.409,8.41,8.403,8.497,8.205,8.024,8.162,8.2,8.285,8.578,8.564,8.648,8.286,8.489,8.663,8.627,8.439,8.146,8.216,8.0,8.268,8.415,8.507,8.404,8.355,8.261,8.763,9.013,9.112,8.969,8.828,8.882,9.002,8.738,8.673,8.043,8.356,8.865,8.919,8.861,8.521,8.818,9.098,9.06,10.042,9.895,9.545,9.391,9.225,9.6,9.941,10.051,10.011,9.958,9.649,9.396,9.375,8.614,8.804,8.865,8.808,8.467,8.893,8.936,8.89,8.948,9.015,8.847,8.637,9.128,8.961,8.897,8.638,8.574,8.491,8.206,8.719,8.765,8.549,8.685,8.775,8.691,8.521,8.836,8.845,8.861,8.709,8.033,8.051,7.934,8.166,8.135,8.235,8.454,8.444,8.392,8.059,7.93,7.997,7.967,7.903,7.948,7.855,7.88,7.377,7.724,7.956,7.71,7.605,7.805,7.927,7.578,7.759,7.891,8.117,8.094,7.91,7.726,7.701,7.799,7.778,7.99,7.929,7.979,7.828,8.322,8.471,8.58,8.475,8.498,8.25,7.968,8.37,8.363,8.494,8.611,8.434,8.379,8.055,8.517,8.737,8.628,8.626,8.332,8.154,7.907,8.28,8.694,0.0,0.0,0.0,0.0,0.0,0.0,0.0,0.0,0.0,0.0,0.0,0.0,0.0,0.0,0.0,0.0,0.0,0.0,0.0,0.0,0.0,0.0,0.0,0.0,0.0,0.0,0.0,0.0,0.0,0.0,0.0,0.0,0.0,0.0,0.0,0.0,0.0,0.0,0.0,0.0,0.0,0.0,0.0,0.0,0.0,0.0,0.0,0.0,0.0,0.0,0.0,0.0,0.0,0.0,0.0,0.0,0.0,0.0,0.0,0.0,0.0,0.0,11.468,11.508,11.512,11.735,11.826,11.206,11.327,11.642,12.164,11.992,11.835,11.457,11.108,11.231,11.421,11.582,11.362,11.279,11.583,11.074,11.272,11.119,10.922,11.269,11.324,10.82,10.462,11.268,11.508,11.413,7.335,7.289,7.504,7.27,7.406,7.628,7.881,7.991,7.993,7.757,7.329,7.405,7.52,7.198,7.322,7.404,7.57,7.374,7.548,7.555,7.526,7.382,7.197,7.187,6.821,6.958,7.317,7.46,7.628,7.771,7.709,10.017,10.366,10.478,10.443,10.337,10.57,10.416,9.997,10.202,10.167,10.095,10.272,10.085,9.18,8.919,8.984,9.574,9.85,10.018,10.093,10.014,9.845,10.325,10.283,10.001,9.423,9.444,9.629,9.799,10.143,8.792,8.922,8.829,8.915,8.861,8.478,8.647,8.796,8.638,8.777,8.853,8.684,8.451,8.69,8.925,8.933,9.017,9.142,8.988,8.861,9.099,9.324,9.443,9.302,9.288,9.433,9.075,9.346,9.446,9.395,9.396,9.069,8.805,8.499,8.731,8.801,8.835,8.716,8.82,8.649,8.617,8.967,9.016,8.984,8.879,8.896,9.074,8.964,9.06,9.362,9.548,9.712,9.662,9.513,9.179,9.262,8.944,9.18,9.295,9.471,9.452,9.174,10.455,10.584,10.668,10.473,10.511,10.434,10.142,10.253,10.491,10.689,10.738,10.744,10.695,10.441,10.609,10.609,10.572,10.477,10.36,10.363,10.189,10.586,10.759,10.919,10.956,11.028,10.976,10.802,9.51,9.558,9.526,9.491,9.704,9.649,9.273,9.49,9.672,9.774,9.675,9.342,9.172,9.167,9.51,9.58,9.726,9.868,9.839,9.734,9.426,9.526,9.289,9.51,9.663,9.529,9.577,9.217,8.69,8.834,9.245,10.054,10.312,10.393,10.17,10.441,10.438,10.447,10.69,10.587,10.562,10.183,10.512,10.579,10.187,10.231,10.316,10.065,9.995,10.193,10.384,10.053,9.854,9.752,9.906,9.708,10.073,10.224,10.181,10.224,10.164,10.321,10.128,10.189,10.238,10.041,10.155,10.371,10.297,10.076,10.272,10.022,9.695,9.415,9.733,9.661,8.941,8.988,8.782,8.803,8.739,8.86,9.167,9.355,9.568,9.415,9.239,9.275,9.628,9.857,9.296,9.759,10.055,10.825,11.036,11.07,10.806,10.305,10.619,10.448,10.417,10.193,9.856,9.831,9.353,10.197,10.247,10.508,10.578,10.653,10.201,9.684,10.491,10.888,11.485,11.034,10.985,10.683,10.941,11.758,12.155,11.894,14.559,14.057,14.098,14.271,15.084,15.366,15.256,14.966,14.744,15.012,14.007,13.855,13.705,13.522,13.755,14.412,14.542,13.193,12.192,12.205,11.953,12.309,12.962,12.686,12.486,12.893,12.778,12.032,12.266,12.202,12.018,0.0,0.0,0.0,0.0,0.0,0.0,0.0,0.0,0.0,0.0,0.0,0.0,0.0,0.0,0.0,0.0,0.0,0.0,0.0,0.0,0.0,0.0,0.0,0.0,0.0,0.0,0.0,0.0,0.0,0.0,0.0,63.323,64.092,63.736,61.028,60.252,62.199,59.851,58.583,62.331,60.481,57.837,53.73,55.989,57.229,58.669,58.614,60.076,62.969,64.185,64.88,63.563,61.409,61.725,62.303,61.232,60.836,59.952,59.43,59.084,61.204,9.604,9.256,9.031,9.447,9.652,9.843,9.847,9.945,9.802,9.492,9.942,10.046,10.063,9.921,9.612,9.735,9.224,9.006,9.4,9.489,9.43,9.372,9.494,8.92,9.282,9.361,9.338,9.27,9.389,9.295,9.146,5.502,5.502,5.441,5.026,4.868,5.207,5.104,5.381,5.526,5.72,5.563,5.683,5.641,5.549,5.623,5.614,5.678,5.727,5.582,5.586,5.347,5.655,5.741,5.775,5.723,5.68,5.601,5.297,5.396,5.421,7.334,7.127,7.269,7.284,7.129,7.366,7.513,7.492,7.573,7.457,7.392,7.086,7.434,7.681,7.659,7.585,7.546,7.534,7.157,7.672,7.9,8.037,8.117,8.177,8.095,7.853,8.019,7.854,7.663,7.584,7.715,8.626,8.297,8.764,9.005,9.141,8.968,8.931,8.62,8.232,8.507,8.555,8.597,8.768,8.602,8.385,8.382,8.782,9.054,9.06,9.016,9.098,8.613,8.474,8.944,8.998,8.713,8.861,8.988,9.025,9.016,9.181,9.122,9.158,8.807,8.958,9.066,8.936,9.094,9.346,9.178,8.984,9.034,9.012,8.903,8.96,9.022,9.153,9.074,9.121,9.041,8.89,9.119,9.092,9.104,9.36,9.162,9.013,8.677,9.06,9.444,9.251,9.197,9.453,9.606,9.371,9.334,9.402,9.495,9.663,9.789,9.766,9.527,9.74,9.804,9.938,9.9,9.349,9.417,9.601,9.873,9.954,10.01,10.101,10.058,9.991,9.681,9.861,9.954,10.138,10.199,8.393,8.384,8.124,8.413,8.499,8.343,8.476,8.427,8.458,8.192,8.356,8.478,8.495,8.412,8.325,8.446,8.06,8.279,8.425,8.362,8.394,8.413,8.403,8.137,8.421,8.521,8.608,8.551,8.474,8.255,8.992,9.214,9.182,9.401,9.391,9.64,9.581,9.152,9.292,9.149,9.19,9.178,9.092,9.003,8.756,9.111,9.329,9.59,9.498,9.101,8.3,7.713,7.62,8.295,8.913,8.97,8.835,8.759,8.684,9.17,9.303,5.75,5.808,5.801,5.735,5.595,5.749,5.788,5.665,5.612,5.748,5.69,5.525,5.796,5.878,5.721,5.593,5.512,5.379,4.993,5.008,5.05,5.452,5.663,5.597,5.486,5.327,5.637,5.717,5.489,5.11,5.056,5.142,5.011,5.387,5.411,5.404,5.422,5.32,5.097,4.775,4.957,4.968,5.045,4.971,4.983,4.993,4.777,5.139,5.218,5.125,4.811,4.957,4.829,4.488,4.829,5.146,5.204,5.164,5.255,5.084,4.782,9.73,9.978,10.39,10.382,10.02,9.724,9.25,9.477,9.467,9.463,8.919,9.402,9.759,9.098,8.628,9.24,9.773,10.109,9.987,9.861,9.436,9.95,10.199,10.108,10.276,10.612,10.265,9.829,10.54,10.816,10.745,11.659,11.77,11.71,11.022,11.585,11.768,11.815,11.656,11.353,11.066,10.334,10.498,10.542,10.548,10.387,9.87,10.206,10.28,10.86,10.841,10.708,10.261,10.098,9.965,9.998,10.884,10.968,10.931,11.088,11.117,7.107,6.789,7.204,7.421,7.035,7.136,7.102,7.143,6.904,7.124,7.059,7.18,7.187,7.127,7.024,6.781,7.322,7.393,7.406,7.382,7.287,7.094,6.672,6.292,6.16,6.601,6.965,7.108,7.144,6.948,7.02,9.449,9.57,9.487,9.641,9.607,9.408,9.546,9.62,9.623,9.618,9.628,9.34,9.111,9.181,9.424,9.565,9.636,9.721,9.752,9.373,9.716,9.853,9.83,9.826,9.829,9.838,9.622,9.868,9.747,9.758,7.573,7.684,7.697,7.428,7.585,7.76,7.852,7.661,7.605,7.311,7.117,7.492,7.504,7.55,7.69,7.845,7.902,7.726,8.029,8.056,7.993,8.027,8.158,8.106,7.828,7.986,8.137,8.266,8.296,8.201,8.114,9.983,10.253,10.212,10.04,10.166,10.241,10.301,10.207,10.372,10.387,10.481,10.508,10.568,10.193,9.787,10.063,10.267,10.462,10.37,10.499,10.374,10.074,10.15,10.329,10.252,9.581,9.89,10.184,9.925,10.056,10.067,8.67,8.788,9.069,9.042,8.835,8.893,9.047,9.27,9.143,9.158,9.201,8.774,9.192,9.345,9.226,9.205,9.329,9.269,9.025,9.278,9.363,9.333,9.488,9.566,9.377,9.179,9.574,9.473,8.254,8.285,8.455,8.373,8.047,8.21,7.752,7.564,7.85,8.304,8.401,8.188,8.617,8.659,8.636,8.449,7.983,7.551,7.011,7.548,7.84,8.048,8.211,8.257,8.45,8.127,8.436,8.535,8.578,8.537,8.212,7.364,7.269,7.584,7.901,7.929,7.978,8.096,7.916,7.715,8.036,8.196,8.256,8.357,8.274,8.195,7.896,8.104,8.324,8.24,8.136,7.97,7.751,7.123,7.579,7.936,7.944,8.014,8.004,7.703,7.025,7.114,7.388,7.694,7.711,7.955,8.071,7.772,8.09,8.356,8.449,8.578,8.516,8.391,7.949,8.099,8.403,8.621,8.411,8.788,8.693,8.383,8.606,8.665,8.124,7.734,7.409,7.615,7.929,8.311,8.456,8.265,8.178,8.328,8.657,8.027,8.43,8.516,8.695,8.811,8.741,8.41,8.05,8.381,8.338,8.184,8.295,8.519,8.364,7.965,8.224,8.275,8.412,8.463,8.449,8.18,7.496,7.533,7.761,7.681,7.488,7.32,0.0,0.0,0.0,0.0,0.0,0.0,0.0,0.0,0.0,0.0,0.0,0.0,0.0,0.0,0.0,0.0,0.0,0.0,0.0,0.0,0.0,0.0,0.0,0.0,0.0,0.0,0.0,0.0,0.0,0.0,0.0,0.0,0.0,0.0,0.0,0.0,0.0,0.0,0.0,0.0,0.0,0.0,0.0,0.0,0.0,0.0,0.0,0.0,0.0,0.0,0.0,0.0,0.0,0.0,0.0,0.0,0.0,0.0,0.0,0.0,0.0,0.0,9.141,8.98,8.703,8.554,8.724,8.588,8.112,7.979,7.858,7.489,7.92,8.269,8.539,8.868,8.596,8.077,7.47,7.702,7.88,8.176,8.285,8.143,7.814,7.253,7.741,8.13,8.248,8.236,8.332,8.217,8.379,8.314,8.67,8.889,8.997,9.092,9.237,9.205,9.346,9.474,9.65,9.708,9.723,9.641,9.33,9.393,9.134,9.469,9.573,9.597,9.469,9.113,9.06,8.853,9.158,9.447,9.477,9.544,9.176,9.304,9.46,10.561,10.492,10.554,10.364,10.034,10.235,10.328,10.367,10.302,9.937,9.325,8.462,8.297,8.872,9.132,9.366,9.498,9.703,9.378,9.585,9.802,9.88,10.017,9.806,9.53,8.882,8.908,9.038,9.068,8.846,7.507,7.37,7.135,7.209,7.163,7.481,7.695,7.82,7.722,7.461,7.841,7.98,7.996,7.918,8.022,8.008,7.599,7.66,7.966,8.139,8.192,8.395,8.184,7.805,8.088,8.248,8.228,8.148,8.307,8.427,8.143,8.002,8.146,8.357,8.35,8.377,8.16,7.806,8.071,8.063,8.204,8.253,8.373,8.489,8.109,8.181,8.461,8.546,8.553,8.594,8.657,8.47,8.498,8.618,8.566,7.989,7.466,7.707,7.936,7.735,7.836,7.845,9.229,9.355,9.654,9.626,9.404,9.466,9.63,9.868,9.733,9.748,9.794,9.34,9.785,9.948,9.821,9.799,9.931,9.866,9.608,9.876,9.967,9.935,10.1,10.182,9.982,9.771,10.192,10.084,8.907,9.24,9.275,9.465,9.374,9.008,9.191,8.679,8.468,8.788,9.297,9.405,9.167,9.647,9.694,9.668,9.458,8.937,8.453,7.848,8.45,8.777,9.01,9.192,9.244,9.459,9.098,9.444,9.555,9.603,9.557,9.193,9.659,9.533,9.946,10.362,10.399,10.463,10.619,10.382,10.118,10.54,10.749,10.828,10.96,10.852,10.748,10.356,10.629,10.917,10.807,10.67,10.452,10.166,9.342,9.941,10.408,10.419,10.511,10.497,10.102,9.213,8.948,9.293,9.677,9.699,10.005,10.151,9.775,10.176,10.51,10.627,10.789,10.712,10.555,9.998,10.186,10.569,10.844,10.579,11.053,10.934,10.545,10.824,10.899,10.218,9.728,9.319,9.579,9.973,10.453,10.636,10.396,8.178,8.328,8.657,8.027,8.43,8.516,8.695,8.811,8.741,8.41,8.05,8.381,8.338,8.184,8.295,8.519,8.364,7.965,8.224,8.275,8.412,8.463,8.449,8.18,7.496,7.533,7.761,7.681,7.488,7.32,9.495,9.407,10.051,10.108,9.852,9.51,9.665,9.334,9.23,10.007,10.013,10.181,10.03,9.962,9.767,9.496,9.829,9.766,9.54,9.801,9.91,9.453,8.992,9.511,9.593,9.177,8.97,8.724,8.467,8.531,9.095,9.004,8.871,8.99,9.316,9.573,9.049,9.157,9.491,9.764,9.981,10.349,9.951,9.652,10.043,9.865,10.291,10.391,10.307,10.048,9.98,10.302,10.383,9.912,9.843,10.149,10.175,9.938,10.172,10.66,10.843,10.945,6.089,5.981,5.797,5.698,5.811,5.72,5.403,5.315,5.235,4.988,5.275,5.508,5.688,5.907,5.726,5.38,4.976,5.13,5.249,5.446,5.519,5.424,5.205,4.831,5.157,5.415,5.494,5.486,5.55,5.474,8.379,8.314,8.67,8.889,8.997,9.092,9.237,9.205,9.346,9.474,9.65,9.708,9.723,9.641,9.33,9.393,9.134,9.469,9.573,9.597,9.469,9.113,9.06,8.853,9.158,9.447,9.477,9.544,9.176,9.304,9.46,10.561,10.492,10.554,10.364,10.034,10.235,10.328,10.367,10.302,9.937,9.325,8.462,8.297,8.872,9.132,9.366,9.498,9.703,9.378,9.585,9.802,9.88,10.017,9.806,9.53,8.882,8.908,9.038,9.068,8.846,7.507,7.37,7.135,7.209,7.163,7.481,7.695,7.82,7.722,7.461,7.841,7.98,7.996,7.918,8.022,8.008,7.599,7.66,7.966,8.139,8.192,8.395,8.184,7.805,8.088,8.248,8.228,8.148,8.307,8.427,8.143
Guntur_274,4.662,4.694,4.783,4.795,4.617,4.643,4.744,4.75,4.656,4.603,4.688,4.689,4.747,4.662,4.527,4.502,4.712,4.691,4.501,4.693,4.727,4.622,4.674,4.787,4.838,4.617,4.766,4.836,4.872,4.905,4.865,7.013,6.677,6.89,7.069,7.07,7.064,7.143,6.897,6.746,6.861,6.893,6.964,7.211,7.199,7.27,6.965,7.136,7.282,7.252,7.094,6.848,6.906,6.725,6.951,7.074,7.151,7.065,7.024,6.944,7.692,7.911,7.998,7.872,7.748,7.796,7.901,7.67,7.612,7.059,7.334,7.781,7.828,7.778,7.479,7.739,7.986,7.952,8.814,8.685,8.378,8.243,8.097,8.426,8.725,8.822,8.786,8.74,8.469,8.247,8.229,7.237,7.397,7.448,7.4,7.113,7.471,7.507,7.469,7.517,7.574,7.433,7.256,7.669,7.529,7.475,7.257,7.204,7.134,6.894,7.325,7.364,7.183,7.297,7.373,7.301,7.159,7.424,7.431,7.445,7.316,5.621,5.634,5.552,5.715,5.693,5.763,5.916,5.909,5.872,5.639,5.549,5.596,5.575,5.53,5.562,5.497,5.515,5.162,5.405,5.568,5.396,5.322,5.462,5.547,5.303,5.43,5.522,5.68,5.664,5.535,5.407,6.419,6.5,6.482,6.66,6.609,6.65,6.525,6.936,7.06,7.151,7.064,7.083,6.876,6.641,6.976,6.97,7.079,7.177,7.029,6.984,6.713,7.098,7.282,7.191,7.189,6.945,6.796,6.59,6.901,7.246,0.0,0.0,0.0,0.0,0.0,0.0,0.0,0.0,0.0,0.0,0.0,0.0,0.0,0.0,0.0,0.0,0.0,0.0,0.0,0.0,0.0,0.0,0.0,0.0,0.0,0.0,0.0,0.0,0.0,0.0,0.0,0.0,0.0,0.0,0.0,0.0,0.0,0.0,0.0,0.0,0.0,0.0,0.0,0.0,0.0,0.0,0.0,0.0,0.0,0.0,0.0,0.0,0.0,0.0,0.0,0.0,0.0,0.0,0.0,0.0,0.0,0.0,8.218,8.247,8.25,8.409,8.475,8.03,8.117,8.343,8.717,8.594,8.481,8.21,7.96,8.048,8.184,8.3,8.142,8.083,8.301,7.935,8.078,7.968,7.827,8.075,8.115,7.754,7.497,8.075,8.247,8.179,6.114,6.075,6.255,6.059,6.173,6.358,6.569,6.661,6.663,6.466,6.109,6.172,6.268,5.999,6.103,6.172,6.31,6.147,6.291,6.297,6.273,6.153,5.999,5.991,5.685,5.799,6.099,6.218,6.358,6.477,6.426,7.425,7.684,7.766,7.741,7.662,7.835,7.721,7.41,7.562,7.536,7.483,7.614,7.475,6.805,6.611,6.66,7.097,7.301,7.426,7.482,7.422,7.297,7.653,7.622,7.413,6.985,7.0,7.137,7.264,7.518,7.15,7.255,7.179,7.25,7.205,6.894,7.032,7.153,7.025,7.138,7.199,7.061,6.872,7.067,7.258,7.264,7.332,7.434,7.309,7.206,7.4,7.583,7.679,7.564,7.553,7.671,7.379,7.6,7.681,7.64,7.641,5.801,5.632,5.436,5.585,5.629,5.651,5.575,5.642,5.532,5.512,5.736,5.767,5.747,5.679,5.69,5.804,5.734,5.795,5.988,6.107,6.212,6.18,6.085,5.871,5.924,5.721,5.872,5.945,6.058,6.046,5.868,7.264,7.354,7.412,7.276,7.303,7.249,7.046,7.123,7.289,7.427,7.461,7.465,7.43,7.254,7.371,7.371,7.345,7.279,7.198,7.2,7.079,7.355,7.476,7.587,7.612,7.662,7.626,7.505,6.405,6.438,6.416,6.393,6.536,6.499,6.245,6.392,6.514,6.583,6.516,6.292,6.178,6.174,6.405,6.452,6.55,6.646,6.626,6.556,6.349,6.416,6.256,6.405,6.508,6.418,6.45,6.208,5.853,5.95,6.227,6.71,6.882,6.936,6.788,6.969,6.966,6.972,7.135,7.066,7.05,6.796,7.016,7.061,6.799,6.829,6.885,6.717,6.671,6.803,6.93,6.709,6.577,6.509,6.612,6.479,6.723,6.824,6.795,6.824,6.783,8.444,8.286,8.336,8.376,8.215,8.308,8.485,8.424,8.243,8.404,8.199,7.932,7.702,7.963,7.904,7.314,7.353,7.185,7.202,7.149,7.249,7.5,7.654,7.828,7.703,7.559,7.588,7.877,8.064,7.605,7.984,5.813,6.258,6.38,6.399,6.247,5.957,6.139,6.04,6.022,5.893,5.697,5.683,5.407,5.895,5.924,6.075,6.115,6.158,5.897,5.598,6.065,6.294,6.64,6.378,6.351,6.176,6.325,6.797,7.027,6.876,6.564,6.338,6.356,6.434,6.8,6.927,6.878,6.747,6.647,6.768,6.315,6.246,6.179,6.096,6.201,6.498,6.556,5.948,5.497,5.503,5.389,5.55,5.844,5.719,5.629,5.813,5.761,5.425,5.53,5.501,5.418,0.0,0.0,0.0,0.0,0.0,0.0,0.0,0.0,0.0,0.0,0.0,0.0,0.0,0.0,0.0,0.0,0.0,0.0,0.0,0.0,0.0,0.0,0.0,0.0,0.0,0.0,0.0,0.0,0.0,0.0,0.0,78.984,79.943,79.499,76.121,75.154,77.582,74.654,73.072,77.747,75.439,72.141,67.019,69.836,71.383,73.179,73.11,74.934,78.542,80.059,80.926,79.284,76.597,76.991,77.712,76.376,75.882,74.78,74.129,73.697,76.341,8.66,8.347,8.144,8.519,8.704,8.876,8.88,8.968,8.839,8.56,8.966,9.06,9.075,8.947,8.668,8.779,8.318,8.121,8.477,8.557,8.504,8.452,8.562,8.044,8.371,8.441,8.421,8.359,8.467,8.382,8.248,3.77,3.77,3.728,3.444,3.336,3.567,3.497,3.686,3.786,3.919,3.812,3.894,3.865,3.802,3.852,3.846,3.89,3.924,3.825,3.827,3.663,3.874,3.933,3.956,3.921,3.891,3.837,3.629,3.697,3.714,5.839,5.674,5.787,5.799,5.676,5.865,5.981,5.965,6.03,5.937,5.885,5.642,5.919,6.115,6.098,6.039,6.008,5.999,5.699,6.108,6.29,6.399,6.463,6.51,6.445,6.252,6.384,6.253,6.101,6.038,6.143,7.482,7.196,7.601,7.81,7.929,7.778,7.746,7.477,7.14,7.378,7.42,7.456,7.605,7.461,7.273,7.27,7.617,7.853,7.858,7.82,7.891,7.471,7.35,7.758,7.805,7.557,7.686,7.796,7.827,7.82,7.963,6.354,6.379,6.134,6.24,6.314,6.224,6.334,6.51,6.393,6.258,6.292,6.277,6.201,6.241,6.284,6.375,6.32,6.352,6.297,6.192,6.352,6.333,6.341,6.519,6.381,6.278,6.043,6.31,7.908,7.746,7.7,7.915,8.043,7.846,7.815,7.872,7.95,8.091,8.196,8.177,7.977,8.155,8.209,8.321,8.289,7.828,7.885,8.039,8.267,8.335,8.381,8.458,8.422,8.365,8.106,8.256,8.334,8.488,8.54,6.902,6.895,6.681,6.918,6.989,6.861,6.97,6.93,6.956,6.736,6.871,6.972,6.986,6.918,6.846,6.945,6.628,6.808,6.928,6.876,6.903,6.918,6.91,6.691,6.925,7.007,7.079,7.032,6.969,6.789,5.088,5.213,5.196,5.319,5.314,5.454,5.421,5.178,5.258,5.176,5.2,5.193,5.144,5.094,4.954,5.155,5.278,5.426,5.374,5.15,4.696,4.364,4.311,4.694,5.043,5.075,4.999,4.956,4.913,5.189,5.264,10.308,10.413,10.4,10.283,10.032,10.308,10.376,10.156,10.061,10.305,10.202,9.905,10.392,10.538,10.256,10.028,9.882,9.644,8.952,8.978,9.054,9.774,10.154,10.035,9.836,9.55,10.107,10.249,9.84,9.162,9.065,9.219,8.985,9.659,9.7,9.689,9.721,9.538,9.139,8.561,8.887,8.907,9.046,8.912,8.933,8.952,8.564,9.213,9.355,9.189,8.626,8.887,8.658,8.046,8.658,9.225,9.331,9.258,9.422,9.115,8.573,8.676,8.897,9.264,9.257,8.934,8.67,8.247,8.45,8.441,8.437,7.952,8.383,8.701,8.112,7.693,8.239,8.714,9.013,8.905,8.793,8.413,8.871,9.094,9.012,9.163,9.462,9.153,8.764,9.398,9.644,9.581,9.996,10.092,10.04,9.45,9.933,10.089,10.13,9.993,9.734,9.488,8.86,9.001,9.039,9.044,8.906,8.463,8.75,8.814,9.311,9.295,9.18,8.798,8.658,8.544,8.572,9.332,9.404,9.372,9.506,9.531,6.716,6.415,6.807,7.012,6.647,6.743,6.711,6.749,6.524,6.731,6.67,6.784,6.791,6.735,6.637,6.408,6.919,6.986,6.998,6.975,6.886,6.704,6.304,5.946,5.821,6.238,6.582,6.717,6.751,6.565,6.634,6.213,6.293,6.238,6.339,6.317,6.186,6.277,6.326,6.327,6.324,6.331,6.141,5.991,6.037,6.196,6.289,6.336,6.392,6.412,6.163,6.389,6.479,6.464,6.461,6.463,6.469,6.326,6.489,6.409,6.416,6.195,6.286,6.297,6.076,6.205,6.348,6.423,6.267,6.222,5.981,5.822,6.129,6.139,6.176,6.291,6.417,6.465,6.32,6.569,6.59,6.539,6.566,6.674,6.631,6.404,6.533,6.656,6.762,6.786,6.709,6.638,8.897,9.138,9.101,8.948,9.061,9.128,9.181,9.097,9.244,9.257,9.341,9.365,9.419,9.085,8.723,8.969,9.151,9.325,9.242,9.357,9.246,8.978,9.046,9.206,9.137,8.539,8.815,9.076,8.846,8.962,8.973,6.955,7.049,7.275,7.254,7.087,7.134,7.257,7.436,7.334,7.346,7.381,7.039,7.374,7.497,7.401,7.384,7.484,7.435,7.24,7.442,7.511,7.486,7.611,7.673,7.522,7.363,7.68,7.599,7.148,7.175,7.322,7.252,6.969,7.11,6.714,6.551,6.799,7.192,7.276,7.092,7.463,7.499,7.479,7.317,6.914,6.539,6.071,6.537,6.79,6.97,7.111,7.151,7.318,7.038,7.306,7.392,7.429,7.393,7.112,6.592,6.506,6.788,7.072,7.097,7.141,7.247,7.085,6.905,7.193,7.336,7.39,7.48,7.406,7.335,7.068,7.254,7.451,7.376,7.282,7.133,6.938,6.375,6.784,7.103,7.11,7.173,7.164,6.894,6.288,6.061,6.295,6.555,6.57,6.777,6.876,6.622,6.893,7.119,7.199,7.308,7.256,7.15,6.772,6.9,7.159,7.345,7.166,7.487,7.406,7.143,7.332,7.383,6.922,6.59,6.313,6.489,6.755,7.081,7.204,7.042,6.985,7.114,7.395,6.856,7.201,7.274,7.427,7.526,7.467,7.184,6.876,7.159,7.122,6.991,7.086,7.277,7.145,6.804,7.025,7.069,7.185,7.229,7.217,6.987,6.403,6.434,6.63,6.561,6.397,6.253,0.0,0.0,0.0,0.0,0.0,0.0,0.0,0.0,0.0,0.0,0.0,0.0,0.0,0.0,0.0,0.0,0.0,0.0,0.0,0.0,0.0,0.0,0.0,0.0,0.0,0.0,0.0,0.0,0.0,0.0,0.0,0.0,0.0,0.0,0.0,0.0,0.0,0.0,0.0,0.0,0.0,0.0,0.0,0.0,0.0,0.0,0.0,0.0,0.0,0.0,0.0,0.0,0.0,0.0,0.0,0.0,0.0,0.0,0.0,0.0,0.0,0.0,6.644,6.526,6.325,6.217,6.341,6.242,5.896,5.799,5.711,5.443,5.756,6.01,6.206,6.445,6.248,5.87,5.429,5.598,5.727,5.942,6.022,5.918,5.679,5.271,5.626,5.909,5.995,5.986,6.056,5.972,5.798,5.753,6.0,6.152,6.226,6.292,6.392,6.37,6.467,6.556,6.678,6.718,6.728,6.672,6.456,6.5,6.321,6.552,6.625,6.641,6.553,6.307,6.269,6.126,6.338,6.538,6.558,6.605,6.35,6.439,6.546,6.939,6.894,6.934,6.81,6.593,6.725,6.786,6.811,6.769,6.529,6.127,5.56,5.451,5.83,6.0,6.154,6.241,6.375,6.162,6.298,6.44,6.492,6.582,6.443,6.261,5.836,5.853,5.938,5.958,5.812,4.973,4.882,4.727,4.776,4.746,4.956,5.098,5.181,5.115,4.943,5.195,5.287,5.297,5.246,5.314,5.305,5.034,5.075,5.278,5.392,5.427,5.561,5.422,5.171,5.358,5.464,5.451,5.398,5.503,5.583,5.394,6.649,6.769,6.944,6.938,6.96,6.78,6.486,6.706,6.699,6.817,6.857,6.958,7.054,6.738,6.798,7.03,7.101,7.107,7.141,7.193,7.038,7.061,7.161,7.117,6.638,6.204,6.404,6.594,6.427,6.511,6.519,9.28,9.407,9.707,9.679,9.457,9.519,9.684,9.923,9.787,9.803,9.849,9.392,9.839,10.003,9.876,9.853,9.986,9.921,9.661,9.931,10.023,9.99,10.156,10.239,10.038,9.825,10.248,10.14,8.956,8.921,8.955,9.138,9.051,8.697,8.873,8.379,8.176,8.485,8.976,9.081,8.851,9.314,9.359,9.335,9.132,8.629,8.162,7.578,8.159,8.474,8.699,8.875,8.925,9.133,8.784,9.118,9.225,9.272,9.227,8.876,6.653,6.567,6.851,7.138,7.163,7.207,7.314,7.151,6.969,7.26,7.404,7.458,7.55,7.475,7.403,7.134,7.321,7.52,7.444,7.35,7.2,7.003,6.435,6.847,7.169,7.177,7.24,7.231,6.959,6.346,5.064,5.259,5.477,5.489,5.662,5.745,5.532,5.759,5.948,6.014,6.106,6.062,5.973,5.658,5.765,5.981,6.137,5.987,6.255,6.188,5.968,6.126,6.168,5.783,5.505,5.274,5.421,5.644,5.916,6.019,5.883,6.985,7.114,7.395,6.856,7.201,7.274,7.427,7.526,7.467,7.184,6.876,7.159,7.122,6.991,7.086,7.277,7.145,6.804,7.025,7.069,7.185,7.229,7.217,6.987,6.403,6.434,6.63,6.561,6.397,6.253,5.374,5.324,5.688,5.72,5.576,5.382,5.47,5.282,5.223,5.663,5.667,5.762,5.676,5.638,5.527,5.374,5.562,5.527,5.399,5.547,5.608,5.35,5.089,5.382,5.429,5.194,5.076,4.937,4.792,4.828,5.147,5.782,5.697,5.773,5.983,6.148,5.811,5.881,6.095,6.27,6.409,6.646,6.391,6.198,6.45,6.335,6.609,6.673,6.619,6.453,6.409,6.616,6.668,6.365,6.321,6.517,6.535,6.382,6.532,6.846,6.963,7.029,6.089,5.981,5.797,5.698,5.811,5.72,5.403,5.315,5.235,4.988,5.275,5.508,5.688,5.907,5.726,5.38,4.976,5.13,5.249,5.446,5.519,5.424,5.205,4.831,5.157,5.415,5.494,5.486,5.55,5.474,5.798,5.753,6.0,6.152,6.226,6.292,6.392,6.37,6.467,6.556,6.678,6.718,6.728,6.672,6.456,6.5,6.321,6.552,6.625,6.641,6.553,6.307,6.269,6.126,6.338,6.538,6.558,6.605,6.35,6.439,6.546,6.939,6.894,6.934,6.81,6.593,6.725,6.786,6.811,6.769,6.529,6.127,5.56,5.451,5.83,6.0,6.154,6.241,6.375,6.162,6.298,6.44,6.492,6.582,6.443,6.261,5.836,5.853,5.938,5.958,5.812,4.973,4.882,4.727,4.776,4.746,4.956,5.098,5.181,5.115,4.943,5.195,5.287,5.297,5.246,5.314,5.305,5.034,5.075,5.278,5.392,5.427,5.561,5.422,5.171,5.358,5.464,5.451,5.398,5.503,5.583,5.394
Guntur_275,4.139,4.167,4.246,4.256,4.098,4.122,4.211,4.217,4.133,4.086,4.161,4.163,4.213,4.139,4.018,3.996,4.183,4.164,3.996,4.166,4.196,4.103,4.149,4.249,4.295,4.099,4.231,4.293,4.325,4.354,4.319,3.165,3.014,3.11,3.191,3.191,3.188,3.224,3.113,3.045,3.097,3.111,3.143,3.255,3.249,3.281,3.144,3.221,3.287,3.273,3.202,3.091,3.117,3.035,3.137,3.193,3.228,3.189,3.17,3.134,3.19,3.281,3.317,3.265,3.213,3.233,3.277,3.181,3.157,2.928,3.042,3.227,3.247,3.226,3.102,3.21,3.312,3.298,3.656,3.602,3.475,3.419,3.358,3.494,3.619,3.659,3.644,3.625,3.512,3.42,3.413,3.852,3.937,3.964,3.939,3.786,3.977,3.996,3.975,4.001,4.031,3.956,3.862,4.082,4.007,3.979,3.863,3.834,3.797,3.67,3.899,3.92,3.823,3.884,3.924,3.886,3.811,3.951,3.956,3.963,3.894,4.489,4.499,4.434,4.563,4.546,4.602,4.724,4.719,4.689,4.503,4.431,4.469,4.452,4.416,4.441,4.39,4.404,4.122,4.316,4.446,4.309,4.25,4.362,4.43,4.235,4.336,4.41,4.536,4.523,4.42,4.318,2.799,2.834,2.827,2.904,2.882,2.9,2.845,3.024,3.079,3.118,3.08,3.088,2.998,2.896,3.042,3.039,3.087,3.129,3.065,3.045,2.927,3.095,3.175,3.136,3.135,3.028,2.964,2.874,3.009,3.16,0.0,0.0,0.0,0.0,0.0,0.0,0.0,0.0,0.0,0.0,0.0,0.0,0.0,0.0,0.0,0.0,0.0,0.0,0.0,0.0,0.0,0.0,0.0,0.0,0.0,0.0,0.0,0.0,0.0,0.0,0.0,0.0,0.0,0.0,0.0,0.0,0.0,0.0,0.0,0.0,0.0,0.0,0.0,0.0,0.0,0.0,0.0,0.0,0.0,0.0,0.0,0.0,0.0,0.0,0.0,0.0,0.0,0.0,0.0,0.0,0.0,0.0,1.756,1.762,1.762,1.797,1.811,1.716,1.734,1.782,1.862,1.836,1.812,1.754,1.701,1.719,1.748,1.773,1.74,1.727,1.773,1.695,1.726,1.702,1.672,1.725,1.734,1.656,1.602,1.725,1.762,1.747,4.711,4.681,4.819,4.669,4.757,4.899,5.062,5.132,5.134,4.982,4.707,4.756,4.83,4.623,4.703,4.756,4.862,4.736,4.848,4.852,4.834,4.741,4.622,4.616,4.381,4.469,4.699,4.792,4.899,4.991,4.951,3.984,4.123,4.167,4.153,4.111,4.204,4.143,3.976,4.058,4.043,4.015,4.085,4.011,3.651,3.547,3.573,3.808,3.917,3.984,4.014,3.982,3.915,4.106,4.09,3.977,3.748,3.756,3.829,3.897,4.034,2.458,2.495,2.469,2.493,2.478,2.371,2.418,2.459,2.415,2.454,2.475,2.428,2.363,2.43,2.495,2.498,2.521,2.556,2.513,2.478,2.544,2.607,2.64,2.601,2.597,2.637,2.537,2.613,2.641,2.627,2.627,2.955,2.869,2.769,2.845,2.867,2.879,2.84,2.874,2.818,2.808,2.922,2.938,2.927,2.893,2.898,2.957,2.921,2.952,3.05,3.111,3.164,3.148,3.099,2.991,3.018,2.914,2.991,3.028,3.086,3.079,2.989,2.912,2.948,2.972,2.917,2.928,2.906,2.825,2.856,2.922,2.977,2.991,2.993,2.979,2.908,2.955,2.955,2.945,2.918,2.886,2.886,2.838,2.949,2.997,3.041,3.052,3.072,3.057,3.009,3.148,3.164,3.154,3.142,3.213,3.194,3.07,3.142,3.202,3.236,3.203,3.093,3.036,3.035,3.148,3.172,3.22,3.267,3.257,3.223,3.121,3.154,3.075,3.148,3.199,3.155,3.17,3.051,2.877,2.924,3.061,2.681,2.75,2.771,2.712,2.784,2.783,2.786,2.851,2.823,2.817,2.716,2.803,2.821,2.717,2.728,2.751,2.684,2.665,2.718,2.769,2.681,2.628,2.601,2.642,2.589,2.686,2.726,2.715,2.726,2.71,2.707,2.656,2.672,2.685,2.634,2.664,2.72,2.701,2.643,2.694,2.629,2.543,2.469,2.553,2.534,2.345,2.357,2.303,2.309,2.292,2.324,2.404,2.454,2.509,2.469,2.423,2.433,2.525,2.585,2.438,2.56,1.062,1.143,1.166,1.169,1.141,1.088,1.121,1.103,1.1,1.077,1.041,1.038,0.988,1.077,1.082,1.11,1.117,1.125,1.077,1.023,1.108,1.15,1.213,1.165,1.16,1.128,1.156,1.242,1.284,1.256,5.325,5.141,5.156,5.219,5.517,5.62,5.58,5.474,5.392,5.491,5.123,5.067,5.013,4.946,5.031,5.271,5.319,4.825,4.459,4.464,4.372,4.502,4.741,4.64,4.567,4.715,4.674,4.401,4.486,4.463,4.395,4.173,4.557,4.683,4.76,4.924,4.994,5.157,5.125,5.225,5.233,5.242,5.316,5.361,5.228,5.094,4.79,5.458,5.367,5.226,5.187,5.087,4.87,5.078,5.113,5.137,5.18,5.251,5.204,5.016,5.101,5.068,0.0,0.0,0.0,0.0,0.0,0.0,0.0,0.0,0.0,0.0,0.0,0.0,0.0,0.0,0.0,0.0,0.0,0.0,0.0,0.0,0.0,0.0,0.0,0.0,0.0,0.0,0.0,0.0,0.0,0.0,1.786,1.722,1.68,1.757,1.795,1.831,1.832,1.85,1.823,1.766,1.849,1.869,1.872,1.846,1.788,1.811,1.716,1.675,1.749,1.765,1.754,1.743,1.766,1.659,1.727,1.741,1.737,1.724,1.747,1.729,1.701,1.545,1.545,1.528,1.412,1.367,1.462,1.434,1.511,1.552,1.607,1.562,1.596,1.584,1.558,1.579,1.577,1.595,1.609,1.568,1.569,1.502,1.588,1.612,1.622,1.607,1.595,1.573,1.488,1.516,1.523,2.528,2.456,2.505,2.511,2.457,2.539,2.589,2.582,2.61,2.57,2.548,2.442,2.562,2.647,2.64,2.614,2.601,2.597,2.467,2.644,2.723,2.77,2.798,2.818,2.79,2.706,2.764,2.707,2.641,2.614,2.659,2.14,2.059,2.174,2.234,2.268,2.225,2.216,2.139,2.042,2.111,2.123,2.133,2.175,2.134,2.081,2.08,2.179,2.246,2.248,2.237,2.257,2.137,2.102,2.219,2.233,2.162,2.199,2.23,2.239,2.237,2.278,2.372,2.382,2.29,2.33,2.358,2.324,2.365,2.43,2.387,2.336,2.349,2.344,2.315,2.33,2.346,2.38,2.36,2.372,2.351,2.312,2.371,2.364,2.367,2.434,2.383,2.344,2.256,2.356,2.368,2.32,2.306,2.37,2.409,2.35,2.34,2.357,2.381,2.423,2.455,2.449,2.389,2.442,2.458,2.492,2.482,2.344,2.361,2.407,2.476,2.496,2.51,2.533,2.522,2.505,2.427,2.472,2.496,2.542,2.557,3.281,3.277,3.175,3.288,3.322,3.261,3.313,3.294,3.306,3.202,3.266,3.314,3.32,3.288,3.254,3.301,3.15,3.236,3.293,3.268,3.281,3.288,3.284,3.18,3.292,3.331,3.365,3.342,3.312,3.227,3.697,3.788,3.775,3.865,3.861,3.963,3.939,3.762,3.82,3.761,3.778,3.773,3.738,3.701,3.6,3.746,3.835,3.943,3.905,3.742,3.412,3.171,3.133,3.41,3.664,3.688,3.632,3.601,3.57,3.77,3.825,3.297,3.33,3.326,3.289,3.208,3.297,3.319,3.248,3.218,3.296,3.263,3.168,3.323,3.37,3.28,3.207,3.16,3.084,2.863,2.871,2.896,3.126,3.247,3.209,3.146,3.054,3.232,3.278,3.147,2.93,2.899,2.948,2.873,3.089,3.102,3.099,3.109,3.05,2.923,2.738,2.842,2.849,2.893,2.85,2.857,2.863,2.739,2.947,2.992,2.939,2.759,2.842,2.769,2.573,2.769,2.95,2.984,2.961,3.013,2.915,2.742,1.606,1.647,1.715,1.714,1.654,1.605,1.527,1.565,1.563,1.562,1.472,1.552,1.611,1.502,1.424,1.525,1.613,1.669,1.649,1.628,1.558,1.643,1.684,1.669,1.697,1.752,1.695,1.623,1.74,1.786,1.774,1.933,1.952,1.942,1.828,1.921,1.952,1.959,1.933,1.883,1.835,1.714,1.741,1.748,1.749,1.723,1.637,1.693,1.705,1.801,1.798,1.776,1.702,1.675,1.653,1.658,1.805,1.819,1.813,1.839,1.844,3.093,2.954,3.135,3.229,3.061,3.106,3.09,3.108,3.005,3.1,3.072,3.124,3.128,3.101,3.057,2.951,3.187,3.217,3.223,3.212,3.171,3.087,2.903,2.738,2.681,2.873,3.031,3.093,3.109,3.023,3.055,2.133,2.16,2.141,2.176,2.168,2.123,2.154,2.171,2.172,2.171,2.173,2.108,2.056,2.072,2.127,2.159,2.175,2.194,2.201,2.116,2.193,2.224,2.219,2.218,2.218,2.22,2.172,2.227,2.2,2.202,1.938,1.966,1.969,1.9,1.941,1.985,2.009,1.96,1.946,1.871,1.821,1.917,1.92,1.932,1.968,2.007,2.022,1.977,2.054,2.061,2.045,2.054,2.087,2.074,2.003,2.043,2.082,2.115,2.123,2.098,2.076,1.447,1.487,1.48,1.456,1.474,1.485,1.493,1.48,1.504,1.506,1.519,1.523,1.532,1.478,1.419,1.459,1.489,1.517,1.503,1.522,1.504,1.461,1.471,1.498,1.486,1.389,1.434,1.476,1.439,1.458,1.46,2.094,2.122,2.19,2.184,2.133,2.148,2.185,2.239,2.208,2.212,2.222,2.119,2.22,2.257,2.228,2.223,2.253,2.238,2.18,2.24,2.261,2.254,2.291,2.31,2.265,2.217,2.312,2.288,2.782,2.792,2.849,2.822,2.712,2.767,2.613,2.549,2.646,2.799,2.832,2.76,2.904,2.918,2.911,2.848,2.691,2.545,2.363,2.544,2.642,2.712,2.767,2.783,2.848,2.739,2.843,2.877,2.891,2.877,2.768,3.245,3.203,3.342,3.482,3.494,3.516,3.568,3.488,3.4,3.541,3.612,3.638,3.683,3.646,3.611,3.48,3.571,3.668,3.631,3.585,3.512,3.416,3.139,3.34,3.497,3.501,3.532,3.527,3.394,3.096,2.514,2.611,2.719,2.725,2.811,2.852,2.746,2.859,2.953,2.986,3.031,3.009,2.965,2.809,2.862,2.969,3.046,2.972,3.105,3.072,2.962,3.041,3.062,2.871,2.733,2.618,2.691,2.802,2.937,2.988,2.921,2.284,2.326,2.417,2.241,2.354,2.378,2.428,2.46,2.441,2.348,2.248,2.34,2.328,2.285,2.316,2.379,2.336,2.224,2.297,2.311,2.349,2.363,2.359,2.284,2.093,2.103,2.167,2.145,2.091,2.044,3.95,3.913,4.181,4.205,4.099,3.956,4.021,3.883,3.84,4.163,4.166,4.236,4.173,4.145,4.063,3.95,4.089,4.063,3.969,4.077,4.123,3.933,3.741,3.957,3.991,3.818,3.732,3.629,3.523,3.549,3.784,0.0,0.0,0.0,0.0,0.0,0.0,0.0,0.0,0.0,0.0,0.0,0.0,0.0,0.0,0.0,0.0,0.0,0.0,0.0,0.0,0.0,0.0,0.0,0.0,0.0,0.0,0.0,0.0,0.0,0.0,0.0,1.893,1.859,1.802,1.771,1.807,1.778,1.68,1.652,1.627,1.551,1.64,1.712,1.768,1.836,1.78,1.673,1.547,1.595,1.632,1.693,1.716,1.686,1.618,1.502,1.603,1.684,1.708,1.705,1.725,1.702,3.046,3.022,3.151,3.231,3.27,3.305,3.358,3.346,3.397,3.444,3.508,3.529,3.534,3.505,3.391,3.414,3.32,3.442,3.48,3.488,3.442,3.313,3.293,3.218,3.329,3.434,3.445,3.469,3.335,3.382,3.439,2.895,2.876,2.893,2.841,2.75,2.805,2.831,2.841,2.824,2.724,2.556,2.319,2.274,2.432,2.503,2.567,2.603,2.66,2.571,2.627,2.687,2.708,2.746,2.688,2.612,2.435,2.442,2.477,2.485,2.425,2.375,2.332,2.257,2.281,2.266,2.367,2.434,2.474,2.443,2.36,2.481,2.525,2.53,2.505,2.538,2.533,2.404,2.423,2.52,2.575,2.592,2.656,2.589,2.469,2.559,2.609,2.603,2.578,2.628,2.666,2.576,2.619,2.666,2.735,2.733,2.742,2.671,2.555,2.642,2.639,2.685,2.701,2.741,2.778,2.654,2.677,2.769,2.797,2.799,2.813,2.833,2.772,2.781,2.821,2.803,2.615,2.444,2.523,2.597,2.531,2.565,2.568,2.198,2.228,2.299,2.293,2.24,2.255,2.294,2.35,2.318,2.322,2.333,2.225,2.331,2.369,2.339,2.334,2.365,2.35,2.288,2.352,2.374,2.366,2.406,2.425,2.377,2.327,2.427,2.402,2.121,2.857,2.868,2.927,2.898,2.785,2.842,2.683,2.618,2.717,2.875,2.908,2.834,2.983,2.997,2.989,2.925,2.763,2.614,2.427,2.613,2.714,2.786,2.842,2.858,2.925,2.813,2.92,2.954,2.969,2.955,2.842,2.199,2.17,2.264,2.359,2.367,2.382,2.417,2.363,2.303,2.399,2.447,2.465,2.495,2.47,2.447,2.358,2.42,2.485,2.46,2.429,2.379,2.314,2.127,2.263,2.369,2.372,2.393,2.39,2.3,2.097,2.149,2.232,2.325,2.33,2.403,2.439,2.348,2.444,2.525,2.553,2.592,2.573,2.535,2.402,2.447,2.539,2.605,2.541,2.655,2.627,2.533,2.6,2.618,2.455,2.337,2.239,2.301,2.396,2.511,2.555,2.497,2.284,2.326,2.417,2.241,2.354,2.378,2.428,2.46,2.441,2.348,2.248,2.34,2.328,2.285,2.316,2.379,2.336,2.224,2.297,2.311,2.349,2.363,2.359,2.284,2.093,2.103,2.167,2.145,2.091,2.044,2.281,2.26,2.414,2.428,2.367,2.285,2.322,2.242,2.217,2.404,2.405,2.446,2.409,2.393,2.346,2.281,2.361,2.346,2.292,2.354,2.38,2.271,2.16,2.285,2.304,2.205,2.155,2.096,2.034,2.049,2.185,1.952,1.923,1.949,2.02,2.076,1.962,1.985,2.058,2.117,2.164,2.244,2.158,2.093,2.177,2.139,2.231,2.253,2.235,2.179,2.164,2.233,2.251,2.149,2.134,2.2,2.206,2.155,2.205,2.311,2.351,2.373,1.098,1.078,1.045,1.027,1.048,1.031,0.974,0.958,0.944,0.899,0.951,0.993,1.026,1.065,1.032,0.97,0.897,0.925,0.946,0.982,0.995,0.978,0.938,0.871,0.93,0.976,0.991,0.989,1.001,0.987,3.046,3.022,3.151,3.231,3.27,3.305,3.358,3.346,3.397,3.444,3.508,3.529,3.534,3.505,3.391,3.414,3.32,3.442,3.48,3.488,3.442,3.313,3.293,3.218,3.329,3.434,3.445,3.469,3.335,3.382,3.439,2.895,2.876,2.893,2.841,2.75,2.805,2.831,2.841,2.824,2.724,2.556,2.319,2.274,2.432,2.503,2.567,2.603,2.66,2.571,2.627,2.687,2.708,2.746,2.688,2.612,2.435,2.442,2.477,2.485,2.425,2.375,2.332,2.257,2.281,2.266,2.367,2.434,2.474,2.443,2.36,2.481,2.525,2.53,2.505,2.538,2.533,2.404,2.423,2.52,2.575,2.592,2.656,2.589,2.469,2.559,2.609,2.603,2.578,2.628,2.666,2.576
Guntur_276,4.36,4.389,4.472,4.483,4.317,4.342,4.436,4.442,4.353,4.304,4.383,4.385,4.438,4.359,4.232,4.21,4.406,4.386,4.209,4.388,4.42,4.321,4.37,4.476,4.524,4.317,4.456,4.522,4.556,4.587,4.549,4.531,4.313,4.451,4.566,4.567,4.563,4.614,4.455,4.357,4.432,4.453,4.499,4.658,4.65,4.696,4.499,4.61,4.704,4.685,4.583,4.424,4.461,4.344,4.49,4.57,4.619,4.564,4.537,4.486,3.085,3.173,3.208,3.158,3.108,3.127,3.169,3.076,3.053,2.832,2.942,3.121,3.14,3.12,3.0,3.104,3.203,3.19,3.536,3.484,3.36,3.306,3.248,3.38,3.5,3.539,3.524,3.506,3.397,3.308,3.301,4.893,5.001,5.035,5.003,4.809,5.051,5.076,5.05,5.083,5.121,5.025,4.906,5.185,5.09,5.054,4.906,4.87,4.823,4.661,4.953,4.979,4.856,4.933,4.985,4.936,4.84,5.019,5.024,5.033,4.947,4.798,4.81,4.74,4.878,4.86,4.919,5.05,5.044,5.013,4.814,4.737,4.777,4.759,4.721,4.748,4.692,4.707,4.407,4.614,4.753,4.606,4.543,4.662,4.735,4.527,4.635,4.714,4.849,4.835,4.725,4.615,4.857,4.918,4.905,5.039,5.001,5.032,4.937,5.248,5.342,5.411,5.345,5.359,5.203,5.025,5.279,5.274,5.357,5.43,5.319,5.284,5.08,5.371,5.51,5.441,5.44,5.255,5.142,4.987,5.222,5.483,0.0,0.0,0.0,0.0,0.0,0.0,0.0,0.0,0.0,0.0,0.0,0.0,0.0,0.0,0.0,0.0,0.0,0.0,0.0,0.0,0.0,0.0,0.0,0.0,0.0,0.0,0.0,0.0,0.0,0.0,0.0,0.0,0.0,0.0,0.0,0.0,0.0,0.0,0.0,0.0,0.0,0.0,0.0,0.0,0.0,0.0,0.0,0.0,0.0,0.0,0.0,0.0,0.0,0.0,0.0,0.0,0.0,0.0,0.0,0.0,0.0,0.0,2.353,2.362,2.362,2.408,2.427,2.3,2.325,2.389,2.496,2.461,2.429,2.351,2.279,2.305,2.344,2.377,2.332,2.315,2.377,2.272,2.313,2.282,2.241,2.312,2.324,2.22,2.147,2.312,2.362,2.342,3.732,3.709,3.818,3.699,3.768,3.881,4.011,4.066,4.067,3.947,3.73,3.768,3.827,3.663,3.726,3.768,3.852,3.752,3.841,3.844,3.83,3.757,3.662,3.657,3.471,3.54,3.723,3.796,3.882,3.954,3.923,5.031,5.206,5.262,5.245,5.191,5.308,5.231,5.021,5.124,5.106,5.07,5.159,5.065,4.61,4.479,4.512,4.808,4.947,5.031,5.069,5.029,4.944,5.185,5.164,5.023,4.733,4.743,4.836,4.922,5.094,3.14,3.186,3.153,3.184,3.164,3.028,3.088,3.141,3.085,3.135,3.162,3.101,3.018,3.104,3.187,3.19,3.22,3.265,3.21,3.165,3.25,3.33,3.372,3.322,3.317,3.369,3.241,3.338,3.374,3.355,3.356,4.016,3.899,3.764,3.867,3.898,3.913,3.86,3.906,3.831,3.816,3.971,3.993,3.979,3.932,3.94,4.019,3.97,4.012,4.146,4.228,4.301,4.279,4.213,4.065,4.102,3.961,4.066,4.117,4.194,4.186,4.063,3.859,3.907,3.938,3.866,3.88,3.851,3.743,3.784,3.872,3.945,3.964,3.966,3.947,3.854,3.916,3.916,3.902,3.867,3.824,3.825,3.761,3.907,3.971,4.03,4.044,4.07,4.051,3.987,4.784,4.808,4.792,4.775,4.882,4.854,4.665,4.774,4.865,4.917,4.867,4.699,4.614,4.612,4.784,4.819,4.892,4.964,4.949,4.897,4.742,4.792,4.673,4.784,4.861,4.793,4.818,4.637,4.371,4.444,4.651,4.323,4.434,4.468,4.373,4.489,4.488,4.492,4.596,4.552,4.541,4.378,4.52,4.549,4.38,4.399,4.435,4.328,4.298,4.383,4.465,4.322,4.237,4.193,4.259,4.174,4.331,4.396,4.378,4.396,4.37,3.563,3.497,3.518,3.535,3.467,3.506,3.581,3.555,3.479,3.546,3.46,3.347,3.25,3.36,3.336,3.087,3.103,3.032,3.039,3.017,3.059,3.165,3.23,3.303,3.251,3.19,3.202,3.324,3.403,3.209,3.369,1.375,1.48,1.509,1.514,1.478,1.409,1.452,1.429,1.425,1.394,1.348,1.344,1.279,1.394,1.401,1.437,1.446,1.457,1.395,1.324,1.435,1.489,1.571,1.509,1.502,1.461,1.496,1.608,1.662,1.626,0.0,0.0,0.0,0.0,0.0,0.0,0.0,0.0,0.0,0.0,0.0,0.0,0.0,0.0,0.0,0.0,0.0,0.0,0.0,0.0,0.0,0.0,0.0,0.0,0.0,0.0,0.0,0.0,0.0,0.0,0.0,3.477,3.797,3.903,3.967,4.104,4.161,4.297,4.271,4.354,4.361,4.369,4.43,4.468,4.356,4.245,3.992,4.548,4.473,4.355,4.323,4.24,4.058,4.231,4.26,4.28,4.317,4.376,4.337,4.18,4.251,4.223,0.0,0.0,0.0,0.0,0.0,0.0,0.0,0.0,0.0,0.0,0.0,0.0,0.0,0.0,0.0,0.0,0.0,0.0,0.0,0.0,0.0,0.0,0.0,0.0,0.0,0.0,0.0,0.0,0.0,0.0,2.191,2.112,2.061,2.156,2.202,2.246,2.247,2.269,2.237,2.166,2.269,2.292,2.296,2.264,2.193,2.221,2.105,2.055,2.145,2.165,2.152,2.139,2.167,2.035,2.118,2.136,2.131,2.115,2.143,2.121,2.087,2.412,2.411,2.385,2.203,2.134,2.282,2.237,2.358,2.422,2.507,2.438,2.491,2.472,2.432,2.464,2.46,2.488,2.51,2.447,2.448,2.343,2.478,2.516,2.531,2.508,2.489,2.455,2.322,2.365,2.376,3.229,3.137,3.2,3.206,3.138,3.243,3.307,3.298,3.334,3.283,3.254,3.119,3.273,3.381,3.371,3.339,3.322,3.317,3.151,3.377,3.478,3.538,3.573,3.599,3.563,3.457,3.53,3.457,3.373,3.339,3.396,3.065,2.948,3.114,3.2,3.248,3.186,3.173,3.063,2.925,3.023,3.04,3.055,3.115,3.056,2.98,2.978,3.12,3.217,3.219,3.204,3.233,3.06,3.011,3.178,3.197,3.096,3.149,3.194,3.207,3.203,3.262,3.366,3.379,3.25,3.306,3.345,3.297,3.356,3.449,3.387,3.315,3.334,3.325,3.285,3.306,3.329,3.377,3.348,3.365,3.336,3.28,3.365,3.355,3.359,3.454,3.381,3.326,3.202,3.343,3.004,2.942,2.925,3.007,3.055,2.98,2.969,2.99,3.02,3.073,3.113,3.106,3.03,3.098,3.118,3.161,3.149,2.974,2.995,3.054,3.14,3.166,3.184,3.213,3.199,3.177,3.079,3.136,3.166,3.224,3.244,4.218,4.213,4.083,4.228,4.271,4.193,4.259,4.235,4.251,4.117,4.199,4.26,4.269,4.228,4.184,4.244,4.05,4.161,4.234,4.202,4.218,4.228,4.223,4.089,4.232,4.282,4.326,4.297,4.259,4.149,4.043,4.142,4.128,4.226,4.222,4.334,4.307,4.114,4.178,4.113,4.132,4.126,4.087,4.048,3.936,4.096,4.194,4.311,4.27,4.092,3.731,3.467,3.426,3.729,4.007,4.033,3.972,3.938,3.904,4.123,4.182,5.387,5.441,5.435,5.374,5.242,5.387,5.422,5.307,5.257,5.385,5.331,5.176,5.43,5.507,5.36,5.24,5.164,5.04,4.678,4.692,4.731,5.108,5.306,5.244,5.14,4.991,5.281,5.356,5.142,4.788,4.737,4.817,4.695,5.048,5.069,5.063,5.08,4.984,4.776,4.474,4.644,4.655,4.727,4.657,4.668,4.678,4.475,4.815,4.889,4.802,4.508,4.644,4.524,4.205,4.524,4.821,4.876,4.838,4.924,4.763,4.48,2.739,2.808,2.924,2.922,2.82,2.737,2.603,2.667,2.665,2.663,2.51,2.646,2.747,2.561,2.428,2.601,2.751,2.845,2.811,2.775,2.656,2.8,2.871,2.845,2.892,2.987,2.889,2.767,2.967,3.044,3.024,2.514,2.538,2.525,2.376,2.498,2.537,2.547,2.513,2.448,2.386,2.228,2.263,2.273,2.274,2.239,2.128,2.2,2.216,2.341,2.337,2.308,2.212,2.177,2.148,2.155,2.347,2.365,2.357,2.39,2.397,3.939,3.762,3.992,4.112,3.898,3.955,3.936,3.958,3.826,3.948,3.912,3.979,3.983,3.95,3.893,3.758,4.058,4.097,4.104,4.091,4.038,3.931,3.697,3.487,3.414,3.658,3.86,3.939,3.959,3.85,3.89,3.181,3.221,3.193,3.245,3.234,3.167,3.213,3.238,3.239,3.237,3.241,3.144,3.067,3.09,3.172,3.22,3.244,3.272,3.283,3.155,3.27,3.317,3.309,3.307,3.308,3.311,3.239,3.322,3.281,3.285,2.567,2.605,2.61,2.518,2.572,2.631,2.662,2.597,2.578,2.479,2.413,2.54,2.544,2.56,2.607,2.66,2.679,2.619,2.722,2.731,2.71,2.721,2.766,2.748,2.654,2.707,2.759,2.802,2.812,2.78,2.751,1.928,1.98,1.972,1.939,1.963,1.978,1.989,1.971,2.003,2.006,2.024,2.029,2.041,1.968,1.89,1.943,1.983,2.02,2.002,2.027,2.003,1.945,1.96,1.995,1.98,1.85,1.91,1.967,1.917,1.942,1.944,2.673,2.709,2.796,2.788,2.724,2.742,2.789,2.858,2.819,2.823,2.836,2.705,2.834,2.881,2.844,2.838,2.876,2.857,2.782,2.86,2.887,2.877,2.925,2.949,2.891,2.83,2.952,2.92,4.021,4.036,4.119,4.08,3.92,4.0,3.777,3.685,3.825,4.046,4.093,3.989,4.198,4.219,4.208,4.116,3.889,3.679,3.416,3.677,3.82,3.921,4.0,4.023,4.117,3.959,4.11,4.158,4.179,4.159,4.001,4.079,4.026,4.2,4.376,4.391,4.418,4.484,4.384,4.273,4.451,4.539,4.572,4.628,4.582,4.539,4.373,4.488,4.61,4.564,4.506,4.414,4.293,3.945,4.198,4.395,4.4,4.439,4.433,4.266,3.89,3.56,3.698,3.85,3.859,3.981,4.039,3.889,4.049,4.182,4.228,4.293,4.262,4.199,3.978,4.053,4.205,4.314,4.209,4.398,4.35,4.195,4.307,4.336,4.066,3.871,3.708,3.811,3.968,4.159,4.232,4.136,4.069,4.144,4.307,3.993,4.194,4.237,4.326,4.384,4.349,4.184,4.005,4.17,4.148,4.072,4.127,4.239,4.162,3.963,4.092,4.117,4.185,4.211,4.204,4.07,3.729,3.748,3.861,3.822,3.726,3.642,3.95,3.913,4.181,4.205,4.099,3.956,4.021,3.883,3.84,4.163,4.166,4.236,4.173,4.145,4.063,3.95,4.089,4.063,3.969,4.077,4.123,3.933,3.741,3.957,3.991,3.818,3.732,3.629,3.523,3.549,3.784,0.0,0.0,0.0,0.0,0.0,0.0,0.0,0.0,0.0,0.0,0.0,0.0,0.0,0.0,0.0,0.0,0.0,0.0,0.0,0.0,0.0,0.0,0.0,0.0,0.0,0.0,0.0,0.0,0.0,0.0,0.0,3.304,3.245,3.145,3.091,3.153,3.104,2.932,2.883,2.84,2.706,2.862,2.988,3.086,3.205,3.107,2.919,2.7,2.783,2.848,2.955,2.994,2.943,2.824,2.621,2.798,2.938,2.981,2.976,3.011,2.97,4.065,4.034,4.206,4.313,4.365,4.411,4.481,4.466,4.534,4.597,4.682,4.71,4.717,4.678,4.527,4.557,4.432,4.594,4.644,4.656,4.594,4.421,4.395,4.295,4.443,4.583,4.598,4.631,4.452,4.514,4.589,3.262,3.241,3.259,3.201,3.099,3.161,3.19,3.202,3.182,3.069,2.88,2.614,2.562,2.74,2.82,2.893,2.934,2.997,2.897,2.96,3.027,3.052,3.094,3.029,2.943,2.743,2.751,2.791,2.801,2.732,3.362,3.3,3.195,3.228,3.208,3.35,3.446,3.502,3.458,3.341,3.511,3.574,3.581,3.546,3.592,3.586,3.403,3.43,3.568,3.645,3.669,3.759,3.665,3.495,3.622,3.694,3.685,3.649,3.72,3.774,3.646,4.413,4.493,4.609,4.605,4.62,4.5,4.305,4.451,4.447,4.525,4.552,4.618,4.682,4.472,4.512,4.667,4.714,4.717,4.74,4.774,4.672,4.687,4.753,4.724,4.406,4.118,4.251,4.377,4.266,4.322,4.327,3.446,3.493,3.605,3.594,3.512,3.535,3.596,3.685,3.634,3.64,3.657,3.488,3.654,3.715,3.667,3.659,3.708,3.684,3.587,3.688,3.722,3.71,3.771,3.802,3.727,3.648,3.806,3.765,3.326,3.476,3.489,3.561,3.526,3.389,3.457,3.265,3.185,3.306,3.497,3.538,3.448,3.629,3.647,3.637,3.558,3.362,3.18,2.952,3.179,3.302,3.389,3.458,3.477,3.558,3.422,3.553,3.594,3.613,3.595,3.458,2.966,2.927,3.054,3.182,3.193,3.213,3.261,3.188,3.107,3.236,3.301,3.325,3.365,3.332,3.3,3.18,3.264,3.352,3.319,3.276,3.21,3.122,2.868,3.052,3.196,3.199,3.227,3.223,3.102,2.829,2.602,2.702,2.814,2.82,2.909,2.952,2.843,2.959,3.056,3.09,3.137,3.115,3.069,2.907,2.962,3.073,3.153,3.076,3.214,3.179,3.066,3.148,3.169,2.971,2.829,2.71,2.785,2.9,3.04,3.093,3.023,4.069,4.144,4.307,3.993,4.194,4.237,4.326,4.384,4.349,4.184,4.005,4.17,4.148,4.072,4.127,4.239,4.162,3.963,4.092,4.117,4.185,4.211,4.204,4.07,3.729,3.748,3.861,3.822,3.726,3.642,2.761,2.735,2.923,2.939,2.865,2.765,2.811,2.714,2.684,2.91,2.912,2.961,2.917,2.897,2.84,2.761,2.858,2.84,2.774,2.85,2.882,2.749,2.615,2.766,2.789,2.669,2.608,2.537,2.462,2.481,2.645,2.158,2.126,2.155,2.233,2.295,2.169,2.195,2.275,2.341,2.393,2.481,2.386,2.314,2.408,2.365,2.467,2.491,2.471,2.409,2.392,2.47,2.489,2.376,2.36,2.433,2.439,2.382,2.438,2.555,2.599,2.624,1.098,1.078,1.045,1.027,1.048,1.031,0.974,0.958,0.944,0.899,0.951,0.993,1.026,1.065,1.032,0.97,0.897,0.925,0.946,0.982,0.995,0.978,0.938,0.871,0.93,0.976,0.991,0.989,1.001,0.987,4.065,4.034,4.206,4.313,4.365,4.411,4.481,4.466,4.534,4.597,4.682,4.71,4.717,4.678,4.527,4.557,4.432,4.594,4.644,4.656,4.594,4.421,4.395,4.295,4.443,4.583,4.598,4.631,4.452,4.514,4.589,3.262,3.241,3.259,3.201,3.099,3.161,3.19,3.202,3.182,3.069,2.88,2.614,2.562,2.74,2.82,2.893,2.934,2.997,2.897,2.96,3.027,3.052,3.094,3.029,2.943,2.743,2.751,2.791,2.801,2.732,3.362,3.3,3.195,3.228,3.208,3.35,3.446,3.502,3.458,3.341,3.511,3.574,3.581,3.546,3.592,3.586,3.403,3.43,3.568,3.645,3.669,3.759,3.665,3.495,3.622,3.694,3.685,3.649,3.72,3.774,3.646
Guntur_277,2.095,2.109,2.149,2.154,2.074,2.086,2.131,2.134,2.092,2.068,2.106,2.107,2.132,2.095,2.034,2.023,2.117,2.108,2.022,2.108,2.124,2.076,2.1,2.15,2.174,2.074,2.141,2.172,2.189,2.204,2.186,2.153,2.05,2.116,2.171,2.171,2.169,2.193,2.118,2.071,2.107,2.116,2.138,2.214,2.21,2.232,2.139,2.191,2.236,2.227,2.178,2.103,2.121,2.065,2.134,2.172,2.196,2.169,2.157,2.132,1.977,2.033,2.056,2.023,1.991,2.004,2.031,1.971,1.956,1.814,1.885,2.0,2.012,1.999,1.922,1.989,2.052,2.044,2.265,2.232,2.153,2.118,2.081,2.166,2.242,2.267,2.258,2.246,2.177,2.12,2.115,3.18,3.25,3.273,3.252,3.126,3.283,3.299,3.282,3.303,3.328,3.266,3.188,3.37,3.308,3.285,3.189,3.165,3.135,3.029,3.219,3.236,3.156,3.206,3.24,3.208,3.146,3.262,3.265,3.271,3.215,3.413,3.421,3.372,3.47,3.457,3.499,3.592,3.588,3.566,3.425,3.37,3.398,3.386,3.358,3.377,3.338,3.349,3.135,3.282,3.381,3.276,3.232,3.317,3.369,3.22,3.297,3.353,3.449,3.44,3.361,3.283,2.4,2.43,2.424,2.49,2.471,2.486,2.439,2.593,2.64,2.674,2.641,2.648,2.571,2.483,2.608,2.606,2.647,2.683,2.628,2.611,2.51,2.654,2.723,2.689,2.688,2.597,2.541,2.464,2.58,2.709,0.0,0.0,0.0,0.0,0.0,0.0,0.0,0.0,0.0,0.0,0.0,0.0,0.0,0.0,0.0,0.0,0.0,0.0,0.0,0.0,0.0,0.0,0.0,0.0,0.0,0.0,0.0,0.0,0.0,0.0,0.0,0.0,0.0,0.0,0.0,0.0,0.0,0.0,0.0,0.0,0.0,0.0,0.0,0.0,0.0,0.0,0.0,0.0,0.0,0.0,0.0,0.0,0.0,0.0,0.0,0.0,0.0,0.0,0.0,0.0,0.0,0.0,3.287,3.299,3.3,3.364,3.39,3.212,3.247,3.337,3.487,3.437,3.393,3.284,3.184,3.219,3.274,3.32,3.257,3.233,3.32,3.174,3.231,3.187,3.131,3.23,3.246,3.101,2.999,3.23,3.299,3.272,3.1,3.081,3.172,3.073,3.13,3.224,3.331,3.377,3.379,3.279,3.098,3.13,3.178,3.042,3.095,3.13,3.2,3.117,3.19,3.193,3.181,3.12,3.042,3.038,2.883,2.941,3.093,3.153,3.224,3.285,3.259,2.643,2.735,2.765,2.755,2.727,2.789,2.748,2.638,2.692,2.683,2.664,2.71,2.661,2.422,2.353,2.371,2.526,2.599,2.643,2.663,2.642,2.598,2.724,2.713,2.639,2.486,2.492,2.541,2.586,2.676,2.136,2.168,2.145,2.166,2.153,2.06,2.101,2.137,2.099,2.133,2.151,2.11,2.053,2.112,2.169,2.171,2.191,2.221,2.184,2.153,2.211,2.266,2.294,2.26,2.257,2.292,2.205,2.271,2.295,2.283,2.283,3.454,3.353,3.237,3.325,3.351,3.365,3.319,3.359,3.294,3.282,3.415,3.434,3.421,3.381,3.388,3.456,3.414,3.45,3.565,3.636,3.698,3.679,3.623,3.496,3.527,3.406,3.496,3.54,3.607,3.599,3.494,2.491,2.521,2.541,2.495,2.504,2.485,2.416,2.442,2.499,2.546,2.558,2.559,2.548,2.487,2.527,2.527,2.518,2.496,2.468,2.468,2.427,2.522,2.563,2.601,2.61,2.627,2.615,2.573,3.431,3.448,3.436,3.424,3.501,3.481,3.345,3.423,3.489,3.526,3.49,3.37,3.309,3.307,3.431,3.456,3.508,3.56,3.549,3.511,3.4,3.436,3.351,3.431,3.486,3.437,3.455,3.325,3.135,3.187,3.335,3.713,3.808,3.838,3.756,3.856,3.855,3.858,3.948,3.91,3.901,3.761,3.882,3.907,3.762,3.778,3.81,3.717,3.691,3.764,3.835,3.712,3.639,3.601,3.658,3.585,3.72,3.776,3.76,3.776,3.753,2.187,2.146,2.159,2.169,2.127,2.152,2.197,2.182,2.135,2.176,2.123,2.054,1.995,2.062,2.047,1.894,1.904,1.861,1.865,1.851,1.877,1.942,1.982,2.027,1.995,1.957,1.965,2.04,2.088,1.97,2.068,1.436,1.546,1.577,1.581,1.544,1.472,1.517,1.493,1.488,1.456,1.408,1.404,1.336,1.457,1.464,1.501,1.511,1.522,1.457,1.383,1.499,1.555,1.641,1.576,1.569,1.526,1.563,1.68,1.736,1.699,0.0,0.0,0.0,0.0,0.0,0.0,0.0,0.0,0.0,0.0,0.0,0.0,0.0,0.0,0.0,0.0,0.0,0.0,0.0,0.0,0.0,0.0,0.0,0.0,0.0,0.0,0.0,0.0,0.0,0.0,0.0,3.39,3.702,3.805,3.867,4.001,4.057,4.19,4.164,4.245,4.252,4.259,4.319,4.356,4.247,4.139,3.892,4.435,4.361,4.246,4.215,4.134,3.957,4.126,4.154,4.173,4.209,4.266,4.228,4.075,4.144,4.118,0.0,0.0,0.0,0.0,0.0,0.0,0.0,0.0,0.0,0.0,0.0,0.0,0.0,0.0,0.0,0.0,0.0,0.0,0.0,0.0,0.0,0.0,0.0,0.0,0.0,0.0,0.0,0.0,0.0,0.0,2.652,2.556,2.494,2.609,2.665,2.718,2.719,2.746,2.707,2.621,2.745,2.774,2.779,2.74,2.654,2.688,2.547,2.487,2.596,2.62,2.604,2.588,2.622,2.463,2.563,2.585,2.579,2.56,2.593,2.567,2.526,2.225,2.224,2.2,2.032,1.968,2.105,2.064,2.175,2.234,2.313,2.249,2.298,2.28,2.243,2.273,2.269,2.295,2.315,2.257,2.258,2.162,2.286,2.321,2.335,2.314,2.296,2.264,2.141,2.182,2.192,3.8,3.692,3.766,3.773,3.693,3.816,3.892,3.881,3.923,3.863,3.829,3.671,3.851,3.979,3.968,3.929,3.909,3.903,3.708,3.974,4.093,4.163,4.205,4.236,4.194,4.068,4.154,4.069,3.97,3.929,3.997,5.425,5.218,5.511,5.663,5.749,5.639,5.616,5.421,5.177,5.349,5.38,5.406,5.514,5.409,5.273,5.271,5.523,5.694,5.698,5.67,5.722,5.416,5.329,5.625,5.659,5.479,5.572,5.652,5.675,5.67,5.773,5.815,5.838,5.614,5.711,5.779,5.697,5.798,5.958,5.851,5.727,5.759,5.745,5.675,5.712,5.751,5.835,5.784,5.814,5.764,5.667,5.813,5.796,5.804,5.967,5.84,5.746,5.531,5.776,5.665,5.549,5.517,5.671,5.762,5.621,5.599,5.64,5.696,5.796,5.872,5.858,5.715,5.843,5.881,5.961,5.939,5.608,5.649,5.759,5.922,5.971,6.005,6.059,6.034,5.993,5.807,5.915,5.971,6.081,6.118,4.661,4.656,4.511,4.672,4.72,4.633,4.707,4.68,4.697,4.549,4.64,4.708,4.718,4.672,4.623,4.69,4.476,4.598,4.679,4.643,4.661,4.672,4.666,4.519,4.677,4.732,4.78,4.749,4.706,4.584,4.419,4.528,4.513,4.62,4.615,4.738,4.708,4.498,4.567,4.496,4.516,4.511,4.468,4.425,4.303,4.478,4.585,4.713,4.668,4.473,4.079,3.79,3.745,4.077,4.38,4.408,4.342,4.304,4.268,4.507,4.572,5.387,5.441,5.435,5.374,5.242,5.387,5.422,5.307,5.257,5.385,5.331,5.176,5.43,5.507,5.36,5.24,5.164,5.04,4.678,4.692,4.731,5.108,5.306,5.244,5.14,4.991,5.281,5.356,5.142,4.788,4.737,4.817,4.695,5.048,5.069,5.063,5.08,4.984,4.776,4.474,4.644,4.655,4.727,4.657,4.668,4.678,4.475,4.815,4.889,4.802,4.508,4.644,4.524,4.205,4.524,4.821,4.876,4.838,4.924,4.763,4.48,4.175,4.281,4.458,4.455,4.299,4.172,3.969,4.067,4.062,4.06,3.827,4.034,4.187,3.904,3.702,3.965,4.193,4.338,4.285,4.231,4.049,4.269,4.376,4.337,4.409,4.554,4.405,4.218,4.523,4.641,4.611,3.873,3.91,3.89,3.662,3.849,3.91,3.925,3.872,3.772,3.676,3.433,3.488,3.502,3.504,3.451,3.279,3.391,3.415,3.608,3.602,3.557,3.409,3.355,3.311,3.322,3.616,3.644,3.632,3.684,3.693,4.26,4.07,4.319,4.449,4.217,4.278,4.257,4.282,4.139,4.27,4.232,4.304,4.308,4.272,4.211,4.065,4.39,4.432,4.439,4.425,4.368,4.253,3.999,3.772,3.693,3.957,4.175,4.261,4.283,4.165,4.208,4.709,4.77,4.728,4.805,4.788,4.689,4.757,4.795,4.796,4.793,4.798,4.655,4.541,4.575,4.697,4.767,4.802,4.845,4.86,4.671,4.842,4.91,4.899,4.897,4.898,4.903,4.795,4.918,4.858,4.863,3.687,3.741,3.747,3.616,3.693,3.778,3.823,3.73,3.703,3.56,3.465,3.648,3.653,3.676,3.744,3.819,3.847,3.761,3.909,3.922,3.892,3.908,3.972,3.946,3.811,3.888,3.961,4.024,4.039,3.992,3.95,3.956,4.064,4.047,3.979,4.029,4.059,4.082,4.045,4.111,4.116,4.154,4.164,4.188,4.04,3.879,3.988,4.069,4.146,4.11,4.161,4.112,3.992,4.022,4.094,4.063,3.797,3.92,4.036,3.934,3.985,3.99,4.705,4.769,4.922,4.907,4.795,4.826,4.91,5.031,4.962,4.97,4.993,4.762,4.989,5.072,5.007,4.996,5.063,5.03,4.898,5.035,5.082,5.065,5.149,5.191,5.089,4.981,5.196,5.141,4.951,4.969,5.071,5.023,4.827,4.924,4.65,4.537,4.709,4.981,5.039,4.912,5.169,5.194,5.18,5.068,4.788,4.529,4.205,4.528,4.703,4.827,4.925,4.953,5.068,4.875,5.06,5.12,5.146,5.121,4.926,4.341,4.284,4.47,4.657,4.673,4.702,4.772,4.666,4.547,4.737,4.831,4.866,4.926,4.877,4.83,4.654,4.777,4.906,4.857,4.795,4.697,4.569,4.198,4.467,4.677,4.682,4.724,4.718,4.54,4.14,5.576,5.791,6.031,6.044,6.235,6.326,6.092,6.341,6.55,6.623,6.724,6.675,6.578,6.23,6.348,6.587,6.758,6.593,6.888,6.814,6.571,6.745,6.792,6.368,6.062,5.808,5.969,6.215,6.514,6.628,6.479,6.184,6.298,6.546,6.069,6.375,6.439,6.575,6.662,6.61,6.359,6.087,6.337,6.305,6.189,6.273,6.442,6.325,6.023,6.219,6.258,6.361,6.4,6.389,6.186,5.668,5.696,5.869,5.808,5.663,5.535,5.215,5.167,5.52,5.552,5.411,5.223,5.309,5.127,5.069,5.496,5.5,5.592,5.509,5.472,5.364,5.215,5.398,5.364,5.24,5.383,5.443,5.192,4.939,5.224,5.269,5.041,4.926,4.792,4.651,4.685,4.996,0.0,0.0,0.0,0.0,0.0,0.0,0.0,0.0,0.0,0.0,0.0,0.0,0.0,0.0,0.0,0.0,0.0,0.0,0.0,0.0,0.0,0.0,0.0,0.0,0.0,0.0,0.0,0.0,0.0,0.0,0.0,4.281,4.205,4.075,4.006,4.085,4.021,3.799,3.736,3.68,3.507,3.709,3.872,3.999,4.153,4.025,3.782,3.498,3.607,3.69,3.828,3.88,3.813,3.659,3.396,3.625,3.807,3.862,3.857,3.902,3.848,4.9,4.862,5.07,5.198,5.261,5.317,5.402,5.383,5.465,5.541,5.643,5.677,5.686,5.638,5.456,5.493,5.342,5.537,5.598,5.612,5.537,5.329,5.298,5.177,5.356,5.525,5.542,5.581,5.366,5.441,5.532,3.788,3.763,3.785,3.718,3.599,3.671,3.705,3.718,3.695,3.564,3.345,3.035,2.976,3.182,3.276,3.36,3.407,3.48,3.364,3.438,3.516,3.544,3.593,3.517,3.418,3.186,3.195,3.242,3.252,3.173,3.991,3.919,3.794,3.833,3.809,3.978,4.091,4.158,4.106,3.967,4.169,4.243,4.251,4.21,4.265,4.258,4.041,4.073,4.236,4.327,4.356,4.464,4.351,4.15,4.301,4.385,4.375,4.332,4.417,4.481,4.329,5.406,5.504,5.646,5.641,5.659,5.513,5.274,5.453,5.447,5.543,5.576,5.657,5.736,5.479,5.527,5.716,5.774,5.778,5.806,5.848,5.723,5.742,5.823,5.787,5.397,5.044,5.207,5.362,5.226,5.294,5.3,4.217,4.274,4.411,4.398,4.297,4.325,4.4,4.508,4.447,4.454,4.475,4.267,4.47,4.545,4.487,4.477,4.537,4.508,4.389,4.512,4.554,4.539,4.614,4.652,4.561,4.464,4.656,4.607,4.069,4.42,4.437,4.528,4.484,4.309,4.396,4.151,4.051,4.204,4.447,4.499,4.385,4.614,4.637,4.625,4.524,4.275,4.044,3.754,4.042,4.199,4.31,4.397,4.422,4.525,4.352,4.518,4.571,4.594,4.572,4.397,3.403,3.359,3.505,3.651,3.664,3.687,3.742,3.658,3.565,3.714,3.788,3.815,3.862,3.824,3.787,3.649,3.745,3.847,3.808,3.76,3.683,3.582,3.292,3.503,3.667,3.671,3.704,3.699,3.56,3.246,3.205,3.329,3.467,3.474,3.584,3.636,3.502,3.645,3.765,3.807,3.865,3.837,3.781,3.581,3.649,3.786,3.884,3.79,3.96,3.917,3.777,3.877,3.904,3.66,3.485,3.338,3.431,3.572,3.744,3.81,3.724,6.184,6.298,6.546,6.069,6.375,6.439,6.575,6.662,6.61,6.359,6.087,6.337,6.305,6.189,6.273,6.442,6.325,6.023,6.219,6.258,6.361,6.4,6.389,6.186,5.668,5.696,5.869,5.808,5.663,5.535,3.401,3.37,3.6,3.621,3.529,3.407,3.462,3.344,3.306,3.585,3.587,3.647,3.593,3.569,3.499,3.402,3.521,3.498,3.417,3.511,3.55,3.386,3.221,3.407,3.436,3.288,3.213,3.125,3.033,3.056,3.258,3.111,3.065,3.106,3.218,3.307,3.126,3.164,3.279,3.373,3.448,3.575,3.438,3.335,3.47,3.408,3.555,3.59,3.561,3.471,3.448,3.559,3.587,3.424,3.4,3.506,3.515,3.433,3.514,3.683,3.746,3.781,2.125,2.088,2.023,1.989,2.028,1.997,1.886,1.855,1.827,1.741,1.841,1.923,1.985,2.062,1.999,1.878,1.737,1.791,1.832,1.901,1.926,1.893,1.817,1.686,1.8,1.89,1.918,1.915,1.937,1.911,4.9,4.862,5.07,5.198,5.261,5.317,5.402,5.383,5.465,5.541,5.643,5.677,5.686,5.638,5.456,5.493,5.342,5.537,5.598,5.612,5.537,5.329,5.298,5.177,5.356,5.525,5.542,5.581,5.366,5.441,5.532,3.788,3.763,3.785,3.718,3.599,3.671,3.705,3.718,3.695,3.564,3.345,3.035,2.976,3.182,3.276,3.36,3.407,3.48,3.364,3.438,3.516,3.544,3.593,3.517,3.418,3.186,3.195,3.242,3.252,3.173,3.991,3.919,3.794,3.833,3.809,3.978,4.091,4.158,4.106,3.967,4.169,4.243,4.251,4.21,4.265,4.258,4.041,4.073,4.236,4.327,4.356,4.464,4.351,4.15,4.301,4.385,4.375,4.332,4.417,4.481,4.329
Guntur_278,2.486,2.503,2.55,2.556,2.461,2.476,2.529,2.533,2.482,2.454,2.499,2.5,2.531,2.486,2.413,2.4,2.512,2.501,2.4,2.502,2.52,2.464,2.492,2.552,2.58,2.462,2.541,2.578,2.598,2.615,2.594,2.771,2.638,2.723,2.793,2.794,2.791,2.822,2.725,2.665,2.711,2.724,2.752,2.849,2.845,2.873,2.752,2.82,2.877,2.866,2.803,2.706,2.729,2.657,2.746,2.795,2.826,2.792,2.775,2.744,2.716,2.793,2.824,2.78,2.736,2.753,2.79,2.708,2.688,2.493,2.59,2.747,2.764,2.746,2.641,2.733,2.82,2.808,3.112,3.067,2.958,2.91,2.859,2.975,3.081,3.115,3.102,3.086,2.99,2.912,2.905,3.344,3.418,3.441,3.419,3.287,3.452,3.469,3.451,3.473,3.5,3.434,3.353,3.544,3.479,3.454,3.353,3.329,3.296,3.186,3.385,3.403,3.319,3.371,3.407,3.374,3.308,3.43,3.434,3.44,3.381,3.169,3.176,3.13,3.222,3.21,3.249,3.335,3.331,3.311,3.179,3.128,3.155,3.143,3.118,3.135,3.099,3.109,2.91,3.047,3.139,3.042,3.001,3.079,3.127,2.99,3.061,3.113,3.202,3.193,3.121,3.048,1.533,1.553,1.549,1.591,1.579,1.589,1.559,1.657,1.687,1.708,1.687,1.692,1.643,1.587,1.667,1.665,1.691,1.714,1.679,1.668,1.604,1.696,1.74,1.718,1.718,1.659,1.624,1.574,1.649,1.731,0.0,0.0,0.0,0.0,0.0,0.0,0.0,0.0,0.0,0.0,0.0,0.0,0.0,0.0,0.0,0.0,0.0,0.0,0.0,0.0,0.0,0.0,0.0,0.0,0.0,0.0,0.0,0.0,0.0,0.0,0.0,0.0,0.0,0.0,0.0,0.0,0.0,0.0,0.0,0.0,0.0,0.0,0.0,0.0,0.0,0.0,0.0,0.0,0.0,0.0,0.0,0.0,0.0,0.0,0.0,0.0,0.0,0.0,0.0,0.0,0.0,0.0,0.0,0.0,0.0,0.0,0.0,0.0,0.0,0.0,0.0,0.0,0.0,0.0,0.0,0.0,0.0,0.0,0.0,0.0,0.0,0.0,0.0,0.0,0.0,0.0,0.0,0.0,0.0,0.0,0.0,0.0,3.62,3.597,3.703,3.588,3.655,3.764,3.89,3.943,3.945,3.828,3.617,3.654,3.711,3.552,3.614,3.654,3.736,3.639,3.725,3.728,3.714,3.643,3.552,3.547,3.366,3.434,3.611,3.682,3.765,3.835,3.805,2.356,2.438,2.464,2.456,2.431,2.486,2.45,2.351,2.399,2.391,2.374,2.416,2.372,2.159,2.097,2.113,2.252,2.317,2.356,2.374,2.355,2.315,2.428,2.418,2.352,2.216,2.221,2.264,2.305,2.385,2.088,2.119,2.097,2.117,2.104,2.013,2.054,2.089,2.052,2.084,2.102,2.062,2.007,2.064,2.12,2.122,2.141,2.171,2.135,2.104,2.161,2.214,2.242,2.209,2.206,2.24,2.155,2.22,2.243,2.231,2.231,2.833,2.751,2.655,2.728,2.749,2.76,2.723,2.756,2.702,2.692,2.801,2.817,2.807,2.774,2.779,2.835,2.801,2.83,2.925,2.983,3.034,3.018,2.972,2.868,2.894,2.794,2.868,2.904,2.959,2.953,2.866,3.048,3.086,3.11,3.053,3.065,3.042,2.957,2.989,3.059,3.117,3.131,3.133,3.118,3.044,3.093,3.093,3.082,3.055,3.02,3.021,2.971,3.086,3.137,3.184,3.194,3.215,3.2,3.149,3.061,3.077,3.067,3.055,3.124,3.106,2.985,3.055,3.114,3.147,3.114,3.007,2.953,2.951,3.061,3.084,3.131,3.177,3.167,3.134,3.034,3.067,2.99,3.062,3.111,3.068,3.083,2.967,2.797,2.844,2.976,2.892,2.966,2.989,2.925,3.003,3.002,3.005,3.075,3.045,3.038,2.929,3.024,3.043,2.93,2.943,2.967,2.895,2.875,2.932,2.987,2.892,2.834,2.805,2.849,2.792,2.897,2.941,2.929,2.941,2.923,2.463,2.417,2.432,2.444,2.396,2.424,2.475,2.458,2.405,2.452,2.392,2.314,2.247,2.323,2.306,2.134,2.145,2.096,2.101,2.086,2.115,2.188,2.233,2.284,2.247,2.205,2.214,2.298,2.353,2.219,2.329,2.208,2.377,2.423,2.431,2.373,2.263,2.332,2.294,2.287,2.238,2.164,2.159,2.054,2.239,2.25,2.307,2.323,2.339,2.24,2.126,2.303,2.391,2.522,2.423,2.412,2.346,2.402,2.582,2.669,2.612,3.186,3.076,3.085,3.123,3.301,3.362,3.338,3.275,3.226,3.285,3.065,3.032,2.999,2.959,3.01,3.154,3.182,2.887,2.668,2.671,2.616,2.693,2.836,2.776,2.732,2.821,2.796,2.633,2.684,2.67,2.63,8.476,9.256,9.513,9.668,10.003,10.144,10.474,10.411,10.613,10.63,10.648,10.798,10.89,10.619,10.348,9.729,11.087,10.902,10.615,10.537,10.334,9.892,10.314,10.385,10.434,10.522,10.665,10.57,10.188,10.361,10.294,0.0,0.0,0.0,0.0,0.0,0.0,0.0,0.0,0.0,0.0,0.0,0.0,0.0,0.0,0.0,0.0,0.0,0.0,0.0,0.0,0.0,0.0,0.0,0.0,0.0,0.0,0.0,0.0,0.0,0.0,2.796,2.695,2.63,2.751,2.81,2.866,2.867,2.896,2.854,2.764,2.895,2.925,2.93,2.889,2.799,2.834,2.686,2.622,2.737,2.763,2.746,2.729,2.764,2.597,2.703,2.725,2.719,2.699,2.734,2.706,2.663,3.375,3.375,3.337,3.083,2.986,3.194,3.131,3.3,3.389,3.508,3.412,3.486,3.46,3.403,3.449,3.443,3.482,3.513,3.424,3.426,3.28,3.468,3.521,3.542,3.51,3.484,3.435,3.249,3.31,3.325,3.903,3.793,3.869,3.877,3.794,3.92,3.998,3.987,4.031,3.969,3.934,3.771,3.957,4.088,4.076,4.037,4.016,4.01,3.809,4.083,4.205,4.277,4.32,4.352,4.308,4.179,4.267,4.18,4.078,4.036,4.106,6.539,6.29,6.644,6.826,6.93,6.798,6.77,6.535,6.24,6.449,6.485,6.517,6.647,6.521,6.357,6.354,6.657,6.864,6.868,6.835,6.897,6.529,6.424,6.781,6.821,6.605,6.717,6.814,6.841,6.834,6.96,6.921,6.949,6.682,6.797,6.879,6.78,6.9,7.091,6.964,6.817,6.854,6.838,6.755,6.799,6.846,6.945,6.885,6.92,6.86,6.745,6.919,6.899,6.908,7.102,6.951,6.839,6.583,6.874,6.287,6.158,6.122,6.293,6.394,6.238,6.213,6.259,6.321,6.433,6.516,6.501,6.342,6.484,6.526,6.615,6.591,6.224,6.269,6.391,6.572,6.626,6.664,6.724,6.696,6.651,6.444,6.564,6.626,6.749,6.789,5.189,5.184,5.023,5.202,5.255,5.158,5.24,5.21,5.23,5.065,5.166,5.242,5.252,5.201,5.147,5.222,4.983,5.119,5.209,5.17,5.19,5.201,5.195,5.031,5.207,5.268,5.322,5.287,5.24,5.104,4.373,4.481,4.466,4.572,4.567,4.688,4.659,4.451,4.519,4.449,4.469,4.464,4.422,4.379,4.258,4.431,4.537,4.664,4.619,4.426,4.036,3.751,3.706,4.034,4.335,4.362,4.297,4.26,4.223,4.46,4.524,5.521,5.577,5.57,5.507,5.373,5.521,5.557,5.44,5.388,5.519,5.464,5.305,5.565,5.644,5.493,5.371,5.292,5.165,4.794,4.808,4.849,5.235,5.438,5.375,5.268,5.115,5.413,5.489,5.27,4.907,4.855,4.937,4.812,5.173,5.195,5.189,5.206,5.108,4.895,4.585,4.759,4.771,4.845,4.773,4.785,4.794,4.587,4.934,5.01,4.921,4.62,4.759,4.637,4.309,4.637,4.941,4.997,4.959,5.046,4.882,4.591,3.949,4.049,4.216,4.213,4.066,3.946,3.754,3.846,3.842,3.84,3.619,3.816,3.96,3.692,3.501,3.75,3.966,4.102,4.053,4.002,3.829,4.038,4.139,4.102,4.17,4.307,4.166,3.989,4.277,4.389,4.361,4.679,4.724,4.699,4.424,4.649,4.723,4.742,4.678,4.556,4.441,4.147,4.213,4.231,4.233,4.169,3.961,4.096,4.126,4.358,4.351,4.297,4.118,4.053,3.999,4.012,4.368,4.402,4.387,4.45,4.461,4.311,4.118,4.37,4.501,4.267,4.329,4.308,4.333,4.188,4.321,4.282,4.355,4.359,4.323,4.261,4.113,4.442,4.485,4.492,4.478,4.42,4.303,4.047,3.817,3.737,4.004,4.225,4.312,4.334,4.214,4.258,5.282,5.35,5.304,5.39,5.371,5.26,5.336,5.378,5.38,5.377,5.382,5.221,5.094,5.132,5.268,5.347,5.387,5.434,5.452,5.24,5.432,5.508,5.496,5.493,5.495,5.5,5.379,5.517,5.449,5.455,4.677,4.746,4.754,4.587,4.685,4.793,4.85,4.732,4.697,4.516,4.396,4.628,4.635,4.663,4.75,4.845,4.881,4.772,4.959,4.976,4.937,4.957,5.039,5.006,4.835,4.932,5.026,5.105,5.124,5.065,5.011,4.929,5.063,5.042,4.957,5.02,5.057,5.086,5.04,5.121,5.129,5.175,5.188,5.218,5.033,4.833,4.969,5.07,5.166,5.12,5.184,5.123,4.974,5.011,5.1,5.062,4.731,4.884,5.028,4.901,4.965,4.971,4.85,4.916,5.073,5.058,4.942,4.975,5.061,5.186,5.115,5.123,5.147,4.908,5.142,5.228,5.161,5.149,5.219,5.185,5.049,5.19,5.238,5.221,5.308,5.351,5.246,5.135,5.356,5.299,5.19,5.21,5.317,5.266,5.06,5.162,4.875,4.756,4.937,5.222,5.283,5.149,5.419,5.445,5.431,5.313,5.02,4.748,4.409,4.747,4.93,5.061,5.163,5.192,5.313,5.11,5.305,5.367,5.394,5.368,5.164,4.542,4.483,4.678,4.873,4.89,4.921,4.994,4.882,4.758,4.957,5.055,5.092,5.154,5.103,5.054,4.87,4.999,5.134,5.083,5.018,4.916,4.781,4.393,4.675,4.895,4.9,4.943,4.937,4.751,4.333,5.921,6.149,6.403,6.418,6.62,6.717,6.468,6.733,6.955,7.032,7.139,7.088,6.984,6.615,6.74,6.994,7.175,7.0,7.314,7.235,6.977,7.162,7.212,6.761,6.437,6.166,6.338,6.599,6.917,7.038,6.879,6.446,6.565,6.824,6.327,6.645,6.713,6.854,6.945,6.891,6.63,6.346,6.607,6.573,6.452,6.539,6.716,6.594,6.279,6.483,6.523,6.631,6.672,6.66,6.448,5.909,5.938,6.118,6.055,5.903,5.77,4.313,4.273,4.565,4.591,4.475,4.32,4.39,4.239,4.192,4.545,4.548,4.624,4.555,4.525,4.436,4.313,4.464,4.435,4.333,4.451,4.501,4.293,4.084,4.32,4.357,4.168,4.074,3.962,3.846,3.875,4.131,0.0,0.0,0.0,0.0,0.0,0.0,0.0,0.0,0.0,0.0,0.0,0.0,0.0,0.0,0.0,0.0,0.0,0.0,0.0,0.0,0.0,0.0,0.0,0.0,0.0,0.0,0.0,0.0,0.0,0.0,0.0,4.842,4.757,4.61,4.531,4.621,4.549,4.297,4.227,4.163,3.967,4.195,4.381,4.523,4.698,4.554,4.279,3.957,4.08,4.174,4.331,4.389,4.314,4.139,3.842,4.101,4.307,4.369,4.363,4.414,4.353,4.671,4.634,4.833,4.955,5.015,5.068,5.149,5.131,5.209,5.281,5.379,5.411,5.42,5.374,5.201,5.236,5.092,5.278,5.336,5.349,5.278,5.08,5.05,4.935,5.105,5.266,5.283,5.32,5.115,5.186,5.273,4.744,4.713,4.74,4.655,4.507,4.597,4.639,4.657,4.628,4.464,4.188,3.801,3.727,3.985,4.102,4.207,4.266,4.358,4.213,4.305,4.403,4.438,4.5,4.405,4.28,3.99,4.001,4.06,4.073,3.973,4.388,4.308,4.171,4.214,4.187,4.373,4.498,4.571,4.514,4.361,4.583,4.665,4.674,4.628,4.689,4.681,4.442,4.478,4.657,4.757,4.789,4.907,4.784,4.562,4.728,4.821,4.81,4.763,4.856,4.926,4.76,5.331,5.427,5.567,5.562,5.58,5.436,5.2,5.377,5.371,5.465,5.498,5.578,5.656,5.402,5.45,5.637,5.694,5.698,5.725,5.767,5.643,5.661,5.741,5.706,5.322,4.974,5.135,5.287,5.153,5.22,5.226,5.398,5.471,5.646,5.63,5.5,5.537,5.632,5.771,5.692,5.702,5.728,5.463,5.723,5.818,5.744,5.731,5.808,5.77,5.619,5.776,5.83,5.81,5.907,5.955,5.838,5.714,5.961,5.898,5.209,5.483,5.503,5.616,5.562,5.345,5.453,5.15,5.024,5.215,5.516,5.581,5.439,5.724,5.752,5.737,5.612,5.303,5.016,4.657,5.014,5.208,5.346,5.454,5.485,5.613,5.398,5.604,5.67,5.698,5.671,5.455,4.824,4.761,4.967,5.175,5.193,5.225,5.303,5.185,5.053,5.264,5.368,5.408,5.474,5.419,5.368,5.172,5.308,5.452,5.397,5.329,5.22,5.077,4.665,4.965,5.198,5.203,5.249,5.242,5.045,4.601,4.897,5.086,5.296,5.308,5.476,5.555,5.35,5.569,5.752,5.816,5.905,5.862,5.776,5.471,5.575,5.784,5.934,5.789,6.049,5.984,5.771,5.924,5.965,5.592,5.324,5.1,5.242,5.458,5.721,5.821,5.689,6.446,6.565,6.824,6.327,6.645,6.713,6.854,6.945,6.891,6.63,6.346,6.607,6.573,6.452,6.539,6.716,6.594,6.279,6.483,6.523,6.631,6.672,6.66,6.448,5.909,5.938,6.118,6.055,5.903,5.77,5.196,5.148,5.5,5.532,5.392,5.205,5.289,5.108,5.051,5.476,5.48,5.572,5.489,5.452,5.345,5.197,5.379,5.344,5.221,5.364,5.423,5.173,4.921,5.205,5.25,5.022,4.909,4.774,4.634,4.669,4.978,3.312,3.263,3.307,3.426,3.521,3.328,3.368,3.491,3.591,3.671,3.807,3.66,3.55,3.694,3.629,3.785,3.822,3.791,3.696,3.671,3.789,3.819,3.646,3.62,3.733,3.743,3.655,3.741,3.921,3.988,4.026,2.125,2.088,2.023,1.989,2.028,1.997,1.886,1.855,1.827,1.741,1.841,1.923,1.985,2.062,1.999,1.878,1.737,1.791,1.832,1.901,1.926,1.893,1.817,1.686,1.8,1.89,1.918,1.915,1.937,1.911,4.671,4.634,4.833,4.955,5.015,5.068,5.149,5.131,5.209,5.281,5.379,5.411,5.42,5.374,5.201,5.236,5.092,5.278,5.336,5.349,5.278,5.08,5.05,4.935,5.105,5.266,5.283,5.32,5.115,5.186,5.273,4.744,4.713,4.74,4.655,4.507,4.597,4.639,4.657,4.628,4.464,4.188,3.801,3.727,3.985,4.102,4.207,4.266,4.358,4.213,4.305,4.403,4.438,4.5,4.405,4.28,3.99,4.001,4.06,4.073,3.973,4.388,4.308,4.171,4.214,4.187,4.373,4.498,4.571,4.514,4.361,4.583,4.665,4.674,4.628,4.689,4.681,4.442,4.478,4.657,4.757,4.789,4.907,4.784,4.562,4.728,4.821,4.81,4.763,4.856,4.926,4.76
Guntur_279,6.259,6.302,6.421,6.436,6.197,6.233,6.368,6.377,6.249,6.179,6.292,6.295,6.372,6.258,6.076,6.043,6.325,6.297,6.042,6.3,6.345,6.204,6.274,6.425,6.495,6.198,6.398,6.491,6.541,6.585,6.53,4.889,4.655,4.804,4.928,4.929,4.925,4.98,4.808,4.703,4.783,4.805,4.855,5.027,5.019,5.068,4.856,4.975,5.077,5.056,4.946,4.774,4.815,4.688,4.846,4.932,4.985,4.925,4.897,4.841,5.518,5.675,5.738,5.647,5.558,5.592,5.668,5.502,5.461,5.064,5.262,5.582,5.616,5.58,5.365,5.552,5.729,5.705,6.323,6.231,6.01,5.913,5.809,6.045,6.259,6.328,6.303,6.27,6.075,5.916,5.903,7.048,7.204,7.254,7.208,6.928,7.277,7.312,7.274,7.322,7.377,7.239,7.067,7.469,7.333,7.28,7.068,7.016,6.948,6.715,7.135,7.172,6.995,7.107,7.181,7.111,6.973,7.23,7.238,7.251,7.126,5.89,5.904,5.818,5.988,5.965,6.038,6.199,6.192,6.153,5.909,5.815,5.864,5.842,5.795,5.828,5.76,5.778,5.409,5.664,5.834,5.654,5.577,5.723,5.813,5.557,5.689,5.786,5.952,5.935,5.8,5.665,3.449,3.492,3.483,3.578,3.551,3.573,3.506,3.727,3.793,3.842,3.795,3.805,3.695,3.568,3.748,3.745,3.804,3.856,3.777,3.752,3.607,3.814,3.912,3.864,3.863,3.731,3.652,3.541,3.708,3.893,0.0,0.0,0.0,0.0,0.0,0.0,0.0,0.0,0.0,0.0,0.0,0.0,0.0,0.0,0.0,0.0,0.0,0.0,0.0,0.0,0.0,0.0,0.0,0.0,0.0,0.0,0.0,0.0,0.0,0.0,0.0,0.0,0.0,0.0,0.0,0.0,0.0,0.0,0.0,0.0,0.0,0.0,0.0,0.0,0.0,0.0,0.0,0.0,0.0,0.0,0.0,0.0,0.0,0.0,0.0,0.0,0.0,0.0,0.0,0.0,0.0,0.0,5.286,5.304,5.306,5.409,5.451,5.165,5.221,5.366,5.606,5.527,5.455,5.28,5.12,5.176,5.264,5.338,5.237,5.199,5.339,5.104,5.195,5.125,5.034,5.194,5.219,4.987,4.822,5.194,5.304,5.26,5.672,5.636,5.803,5.622,5.727,5.899,6.095,6.179,6.181,5.999,5.668,5.727,5.815,5.566,5.663,5.726,5.854,5.703,5.837,5.842,5.82,5.709,5.565,5.558,5.274,5.38,5.658,5.769,5.899,6.009,5.962,6.359,6.581,6.651,6.629,6.562,6.71,6.612,6.346,6.477,6.454,6.408,6.521,6.402,5.827,5.662,5.703,6.078,6.253,6.359,6.407,6.357,6.25,6.554,6.528,6.349,5.982,5.995,6.112,6.221,6.439,4.402,4.466,4.42,4.463,4.436,4.244,4.329,4.403,4.325,4.394,4.432,4.347,4.231,4.35,4.468,4.472,4.514,4.577,4.499,4.436,4.555,4.668,4.727,4.656,4.65,4.722,4.543,4.679,4.729,4.703,4.704,4.343,4.216,4.07,4.181,4.214,4.231,4.173,4.224,4.142,4.126,4.294,4.317,4.302,4.252,4.26,4.345,4.293,4.338,4.483,4.572,4.65,4.626,4.555,4.395,4.435,4.283,4.396,4.451,4.535,4.526,4.393,5.682,5.752,5.797,5.691,5.712,5.67,5.511,5.572,5.701,5.809,5.835,5.838,5.812,5.674,5.765,5.765,5.745,5.693,5.63,5.631,5.537,5.753,5.847,5.934,5.953,5.993,5.964,5.87,5.631,5.659,5.64,5.62,5.746,5.713,5.49,5.619,5.727,5.787,5.728,5.531,5.431,5.428,5.631,5.672,5.758,5.843,5.825,5.763,5.581,5.64,5.5,5.631,5.721,5.642,5.67,5.457,5.145,5.23,5.474,5.919,6.071,6.119,5.988,6.148,6.145,6.151,6.294,6.233,6.219,5.995,6.189,6.229,5.998,6.024,6.074,5.926,5.885,6.001,6.113,5.919,5.802,5.742,5.832,5.716,5.931,6.02,5.994,6.019,5.984,7.416,7.277,7.322,7.357,7.215,7.297,7.452,7.399,7.24,7.381,7.202,6.967,6.765,6.994,6.942,6.424,6.459,6.31,6.325,6.279,6.367,6.587,6.722,6.875,6.766,6.639,6.664,6.919,7.083,6.68,7.012,5.338,5.747,5.859,5.876,5.736,5.471,5.637,5.546,5.53,5.411,5.232,5.219,4.965,5.413,5.439,5.578,5.615,5.655,5.415,5.141,5.569,5.78,6.097,5.857,5.832,5.671,5.808,6.242,6.452,6.314,9.996,9.651,9.679,9.798,10.356,10.55,10.474,10.275,10.123,10.307,9.617,9.513,9.41,9.284,9.444,9.895,9.984,9.058,8.37,8.38,8.207,8.451,8.899,8.71,8.572,8.852,8.773,8.261,8.421,8.378,8.251,0.0,0.0,0.0,0.0,0.0,0.0,0.0,0.0,0.0,0.0,0.0,0.0,0.0,0.0,0.0,0.0,0.0,0.0,0.0,0.0,0.0,0.0,0.0,0.0,0.0,0.0,0.0,0.0,0.0,0.0,0.0,49.289,49.887,49.61,47.502,46.899,48.414,46.587,45.6,48.517,47.077,45.018,41.822,43.58,44.545,45.666,45.623,46.761,49.013,49.959,50.501,49.476,47.799,48.045,48.495,47.661,47.353,46.665,46.259,45.99,47.64,5.886,5.674,5.536,5.79,5.916,6.033,6.036,6.096,6.008,5.818,6.094,6.158,6.168,6.081,5.891,5.967,5.654,5.52,5.762,5.816,5.78,5.744,5.819,5.467,5.69,5.738,5.724,5.682,5.755,5.697,5.606,7.311,7.311,7.229,6.678,6.469,6.918,6.782,7.149,7.342,7.6,7.392,7.551,7.495,7.372,7.471,7.459,7.544,7.61,7.417,7.422,7.104,7.513,7.628,7.673,7.604,7.547,7.441,7.038,7.17,7.203,6.597,6.411,6.539,6.552,6.413,6.626,6.758,6.739,6.812,6.708,6.649,6.374,6.687,6.909,6.889,6.822,6.788,6.777,6.438,6.901,7.106,7.229,7.301,7.355,7.282,7.063,7.213,7.064,6.893,6.822,6.94,4.488,4.317,4.56,4.685,4.756,4.666,4.646,4.485,4.283,4.426,4.451,4.473,4.562,4.475,4.363,4.361,4.569,4.711,4.714,4.691,4.734,4.481,4.409,4.654,4.681,4.533,4.61,4.676,4.695,4.691,4.777,8.205,8.238,7.922,8.058,8.155,8.038,8.18,8.407,8.256,8.081,8.126,8.106,8.008,8.06,8.115,8.233,8.162,8.204,8.132,7.997,8.203,8.178,8.189,8.419,8.241,8.107,7.804,8.149,5.414,5.303,5.272,5.419,5.506,5.372,5.35,5.389,5.443,5.539,5.611,5.598,5.461,5.583,5.62,5.696,5.675,5.359,5.398,5.504,5.66,5.706,5.738,5.79,5.766,5.727,5.549,5.652,5.706,5.811,5.846,6.263,6.256,6.062,6.278,6.342,6.225,6.324,6.288,6.312,6.113,6.235,6.326,6.339,6.277,6.212,6.302,6.014,6.178,6.287,6.239,6.264,6.278,6.27,6.072,6.284,6.358,6.423,6.381,6.324,6.16,6.764,6.93,6.906,7.07,7.063,7.251,7.206,6.883,6.989,6.881,6.912,6.903,6.838,6.772,6.586,6.853,7.017,7.213,7.144,6.845,6.243,5.801,5.731,6.239,6.704,6.746,6.645,6.588,6.531,6.897,6.997,9.874,9.974,9.962,9.85,9.61,9.874,9.94,9.729,9.637,9.872,9.773,9.488,9.954,10.094,9.825,9.606,9.466,9.239,8.575,8.6,8.673,9.363,9.726,9.613,9.423,9.148,9.681,9.818,9.426,8.777,8.684,8.831,8.607,9.253,9.292,9.281,9.312,9.137,8.754,8.201,8.513,8.532,8.665,8.537,8.557,8.575,8.204,8.825,8.962,8.802,8.263,8.513,8.293,7.708,8.293,8.837,8.938,8.869,9.026,8.732,8.212,5.498,5.638,5.871,5.867,5.662,5.495,5.227,5.356,5.35,5.347,5.04,5.313,5.515,5.141,4.875,5.222,5.523,5.712,5.644,5.572,5.332,5.622,5.764,5.712,5.807,5.997,5.801,5.555,5.956,6.112,6.072,6.393,6.455,6.421,6.044,6.353,6.453,6.479,6.392,6.226,6.068,5.667,5.757,5.781,5.784,5.696,5.413,5.597,5.637,5.955,5.945,5.872,5.627,5.537,5.464,5.483,5.969,6.015,5.994,6.08,6.096,4.936,4.715,5.003,5.154,4.886,4.956,4.932,4.961,4.795,4.947,4.902,4.986,4.991,4.95,4.878,4.71,5.085,5.135,5.143,5.127,5.061,4.927,4.633,4.37,4.278,4.584,4.837,4.936,4.962,4.825,4.875,5.862,5.937,5.886,5.981,5.96,5.836,5.922,5.968,5.97,5.967,5.973,5.794,5.652,5.695,5.846,5.934,5.978,6.031,6.05,5.815,6.028,6.112,6.098,6.096,6.097,6.103,5.969,6.122,6.047,6.054,5.301,5.379,5.389,5.2,5.31,5.432,5.497,5.364,5.324,5.118,4.982,5.245,5.254,5.285,5.384,5.492,5.532,5.409,5.621,5.64,5.596,5.619,5.711,5.674,5.48,5.591,5.696,5.787,5.808,5.741,5.68,5.172,5.312,5.291,5.202,5.267,5.306,5.337,5.289,5.374,5.382,5.43,5.444,5.475,5.281,5.071,5.214,5.32,5.421,5.373,5.44,5.375,5.219,5.259,5.352,5.312,4.964,5.124,5.276,5.142,5.21,5.216,5.702,5.78,5.964,5.947,5.81,5.849,5.95,6.097,6.013,6.023,6.051,5.771,6.045,6.146,6.068,6.054,6.136,6.096,5.936,6.102,6.158,6.138,6.24,6.291,6.167,6.036,6.297,6.23,4.838,4.856,4.956,4.908,4.717,4.812,4.544,4.434,4.602,4.868,4.925,4.8,5.051,5.076,5.062,4.953,4.679,4.426,4.109,4.425,4.596,4.717,4.813,4.84,4.953,4.764,4.945,5.003,5.028,5.004,4.813,7.19,7.096,7.404,7.714,7.74,7.788,7.904,7.728,7.532,7.846,8.002,8.06,8.159,8.078,8.0,7.709,7.912,8.127,8.045,7.943,7.781,7.568,6.954,7.4,7.747,7.756,7.824,7.814,7.52,6.858,4.313,4.479,4.665,4.675,4.823,4.893,4.712,4.905,5.066,5.122,5.201,5.163,5.088,4.819,4.91,5.095,5.227,5.099,5.328,5.27,5.083,5.217,5.253,4.925,4.689,4.492,4.617,4.807,5.038,5.127,5.011,4.843,4.932,5.127,4.754,4.993,5.043,5.149,5.218,5.177,4.981,4.768,4.964,4.938,4.847,4.913,5.046,4.954,4.717,4.871,4.901,4.982,5.012,5.004,4.845,4.439,4.461,4.597,4.549,4.435,4.335,2.959,2.931,3.132,3.15,3.07,2.964,3.012,2.909,2.876,3.118,3.12,3.173,3.126,3.105,3.044,2.959,3.063,3.043,2.973,3.054,3.088,2.946,2.802,2.964,2.989,2.86,2.795,2.719,2.639,2.658,2.834,6.422,6.327,6.412,6.645,6.828,6.454,6.531,6.77,6.964,7.119,7.382,7.098,6.884,7.163,7.036,7.34,7.411,7.352,7.167,7.118,7.348,7.406,7.069,7.02,7.239,7.258,7.088,7.255,7.603,7.734,7.807,4.629,4.547,4.406,4.331,4.417,4.348,4.108,4.04,3.979,3.792,4.01,4.187,4.324,4.49,4.353,4.09,3.782,3.9,3.99,4.14,4.195,4.123,3.957,3.673,3.92,4.117,4.176,4.17,4.219,4.161,5.066,5.026,5.241,5.374,5.439,5.497,5.584,5.565,5.65,5.728,5.834,5.869,5.878,5.829,5.641,5.679,5.522,5.724,5.787,5.802,5.725,5.51,5.477,5.352,5.537,5.711,5.73,5.77,5.548,5.625,5.719,6.89,6.846,6.886,6.762,6.547,6.678,6.739,6.764,6.722,6.484,6.084,5.521,5.413,5.789,5.958,6.111,6.197,6.331,6.119,6.254,6.395,6.446,6.536,6.398,6.218,5.795,5.812,5.897,5.916,5.772,4.884,4.795,4.642,4.69,4.66,4.867,5.006,5.088,5.024,4.854,5.101,5.192,5.202,5.151,5.219,5.21,4.944,4.983,5.183,5.295,5.33,5.462,5.324,5.078,5.262,5.366,5.353,5.301,5.404,5.483,5.298,4.448,4.528,4.645,4.641,4.656,4.536,4.339,4.487,4.482,4.56,4.588,4.655,4.719,4.508,4.548,4.703,4.751,4.754,4.777,4.812,4.709,4.724,4.791,4.761,4.441,4.15,4.284,4.411,4.299,4.356,4.361,4.874,4.94,5.098,5.083,4.967,4.999,5.086,5.211,5.14,5.148,5.172,4.933,5.167,5.254,5.187,5.175,5.245,5.21,5.074,5.215,5.264,5.246,5.334,5.377,5.272,5.16,5.382,5.325,4.704,5.627,5.648,5.764,5.708,5.485,5.596,5.285,5.156,5.352,5.661,5.727,5.582,5.874,5.903,5.887,5.76,5.442,5.147,4.779,5.146,5.345,5.486,5.597,5.629,5.76,5.54,5.751,5.818,5.848,5.819,5.598,4.858,4.795,5.002,5.212,5.23,5.262,5.341,5.221,5.089,5.301,5.406,5.446,5.512,5.458,5.405,5.209,5.346,5.491,5.435,5.366,5.257,5.113,4.698,5.0,5.234,5.24,5.286,5.28,5.081,4.634,5.834,6.059,6.31,6.324,6.524,6.619,6.374,6.635,6.853,6.929,7.035,6.984,6.882,6.519,6.642,6.891,7.07,6.898,7.207,7.129,6.875,7.058,7.106,6.663,6.343,6.076,6.246,6.502,6.816,6.935,6.778,4.843,4.932,5.127,4.754,4.993,5.043,5.149,5.218,5.177,4.981,4.768,4.964,4.938,4.847,4.913,5.046,4.954,4.717,4.871,4.901,4.982,5.012,5.004,4.845,4.439,4.461,4.597,4.549,4.435,4.335,6.191,6.133,6.553,6.591,6.424,6.201,6.302,6.086,6.018,6.525,6.529,6.638,6.54,6.496,6.368,6.191,6.408,6.367,6.22,6.39,6.461,6.163,5.863,6.201,6.255,5.984,5.848,5.688,5.521,5.562,5.93,3.359,3.31,3.354,3.476,3.572,3.376,3.417,3.541,3.643,3.724,3.861,3.713,3.601,3.747,3.681,3.84,3.877,3.846,3.749,3.723,3.844,3.874,3.698,3.672,3.786,3.796,3.708,3.795,3.977,4.046,4.084,6.925,6.803,6.593,6.48,6.609,6.506,6.145,6.045,5.953,5.673,6.0,6.265,6.469,6.718,6.512,6.119,5.659,5.835,5.969,6.194,6.277,6.169,5.92,5.495,5.865,6.159,6.249,6.239,6.312,6.225,5.066,5.026,5.241,5.374,5.439,5.497,5.584,5.565,5.65,5.728,5.834,5.869,5.878,5.829,5.641,5.679,5.522,5.724,5.787,5.802,5.725,5.51,5.477,5.352,5.537,5.711,5.73,5.77,5.548,5.625,5.719,6.89,6.846,6.886,6.762,6.547,6.678,6.739,6.764,6.722,6.484,6.084,5.521,5.413,5.789,5.958,6.111,6.197,6.331,6.119,6.254,6.395,6.446,6.536,6.398,6.218,5.795,5.812,5.897,5.916,5.772,4.884,4.795,4.642,4.69,4.66,4.867,5.006,5.088,5.024,4.854,5.101,5.192,5.202,5.151,5.219,5.21,4.944,4.983,5.183,5.295,5.33,5.462,5.324,5.078,5.262,5.366,5.353,5.301,5.404,5.483,5.298
Guntur_280,7.476,7.528,7.67,7.689,7.403,7.445,7.607,7.617,7.465,7.382,7.517,7.52,7.611,7.476,7.258,7.219,7.556,7.522,7.218,7.525,7.58,7.411,7.494,7.675,7.759,7.404,7.642,7.754,7.813,7.866,7.801,5.254,5.002,5.162,5.296,5.297,5.292,5.351,5.167,5.054,5.14,5.164,5.217,5.402,5.393,5.446,5.218,5.346,5.455,5.433,5.315,5.13,5.174,5.038,5.207,5.299,5.357,5.293,5.262,5.202,4.631,4.763,4.816,4.74,4.665,4.694,4.757,4.618,4.583,4.25,4.416,4.685,4.713,4.683,4.503,4.66,4.808,4.788,5.307,5.229,5.044,4.963,4.875,5.073,5.253,5.311,5.29,5.262,5.099,4.965,4.954,5.688,5.814,5.854,5.816,5.591,5.872,5.9,5.87,5.908,5.953,5.842,5.703,6.028,5.917,5.875,5.704,5.662,5.607,5.419,5.757,5.788,5.645,5.735,5.795,5.739,5.627,5.835,5.841,5.851,5.75,8.513,8.533,8.409,8.655,8.622,8.728,8.96,8.949,8.894,8.541,8.404,8.476,8.444,8.375,8.423,8.325,8.352,7.818,8.186,8.432,8.172,8.061,8.272,8.401,8.032,8.223,8.363,8.602,8.578,8.383,8.188,6.316,6.396,6.379,6.553,6.503,6.544,6.42,6.825,6.947,7.037,6.951,6.969,6.766,6.535,6.865,6.859,6.966,7.062,6.917,6.872,6.606,6.985,7.165,7.076,7.074,6.834,6.688,6.485,6.791,7.13,0.0,0.0,0.0,0.0,0.0,0.0,0.0,0.0,0.0,0.0,0.0,0.0,0.0,0.0,0.0,0.0,0.0,0.0,0.0,0.0,0.0,0.0,0.0,0.0,0.0,0.0,0.0,0.0,0.0,0.0,0.0,0.0,0.0,0.0,0.0,0.0,0.0,0.0,0.0,0.0,0.0,0.0,0.0,0.0,0.0,0.0,0.0,0.0,0.0,0.0,0.0,0.0,0.0,0.0,0.0,0.0,0.0,0.0,0.0,0.0,0.0,0.0,5.632,5.651,5.653,5.762,5.807,5.503,5.562,5.717,5.973,5.889,5.812,5.626,5.454,5.515,5.608,5.687,5.579,5.539,5.688,5.438,5.535,5.46,5.363,5.533,5.56,5.313,5.137,5.533,5.651,5.604,4.876,4.845,4.988,4.832,4.923,5.07,5.239,5.311,5.313,5.156,4.872,4.922,4.999,4.784,4.867,4.922,5.032,4.902,5.017,5.022,5.003,4.907,4.784,4.777,4.534,4.625,4.864,4.959,5.07,5.165,5.124,8.465,8.761,8.855,8.825,8.736,8.933,8.803,8.449,8.622,8.592,8.531,8.681,8.523,7.758,7.537,7.593,8.091,8.325,8.466,8.53,8.463,8.32,8.726,8.69,8.452,7.964,7.981,8.137,8.282,8.572,4.3,4.363,4.317,4.36,4.333,4.146,4.229,4.301,4.224,4.292,4.329,4.246,4.133,4.25,4.364,4.368,4.409,4.471,4.395,4.333,4.45,4.56,4.618,4.549,4.542,4.613,4.438,4.57,4.619,4.594,4.595,4.221,4.098,3.956,4.064,4.096,4.112,4.057,4.105,4.026,4.011,4.174,4.197,4.182,4.133,4.14,4.224,4.172,4.217,4.357,4.444,4.52,4.497,4.428,4.272,4.311,4.163,4.273,4.326,4.408,4.399,4.27,6.674,6.756,6.81,6.685,6.71,6.66,6.474,6.545,6.697,6.823,6.855,6.858,6.827,6.665,6.772,6.772,6.748,6.688,6.613,6.615,6.504,6.757,6.868,6.97,6.993,7.039,7.006,6.895,5.551,5.579,5.561,5.54,5.664,5.632,5.413,5.54,5.646,5.706,5.647,5.453,5.354,5.351,5.551,5.592,5.677,5.76,5.743,5.682,5.502,5.56,5.422,5.551,5.64,5.562,5.59,5.38,5.072,5.156,5.397,5.543,5.685,5.73,5.607,5.756,5.754,5.76,5.894,5.837,5.823,5.614,5.795,5.832,5.616,5.641,5.687,5.549,5.511,5.62,5.725,5.542,5.433,5.377,5.461,5.352,5.553,5.637,5.613,5.637,5.603,7.12,6.987,7.029,7.063,6.927,7.006,7.155,7.103,6.951,7.086,6.914,6.688,6.495,6.714,6.665,6.168,6.2,6.058,6.073,6.028,6.112,6.324,6.454,6.6,6.495,6.374,6.398,6.642,6.8,6.413,6.732,5.137,5.53,5.638,5.655,5.52,5.264,5.424,5.337,5.322,5.207,5.035,5.022,4.778,5.209,5.234,5.368,5.404,5.442,5.211,4.947,5.359,5.562,5.867,5.636,5.612,5.457,5.589,6.006,6.209,6.076,9.996,9.651,9.679,9.798,10.356,10.55,10.474,10.275,10.123,10.307,9.617,9.513,9.41,9.284,9.444,9.895,9.984,9.058,8.37,8.38,8.207,8.451,8.899,8.71,8.572,8.852,8.773,8.261,8.421,8.378,8.251,0.0,0.0,0.0,0.0,0.0,0.0,0.0,0.0,0.0,0.0,0.0,0.0,0.0,0.0,0.0,0.0,0.0,0.0,0.0,0.0,0.0,0.0,0.0,0.0,0.0,0.0,0.0,0.0,0.0,0.0,0.0,32.678,33.075,32.892,31.494,31.094,32.098,30.887,30.232,32.167,31.212,29.847,27.728,28.894,29.534,30.277,30.248,31.003,32.496,33.123,33.482,32.802,31.691,31.854,32.152,31.599,31.395,30.939,30.67,30.491,31.585,5.26,5.069,4.946,5.174,5.286,5.391,5.393,5.447,5.368,5.198,5.445,5.502,5.511,5.433,5.264,5.332,5.052,4.932,5.148,5.197,5.164,5.133,5.2,4.885,5.084,5.126,5.114,5.077,5.142,5.091,5.009,4.844,4.844,4.79,4.425,4.286,4.584,4.494,4.737,4.865,5.036,4.898,5.003,4.966,4.885,4.95,4.942,4.998,5.042,4.914,4.917,4.707,4.978,5.054,5.084,5.038,5.0,4.93,4.663,4.75,4.772,5.767,5.604,5.715,5.727,5.605,5.792,5.907,5.891,5.955,5.864,5.812,5.571,5.846,6.039,6.022,5.964,5.933,5.924,5.628,6.032,6.212,6.319,6.382,6.429,6.365,6.174,6.305,6.175,6.026,5.963,6.066,4.417,4.248,4.487,4.611,4.681,4.592,4.573,4.414,4.215,4.356,4.38,4.402,4.489,4.404,4.294,4.292,4.497,4.636,4.639,4.617,4.659,4.41,4.339,4.58,4.607,4.461,4.537,4.602,4.621,4.616,4.701,7.176,7.204,6.928,7.047,7.132,7.03,7.154,7.352,7.22,7.067,7.106,7.089,7.003,7.049,7.097,7.2,7.138,7.175,7.112,6.993,7.174,7.152,7.161,7.363,7.207,7.09,6.825,7.127,4.436,4.345,4.319,4.44,4.512,4.401,4.384,4.416,4.46,4.539,4.598,4.587,4.475,4.575,4.605,4.667,4.65,4.391,4.423,4.51,4.637,4.675,4.702,4.744,4.724,4.692,4.547,4.631,4.675,4.761,4.79,6.391,6.384,6.186,6.406,6.472,6.353,6.454,6.416,6.44,6.237,6.362,6.455,6.468,6.405,6.339,6.431,6.137,6.304,6.415,6.367,6.391,6.406,6.398,6.195,6.412,6.488,6.554,6.511,6.453,6.286,6.226,6.379,6.357,6.508,6.502,6.674,6.633,6.336,6.433,6.334,6.362,6.354,6.294,6.233,6.062,6.308,6.459,6.639,6.575,6.301,5.746,5.34,5.275,5.743,6.171,6.21,6.117,6.064,6.012,6.349,6.44,5.75,5.808,5.801,5.735,5.595,5.749,5.788,5.665,5.612,5.748,5.69,5.525,5.796,5.878,5.721,5.593,5.512,5.379,4.993,5.008,5.05,5.452,5.663,5.597,5.486,5.327,5.637,5.717,5.489,5.11,5.056,5.142,5.011,5.387,5.411,5.404,5.422,5.32,5.097,4.775,4.957,4.968,5.045,4.971,4.983,4.993,4.777,5.139,5.218,5.125,4.811,4.957,4.829,4.488,4.829,5.146,5.204,5.164,5.255,5.084,4.782,3.057,3.135,3.264,3.262,3.148,3.055,2.906,2.978,2.974,2.973,2.802,2.954,3.066,2.858,2.711,2.903,3.07,3.176,3.138,3.098,2.965,3.126,3.204,3.176,3.229,3.334,3.225,3.088,3.312,3.398,3.376,7.302,7.372,7.334,6.903,7.256,7.37,7.4,7.3,7.11,6.931,6.472,6.575,6.603,6.607,6.506,6.182,6.392,6.439,6.802,6.79,6.706,6.427,6.325,6.241,6.262,6.817,6.87,6.846,6.944,6.962,5.693,5.439,5.771,5.945,5.635,5.717,5.689,5.722,5.531,5.707,5.655,5.751,5.757,5.709,5.627,5.432,5.866,5.923,5.932,5.913,5.837,5.683,5.344,5.04,4.935,5.288,5.579,5.694,5.723,5.565,5.624,5.005,5.069,5.025,5.107,5.089,4.983,5.056,5.096,5.097,5.095,5.1,4.947,4.826,4.863,4.992,5.067,5.104,5.149,5.166,4.965,5.147,5.219,5.207,5.205,5.206,5.211,5.096,5.227,5.163,5.169,4.532,4.598,4.606,4.445,4.539,4.644,4.699,4.585,4.551,4.375,4.259,4.484,4.491,4.518,4.602,4.695,4.729,4.624,4.805,4.821,4.784,4.803,4.882,4.851,4.685,4.779,4.869,4.947,4.964,4.908,4.856,5.0,5.136,5.115,5.029,5.092,5.13,5.16,5.113,5.195,5.203,5.25,5.263,5.293,5.106,4.902,5.041,5.143,5.24,5.194,5.259,5.196,5.046,5.084,5.174,5.135,4.799,4.954,5.101,4.971,5.037,5.043,5.941,6.022,6.215,6.197,6.054,6.094,6.2,6.353,6.266,6.276,6.305,6.013,6.299,6.404,6.323,6.308,6.393,6.352,6.185,6.358,6.417,6.396,6.502,6.555,6.426,6.29,6.561,6.492,4.986,5.005,5.107,5.058,4.861,4.959,4.683,4.569,4.742,5.017,5.075,4.947,5.205,5.231,5.217,5.104,4.823,4.561,4.235,4.56,4.736,4.862,4.96,4.988,5.104,4.909,5.096,5.156,5.182,5.157,4.961,7.425,7.328,7.646,7.966,7.994,8.043,8.163,7.981,7.778,8.102,8.263,8.324,8.426,8.342,8.262,7.961,8.171,8.392,8.308,8.202,8.035,7.815,7.181,7.642,8.001,8.009,8.08,8.07,7.766,7.082,4.836,5.023,5.23,5.242,5.408,5.487,5.283,5.5,5.681,5.744,5.831,5.789,5.705,5.404,5.506,5.713,5.861,5.718,5.974,5.91,5.699,5.85,5.891,5.523,5.258,5.037,5.177,5.39,5.65,5.748,5.619,6.217,6.332,6.582,6.103,6.409,6.474,6.611,6.699,6.646,6.394,6.12,6.372,6.339,6.223,6.307,6.477,6.359,6.056,6.253,6.292,6.395,6.435,6.424,6.219,5.699,5.727,5.901,5.84,5.693,5.565,2.959,2.931,3.132,3.15,3.07,2.964,3.012,2.909,2.876,3.118,3.12,3.173,3.126,3.105,3.044,2.959,3.063,3.043,2.973,3.054,3.088,2.946,2.802,2.964,2.989,2.86,2.795,2.719,2.639,2.658,2.834,11.354,11.185,11.336,11.747,12.072,11.411,11.547,11.968,12.312,12.585,13.05,12.548,12.171,12.664,12.44,12.977,13.102,12.997,12.671,12.584,12.99,13.093,12.498,12.411,12.797,12.831,12.531,12.827,13.442,13.673,13.801,3.914,3.845,3.726,3.663,3.736,3.677,3.474,3.416,3.365,3.207,3.391,3.541,3.656,3.797,3.681,3.459,3.199,3.298,3.374,3.501,3.548,3.487,3.346,3.106,3.315,3.481,3.532,3.526,3.568,3.519,5.932,5.886,6.138,6.294,6.37,6.437,6.54,6.517,6.617,6.708,6.832,6.873,6.884,6.826,6.605,6.65,6.467,6.704,6.777,6.794,6.704,6.452,6.414,6.268,6.484,6.688,6.71,6.757,6.497,6.587,6.697,5.72,5.683,5.716,5.614,5.435,5.544,5.594,5.615,5.58,5.382,5.051,4.583,4.494,4.806,4.946,5.073,5.145,5.256,5.08,5.191,5.309,5.351,5.426,5.311,5.162,4.811,4.825,4.895,4.911,4.791,4.988,4.897,4.741,4.79,4.76,4.971,5.113,5.196,5.131,4.957,5.21,5.303,5.313,5.261,5.33,5.321,5.05,5.09,5.293,5.408,5.443,5.578,5.438,5.186,5.374,5.48,5.467,5.414,5.52,5.599,5.411,4.883,4.972,5.1,5.096,5.112,4.98,4.764,4.926,4.921,5.007,5.037,5.11,5.181,4.949,4.993,5.164,5.216,5.22,5.245,5.283,5.17,5.187,5.26,5.228,4.876,4.557,4.704,4.843,4.72,4.782,4.788,5.593,5.669,5.85,5.833,5.699,5.737,5.836,5.98,5.898,5.908,5.935,5.66,5.93,6.029,5.952,5.938,6.018,5.979,5.822,5.985,6.04,6.02,6.121,6.171,6.049,5.921,6.176,6.111,5.398,5.645,5.667,5.783,5.727,5.504,5.615,5.302,5.173,5.369,5.68,5.746,5.601,5.894,5.922,5.907,5.779,5.46,5.165,4.795,5.163,5.363,5.504,5.616,5.647,5.779,5.558,5.77,5.838,5.867,5.839,5.617,4.335,4.279,4.464,4.651,4.667,4.696,4.766,4.66,4.541,4.73,4.825,4.86,4.919,4.87,4.824,4.648,4.77,4.9,4.851,4.789,4.691,4.563,4.193,4.462,4.671,4.676,4.718,4.711,4.534,4.135,5.403,5.612,5.844,5.857,6.042,6.13,5.903,6.145,6.347,6.417,6.515,6.468,6.374,6.037,6.151,6.382,6.548,6.388,6.675,6.602,6.367,6.536,6.581,6.17,5.874,5.627,5.784,6.022,6.312,6.422,6.278,6.217,6.332,6.582,6.103,6.409,6.474,6.611,6.699,6.646,6.394,6.12,6.372,6.339,6.223,6.307,6.477,6.359,6.056,6.253,6.292,6.395,6.435,6.424,6.219,5.699,5.727,5.901,5.84,5.693,5.565,5.734,5.68,6.069,6.104,5.949,5.743,5.836,5.636,5.573,6.043,6.046,6.148,6.056,6.016,5.898,5.734,5.935,5.897,5.761,5.918,5.984,5.708,5.43,5.743,5.792,5.542,5.416,5.268,5.113,5.151,5.492,3.359,3.31,3.354,3.476,3.572,3.376,3.417,3.541,3.643,3.724,3.861,3.713,3.601,3.747,3.681,3.84,3.877,3.846,3.749,3.723,3.844,3.874,3.698,3.672,3.786,3.796,3.708,3.795,3.977,4.046,4.084,5.304,5.21,5.049,4.963,5.062,4.983,4.707,4.629,4.56,4.345,4.595,4.798,4.955,5.145,4.988,4.686,4.334,4.469,4.572,4.744,4.807,4.725,4.534,4.208,4.492,4.717,4.786,4.779,4.835,4.768,5.932,5.886,6.138,6.294,6.37,6.437,6.54,6.517,6.617,6.708,6.832,6.873,6.884,6.826,6.605,6.65,6.467,6.704,6.777,6.794,6.704,6.452,6.414,6.268,6.484,6.688,6.71,6.757,6.497,6.587,6.697,5.72,5.683,5.716,5.614,5.435,5.544,5.594,5.615,5.58,5.382,5.051,4.583,4.494,4.806,4.946,5.073,5.145,5.256,5.08,5.191,5.309,5.351,5.426,5.311,5.162,4.811,4.825,4.895,4.911,4.791,4.988,4.897,4.741,4.79,4.76,4.971,5.113,5.196,5.131,4.957,5.21,5.303,5.313,5.261,5.33,5.321,5.05,5.09,5.293,5.408,5.443,5.578,5.438,5.186,5.374,5.48,5.467,5.414,5.52,5.599,5.411
Guntur_281,7.495,7.547,7.689,7.708,7.422,7.464,7.627,7.637,7.484,7.4,7.536,7.539,7.631,7.495,7.277,7.237,7.575,7.541,7.236,7.544,7.599,7.43,7.513,7.695,7.778,7.423,7.662,7.774,7.833,7.885,7.821,5.831,5.551,5.729,5.877,5.878,5.873,5.938,5.734,5.608,5.704,5.731,5.79,5.995,5.985,6.044,5.791,5.933,6.054,6.029,5.898,5.693,5.742,5.591,5.779,5.881,5.945,5.874,5.839,5.773,4.188,4.307,4.354,4.286,4.218,4.244,4.302,4.176,4.144,3.843,3.993,4.236,4.262,4.235,4.072,4.214,4.348,4.329,4.799,4.729,4.561,4.488,4.408,4.587,4.75,4.803,4.784,4.759,4.611,4.49,4.48,5.712,5.839,5.879,5.841,5.615,5.897,5.926,5.896,5.934,5.979,5.867,5.728,6.054,5.943,5.901,5.728,5.686,5.631,5.442,5.782,5.813,5.67,5.76,5.82,5.763,5.651,5.86,5.866,5.877,5.775,7.919,7.937,7.821,8.05,8.02,8.118,8.334,8.324,8.273,7.944,7.817,7.883,7.854,7.79,7.835,7.744,7.768,7.272,7.614,7.843,7.601,7.497,7.694,7.815,7.471,7.649,7.779,8.001,7.979,7.797,7.616,6.88,6.968,6.949,7.139,7.084,7.128,6.994,7.435,7.568,7.666,7.572,7.592,7.371,7.119,7.478,7.472,7.589,7.693,7.535,7.486,7.196,7.609,7.806,7.708,7.707,7.444,7.285,7.064,7.398,7.767,0.0,0.0,0.0,0.0,0.0,0.0,0.0,0.0,0.0,0.0,0.0,0.0,0.0,0.0,0.0,0.0,0.0,0.0,0.0,0.0,0.0,0.0,0.0,0.0,0.0,0.0,0.0,0.0,0.0,0.0,0.0,0.0,0.0,0.0,0.0,0.0,0.0,0.0,0.0,0.0,0.0,0.0,0.0,0.0,0.0,0.0,0.0,0.0,0.0,0.0,0.0,0.0,0.0,0.0,0.0,0.0,0.0,0.0,0.0,0.0,0.0,0.0,5.613,5.632,5.634,5.743,5.788,5.484,5.544,5.698,5.953,5.869,5.792,5.607,5.436,5.496,5.589,5.668,5.561,5.52,5.669,5.42,5.517,5.442,5.345,5.515,5.542,5.295,5.12,5.515,5.632,5.586,5.906,5.869,6.042,5.853,5.963,6.142,6.346,6.434,6.436,6.246,5.901,5.963,6.055,5.796,5.896,5.962,6.095,5.938,6.077,6.083,6.06,5.944,5.795,5.787,5.492,5.602,5.892,6.007,6.142,6.257,6.208,8.548,8.847,8.942,8.912,8.821,9.02,8.889,8.532,8.707,8.677,8.615,8.766,8.606,7.834,7.611,7.667,8.171,8.406,8.549,8.614,8.546,8.402,8.811,8.776,8.535,8.042,8.059,8.217,8.363,8.656,6.431,6.525,6.457,6.52,6.48,6.201,6.324,6.433,6.318,6.42,6.475,6.351,6.181,6.356,6.527,6.534,6.595,6.686,6.574,6.481,6.655,6.82,6.906,6.803,6.793,6.899,6.637,6.836,6.909,6.871,6.872,6.415,6.228,6.012,6.176,6.225,6.249,6.165,6.239,6.118,6.095,6.343,6.377,6.355,6.28,6.292,6.419,6.341,6.408,6.622,6.753,6.87,6.834,6.729,6.493,6.552,6.326,6.493,6.575,6.699,6.686,6.489,6.421,6.5,6.552,6.432,6.455,6.408,6.228,6.297,6.443,6.565,6.595,6.598,6.568,6.412,6.515,6.516,6.492,6.434,6.362,6.364,6.258,6.501,6.608,6.706,6.728,6.773,6.741,6.634,6.854,6.889,6.866,6.84,6.994,6.954,6.683,6.84,6.97,7.044,6.973,6.733,6.61,6.607,6.854,6.904,7.009,7.112,7.091,7.015,6.793,6.865,6.694,6.854,6.964,6.867,6.902,6.643,6.263,6.366,6.663,6.981,7.16,7.217,7.062,7.25,7.248,7.254,7.423,7.352,7.334,7.071,7.299,7.346,7.074,7.105,7.163,6.989,6.941,7.078,7.21,6.981,6.843,6.772,6.879,6.741,6.995,7.1,7.07,7.099,7.057,6.837,6.709,6.749,6.782,6.651,6.727,6.87,6.821,6.674,6.804,6.639,6.422,6.236,6.447,6.4,5.922,5.954,5.817,5.831,5.789,5.869,6.072,6.197,6.338,6.237,6.12,6.144,6.378,6.529,6.158,6.464,4.958,5.337,5.441,5.458,5.328,5.081,5.236,5.151,5.136,5.026,4.859,4.847,4.612,5.028,5.052,5.181,5.215,5.252,5.03,4.775,5.173,5.368,5.663,5.44,5.416,5.267,5.395,5.797,5.993,5.865,14.559,14.057,14.098,14.271,15.084,15.366,15.256,14.966,14.744,15.012,14.007,13.855,13.705,13.522,13.755,14.412,14.542,13.193,12.192,12.205,11.953,12.309,12.962,12.686,12.486,12.893,12.778,12.032,12.266,12.202,12.018,0.0,0.0,0.0,0.0,0.0,0.0,0.0,0.0,0.0,0.0,0.0,0.0,0.0,0.0,0.0,0.0,0.0,0.0,0.0,0.0,0.0,0.0,0.0,0.0,0.0,0.0,0.0,0.0,0.0,0.0,0.0,32.068,32.458,32.277,30.906,30.513,31.499,30.31,29.668,31.566,30.629,29.29,27.21,28.354,28.982,29.711,29.683,30.424,31.889,32.505,32.857,32.19,31.099,31.259,31.552,31.009,30.809,30.361,30.097,29.922,30.995,4.3,4.144,4.043,4.229,4.321,4.407,4.409,4.453,4.388,4.25,4.451,4.498,4.505,4.442,4.303,4.359,4.13,4.032,4.209,4.249,4.222,4.196,4.251,3.994,4.156,4.191,4.181,4.15,4.204,4.162,4.095,4.588,4.587,4.536,4.191,4.059,4.341,4.256,4.486,4.607,4.769,4.638,4.738,4.703,4.626,4.688,4.68,4.734,4.775,4.654,4.657,4.458,4.715,4.786,4.815,4.771,4.735,4.669,4.416,4.499,4.52,5.943,5.775,5.89,5.903,5.777,5.969,6.088,6.071,6.137,6.043,5.99,5.742,6.024,6.224,6.206,6.146,6.115,6.105,5.8,6.217,6.402,6.512,6.577,6.626,6.56,6.363,6.498,6.364,6.21,6.146,6.252,5.929,5.702,6.023,6.189,6.283,6.163,6.138,5.924,5.658,5.846,5.88,5.908,6.026,5.912,5.763,5.761,6.036,6.223,6.227,6.197,6.253,5.92,5.824,6.147,6.184,5.988,6.09,6.177,6.202,6.196,6.31,6.691,6.717,6.459,6.571,6.65,6.554,6.67,6.855,6.732,6.59,6.626,6.61,6.53,6.572,6.617,6.713,6.655,6.69,6.631,6.521,6.689,6.669,6.677,6.865,6.72,6.611,6.364,6.645,5.735,5.618,5.585,5.741,5.833,5.69,5.668,5.709,5.766,5.868,5.944,5.93,5.785,5.915,5.954,6.035,6.012,5.677,5.718,5.83,5.995,6.045,6.079,6.134,6.108,6.067,5.879,5.988,6.045,6.156,6.193,6.57,6.563,6.359,6.585,6.653,6.53,6.634,6.596,6.621,6.412,6.541,6.636,6.65,6.585,6.517,6.611,6.309,6.481,6.594,6.545,6.57,6.585,6.577,6.369,6.592,6.67,6.738,6.693,6.633,6.462,6.21,6.363,6.341,6.492,6.486,6.657,6.616,6.32,6.417,6.318,6.347,6.338,6.279,6.218,6.047,6.292,6.443,6.623,6.559,6.285,5.732,5.326,5.262,5.729,6.155,6.195,6.101,6.049,5.997,6.333,6.425,5.75,5.808,5.801,5.735,5.595,5.749,5.788,5.665,5.612,5.748,5.69,5.525,5.796,5.878,5.721,5.593,5.512,5.379,4.993,5.008,5.05,5.452,5.663,5.597,5.486,5.327,5.637,5.717,5.489,5.11,5.056,5.142,5.011,5.387,5.411,5.404,5.422,5.32,5.097,4.775,4.957,4.968,5.045,4.971,4.983,4.993,4.777,5.139,5.218,5.125,4.811,4.957,4.829,4.488,4.829,5.146,5.204,5.164,5.255,5.084,4.782,3.057,3.135,3.264,3.262,3.148,3.055,2.906,2.978,2.974,2.973,2.802,2.954,3.066,2.858,2.711,2.903,3.07,3.176,3.138,3.098,2.965,3.126,3.204,3.176,3.229,3.334,3.225,3.088,3.312,3.398,3.376,8.507,8.589,8.544,8.043,8.454,8.587,8.622,8.505,8.284,8.075,7.54,7.66,7.693,7.697,7.58,7.202,7.447,7.501,7.924,7.911,7.813,7.488,7.368,7.271,7.295,7.942,8.003,7.976,8.09,8.112,6.773,6.47,6.865,7.072,6.704,6.8,6.767,6.806,6.579,6.788,6.727,6.842,6.849,6.792,6.694,6.462,6.978,7.045,7.057,7.034,6.944,6.76,6.358,5.996,5.87,6.29,6.637,6.773,6.808,6.621,6.69,4.635,4.695,4.654,4.729,4.713,4.615,4.683,4.719,4.72,4.718,4.723,4.582,4.47,4.504,4.623,4.692,4.727,4.769,4.784,4.598,4.766,4.833,4.822,4.82,4.821,4.826,4.72,4.841,4.781,4.787,4.252,4.315,4.322,4.17,4.259,4.357,4.409,4.302,4.27,4.105,3.996,4.207,4.213,4.239,4.318,4.405,4.437,4.338,4.508,4.523,4.488,4.507,4.581,4.551,4.395,4.484,4.569,4.641,4.658,4.604,4.556,7.634,7.841,7.809,7.678,7.774,7.831,7.877,7.806,7.931,7.943,8.015,8.035,8.081,7.795,7.484,7.696,7.851,8.001,7.93,8.028,7.933,7.704,7.761,7.899,7.84,7.327,7.563,7.787,7.59,7.69,7.699,6.738,6.829,7.048,7.027,6.866,6.911,7.031,7.204,7.105,7.117,7.15,6.819,7.143,7.262,7.17,7.154,7.25,7.203,7.014,7.21,7.277,7.253,7.373,7.434,7.287,7.133,7.44,7.362,5.444,5.464,5.576,5.523,5.307,5.415,5.113,4.989,5.178,5.477,5.541,5.401,5.683,5.711,5.696,5.572,5.265,4.98,4.624,4.978,5.171,5.308,5.415,5.446,5.573,5.36,5.564,5.629,5.658,5.63,5.416,6.115,6.035,6.297,6.56,6.583,6.624,6.722,6.572,6.405,6.672,6.805,6.855,6.939,6.87,6.804,6.556,6.729,6.911,6.842,6.755,6.617,6.436,5.914,6.293,6.589,6.596,6.654,6.646,6.395,5.833,5.085,5.281,5.499,5.512,5.686,5.769,5.555,5.783,5.973,6.039,6.131,6.087,5.998,5.682,5.789,6.006,6.162,6.012,6.281,6.214,5.992,6.151,6.194,5.807,5.528,5.296,5.444,5.667,5.94,6.044,5.908,7.928,8.074,8.393,7.782,8.173,8.256,8.43,8.542,8.475,8.154,7.804,8.125,8.084,7.935,8.043,8.26,8.109,7.722,7.974,8.023,8.155,8.205,8.192,7.931,7.267,7.303,7.525,7.447,7.26,7.097,0.0,0.0,0.0,0.0,0.0,0.0,0.0,0.0,0.0,0.0,0.0,0.0,0.0,0.0,0.0,0.0,0.0,0.0,0.0,0.0,0.0,0.0,0.0,0.0,0.0,0.0,0.0,0.0,0.0,0.0,0.0,11.354,11.185,11.336,11.747,12.072,11.411,11.547,11.968,12.312,12.585,13.05,12.548,12.171,12.664,12.44,12.977,13.102,12.997,12.671,12.584,12.99,13.093,12.498,12.411,12.797,12.831,12.531,12.827,13.442,13.673,13.801,4.25,4.175,4.046,3.977,4.056,3.993,3.772,3.71,3.654,3.482,3.682,3.845,3.97,4.123,3.997,3.755,3.473,3.581,3.664,3.801,3.852,3.786,3.633,3.372,3.599,3.78,3.835,3.829,3.874,3.821,5.837,5.791,6.039,6.192,6.267,6.334,6.434,6.412,6.51,6.6,6.722,6.762,6.773,6.716,6.499,6.543,6.363,6.596,6.668,6.685,6.596,6.348,6.311,6.167,6.379,6.581,6.602,6.648,6.392,6.481,6.589,5.242,5.208,5.239,5.145,4.981,5.081,5.127,5.146,5.114,4.933,4.629,4.201,4.118,4.404,4.533,4.649,4.715,4.817,4.655,4.758,4.865,4.904,4.973,4.868,4.73,4.409,4.422,4.486,4.501,4.391,4.586,4.503,4.359,4.405,4.377,4.571,4.701,4.778,4.718,4.558,4.791,4.876,4.885,4.838,4.901,4.892,4.643,4.68,4.867,4.972,5.005,5.129,5.0,4.769,4.942,5.039,5.027,4.978,5.075,5.149,4.975,6.074,6.184,6.343,6.338,6.358,6.194,5.925,6.126,6.12,6.227,6.264,6.356,6.444,6.155,6.21,6.423,6.487,6.492,6.523,6.571,6.43,6.451,6.542,6.502,6.064,5.667,5.85,6.024,5.871,5.948,5.955,6.415,6.502,6.71,6.69,6.537,6.58,6.693,6.859,6.765,6.776,6.807,6.492,6.801,6.914,6.826,6.811,6.903,6.858,6.678,6.864,6.928,6.905,7.02,7.077,6.938,6.791,7.084,7.009,6.191,6.877,6.903,7.044,6.977,6.704,6.84,6.459,6.302,6.541,6.919,7.0,6.822,7.179,7.214,7.196,7.039,6.651,6.291,5.841,6.289,6.532,6.705,6.841,6.88,7.04,6.771,7.029,7.111,7.147,7.113,6.842,4.659,4.598,4.798,4.998,5.016,5.047,5.122,5.008,4.88,5.084,5.185,5.223,5.287,5.234,5.184,4.995,5.127,5.266,5.213,5.147,5.042,4.904,4.506,4.795,5.02,5.026,5.07,5.063,4.873,4.444,7.477,7.766,8.087,8.105,8.361,8.483,8.169,8.503,8.783,8.88,9.016,8.951,8.82,8.355,8.512,8.832,9.061,8.84,9.237,9.137,8.812,9.045,9.108,8.539,8.129,7.787,8.004,8.334,8.735,8.888,8.687,7.928,8.074,8.393,7.782,8.173,8.256,8.43,8.542,8.475,8.154,7.804,8.125,8.084,7.935,8.043,8.26,8.109,7.722,7.974,8.023,8.155,8.205,8.192,7.931,7.267,7.303,7.525,7.447,7.26,7.097,7.935,7.861,8.399,8.447,8.233,7.947,8.077,7.8,7.713,8.362,8.367,8.508,8.381,8.325,8.161,7.935,8.213,8.16,7.972,8.19,8.281,7.899,7.514,7.948,8.016,7.669,7.495,7.29,7.076,7.129,7.601,2.841,2.799,2.836,2.939,3.021,2.855,2.889,2.995,3.081,3.149,3.265,3.14,3.045,3.169,3.113,3.247,3.278,3.252,3.17,3.149,3.25,3.276,3.127,3.106,3.202,3.21,3.135,3.209,3.363,3.421,3.453,4.557,4.477,4.338,4.264,4.349,4.281,4.044,3.978,3.918,3.733,3.948,4.123,4.257,4.421,4.285,4.027,3.724,3.84,3.928,4.076,4.13,4.06,3.896,3.616,3.859,4.053,4.112,4.106,4.154,4.097,5.837,5.791,6.039,6.192,6.267,6.334,6.434,6.412,6.51,6.6,6.722,6.762,6.773,6.716,6.499,6.543,6.363,6.596,6.668,6.685,6.596,6.348,6.311,6.167,6.379,6.581,6.602,6.648,6.392,6.481,6.589,5.242,5.208,5.239,5.145,4.981,5.081,5.127,5.146,5.114,4.933,4.629,4.201,4.118,4.404,4.533,4.649,4.715,4.817,4.655,4.758,4.865,4.904,4.973,4.868,4.73,4.409,4.422,4.486,4.501,4.391,4.586,4.503,4.359,4.405,4.377,4.571,4.701,4.778,4.718,4.558,4.791,4.876,4.885,4.838,4.901,4.892,4.643,4.68,4.867,4.972,5.005,5.129,5.0,4.769,4.942,5.039,5.027,4.978,5.075,5.149,4.975
Guntur_282,7.621,7.674,7.819,7.838,7.547,7.59,7.755,7.765,7.61,7.525,7.663,7.665,7.759,7.621,7.399,7.359,7.702,7.668,7.358,7.671,7.727,7.555,7.64,7.824,7.909,7.548,7.791,7.905,7.965,8.018,7.952,7.467,7.108,7.336,7.526,7.527,7.52,7.604,7.343,7.181,7.304,7.338,7.414,7.677,7.664,7.739,7.415,7.597,7.753,7.721,7.553,7.29,7.353,7.159,7.4,7.531,7.613,7.521,7.477,7.393,5.807,5.973,6.039,5.944,5.85,5.886,5.966,5.791,5.747,5.33,5.538,5.875,5.91,5.872,5.646,5.843,6.029,6.004,6.655,6.557,6.325,6.224,6.113,6.362,6.587,6.66,6.634,6.599,6.394,6.226,6.213,6.991,7.146,7.195,7.149,6.872,7.217,7.252,7.215,7.262,7.317,7.18,7.01,7.409,7.273,7.221,7.01,6.959,6.891,6.66,7.077,7.114,6.939,7.049,7.122,7.053,6.916,7.171,7.179,7.192,7.068,8.187,8.206,8.087,8.324,8.292,8.394,8.617,8.607,8.553,8.214,8.082,8.151,8.121,8.055,8.101,8.006,8.032,7.519,7.873,8.109,7.859,7.752,7.955,8.08,7.724,7.908,8.043,8.273,8.25,8.062,7.875,6.333,6.413,6.396,6.571,6.521,6.561,6.438,6.843,6.966,7.056,6.969,6.988,6.785,6.553,6.883,6.877,6.985,7.081,6.935,6.891,6.624,7.004,7.185,7.095,7.094,6.852,6.706,6.502,6.809,7.15,0.0,0.0,0.0,0.0,0.0,0.0,0.0,0.0,0.0,0.0,0.0,0.0,0.0,0.0,0.0,0.0,0.0,0.0,0.0,0.0,0.0,0.0,0.0,0.0,0.0,0.0,0.0,0.0,0.0,0.0,0.0,0.0,0.0,0.0,0.0,0.0,0.0,0.0,0.0,0.0,0.0,0.0,0.0,0.0,0.0,0.0,0.0,0.0,0.0,0.0,0.0,0.0,0.0,0.0,0.0,0.0,0.0,0.0,0.0,0.0,0.0,0.0,5.613,5.632,5.634,5.743,5.788,5.484,5.544,5.698,5.953,5.869,5.792,5.607,5.436,5.496,5.589,5.668,5.561,5.52,5.669,5.42,5.517,5.442,5.345,5.515,5.542,5.295,5.12,5.515,5.632,5.586,6.097,6.058,6.237,6.042,6.155,6.34,6.551,6.642,6.644,6.447,6.092,6.155,6.25,5.982,6.086,6.154,6.292,6.129,6.273,6.28,6.256,6.136,5.982,5.974,5.669,5.783,6.082,6.201,6.34,6.459,6.408,7.22,7.473,7.553,7.528,7.451,7.619,7.508,7.206,7.354,7.329,7.277,7.405,7.269,6.617,6.429,6.476,6.902,7.1,7.221,7.276,7.218,7.097,7.442,7.412,7.209,6.792,6.808,6.941,7.064,7.311,5.33,5.409,5.352,5.405,5.372,5.14,5.242,5.332,5.237,5.321,5.367,5.264,5.123,5.268,5.411,5.416,5.466,5.542,5.449,5.372,5.516,5.653,5.724,5.639,5.631,5.718,5.501,5.666,5.726,5.696,5.696,5.596,5.433,5.244,5.388,5.431,5.452,5.378,5.443,5.337,5.317,5.533,5.564,5.544,5.479,5.489,5.6,5.532,5.59,5.777,5.892,5.993,5.962,5.87,5.664,5.715,5.519,5.665,5.736,5.844,5.832,5.661,7.524,7.616,7.677,7.536,7.564,7.508,7.298,7.378,7.549,7.692,7.727,7.731,7.696,7.513,7.634,7.634,7.607,7.539,7.455,7.457,7.332,7.618,7.743,7.858,7.884,7.935,7.898,7.773,6.202,6.234,6.213,6.19,6.329,6.293,6.048,6.19,6.308,6.375,6.31,6.093,5.982,5.979,6.202,6.248,6.343,6.436,6.417,6.349,6.148,6.213,6.058,6.203,6.302,6.215,6.246,6.012,5.668,5.761,6.03,7.877,8.079,8.143,7.969,8.181,8.178,8.185,8.376,8.295,8.276,7.979,8.236,8.289,7.982,8.017,8.083,7.886,7.832,7.987,8.136,7.877,7.721,7.641,7.762,7.606,7.893,8.011,7.977,8.011,7.963,7.054,6.922,6.964,6.997,6.863,6.941,7.088,7.038,6.886,7.021,6.85,6.626,6.435,6.652,6.603,6.111,6.143,6.002,6.016,5.973,6.056,6.265,6.394,6.539,6.435,6.315,6.339,6.581,6.737,6.353,6.67,6.472,6.968,7.104,7.125,6.956,6.633,6.835,6.725,6.706,6.561,6.344,6.328,6.021,6.564,6.596,6.764,6.809,6.857,6.567,6.233,6.753,7.009,7.393,7.102,7.071,6.876,7.043,7.568,7.824,7.656,6.564,6.338,6.356,6.434,6.8,6.927,6.878,6.747,6.647,6.768,6.315,6.246,6.179,6.096,6.201,6.498,6.556,5.948,5.497,5.503,5.389,5.55,5.844,5.719,5.629,5.813,5.761,5.425,5.53,5.501,5.418,0.0,0.0,0.0,0.0,0.0,0.0,0.0,0.0,0.0,0.0,0.0,0.0,0.0,0.0,0.0,0.0,0.0,0.0,0.0,0.0,0.0,0.0,0.0,0.0,0.0,0.0,0.0,0.0,0.0,0.0,0.0,78.984,79.943,79.499,76.121,75.154,77.582,74.654,73.072,77.747,75.439,72.141,67.019,69.836,71.383,73.179,73.11,74.934,78.542,80.059,80.926,79.284,76.597,76.991,77.712,76.376,75.882,74.78,74.129,73.697,76.341,4.805,4.631,4.518,4.726,4.829,4.924,4.927,4.975,4.904,4.749,4.974,5.026,5.035,4.963,4.809,4.87,4.615,4.505,4.703,4.747,4.718,4.689,4.75,4.462,4.644,4.683,4.672,4.638,4.697,4.65,4.576,5.731,5.731,5.667,5.235,5.071,5.423,5.317,5.604,5.755,5.958,5.795,5.919,5.875,5.779,5.857,5.847,5.914,5.965,5.814,5.818,5.569,5.89,5.979,6.015,5.961,5.916,5.833,5.517,5.62,5.646,6.603,6.416,6.544,6.557,6.418,6.631,6.763,6.744,6.818,6.713,6.654,6.379,6.693,6.914,6.894,6.828,6.793,6.782,6.443,6.906,7.112,7.235,7.307,7.361,7.287,7.069,7.218,7.07,6.899,6.827,6.945,6.338,6.096,6.439,6.616,6.716,6.589,6.561,6.333,6.048,6.25,6.285,6.316,6.442,6.32,6.161,6.158,6.452,6.652,6.657,6.624,6.684,6.328,6.226,6.572,6.611,6.401,6.51,6.604,6.63,6.624,6.745,6.839,6.866,6.602,6.716,6.797,6.699,6.818,7.007,6.881,6.735,6.772,6.756,6.674,6.717,6.764,6.861,6.803,6.837,6.778,6.665,6.836,6.816,6.825,7.017,6.868,6.757,6.505,6.792,6.441,6.309,6.272,6.447,6.551,6.39,6.365,6.412,6.475,6.59,6.676,6.66,6.497,6.642,6.686,6.777,6.752,6.376,6.422,6.548,6.733,6.788,6.827,6.889,6.859,6.813,6.602,6.724,6.788,6.913,6.955,7.03,7.022,6.804,7.046,7.119,6.988,7.099,7.058,7.084,6.861,6.999,7.101,7.115,7.046,6.973,7.074,6.751,6.935,7.056,7.003,7.03,7.046,7.038,6.815,7.053,7.137,7.21,7.162,7.098,6.914,8.086,8.285,8.256,8.452,8.444,8.668,8.614,8.229,8.355,8.226,8.263,8.253,8.175,8.095,7.873,8.192,8.388,8.623,8.54,8.183,7.463,6.935,6.851,7.459,8.014,8.065,7.944,7.875,7.808,8.245,8.365,10.308,10.413,10.4,10.283,10.032,10.308,10.376,10.156,10.061,10.305,10.202,9.905,10.392,10.538,10.256,10.028,9.882,9.644,8.952,8.978,9.054,9.774,10.154,10.035,9.836,9.55,10.107,10.249,9.84,9.162,9.065,9.219,8.985,9.659,9.7,9.689,9.721,9.538,9.139,8.561,8.887,8.907,9.046,8.912,8.933,8.952,8.564,9.213,9.355,9.189,8.626,8.887,8.658,8.046,8.658,9.225,9.331,9.258,9.422,9.115,8.573,4.31,4.419,4.602,4.598,4.438,4.307,4.097,4.198,4.193,4.191,3.95,4.164,4.322,4.029,3.821,4.093,4.328,4.477,4.423,4.368,4.179,4.407,4.517,4.477,4.551,4.7,4.547,4.354,4.668,4.79,4.759,7.231,7.3,7.263,6.836,7.186,7.299,7.328,7.229,7.041,6.864,6.409,6.511,6.539,6.542,6.443,6.122,6.33,6.376,6.736,6.724,6.641,6.364,6.263,6.181,6.201,6.751,6.803,6.78,6.877,6.895,6.495,6.204,6.583,6.782,6.429,6.522,6.49,6.527,6.31,6.51,6.451,6.561,6.568,6.513,6.419,6.197,6.692,6.756,6.768,6.746,6.659,6.483,6.097,5.75,5.63,6.032,6.365,6.496,6.529,6.349,6.415,6.731,6.817,6.758,6.867,6.843,6.702,6.8,6.853,6.855,6.851,6.858,6.653,6.49,6.54,6.713,6.814,6.864,6.925,6.947,6.677,6.921,7.019,7.003,7.0,7.001,7.008,6.854,7.03,6.943,6.951,6.399,6.494,6.505,6.277,6.41,6.557,6.635,6.474,6.427,6.178,6.014,6.332,6.342,6.38,6.499,6.629,6.678,6.529,6.785,6.808,6.755,6.783,6.894,6.85,6.615,6.748,6.876,6.985,7.01,6.93,6.857,8.393,8.621,8.586,8.441,8.547,8.61,8.661,8.582,8.72,8.733,8.812,8.834,8.885,8.57,8.229,8.461,8.632,8.796,8.718,8.827,8.722,8.47,8.533,8.684,8.619,8.055,8.316,8.562,8.345,8.454,8.464,6.933,7.027,7.252,7.23,7.064,7.111,7.234,7.412,7.311,7.323,7.357,7.016,7.35,7.473,7.377,7.361,7.46,7.411,7.217,7.418,7.487,7.463,7.587,7.649,7.498,7.339,7.656,7.575,7.261,7.288,7.438,7.366,7.079,7.222,6.82,6.654,6.906,7.305,7.391,7.203,7.58,7.617,7.597,7.432,7.023,6.642,6.167,6.64,6.897,7.08,7.223,7.264,7.433,7.149,7.421,7.508,7.546,7.51,7.224,5.584,5.511,5.75,5.991,6.011,6.049,6.139,6.002,5.849,6.093,6.214,6.26,6.336,6.273,6.213,5.987,6.145,6.311,6.248,6.169,6.043,5.877,5.4,5.747,6.017,6.023,6.076,6.069,5.84,5.326,5.168,5.367,5.589,5.602,5.779,5.863,5.646,5.877,6.07,6.138,6.231,6.187,6.096,5.774,5.883,6.104,6.263,6.11,6.384,6.315,6.09,6.252,6.295,5.902,5.618,5.382,5.532,5.76,6.037,6.143,6.004,6.608,6.73,6.996,6.486,6.812,6.881,7.026,7.12,7.064,6.796,6.505,6.772,6.737,6.614,6.703,6.884,6.759,6.436,6.646,6.687,6.797,6.839,6.828,6.61,6.057,6.087,6.272,6.207,6.051,5.915,0.0,0.0,0.0,0.0,0.0,0.0,0.0,0.0,0.0,0.0,0.0,0.0,0.0,0.0,0.0,0.0,0.0,0.0,0.0,0.0,0.0,0.0,0.0,0.0,0.0,0.0,0.0,0.0,0.0,0.0,0.0,0.0,0.0,0.0,0.0,0.0,0.0,0.0,0.0,0.0,0.0,0.0,0.0,0.0,0.0,0.0,0.0,0.0,0.0,0.0,0.0,0.0,0.0,0.0,0.0,0.0,0.0,0.0,0.0,0.0,0.0,0.0,6.308,6.196,6.005,5.903,6.02,5.926,5.598,5.506,5.423,5.168,5.465,5.706,5.893,6.119,5.932,5.574,5.155,5.315,5.437,5.642,5.717,5.619,5.392,5.005,5.342,5.61,5.692,5.683,5.75,5.67,6.238,6.19,6.455,6.618,6.698,6.769,6.877,6.853,6.958,7.054,7.185,7.227,7.239,7.178,6.946,6.993,6.8,7.049,7.127,7.145,7.05,6.785,6.745,6.591,6.818,7.033,7.056,7.106,6.831,6.927,7.042,6.15,6.11,6.145,6.035,5.843,5.96,6.014,6.036,5.999,5.786,5.43,4.927,4.831,5.166,5.317,5.454,5.531,5.65,5.461,5.581,5.707,5.753,5.833,5.71,5.549,5.172,5.187,5.263,5.28,5.151,4.571,4.488,4.345,4.39,4.362,4.556,4.686,4.762,4.702,4.543,4.775,4.86,4.869,4.822,4.885,4.877,4.628,4.665,4.851,4.956,4.989,5.112,4.984,4.753,4.926,5.023,5.011,4.962,5.059,5.132,4.959,6.115,6.225,6.386,6.381,6.401,6.235,5.965,6.167,6.161,6.269,6.306,6.399,6.487,6.196,6.251,6.466,6.531,6.536,6.567,6.615,6.473,6.494,6.586,6.545,6.105,5.705,5.89,6.064,5.91,5.988,5.995,7.272,7.371,7.607,7.585,7.411,7.459,7.588,7.776,7.669,7.682,7.717,7.36,7.71,7.839,7.739,7.721,7.825,7.774,7.571,7.782,7.854,7.828,7.959,8.024,7.866,7.699,8.031,7.946,7.018,7.246,7.273,7.422,7.351,7.064,7.207,6.805,6.64,6.892,7.29,7.375,7.188,7.564,7.601,7.582,7.417,7.008,6.629,6.154,6.626,6.883,7.065,7.208,7.249,7.418,7.134,7.406,7.493,7.531,7.494,7.209,5.926,5.849,6.102,6.358,6.38,6.419,6.515,6.37,6.208,6.466,6.595,6.643,6.725,6.658,6.594,6.354,6.521,6.698,6.631,6.546,6.413,6.237,5.731,6.099,6.385,6.392,6.449,6.44,6.198,5.653,6.308,6.552,6.822,6.838,7.054,7.157,6.892,7.174,7.41,7.492,7.606,7.552,7.441,7.048,7.181,7.451,7.645,7.458,7.793,7.708,7.434,7.631,7.684,7.204,6.858,6.57,6.753,7.031,7.369,7.498,7.329,6.608,6.73,6.996,6.486,6.812,6.881,7.026,7.12,7.064,6.796,6.505,6.772,6.737,6.614,6.703,6.884,6.759,6.436,6.646,6.687,6.797,6.839,6.828,6.61,6.057,6.087,6.272,6.207,6.051,5.915,6.694,6.632,7.086,7.126,6.946,6.705,6.814,6.58,6.507,7.055,7.059,7.178,7.071,7.024,6.885,6.694,6.929,6.885,6.725,6.91,6.986,6.664,6.339,6.705,6.763,6.47,6.323,6.15,5.97,6.014,6.412,3.82,3.763,3.814,3.952,4.061,3.839,3.885,4.026,4.142,4.234,4.39,4.221,4.095,4.26,4.185,4.366,4.408,4.372,4.263,4.233,4.37,4.405,4.205,4.175,4.305,4.317,4.216,4.315,4.522,4.6,4.643,4.557,4.477,4.338,4.264,4.349,4.281,4.044,3.978,3.918,3.733,3.948,4.123,4.257,4.421,4.285,4.027,3.724,3.84,3.928,4.076,4.13,4.06,3.896,3.616,3.859,4.053,4.112,4.106,4.154,4.097,6.238,6.19,6.455,6.618,6.698,6.769,6.877,6.853,6.958,7.054,7.185,7.227,7.239,7.178,6.946,6.993,6.8,7.049,7.127,7.145,7.05,6.785,6.745,6.591,6.818,7.033,7.056,7.106,6.831,6.927,7.042,6.15,6.11,6.145,6.035,5.843,5.96,6.014,6.036,5.999,5.786,5.43,4.927,4.831,5.166,5.317,5.454,5.531,5.65,5.461,5.581,5.707,5.753,5.833,5.71,5.549,5.172,5.187,5.263,5.28,5.151,4.571,4.488,4.345,4.39,4.362,4.556,4.686,4.762,4.702,4.543,4.775,4.86,4.869,4.822,4.885,4.877,4.628,4.665,4.851,4.956,4.989,5.112,4.984,4.753,4.926,5.023,5.011,4.962,5.059,5.132,4.959
